1, 62
2, 76
3, 57
4, 1
5, 26
6, 1
7, 69
8, 69
9, 69
10, 9
11, 1
12, 71
13, 66
14, 70
15, 18
16, 1
17, 66
18, 65
19, 61
20, 21
21, 1
22, 1
23, 20
24, 20
25, 17
26, 18
27, 25
28, 23
29, 26
30, 19
31, 18
32, 18
33, 22
34, 19
35, 18
36, 20
37, 25
38, 20
39, 20
40, 1
41, 24
42, 28
43, 32
44, 6
45, 32
46, 7
47, 7
48, 1
49, 23
50, 28
51, 32
52, 6
53, 32
54, 7
55, 7
56, 1
57, 68
58, 54
59, 62
60, 40
61, 1
62, 48
63, 74
64, 62
65, 62
66, 51
67, 1
68, 79
69, 1
70, 17
71, 1
72, 30
73, 1
74, 74
75, 41
76, 85
77, 1
78, 67
79, 22
80, 1
81, 23
82, 1
83, 37
84, 30
85, 52
86, 1
87, 22
88, 1
89, 49
90, 61
91, 64
92, 1
93, 5
94, 26
95, 2
96, 19
97, 2
98, 1
99, 5
100, 14
101, 2
102, 19
103, 2
104, 1
105, 41
106, 44
107, 51
108, 52
109, 1
110, 69
111, 67
112, 64
113, 1
114, 4
115, 24
116, 15
117, 2
118, 28
119, 56
120, 27
121, 2
122, 2
123, 59
124, 61
125, 1
126, 4
127, 23
128, 12
129, 2
130, 17
131, 17
132, 28
133, 9
134, 1
135, 50
136, 24
137, 6
138, 70
139, 40
140, 30
141, 37
142, 6
143, 1
144, 33
145, 21
146, 14
147, 22
148, 14
149, 1
150, 56
151, 70
152, 1
153, 62
154, 1
155, 34
156, 6
157, 38
158, 23
159, 6
160, 58
161, 30
162, 1
163, 45
164, 11
165, 6
166, 1
167, 12
168, 2
169, 2
170, 46
171, 1
172, 24
173, 2
174, 14
175, 16
176, 12
177, 11
178, 12
179, 1
180, 26
181, 30
182, 1
183, 28
184, 1
185, 73
186, 75
187, 30
188, 1
189, 77
190, 73
191, 73
192, 24
193, 1
194, 74
195, 73
196, 70
197, 1
198, 76
199, 76
200, 70
201, 51
202, 1
203, 4
204, 45
205, 16
206, 14
207, 13
208, 18
209, 2
210, 18
211, 1
212, 44
213, 14
214, 1
215, 41
216, 14
217, 1
218, 14
219, 1
220, 54
221, 40
222, 6
223, 34
224, 64
225, 56
226, 45
227, 11
228, 25
229, 1
230, 16
231, 32
232, 49
233, 6
234, 1
235, 40
236, 34
237, 34
238, 1
239, 42
240, 6
241, 73
242, 20
243, 58
244, 31
245, 6
246, 1
247, 17
248, 1
249, 77
250, 31
251, 1
252, 16
253, 14
254, 7
255, 34
256, 2
257, 1
258, 78
259, 62
260, 1
261, 4
262, 22
263, 15
264, 2
265, 28
266, 24
267, 73
268, 19
269, 32
270, 30
271, 55
272, 29
273, 65
274, 1
275, 1
276, 77
277, 60
278, 56
279, 33
280, 14
281, 1
282, 76
283, 74
284, 30
285, 24
286, 6
287, 18
288, 1
289, 45
290, 11
291, 1
292, 76
293, 36
294, 36
295, 37
296, 6
297, 1
298, 66
299, 24
300, 6
301, 27
302, 1
303, 36
304, 11
305, 6
306, 1
307, 28
308, 12
309, 2
310, 1
311, 60
312, 4
313, 23
314, 2
315, 22
316, 2
317, 1
318, 70
319, 58
320, 1
321, 4
322, 22
323, 2
324, 9
325, 33
326, 1
327, 79
328, 20
329, 1
330, 70
331, 72
332, 73
333, 64
334, 19
335, 1
336, 36
337, 6
338, 38
339, 1
340, 74
341, 40
342, 51
343, 11
344, 1
345, 36
346, 3
347, 65
348, 12
349, 3
350, 40
351, 3
352, 31
353, 1
354, 64
355, 61
356, 68
357, 64
358, 31
359, 34
360, 71
361, 48
362, 7
363, 19
364, 1
365, 34
366, 32
367, 12
368, 4
369, 11
370, 1
371, 11
372, 36
373, 42
374, 46
375, 52
376, 4
377, 1
378, 64
379, 53
380, 50
381, 59
382, 1
383, 58
384, 65
385, 33
386, 1
387, 63
388, 17
389, 7
390, 64
391, 69
392, 30
393, 15
394, 8
395, 12
396, 3
397, 31
398, 6
399, 1
400, 24
401, 6
402, 22
403, 1
404, 40
405, 23
406, 35
407, 51
408, 26
409, 1
410, 23
411, 16
412, 6
413, 7
414, 6
415, 26
416, 16
417, 6
418, 2
419, 1
420, 65
421, 1
422, 4
423, 25
424, 2
425, 22
426, 2
427, 1
428, 48
429, 1
430, 5
431, 21
432, 14
433, 2
434, 9
435, 1
436, 71
437, 25
438, 43
439, 6
440, 40
441, 68
442, 54
443, 6
444, 21
445, 2
446, 1
447, 73
448, 39
449, 1
450, 12
451, 47
452, 15
453, 27
454, 2
455, 12
456, 19
457, 16
458, 22
459, 41
460, 34
461, 11
462, 1
463, 10
464, 12
465, 1
466, 23
467, 31
468, 21
469, 39
470, 1
471, 76
472, 75
473, 32
474, 1
475, 16
476, 56
477, 38
478, 33
479, 77
480, 30
481, 6
482, 44
483, 14
484, 6
485, 1
486, 63
487, 1
488, 51
489, 6
490, 25
491, 58
492, 30
493, 43
494, 66
495, 6
496, 1
497, 63
498, 35
499, 12
500, 1
501, 75
502, 52
503, 59
504, 39
505, 1
506, 67
507, 48
508, 1
509, 67
510, 65
511, 6
512, 36
513, 60
514, 36
515, 38
516, 29
517, 16
518, 27
519, 6
520, 1
521, 16
522, 6
523, 15
524, 72
525, 52
526, 70
527, 43
528, 68
529, 31
530, 24
531, 56
532, 13
533, 16
534, 46
535, 46
536, 31
537, 24
538, 38
539, 30
540, 38
541, 31
542, 13
543, 22
544, 22
545, 46
546, 3
547, 62
548, 19
549, 63
550, 39
551, 13
552, 55
553, 42
554, 3
555, 13
556, 17
557, 68
558, 69
559, 26
560, 1
561, 57
562, 57
563, 51
564, 15
565, 40
566, 13
567, 23
568, 23
569, 78
570, 78
571, 74
572, 56
573, 1
574, 40
575, 42
576, 42
577, 56
578, 37
579, 3
580, 45
581, 55
582, 35
583, 1
584, 37
585, 7
586, 34
587, 39
588, 41
589, 26
590, 7
591, 42
592, 7
593, 34
594, 38
595, 41
596, 26
597, 7
598, 1
599, 59
600, 31
601, 65
602, 7
603, 41
604, 19
605, 1
606, 60
607, 38
608, 48
609, 11
610, 61
611, 14
612, 1
613, 46
614, 1
615, 70
616, 1
617, 65
618, 58
619, 7
620, 3
621, 1
622, 13
623, 1
624, 13
625, 13
626, 6
627, 2
628, 1
629, 71
630, 66
631, 31
632, 1
633, 4
634, 50
635, 31
636, 2
637, 48
638, 32
639, 2
640, 1
641, 70
642, 74
643, 1
644, 4
645, 38
646, 25
647, 2
648, 60
649, 32
650, 2
651, 1
652, 63
653, 1
654, 5
655, 44
656, 25
657, 2
658, 60
659, 2
660, 1
661, 68
662, 33
663, 2
664, 28
665, 26
666, 62
667, 3
668, 1
669, 12
670, 33
671, 13
672, 17
673, 2
674, 38
675, 49
676, 1
677, 55
678, 2
679, 1
680, 68
681, 18
682, 1
683, 5
684, 44
685, 25
686, 2
687, 38
688, 1
689, 17
690, 13
691, 17
692, 59
693, 2
694, 1
695, 66
696, 28
697, 4
698, 38
699, 25
700, 2
701, 47
702, 32
703, 2
704, 2
705, 16
706, 63
707, 53
708, 37
709, 1
710, 4
711, 37
712, 15
713, 2
714, 35
715, 1
716, 76
717, 17
718, 14
719, 1
720, 40
721, 31
722, 37
723, 52
724, 2
725, 1
726, 60
727, 56
728, 60
729, 1
730, 4
731, 37
732, 15
733, 2
734, 31
735, 1
736, 45
737, 6
738, 40
739, 34
740, 11
741, 35
742, 11
743, 53
744, 11
745, 44
746, 11
747, 55
748, 11
749, 6
750, 12
751, 2
752, 7
753, 7
754, 2
755, 78
756, 70
757, 76
758, 71
759, 1
760, 13
761, 30
762, 15
763, 15
764, 2
765, 16
766, 37
767, 19
768, 20
769, 9
770, 19
771, 1
772, 16
773, 6
774, 20
775, 16
776, 20
777, 21
778, 23
779, 23
780, 18
781, 16
782, 1
783, 14
784, 78
785, 63
786, 67
787, 34
788, 41
789, 36
790, 37
791, 43
792, 49
793, 61
794, 50
795, 51
796, 49
797, 8
798, 1
799, 53
800, 1
801, 14
802, 17
803, 53
804, 1
805, 13
806, 13
807, 6
808, 1
809, 75
810, 64
811, 1
812, 31
813, 51
814, 6
815, 25
816, 3
817, 27
818, 67
819, 45
820, 24
821, 8
822, 59
823, 1
824, 20
825, 27
826, 25
827, 29
828, 15
829, 3
830, 30
831, 3
832, 10
833, 1
834, 45
835, 7
836, 37
837, 31
838, 47
839, 55
840, 21
841, 12
842, 62
843, 1
844, 24
845, 24
846, 29
847, 12
848, 7
849, 3
850, 6
851, 1
852, 17
853, 2
854, 2
855, 68
856, 77
857, 15
858, 1
859, 75
860, 1
861, 79
862, 75
863, 27
864, 1
865, 78
866, 43
867, 1
868, 67
869, 76
870, 72
871, 39
872, 1
873, 6
874, 35
875, 15
876, 15
877, 16
878, 2
879, 12
880, 15
881, 12
882, 1
883, 16
884, 23
885, 6
886, 31
887, 20
888, 65
889, 11
890, 1
891, 58
892, 26
893, 15
894, 21
895, 6
896, 7
897, 1
898, 72
899, 14
900, 1
901, 40
902, 51
903, 40
904, 53
905, 8
906, 60
907, 31
908, 12
909, 1
910, 11
911, 5
912, 57
913, 15
914, 21
915, 20
916, 5
917, 8
918, 1
919, 12
920, 2
921, 2
922, 68
923, 60
924, 66
925, 59
926, 1
927, 76
928, 71
929, 1
930, 69
931, 11
932, 1
933, 68
934, 43
935, 1
936, 67
937, 62
938, 1
939, 4
940, 27
941, 13
942, 29
943, 2
944, 38
945, 1
946, 24
947, 26
948, 1
949, 48
950, 49
951, 52
952, 43
953, 52
954, 14
955, 1
956, 33
957, 26
958, 64
959, 14
960, 1
961, 23
962, 64
963, 27
964, 32
965, 54
966, 7
967, 37
968, 1
969, 70
970, 61
971, 1
972, 29
973, 14
974, 1
975, 22
976, 6
977, 33
978, 1
979, 23
980, 67
981, 63
982, 32
983, 61
984, 11
985, 7
986, 75
987, 74
988, 72
989, 48
990, 1
991, 28
992, 53
993, 29
994, 11
995, 1
996, 77
997, 47
998, 55
999, 70
1000, 11
1001, 1
1002, 16
1003, 28
1004, 6
1005, 1
1006, 19
1007, 71
1008, 48
1009, 50
1010, 1
1011, 19
1012, 6
1013, 28
1014, 1
1015, 48
1016, 11
1017, 1
1018, 37
1019, 11
1020, 1
1021, 65
1022, 28
1023, 47
1024, 6
1025, 1
1026, 65
1027, 49
1028, 25
1029, 14
1030, 1
1031, 12
1032, 1
1033, 6
1034, 12
1035, 2
1036, 2
1037, 67
1038, 17
1039, 1
1040, 68
1041, 47
1042, 1
1043, 4
1044, 27
1045, 13
1046, 29
1047, 2
1048, 38
1049, 2
1050, 1
1051, 56
1052, 55
1053, 1
1054, 68
1055, 43
1056, 1
1057, 64
1058, 67
1059, 68
1060, 65
1061, 65
1062, 65
1063, 72
1064, 1
1065, 4
1066, 28
1067, 13
1068, 29
1069, 2
1070, 49
1071, 14
1072, 1
1073, 31
1074, 6
1075, 33
1076, 1
1077, 77
1078, 52
1079, 45
1080, 61
1081, 64
1082, 30
1083, 55
1084, 36
1085, 1
1086, 32
1087, 32
1088, 42
1089, 67
1090, 58
1091, 61
1092, 11
1093, 7
1094, 1
1095, 77
1096, 46
1097, 55
1098, 70
1099, 11
1100, 1
1101, 16
1102, 6
1103, 1
1104, 65
1105, 58
1106, 34
1107, 14
1108, 1
1109, 56
1110, 35
1111, 31
1112, 43
1113, 53
1114, 2
1115, 1
1116, 65
1117, 1
1118, 4
1119, 34
1120, 13
1121, 46
1122, 2
1123, 39
1124, 2
1125, 1
1126, 73
1127, 27
1128, 1
1129, 4
1130, 27
1131, 13
1132, 29
1133, 2
1134, 49
1135, 14
1136, 1
1137, 35
1138, 28
1139, 48
1140, 2
1141, 1
1142, 62
1143, 1
1144, 68
1145, 47
1146, 1
1147, 4
1148, 29
1149, 13
1150, 29
1151, 2
1152, 48
1153, 49
1154, 52
1155, 43
1156, 52
1157, 14
1158, 1
1159, 33
1160, 26
1161, 64
1162, 14
1163, 1
1164, 62
1165, 61
1166, 32
1167, 39
1168, 14
1169, 1
1170, 26
1171, 49
1172, 37
1173, 32
1174, 52
1175, 7
1176, 35
1177, 2
1178, 1
1179, 58
1180, 1
1181, 4
1182, 29
1183, 13
1184, 29
1185, 2
1186, 34
1187, 14
1188, 1
1189, 23
1190, 64
1191, 14
1192, 1
1193, 12
1194, 2
1195, 1
1196, 72
1197, 30
1198, 1
1199, 4
1200, 32
1201, 13
1202, 29
1203, 2
1204, 48
1205, 49
1206, 52
1207, 43
1208, 52
1209, 14
1210, 1
1211, 72
1212, 49
1213, 39
1214, 2
1215, 1
1216, 77
1217, 1
1218, 4
1219, 32
1220, 13
1221, 29
1222, 2
1223, 60
1224, 2
1225, 1
1226, 79
1227, 1
1228, 4
1229, 29
1230, 13
1231, 29
1232, 2
1233, 23
1234, 6
1235, 52
1236, 46
1237, 56
1238, 40
1239, 49
1240, 11
1241, 1
1242, 37
1243, 23
1244, 61
1245, 11
1246, 1
1247, 66
1248, 29
1249, 32
1250, 56
1251, 7
1252, 39
1253, 6
1254, 1
1255, 49
1256, 14
1257, 1
1258, 31
1259, 6
1260, 77
1261, 52
1262, 45
1263, 61
1264, 64
1265, 30
1266, 67
1267, 36
1268, 28
1269, 6
1270, 1
1271, 56
1272, 35
1273, 31
1274, 43
1275, 53
1276, 2
1277, 1
1278, 63
1279, 38
1280, 1
1281, 68
1282, 47
1283, 1
1284, 4
1285, 24
1286, 13
1287, 29
1288, 2
1289, 52
1290, 1
1291, 21
1292, 47
1293, 7
1294, 1
1295, 28
1296, 14
1297, 1
1298, 49
1299, 14
1300, 1
1301, 21
1302, 1
1303, 44
1304, 6
1305, 44
1306, 11
1307, 6
1308, 7
1309, 6
1310, 38
1311, 38
1312, 45
1313, 53
1314, 28
1315, 62
1316, 6
1317, 54
1318, 7
1319, 5
1320, 11
1321, 6
1322, 1
1323, 44
1324, 2
1325, 1
1326, 63
1327, 37
1328, 1
1329, 68
1330, 47
1331, 1
1332, 4
1333, 23
1334, 13
1335, 29
1336, 2
1337, 28
1338, 14
1339, 1
1340, 49
1341, 14
1342, 1
1343, 21
1344, 1
1345, 39
1346, 14
1347, 1
1348, 44
1349, 2
1350, 1
1351, 65
1352, 1
1353, 4
1354, 30
1355, 46
1356, 15
1357, 2
1358, 36
1359, 14
1360, 1
1361, 46
1362, 12
1363, 1
1364, 6
1365, 12
1366, 2
1367, 1
1368, 62
1369, 30
1370, 1
1371, 68
1372, 47
1373, 1
1374, 4
1375, 26
1376, 13
1377, 29
1378, 2
1379, 13
1380, 1
1381, 26
1382, 74
1383, 71
1384, 63
1385, 1
1386, 49
1387, 14
1388, 1
1389, 14
1390, 34
1391, 32
1392, 1
1393, 66
1394, 2
1395, 1
1396, 71
1397, 71
1398, 1
1399, 4
1400, 28
1401, 13
1402, 29
1403, 2
1404, 78
1405, 25
1406, 71
1407, 6
1408, 37
1409, 35
1410, 1
1411, 53
1412, 11
1413, 1
1414, 74
1415, 69
1416, 64
1417, 15
1418, 1
1419, 72
1420, 46
1421, 57
1422, 53
1423, 61
1424, 6
1425, 1
1426, 31
1427, 32
1428, 46
1429, 2
1430, 1
1431, 70
1432, 57
1433, 1
1434, 4
1435, 31
1436, 12
1437, 28
1438, 2
1439, 54
1440, 45
1441, 2
1442, 2
1443, 51
1444, 70
1445, 28
1446, 1
1447, 4
1448, 21
1449, 15
1450, 2
1451, 27
1452, 6
1453, 23
1454, 66
1455, 47
1456, 14
1457, 53
1458, 72
1459, 56
1460, 11
1461, 12
1462, 19
1463, 49
1464, 65
1465, 3
1466, 64
1467, 79
1468, 10
1469, 15
1470, 1
1471, 72
1472, 43
1473, 7
1474, 55
1475, 9
1476, 59
1477, 13
1478, 7
1479, 1
1480, 51
1481, 15
1482, 1
1483, 39
1484, 52
1485, 54
1486, 32
1487, 7
1488, 39
1489, 34
1490, 13
1491, 53
1492, 13
1493, 73
1494, 49
1495, 50
1496, 64
1497, 13
1498, 7
1499, 70
1500, 15
1501, 3
1502, 64
1503, 3
1504, 36
1505, 63
1506, 10
1507, 1
1508, 71
1509, 47
1510, 53
1511, 18
1512, 1
1513, 60
1514, 3
1515, 11
1516, 12
1517, 13
1518, 17
1519, 6
1520, 2
1521, 1
1522, 57
1523, 71
1524, 79
1525, 58
1526, 47
1527, 34
1528, 1
1529, 57
1530, 33
1531, 1
1532, 13
1533, 71
1534, 15
1535, 20
1536, 25
1537, 31
1538, 31
1539, 2
1540, 9
1541, 17
1542, 28
1543, 1
1544, 75
1545, 6
1546, 34
1547, 78
1548, 1
1549, 57
1550, 1
1551, 38
1552, 3
1553, 21
1554, 59
1555, 17
1556, 54
1557, 20
1558, 68
1559, 14
1560, 56
1561, 3
1562, 1
1563, 35
1564, 52
1565, 20
1566, 32
1567, 24
1568, 37
1569, 23
1570, 58
1571, 17
1572, 40
1573, 48
1574, 6
1575, 44
1576, 6
1577, 24
1578, 62
1579, 1
1580, 53
1581, 1
1582, 69
1583, 67
1584, 38
1585, 3
1586, 21
1587, 55
1588, 17
1589, 50
1590, 20
1591, 64
1592, 14
1593, 52
1594, 3
1595, 48
1596, 6
1597, 39
1598, 46
1599, 66
1600, 6
1601, 50
1602, 67
1603, 51
1604, 55
1605, 1
1606, 54
1607, 1
1608, 38
1609, 56
1610, 38
1611, 3
1612, 51
1613, 33
1614, 1
1615, 17
1616, 52
1617, 21
1618, 57
1619, 20
1620, 64
1621, 14
1622, 60
1623, 11
1624, 3
1625, 1
1626, 32
1627, 3
1628, 21
1629, 62
1630, 17
1631, 57
1632, 20
1633, 71
1634, 14
1635, 59
1636, 3
1637, 1
1638, 48
1639, 6
1640, 39
1641, 56
1642, 6
1643, 44
1644, 1
1645, 40
1646, 51
1647, 1
1648, 32
1649, 3
1650, 21
1651, 55
1652, 17
1653, 50
1654, 20
1655, 64
1656, 14
1657, 52
1658, 3
1659, 1
1660, 48
1661, 6
1662, 1
1663, 19
1664, 2
1665, 1
1666, 53
1667, 58
1668, 1
1669, 4
1670, 32
1671, 13
1672, 29
1673, 2
1674, 18
1675, 1
1676, 46
1677, 24
1678, 14
1679, 1
1680, 22
1681, 6
1682, 30
1683, 17
1684, 3
1685, 11
1686, 11
1687, 11
1688, 11
1689, 11
1690, 11
1691, 11
1692, 11
1693, 11
1694, 10
1695, 1
1696, 51
1697, 51
1698, 60
1699, 61
1700, 59
1701, 24
1702, 33
1703, 19
1704, 16
1705, 10
1706, 1
1707, 11
1708, 39
1709, 15
1710, 10
1711, 1
1712, 11
1713, 33
1714, 38
1715, 15
1716, 10
1717, 1
1718, 29
1719, 44
1720, 15
1721, 10
1722, 1
1723, 11
1724, 69
1725, 66
1726, 70
1727, 31
1728, 1
1729, 70
1730, 1
1731, 28
1732, 13
1733, 42
1734, 45
1735, 15
1736, 10
1737, 1
1738, 11
1739, 28
1740, 13
1741, 42
1742, 45
1743, 15
1744, 10
1745, 1
1746, 11
1747, 11
1748, 37
1749, 41
1750, 61
1751, 15
1752, 10
1753, 1
1754, 11
1755, 37
1756, 50
1757, 15
1758, 10
1759, 11
1760, 37
1761, 50
1762, 15
1763, 10
1764, 1
1765, 11
1766, 34
1767, 41
1768, 35
1769, 12
1770, 18
1771, 1
1772, 11
1773, 23
1774, 32
1775, 56
1776, 7
1777, 9
1778, 15
1779, 10
1780, 1
1781, 11
1782, 34
1783, 41
1784, 35
1785, 15
1786, 10
1787, 1
1788, 11
1789, 34
1790, 52
1791, 15
1792, 10
1793, 11
1794, 34
1795, 52
1796, 15
1797, 10
1798, 11
1799, 34
1800, 52
1801, 15
1802, 10
1803, 11
1804, 34
1805, 52
1806, 15
1807, 10
1808, 11
1809, 34
1810, 52
1811, 15
1812, 10
1813, 11
1814, 34
1815, 52
1816, 15
1817, 10
1818, 11
1819, 34
1820, 52
1821, 15
1822, 10
1823, 11
1824, 34
1825, 52
1826, 15
1827, 10
1828, 1
1829, 11
1830, 13
1831, 1
1832, 11
1833, 39
1834, 15
1835, 10
1836, 1
1837, 10
1838, 66
1839, 47
1840, 45
1841, 7
1842, 15
1843, 37
1844, 9
1845, 44
1846, 12
1847, 7
1848, 24
1849, 33
1850, 15
1851, 36
1852, 7
1853, 59
1854, 42
1855, 19
1856, 7
1857, 37
1858, 7
1859, 60
1860, 43
1861, 19
1862, 7
1863, 7
1864, 10
1865, 3
1866, 6
1867, 1
1868, 17
1869, 2
1870, 2
1871, 72
1872, 74
1873, 41
1874, 1
1875, 6
1876, 27
1877, 13
1878, 2
1879, 12
1880, 38
1881, 1
1882, 59
1883, 1
1884, 67
1885, 24
1886, 14
1887, 1
1888, 59
1889, 1
1890, 29
1891, 14
1892, 1
1893, 66
1894, 1
1895, 48
1896, 52
1897, 14
1898, 1
1899, 71
1900, 1
1901, 25
1902, 6
1903, 52
1904, 20
1905, 13
1906, 6
1907, 1
1908, 25
1909, 6
1910, 52
1911, 20
1912, 13
1913, 6
1914, 1
1915, 12
1916, 2
1917, 2
1918, 40
1919, 42
1920, 40
1921, 39
1922, 40
1923, 1
1924, 69
1925, 1
1926, 57
1927, 35
1928, 1
1929, 4
1930, 26
1931, 13
1932, 2
1933, 33
1934, 63
1935, 2
1936, 1
1937, 56
1938, 57
1939, 1
1940, 4
1941, 36
1942, 13
1943, 2
1944, 33
1945, 63
1946, 2
1947, 1
1948, 68
1949, 67
1950, 36
1951, 1
1952, 69
1953, 52
1954, 1
1955, 63
1956, 40
1957, 1
1958, 4
1959, 41
1960, 18
1961, 29
1962, 12
1963, 2
1964, 38
1965, 9
1966, 14
1967, 11
1968, 54
1969, 60
1970, 47
1971, 1
1972, 30
1973, 14
1974, 1
1975, 76
1976, 30
1977, 1
1978, 36
1979, 14
1980, 1
1981, 69
1982, 69
1983, 67
1984, 40
1985, 20
1986, 49
1987, 1
1988, 49
1989, 68
1990, 1
1991, 62
1992, 6
1993, 16
1994, 1
1995, 16
1996, 46
1997, 77
1998, 69
1999, 38
2000, 1
2001, 58
2002, 16
2003, 19
2004, 6
2005, 1
2006, 36
2007, 14
2008, 1
2009, 64
2010, 67
2011, 61
2012, 72
2013, 55
2014, 29
2015, 25
2016, 63
2017, 51
2018, 46
2019, 7
2020, 40
2021, 1
2022, 73
2023, 72
2024, 34
2025, 2
2026, 1
2027, 66
2028, 54
2029, 1
2030, 68
2031, 64
2032, 1
2033, 4
2034, 32
2035, 80
2036, 2
2037, 44
2038, 12
2039, 75
2040, 29
2041, 12
2042, 2
2043, 1
2044, 39
2045, 62
2046, 1
2047, 4
2048, 36
2049, 29
2050, 13
2051, 2
2052, 12
2053, 1
2054, 36
2055, 14
2056, 1
2057, 28
2058, 14
2059, 1
2060, 23
2061, 45
2062, 12
2063, 76
2064, 30
2065, 12
2066, 2
2067, 2
2068, 76
2069, 78
2070, 76
2071, 48
2072, 5
2073, 27
2074, 15
2075, 2
2076, 56
2077, 12
2078, 23
2079, 26
2080, 2
2081, 74
2082, 29
2083, 5
2084, 37
2085, 15
2086, 2
2087, 30
2088, 30
2089, 49
2090, 33
2091, 2
2092, 64
2093, 4
2094, 35
2095, 13
2096, 2
2097, 31
2098, 40
2099, 7
2100, 14
2101, 2
2102, 2
2103, 44
2104, 1
2105, 5
2106, 20
2107, 15
2108, 2
2109, 9
2110, 13
2111, 17
2112, 29
2113, 1
2114, 26
2115, 29
2116, 33
2117, 25
2118, 26
2119, 1
2120, 27
2121, 6
2122, 14
2123, 18
2124, 20
2125, 19
2126, 24
2127, 14
2128, 1
2129, 14
2130, 53
2131, 16
2132, 11
2133, 19
2134, 19
2135, 50
2136, 66
2137, 55
2138, 16
2139, 11
2140, 19
2141, 23
2142, 14
2143, 64
2144, 26
2145, 3
2146, 47
2147, 1
2148, 73
2149, 39
2150, 15
2151, 1
2152, 70
2153, 50
2154, 34
2155, 34
2156, 36
2157, 22
2158, 7
2159, 51
2160, 38
2161, 18
2162, 46
2163, 7
2164, 10
2165, 3
2166, 35
2167, 1
2168, 13
2169, 17
2170, 72
2171, 31
2172, 1
2173, 37
2174, 21
2175, 30
2176, 1
2177, 71
2178, 67
2179, 51
2180, 1
2181, 27
2182, 1
2183, 38
2184, 3
2185, 71
2186, 66
2187, 69
2188, 47
2189, 68
2190, 3
2191, 6
2192, 34
2193, 31
2194, 54
2195, 51
2196, 12
2197, 1
2198, 58
2199, 14
2200, 2
2201, 1
2202, 73
2203, 68
2204, 53
2205, 5
2206, 26
2207, 2
2208, 9
2209, 1
2210, 49
2211, 46
2212, 6
2213, 13
2214, 42
2215, 49
2216, 1
2217, 32
2218, 1
2219, 54
2220, 3
2221, 30
2222, 29
2223, 27
2224, 27
2225, 1
2226, 32
2227, 7
2228, 34
2229, 17
2230, 7
2231, 1
2232, 12
2233, 7
2234, 22
2235, 21
2236, 5
2237, 14
2238, 33
2239, 34
2240, 9
2241, 1
2242, 18
2243, 4
2244, 42
2245, 42
2246, 32
2247, 42
2248, 42
2249, 51
2250, 11
2251, 1
2252, 12
2253, 27
2254, 11
2255, 12
2256, 29
2257, 11
2258, 12
2259, 32
2260, 11
2261, 1
2262, 52
2263, 52
2264, 6
2265, 17
2266, 53
2267, 54
2268, 15
2269, 6
2270, 11
2271, 1
2272, 12
2273, 29
2274, 11
2275, 12
2276, 29
2277, 11
2278, 12
2279, 29
2280, 11
2281, 12
2282, 32
2283, 11
2284, 12
2285, 29
2286, 11
2287, 12
2288, 31
2289, 11
2290, 1
2291, 12
2292, 30
2293, 64
2294, 46
2295, 11
2296, 1
2297, 22
2298, 85
2299, 11
2300, 1
2301, 11
2302, 37
2303, 8
2304, 33
2305, 15
2306, 8
2307, 38
2308, 8
2309, 34
2310, 68
2311, 50
2312, 15
2313, 8
2314, 1
2315, 114
2316, 11
2317, 4
2318, 7
2319, 3
2320, 6
2321, 2
2322, 1
2323, 72
2324, 35
2325, 73
2326, 70
2327, 1
2328, 62
2329, 72
2330, 24
2331, 1
2332, 44
2333, 61
2334, 63
2335, 48
2336, 74
2337, 1
2338, 73
2339, 52
2340, 1
2341, 69
2342, 66
2343, 77
2344, 77
2345, 74
2346, 74
2347, 79
2348, 78
2349, 1
2350, 19
2351, 2
2352, 19
2353, 3
2354, 1
2355, 4
2356, 28
2357, 17
2358, 2
2359, 47
2360, 45
2361, 40
2362, 9
2363, 1
2364, 54
2365, 25
2366, 1
2367, 25
2368, 68
2369, 14
2370, 1
2371, 46
2372, 6
2373, 50
2374, 33
2375, 6
2376, 1
2377, 5
2378, 6
2379, 16
2380, 20
2381, 29
2382, 1
2383, 59
2384, 3
2385, 38
2386, 43
2387, 38
2388, 19
2389, 16
2390, 12
2391, 1
2392, 27
2393, 1
2394, 64
2395, 50
2396, 45
2397, 24
2398, 1
2399, 32
2400, 7
2401, 45
2402, 56
2403, 57
2404, 39
2405, 29
2406, 27
2407, 29
2408, 7
2409, 1
2410, 47
2411, 53
2412, 29
2413, 14
2414, 1
2415, 35
2416, 16
2417, 9
2418, 49
2419, 28
2420, 9
2421, 1
2422, 17
2423, 47
2424, 43
2425, 26
2426, 9
2427, 9
2428, 1
2429, 17
2430, 26
2431, 9
2432, 1
2433, 61
2434, 61
2435, 4
2436, 56
2437, 61
2438, 48
2439, 1
2440, 61
2441, 1
2442, 56
2443, 41
2444, 1
2445, 15
2446, 15
2447, 1
2448, 39
2449, 13
2450, 1
2451, 20
2452, 15
2453, 9
2454, 8
2455, 45
2456, 44
2457, 1
2458, 62
2459, 55
2460, 51
2461, 24
2462, 51
2463, 24
2464, 1
2465, 43
2466, 8
2467, 1
2468, 37
2469, 37
2470, 1
2471, 18
2472, 15
2473, 1
2474, 56
2475, 55
2476, 54
2477, 32
2478, 8
2479, 52
2480, 56
2481, 8
2482, 4
2483, 9
2484, 1
2485, 17
2486, 60
2487, 62
2488, 64
2489, 27
2490, 18
2491, 66
2492, 13
2493, 13
2494, 9
2495, 1
2496, 45
2497, 38
2498, 17
2499, 64
2500, 60
2501, 17
2502, 34
2503, 30
2504, 29
2505, 43
2506, 60
2507, 13
2508, 9
2509, 1
2510, 17
2511, 56
2512, 56
2513, 19
2514, 11
2515, 9
2516, 1
2517, 17
2518, 50
2519, 29
2520, 28
2521, 6
2522, 21
2523, 47
2524, 26
2525, 15
2526, 22
2527, 55
2528, 15
2529, 15
2530, 6
2531, 62
2532, 42
2533, 13
2534, 40
2535, 54
2536, 44
2537, 13
2538, 9
2539, 1
2540, 17
2541, 27
2542, 45
2543, 44
2544, 13
2545, 9
2546, 1
2547, 17
2548, 27
2549, 45
2550, 44
2551, 13
2552, 9
2553, 1
2554, 17
2555, 17
2556, 36
2557, 40
2558, 60
2559, 13
2560, 9
2561, 1
2562, 17
2563, 17
2564, 36
2565, 47
2566, 13
2567, 9
2568, 1
2569, 17
2570, 33
2571, 40
2572, 34
2573, 11
2574, 17
2575, 23
2576, 13
2577, 9
2578, 1
2579, 17
2580, 33
2581, 40
2582, 34
2583, 13
2584, 9
2585, 1
2586, 17
2587, 17
2588, 17
2589, 17
2590, 17
2591, 17
2592, 17
2593, 17
2594, 33
2595, 49
2596, 13
2597, 9
2598, 1
2599, 17
2600, 27
2601, 54
2602, 18
2603, 54
2604, 26
2605, 33
2606, 48
2607, 13
2608, 9
2609, 1
2610, 17
2611, 48
2612, 62
2613, 59
2614, 21
2615, 49
2616, 44
2617, 53
2618, 44
2619, 13
2620, 9
2621, 1
2622, 16
2623, 4
2624, 26
2625, 1
2626, 67
2627, 26
2628, 8
2629, 23
2630, 21
2631, 33
2632, 49
2633, 50
2634, 30
2635, 57
2636, 19
2637, 8
2638, 24
2639, 39
2640, 15
2641, 1
2642, 37
2643, 8
2644, 60
2645, 48
2646, 12
2647, 2
2648, 68
2649, 43
2650, 12
2651, 1
2652, 46
2653, 55
2654, 45
2655, 12
2656, 8
2657, 38
2658, 8
2659, 61
2660, 24
2661, 19
2662, 8
2663, 7
2664, 11
2665, 4
2666, 9
2667, 1
2668, 26
2669, 43
2670, 34
2671, 14
2672, 15
2673, 3
2674, 52
2675, 65
2676, 18
2677, 3
2678, 20
2679, 1
2680, 64
2681, 19
2682, 1
2683, 19
2684, 61
2685, 54
2686, 54
2687, 61
2688, 31
2689, 52
2690, 55
2691, 52
2692, 53
2693, 25
2694, 59
2695, 46
2696, 47
2697, 54
2698, 35
2699, 63
2700, 37
2701, 16
2702, 1
2703, 15
2704, 7
2705, 40
2706, 4
2707, 61
2708, 65
2709, 4
2710, 1
2711, 17
2712, 7
2713, 3
2714, 1
2715, 27
2716, 6
2717, 57
2718, 1
2719, 26
2720, 70
2721, 71
2722, 19
2723, 36
2724, 7
2725, 14
2726, 2
2727, 1
2728, 50
2729, 67
2730, 29
2731, 73
2732, 1
2733, 4
2734, 48
2735, 18
2736, 27
2737, 17
2738, 29
2739, 2
2740, 31
2741, 36
2742, 61
2743, 24
2744, 6
2745, 14
2746, 23
2747, 52
2748, 18
2749, 59
2750, 18
2751, 10
2752, 22
2753, 6
2754, 1
2755, 12
2756, 2
2757, 2
2758, 70
2759, 76
2760, 32
2761, 1
2762, 11
2763, 18
2764, 15
2765, 2
2766, 61
2767, 32
2768, 50
2769, 1
2770, 20
2771, 21
2772, 1
2773, 54
2774, 25
2775, 31
2776, 47
2777, 1
2778, 65
2779, 66
2780, 41
2781, 6
2782, 33
2783, 15
2784, 3
2785, 23
2786, 38
2787, 22
2788, 12
2789, 30
2790, 3
2791, 6
2792, 15
2793, 2
2794, 1
2795, 78
2796, 1
2797, 5
2798, 27
2799, 19
2800, 2
2801, 18
2802, 16
2803, 18
2804, 1
2805, 45
2806, 25
2807, 19
2808, 1
2809, 27
2810, 6
2811, 22
2812, 27
2813, 1
2814, 51
2815, 3
2816, 62
2817, 50
2818, 28
2819, 31
2820, 22
2821, 7
2822, 36
2823, 1
2824, 63
2825, 57
2826, 59
2827, 36
2828, 4
2829, 60
2830, 61
2831, 54
2832, 58
2833, 30
2834, 26
2835, 8
2836, 59
2837, 40
2838, 56
2839, 5
2840, 34
2841, 21
2842, 5
2843, 60
2844, 38
2845, 8
2846, 4
2847, 12
2848, 4
2849, 34
2850, 14
2851, 8
2852, 59
2853, 52
2854, 22
2855, 1
2856, 43
2857, 28
2858, 37
2859, 24
2860, 8
2861, 4
2862, 7
2863, 3
2864, 6
2865, 1
2866, 15
2867, 6
2868, 51
2869, 1
2870, 43
2871, 1
2872, 64
2873, 56
2874, 6
2875, 1
2876, 27
2877, 59
2878, 43
2879, 1
2880, 23
2881, 23
2882, 7
2883, 1
2884, 25
2885, 2
2886, 1
2887, 67
2888, 46
2889, 1
2890, 5
2891, 26
2892, 2
2893, 18
2894, 1
2895, 47
2896, 6
2897, 31
2898, 25
2899, 3
2900, 59
2901, 60
2902, 62
2903, 32
2904, 32
2905, 7
2906, 63
2907, 57
2908, 50
2909, 54
2910, 22
2911, 1
2912, 63
2913, 29
2914, 32
2915, 7
2916, 8
2917, 24
2918, 3
2919, 6
2920, 2
2921, 2
2922, 22
2923, 23
2924, 2
2925, 12
2926, 22
2927, 3
2928, 1
2929, 72
2930, 26
2931, 1
2932, 60
2933, 66
2934, 41
2935, 25
2936, 1
2937, 74
2938, 74
2939, 32
2940, 1
2941, 4
2942, 20
2943, 12
2944, 2
2945, 36
2946, 14
2947, 1
2948, 22
2949, 36
2950, 34
2951, 1
2952, 44
2953, 21
2954, 34
2955, 2
2956, 1
2957, 61
2958, 24
2959, 1
2960, 4
2961, 32
2962, 14
2963, 16
2964, 2
2965, 38
2966, 14
2967, 1
2968, 24
2969, 38
2970, 36
2971, 1
2972, 45
2973, 14
2974, 1
2975, 70
2976, 2
2977, 1
2978, 28
2979, 1
2980, 4
2981, 28
2982, 14
2983, 14
2984, 2
2985, 16
2986, 1
2987, 38
2988, 14
2989, 1
2990, 24
2991, 38
2992, 36
2993, 1
2994, 45
2995, 14
2996, 1
2997, 23
2998, 48
2999, 19
3000, 71
3001, 16
3002, 12
3003, 2
3004, 1
3005, 76
3006, 75
3007, 77
3008, 75
3009, 24
3010, 75
3011, 1
3012, 72
3013, 71
3014, 17
3015, 1
3016, 4
3017, 62
3018, 19
3019, 28
3020, 29
3021, 28
3022, 2
3023, 25
3024, 24
3025, 21
3026, 9
3027, 1
3028, 72
3029, 14
3030, 1
3031, 25
3032, 39
3033, 37
3034, 23
3035, 37
3036, 35
3037, 1
3038, 46
3039, 14
3040, 69
3041, 1
3042, 21
3043, 6
3044, 30
3045, 1
3046, 45
3047, 11
3048, 50
3049, 11
3050, 78
3051, 42
3052, 6
3053, 1
3054, 46
3055, 45
3056, 1
3057, 46
3058, 6
3059, 40
3060, 1
3061, 64
3062, 34
3063, 46
3064, 37
3065, 23
3066, 42
3067, 6
3068, 25
3069, 7
3070, 1
3071, 45
3072, 29
3073, 11
3074, 59
3075, 66
3076, 11
3077, 47
3078, 46
3079, 11
3080, 61
3081, 62
3082, 11
3083, 68
3084, 80
3085, 52
3086, 11
3087, 1
3088, 19
3089, 64
3090, 3
3091, 47
3092, 47
3093, 7
3094, 20
3095, 14
3096, 7
3097, 3
3098, 19
3099, 3
3100, 61
3101, 45
3102, 1
3103, 56
3104, 45
3105, 20
3106, 27
3107, 1
3108, 37
3109, 3
3110, 6
3111, 1
3112, 18
3113, 19
3114, 2
3115, 1
3116, 48
3117, 1
3118, 5
3119, 31
3120, 39
3121, 2
3122, 49
3123, 18
3124, 15
3125, 9
3126, 18
3127, 34
3128, 18
3129, 16
3130, 7
3131, 31
3132, 39
3133, 1
3134, 52
3135, 48
3136, 71
3137, 43
3138, 1
3139, 34
3140, 45
3141, 25
3142, 19
3143, 6
3144, 41
3145, 7
3146, 1
3147, 27
3148, 6
3149, 40
3150, 1
3151, 73
3152, 48
3153, 37
3154, 1
3155, 67
3156, 61
3157, 43
3158, 1
3159, 35
3160, 51
3161, 77
3162, 1
3163, 34
3164, 65
3165, 6
3166, 80
3167, 7
3168, 1
3169, 42
3170, 3
3171, 28
3172, 22
3173, 7
3174, 31
3175, 22
3176, 17
3177, 30
3178, 1
3179, 32
3180, 32
3181, 39
3182, 51
3183, 39
3184, 72
3185, 1
3186, 34
3187, 65
3188, 24
3189, 4
3190, 63
3191, 62
3192, 35
3193, 37
3194, 8
3195, 15
3196, 38
3197, 1
3198, 31
3199, 42
3200, 33
3201, 44
3202, 46
3203, 13
3204, 25
3205, 1
3206, 24
3207, 37
3208, 5
3209, 43
3210, 14
3211, 38
3212, 5
3213, 1
3214, 34
3215, 13
3216, 1
3217, 44
3218, 42
3219, 1
3220, 42
3221, 12
3222, 29
3223, 33
3224, 7
3225, 24
3226, 22
3227, 29
3228, 28
3229, 52
3230, 25
3231, 32
3232, 14
3233, 43
3234, 14
3235, 7
3236, 1
3237, 63
3238, 33
3239, 5
3240, 28
3241, 39
3242, 37
3243, 41
3244, 43
3245, 17
3246, 5
3247, 15
3248, 8
3249, 1
3250, 35
3251, 38
3252, 36
3253, 1
3254, 51
3255, 31
3256, 1
3257, 50
3258, 63
3259, 51
3260, 35
3261, 55
3262, 1
3263, 42
3264, 60
3265, 8
3266, 22
3267, 1
3268, 41
3269, 38
3270, 56
3271, 12
3272, 1
3273, 60
3274, 33
3275, 36
3276, 32
3277, 49
3278, 7
3279, 17
3280, 23
3281, 47
3282, 27
3283, 27
3284, 1
3285, 36
3286, 11
3287, 21
3288, 15
3289, 1
3290, 32
3291, 28
3292, 36
3293, 35
3294, 35
3295, 48
3296, 16
3297, 1
3298, 46
3299, 22
3300, 46
3301, 1
3302, 60
3303, 34
3304, 41
3305, 20
3306, 7
3307, 20
3308, 20
3309, 11
3310, 7
3311, 1
3312, 64
3313, 45
3314, 49
3315, 8
3316, 1
3317, 34
3318, 57
3319, 57
3320, 56
3321, 56
3322, 57
3323, 33
3324, 20
3325, 1
3326, 50
3327, 42
3328, 53
3329, 6
3330, 56
3331, 35
3332, 40
3333, 13
3334, 57
3335, 1
3336, 57
3337, 13
3338, 7
3339, 8
3340, 24
3341, 5
3342, 18
3343, 32
3344, 34
3345, 34
3346, 58
3347, 5
3348, 27
3349, 8
3350, 23
3351, 1
3352, 55
3353, 40
3354, 1
3355, 23
3356, 7
3357, 1
3358, 57
3359, 56
3360, 54
3361, 37
3362, 10
3363, 41
3364, 10
3365, 10
3366, 4
3367, 7
3368, 1
3369, 25
3370, 12
3371, 3
3372, 1
3373, 39
3374, 6
3375, 1
3376, 48
3377, 51
3378, 23
3379, 1
3380, 30
3381, 40
3382, 1
3383, 74
3384, 70
3385, 20
3386, 22
3387, 6
3388, 23
3389, 75
3390, 6
3391, 34
3392, 7
3393, 6
3394, 47
3395, 70
3396, 6
3397, 25
3398, 7
3399, 2
3400, 28
3401, 1
3402, 53
3403, 1
3404, 71
3405, 66
3406, 72
3407, 20
3408, 1
3409, 4
3410, 40
3411, 28
3412, 2
3413, 23
3414, 1
3415, 33
3416, 16
3417, 14
3418, 1
3419, 43
3420, 18
3421, 1
3422, 35
3423, 15
3424, 6
3425, 67
3426, 15
3427, 6
3428, 7
3429, 6
3430, 19
3431, 13
3432, 1
3433, 36
3434, 42
3435, 11
3436, 1
3437, 49
3438, 3
3439, 38
3440, 1
3441, 34
3442, 15
3443, 1
3444, 30
3445, 15
3446, 1
3447, 60
3448, 19
3449, 3
3450, 6
3451, 1
3452, 15
3453, 2
3454, 1
3455, 78
3456, 80
3457, 80
3458, 60
3459, 1
3460, 4
3461, 37
3462, 28
3463, 2
3464, 23
3465, 1
3466, 33
3467, 16
3468, 6
3469, 78
3470, 15
3471, 16
3472, 6
3473, 1
3474, 51
3475, 18
3476, 29
3477, 1
3478, 35
3479, 15
3480, 6
3481, 65
3482, 62
3483, 15
3484, 6
3485, 7
3486, 6
3487, 19
3488, 13
3489, 1
3490, 36
3491, 42
3492, 11
3493, 1
3494, 49
3495, 3
3496, 38
3497, 1
3498, 34
3499, 15
3500, 1
3501, 30
3502, 15
3503, 1
3504, 62
3505, 66
3506, 19
3507, 3
3508, 6
3509, 1
3510, 15
3511, 2
