1, 57
2, 73
3, 45
4, 1
5, 38
6, 1
7, 72
8, 72
9, 69
10, 39
11, 1
12, 67
13, 66
14, 65
15, 48
16, 1
17, 69
18, 63
19, 66
20, 24
21, 1
22, 1
23, 66
24, 68
25, 20
26, 1
27, 71
28, 58
29, 74
30, 44
31, 1
32, 65
33, 62
34, 24
35, 1
36, 60
37, 71
38, 75
39, 28
40, 1
41, 61
42, 1
43, 1
44, 28
45, 40
46, 1
47, 31
48, 40
49, 1
50, 43
51, 63
52, 71
53, 49
54, 48
55, 75
56, 29
57, 1
58, 67
59, 76
60, 79
61, 67
62, 72
63, 56
64, 1
65, 24
66, 61
67, 1
68, 63
69, 61
70, 52
71, 29
72, 1
73, 23
74, 39
75, 44
76, 55
77, 55
78, 12
79, 1
80, 1
81, 63
82, 58
83, 19
84, 1
85, 1
86, 1
87, 63
88, 68
89, 22
90, 1
91, 64
92, 70
93, 67
94, 1
95, 1
96, 1
97, 12
98, 1
99, 10
100, 30
101, 36
102, 1
103, 24
104, 5
105, 44
106, 5
107, 1
108, 24
109, 5
110, 70
111, 5
112, 1
113, 10
114, 30
115, 36
116, 36
117, 1
118, 24
119, 5
120, 44
121, 5
122, 1
123, 24
124, 5
125, 70
126, 5
127, 1
128, 21
129, 5
130, 15
131, 5
132, 1
133, 12
134, 19
135, 5
136, 14
137, 15
138, 5
139, 1
140, 12
141, 1
142, 18
143, 28
144, 21
145, 28
146, 1
147, 30
148, 20
149, 1
150, 51
151, 1
152, 36
153, 1
154, 48
155, 53
156, 30
157, 1
158, 37
159, 20
160, 1
161, 66
162, 51
163, 73
164, 1
165, 72
166, 1
167, 55
168, 1
169, 39
170, 1
171, 47
172, 1
173, 41
174, 1
175, 68
176, 1
177, 51
178, 1
179, 36
180, 1
181, 72
182, 1
183, 52
184, 1
185, 72
186, 20
187, 1
188, 76
189, 1
190, 71
191, 54
192, 1
193, 77
194, 1
195, 60
196, 1
197, 51
198, 1
199, 30
200, 1
201, 74
202, 79
203, 75
204, 1
205, 37
206, 41
207, 1
208, 53
209, 52
210, 52
211, 55
212, 53
213, 1
214, 51
215, 1
216, 34
217, 52
218, 72
219, 34
220, 1
221, 35
222, 52
223, 72
224, 34
225, 76
226, 75
227, 13
228, 1
229, 30
230, 72
231, 49
232, 1
233, 69
234, 1
235, 60
236, 17
237, 13
238, 16
239, 7
240, 7
241, 1
242, 24
243, 1
244, 23
245, 31
246, 17
247, 23
248, 20
249, 20
250, 22
251, 24
252, 21
253, 24
254, 1
255, 18
256, 22
257, 20
258, 20
259, 1
260, 19
261, 22
262, 27
263, 7
264, 1
265, 27
266, 62
267, 41
268, 1
269, 25
270, 47
271, 43
272, 7
273, 1
274, 23
275, 22
276, 30
277, 49
278, 18
279, 41
280, 7
281, 20
282, 68
283, 7
284, 17
285, 33
286, 7
287, 20
288, 43
289, 7
290, 57
291, 18
292, 41
293, 7
294, 20
295, 67
296, 7
297, 17
298, 33
299, 7
300, 20
301, 45
302, 7
303, 58
304, 31
305, 1
306, 56
307, 1
308, 63
309, 70
310, 68
311, 67
312, 68
313, 69
314, 26
315, 1
316, 61
317, 67
318, 71
319, 73
320, 1
321, 22
322, 2
323, 65
324, 81
325, 23
326, 13
327, 1
328, 22
329, 2
330, 66
331, 63
332, 58
333, 58
334, 57
335, 13
336, 1
337, 71
338, 31
339, 1
340, 38
341, 1
342, 29
343, 29
344, 1
345, 25
346, 1
347, 22
348, 22
349, 23
350, 23
351, 25
352, 27
353, 23
354, 1
355, 29
356, 31
357, 39
358, 29
359, 1
360, 68
361, 63
362, 39
363, 1
364, 66
365, 30
366, 47
367, 1
368, 66
369, 79
370, 1
371, 73
372, 45
373, 41
374, 1
375, 23
376, 1
377, 28
378, 1
379, 20
380, 19
381, 30
382, 37
383, 20
384, 25
385, 24
386, 1
387, 19
388, 24
389, 39
390, 6
391, 34
392, 7
393, 7
394, 1
395, 20
396, 35
397, 7
398, 1
399, 19
400, 34
401, 7
402, 1
403, 18
404, 33
405, 7
406, 1
407, 20
408, 35
409, 7
410, 1
411, 21
412, 40
413, 7
414, 1
415, 25
416, 41
417, 41
418, 41
419, 45
420, 1
421, 109
422, 7
423, 1
424, 29
425, 40
426, 7
427, 1
428, 40
429, 22
430, 1
431, 50
432, 32
433, 1
434, 19
435, 22
436, 22
437, 22
438, 22
439, 20
440, 1
441, 48
442, 53
443, 53
444, 53
445, 53
446, 47
447, 1
448, 44
449, 41
450, 2
451, 49
452, 3
453, 1
454, 40
455, 2
456, 46
457, 46
458, 22
459, 3
460, 1
461, 50
462, 2
463, 46
464, 46
465, 46
466, 22
467, 3
468, 1
469, 42
470, 2
471, 48
472, 48
473, 48
474, 48
475, 48
476, 48
477, 22
478, 3
479, 1
480, 45
481, 2
482, 46
483, 46
484, 46
485, 46
486, 46
487, 3
488, 1
489, 45
490, 2
491, 46
492, 46
493, 46
494, 46
495, 46
496, 3
497, 1
498, 56
499, 57
500, 57
501, 56
502, 17
503, 40
504, 2
505, 60
506, 60
507, 60
508, 60
509, 60
510, 60
511, 60
512, 3
513, 1
514, 19
515, 58
516, 39
517, 43
518, 7
519, 1
520, 11
521, 4
522, 22
523, 26
524, 27
525, 26
526, 27
527, 29
528, 26
529, 28
530, 27
531, 33
532, 32
533, 41
534, 32
535, 40
536, 35
537, 54
538, 80
539, 5
540, 1
541, 24
542, 11
543, 2
544, 4
545, 15
546, 54
547, 45
548, 63
549, 35
550, 35
551, 4
552, 4
553, 4
554, 15
555, 55
556, 63
557, 29
558, 37
559, 4
560, 4
561, 4
562, 15
563, 54
564, 63
565, 37
566, 35
567, 4
568, 4
569, 4
570, 17
571, 56
572, 94
573, 71
574, 35
575, 40
576, 4
577, 4
578, 25
579, 4
580, 64
581, 55
582, 71
583, 35
584, 56
585, 4
586, 4
587, 4
588, 20
589, 60
590, 63
591, 54
592, 36
593, 45
594, 4
595, 4
596, 4
597, 20
598, 60
599, 63
600, 57
601, 39
602, 45
603, 4
604, 4
605, 4
606, 21
607, 64
608, 63
609, 54
610, 39
611, 45
612, 4
613, 4
614, 4
615, 24
616, 64
617, 63
618, 57
619, 42
620, 45
621, 4
622, 4
623, 4
624, 20
625, 59
626, 45
627, 54
628, 40
629, 35
630, 4
631, 4
632, 56
633, 3
634, 1
635, 21
636, 2
637, 14
638, 22
639, 2
640, 12
641, 1
642, 22
643, 4
644, 22
645, 31
646, 29
647, 17
648, 18
649, 54
650, 59
651, 14
652, 14
653, 69
654, 25
655, 4
656, 13
657, 1
658, 53
659, 1
660, 19
661, 2
662, 28
663, 16
664, 3
665, 1
666, 37
667, 1
668, 35
669, 36
670, 51
671, 45
672, 36
673, 61
674, 40
675, 42
676, 71
677, 41
678, 49
679, 41
680, 64
681, 38
682, 40
683, 42
684, 36
685, 47
686, 51
687, 33
688, 43
689, 56
690, 33
691, 41
692, 54
693, 58
694, 52
695, 30
696, 30
697, 33
698, 47
699, 47
700, 48
701, 49
702, 44
703, 32
704, 33
705, 59
706, 50
707, 1
708, 14
709, 43
710, 2
711, 56
712, 23
713, 11
714, 23
715, 26
716, 5
717, 41
718, 41
719, 13
720, 14
721, 2
722, 1
723, 14
724, 37
725, 2
726, 13
727, 6
728, 48
729, 39
730, 6
731, 15
732, 2
733, 1
734, 12
735, 45
736, 2
737, 27
738, 45
739, 1
740, 16
741, 12
742, 1
743, 26
744, 1
745, 19
746, 2
747, 1
748, 20
749, 23
750, 2
751, 19
752, 6
753, 15
754, 15
755, 15
756, 17
757, 25
758, 20
759, 20
760, 21
761, 24
762, 20
763, 13
764, 13
765, 30
766, 70
767, 13
768, 6
769, 13
770, 2
771, 1
772, 20
773, 24
774, 2
775, 19
776, 6
777, 15
778, 15
779, 15
780, 17
781, 25
782, 20
783, 20
784, 21
785, 24
786, 20
787, 23
788, 13
789, 30
790, 70
791, 13
792, 6
793, 13
794, 2
795, 1
796, 20
797, 43
798, 2
799, 19
800, 6
801, 15
802, 15
803, 17
804, 25
805, 20
806, 20
807, 21
808, 24
809, 20
810, 13
811, 15
812, 75
813, 32
814, 15
815, 11
816, 20
817, 13
818, 30
819, 70
820, 13
821, 6
822, 13
823, 2
824, 1
825, 43
826, 45
827, 43
828, 44
829, 44
830, 43
831, 47
832, 45
833, 57
834, 44
835, 42
836, 54
837, 56
838, 54
839, 60
840, 51
841, 43
842, 53
843, 53
844, 62
845, 1
846, 19
847, 1
848, 12
849, 36
850, 2
851, 36
852, 1
853, 10
854, 28
855, 48
856, 1
857, 12
858, 1
859, 26
860, 47
861, 1
862, 14
863, 1
864, 36
865, 2
866, 1
867, 73
868, 1
869, 39
870, 1
871, 59
872, 70
873, 52
874, 54
875, 66
876, 95
877, 48
878, 61
879, 64
880, 1
881, 21
882, 21
883, 1
884, 4
885, 44
886, 2
887, 26
888, 73
889, 1
890, 12
891, 2
892, 1
893, 5
894, 71
895, 55
896, 2
897, 62
898, 1
899, 18
900, 59
901, 25
902, 24
903, 26
904, 22
905, 24
906, 18
907, 23
908, 17
909, 14
910, 1
911, 30
912, 48
913, 32
914, 7
915, 37
916, 2
917, 1
918, 12
919, 42
920, 2
921, 49
922, 30
923, 73
924, 24
925, 39
926, 2
927, 1
928, 5
929, 38
930, 2
931, 26
932, 47
933, 1
934, 16
935, 50
936, 1
937, 61
938, 53
939, 18
940, 34
941, 16
942, 2
943, 1
944, 5
945, 41
946, 2
947, 26
948, 50
949, 1
950, 16
951, 50
952, 1
953, 65
954, 18
955, 34
956, 16
957, 2
958, 1
959, 5
960, 35
961, 2
962, 64
963, 28
964, 20
965, 14
966, 2
967, 1
968, 12
969, 26
970, 2
971, 64
972, 27
973, 20
974, 14
975, 2
976, 1
977, 5
978, 39
979, 2
980, 15
981, 18
982, 54
983, 7
984, 41
985, 31
986, 2
987, 1
988, 5
989, 40
990, 2
991, 15
992, 18
993, 55
994, 7
995, 42
996, 31
997, 2
998, 1
999, 71
1000, 47
1001, 1
1002, 12
1003, 80
1004, 2
1005, 18
1006, 16
1007, 1
1008, 58
1009, 6
1010, 50
1011, 3
1012, 12
1013, 53
1014, 36
1015, 37
1016, 46
1017, 29
1018, 16
1019, 11
1020, 3
1021, 6
1022, 1
1023, 36
1024, 35
1025, 17
1026, 46
1027, 29
1028, 18
1029, 45
1030, 36
1031, 28
1032, 1
1033, 11
1034, 2
1035, 1
1036, 62
1037, 61
1038, 65
1039, 70
1040, 69
1041, 16
1042, 1
1043, 37
1044, 68
1045, 35
1046, 56
1047, 46
1048, 35
1049, 25
1050, 69
1051, 65
1052, 70
1053, 69
1054, 21
1055, 1
1056, 35
1057, 61
1058, 46
1059, 72
1060, 72
1061, 71
1062, 71
1063, 67
1064, 43
1065, 1
1066, 5
1067, 74
1068, 37
1069, 2
1070, 32
1071, 13
1072, 1
1073, 21
1074, 30
1075, 7
1076, 6
1077, 28
1078, 30
1079, 11
1080, 24
1081, 6
1082, 1
1083, 22
1084, 6
1085, 69
1086, 46
1087, 20
1088, 6
1089, 1
1090, 53
1091, 2
1092, 1
1093, 5
1094, 35
1095, 2
1096, 44
1097, 2
1098, 1
1099, 5
1100, 41
1101, 2
1102, 17
1103, 16
1104, 18
1105, 16
1106, 16
1107, 1
1108, 16
1109, 16
1110, 16
1111, 16
1112, 16
1113, 16
1114, 12
1115, 44
1116, 33
1117, 2
1118, 1
1119, 5
1120, 20
1121, 2
1122, 1
1123, 30
1124, 2
1125, 1
1126, 5
1127, 20
1128, 2
1129, 30
1130, 2
1131, 1
1132, 73
1133, 1
1134, 12
1135, 35
1136, 2
1137, 11
1138, 24
1139, 9
1140, 21
1141, 33
1142, 45
1143, 41
1144, 6
1145, 26
1146, 7
1147, 1
1148, 37
1149, 1
1150, 23
1151, 9
1152, 26
1153, 19
1154, 11
1155, 7
1156, 45
1157, 9
1158, 20
1159, 12
1160, 12
1161, 6
1162, 24
1163, 6
1164, 21
1165, 35
1166, 6
1167, 19
1168, 8
1169, 16
1170, 6
1171, 20
1172, 1
1173, 75
1174, 63
1175, 1
1176, 17
1177, 6
1178, 33
1179, 1
1180, 38
1181, 6
1182, 1
1183, 39
1184, 1
1185, 17
1186, 6
1187, 30
1188, 47
1189, 6
1190, 38
1191, 6
1192, 30
1193, 75
1194, 6
1195, 36
1196, 6
1197, 42
1198, 25
1199, 43
1200, 39
1201, 6
1202, 7
1203, 14
1204, 2
1205, 1
1206, 67
1207, 44
1208, 1
1209, 12
1210, 33
1211, 2
1212, 16
1213, 19
1214, 18
1215, 16
1216, 16
1217, 1
1218, 28
1219, 60
1220, 1
1221, 17
1222, 12
1223, 1
1224, 35
1225, 25
1226, 1
1227, 52
1228, 1
1229, 26
1230, 54
1231, 51
1232, 1
1233, 70
1234, 70
1235, 47
1236, 11
1237, 18
1238, 16
1239, 6
1240, 22
1241, 39
1242, 3
1243, 16
1244, 13
1245, 34
1246, 1
1247, 11
1248, 13
1249, 56
1250, 10
1251, 31
1252, 31
1253, 20
1254, 56
1255, 7
1256, 30
1257, 47
1258, 7
1259, 48
1260, 26
1261, 7
1262, 1
1263, 54
1264, 61
1265, 28
1266, 62
1267, 1
1268, 45
1269, 7
1270, 35
1271, 52
1272, 50
1273, 22
1274, 61
1275, 65
1276, 7
1277, 3
1278, 11
1279, 6
1280, 6
1281, 14
1282, 2
1283, 1
1284, 69
1285, 26
1286, 1
1287, 12
1288, 65
1289, 28
1290, 2
1291, 18
1292, 28
1293, 1
1294, 40
1295, 21
1296, 41
1297, 1
1298, 32
1299, 36
1300, 39
1301, 6
1302, 20
1303, 31
1304, 1
1305, 65
1306, 23
1307, 38
1308, 1
1309, 44
1310, 64
1311, 16
1312, 1
1313, 56
1314, 40
1315, 1
1316, 58
1317, 10
1318, 40
1319, 58
1320, 46
1321, 18
1322, 57
1323, 71
1324, 3
1325, 6
1326, 2
1327, 1
1328, 41
1329, 1
1330, 12
1331, 40
1332, 2
1333, 20
1334, 24
1335, 1
1336, 39
1337, 1
1338, 46
1339, 63
1340, 6
1341, 39
1342, 1
1343, 44
1344, 47
1345, 76
1346, 66
1347, 34
1348, 54
1349, 11
1350, 55
1351, 36
1352, 30
1353, 1
1354, 30
1355, 58
1356, 6
1357, 1
1358, 21
1359, 2
1360, 1
1361, 59
1362, 1
1363, 19
1364, 35
1365, 2
1366, 33
1367, 1
1368, 69
1369, 49
1370, 19
1371, 16
1372, 2
1373, 1
1374, 51
1375, 1
1376, 12
1377, 28
1378, 2
1379, 35
1380, 2
1381, 1
1382, 39
1383, 1
1384, 12
1385, 77
1386, 2
1387, 33
1388, 18
1389, 1
1390, 40
1391, 21
1392, 41
1393, 1
1394, 32
1395, 36
1396, 30
1397, 1
1398, 39
1399, 6
1400, 20
1401, 20
1402, 1
1403, 80
1404, 23
1405, 38
1406, 1
1407, 58
1408, 46
1409, 40
1410, 46
1411, 48
1412, 1
1413, 50
1414, 1
1415, 16
1416, 3
1417, 28
1418, 15
1419, 3
1420, 6
1421, 1
1422, 46
1423, 2
1424, 1
1425, 67
1426, 15
1427, 1
1428, 12
1429, 29
1430, 2
1431, 17
1432, 18
1433, 21
1434, 1
1435, 70
1436, 68
1437, 55
1438, 50
1439, 12
1440, 1
1441, 48
1442, 6
1443, 30
1444, 64
1445, 14
1446, 6
1447, 1
1448, 67
1449, 20
1450, 41
1451, 1
1452, 21
1453, 6
1454, 30
1455, 64
1456, 14
1457, 6
1458, 1
1459, 70
1460, 50
1461, 1
1462, 62
1463, 58
1464, 1
1465, 19
1466, 2
1467, 1
1468, 66
1469, 1
1470, 12
1471, 31
1472, 2
1473, 26
1474, 29
1475, 7
1476, 33
1477, 1
1478, 72
1479, 1
1480, 26
1481, 58
1482, 2
1483, 1
1484, 12
1485, 37
1486, 2
1487, 37
1488, 1
1489, 10
1490, 28
1491, 59
1492, 1
1493, 26
1494, 51
1495, 1
1496, 41
1497, 6
1498, 57
1499, 21
1500, 3
1501, 46
1502, 34
1503, 23
1504, 54
1505, 3
1506, 1
1507, 25
1508, 30
1509, 77
1510, 7
1511, 6
1512, 45
1513, 6
1514, 30
1515, 1
1516, 25
1517, 30
1518, 47
1519, 7
1520, 6
1521, 1
1522, 17
1523, 2
1524, 1
1525, 73
1526, 1
1527, 12
1528, 24
1529, 2
1530, 9
1531, 20
1532, 29
1533, 27
1534, 32
1535, 21
1536, 58
1537, 6
1538, 52
1539, 15
1540, 11
1541, 19
1542, 28
1543, 22
1544, 38
1545, 40
1546, 41
1547, 34
1548, 6
1549, 2
1550, 1
1551, 31
1552, 1
1553, 11
1554, 37
1555, 2
1556, 48
1557, 2
1558, 1
1559, 12
1560, 61
1561, 2
1562, 9
1563, 1
1564, 26
1565, 59
1566, 14
1567, 15
1568, 12
1569, 48
1570, 14
1571, 43
1572, 12
1573, 1
1574, 32
1575, 6
1576, 29
1577, 1
1578, 18
1579, 52
1580, 1
1581, 55
1582, 6
1583, 1
1584, 20
1585, 19
1586, 56
1587, 2
1588, 1
1589, 12
1590, 20
1591, 2
1592, 9
1593, 20
1594, 1
1595, 47
1596, 1
1597, 29
1598, 27
1599, 41
1600, 1
1601, 39
1602, 1
1603, 58
1604, 6
1605, 57
1606, 80
1607, 1
1608, 15
1609, 3
1610, 40
1611, 15
1612, 3
1613, 1
1614, 55
1615, 3
1616, 49
1617, 12
1618, 16
1619, 12
1620, 19
1621, 35
1622, 37
1623, 32
1624, 3
1625, 11
1626, 3
1627, 65
1628, 24
1629, 58
1630, 12
1631, 16
1632, 12
1633, 13
1634, 25
1635, 13
1636, 19
1637, 35
1638, 37
1639, 32
1640, 3
1641, 6
1642, 1
1643, 46
1644, 2
1645, 1
1646, 68
1647, 69
1648, 17
1649, 1
1650, 12
1651, 36
1652, 2
1653, 22
1654, 22
1655, 24
1656, 24
1657, 19
1658, 1
1659, 27
1660, 12
1661, 1
1662, 56
1663, 48
1664, 53
1665, 36
1666, 1
1667, 14
1668, 72
1669, 6
1670, 51
1671, 47
1672, 34
1673, 47
1674, 47
1675, 44
1676, 48
1677, 46
1678, 48
1679, 16
1680, 6
1681, 1
1682, 64
1683, 64
1684, 64
1685, 43
1686, 43
1687, 1
1688, 48
1689, 17
1690, 72
1691, 6
1692, 51
1693, 70
1694, 42
1695, 57
1696, 74
1697, 19
1698, 6
1699, 1
1700, 48
1701, 17
1702, 72
1703, 6
1704, 51
1705, 70
1706, 42
1707, 57
1708, 75
1709, 19
1710, 6
1711, 1
1712, 48
1713, 17
1714, 72
1715, 6
1716, 21
1717, 57
1718, 29
1719, 3
1720, 61
1721, 44
1722, 33
1723, 63
1724, 43
1725, 16
1726, 3
1727, 19
1728, 6
1729, 1
1730, 48
1731, 17
1732, 72
1733, 6
1734, 50
1735, 69
1736, 46
1737, 19
1738, 6
1739, 2
1740, 1
1741, 36
1742, 12
1743, 55
1744, 2
1745, 14
1746, 1
1747, 67
1748, 45
1749, 1
1750, 73
1751, 1
1752, 22
1753, 2
1754, 1
1755, 12
1756, 20
1757, 2
1758, 11
1759, 9
1760, 20
1761, 18
1762, 1
1763, 26
1764, 54
1765, 1
1766, 33
1767, 10
1768, 28
1769, 71
1770, 1
1771, 26
1772, 52
1773, 1
1774, 21
1775, 1
1776, 17
1777, 6
1778, 44
1779, 61
1780, 77
1781, 16
1782, 75
1783, 95
1784, 91
1785, 1
1786, 1
1787, 100
1788, 66
1789, 14
1790, 47
1791, 60
1792, 77
1793, 100
1794, 1
1795, 69
1796, 47
1797, 1
1798, 98
1799, 1
1800, 60
1801, 1
1802, 1
1803, 53
1804, 43
1805, 32
1806, 21
1807, 1
1808, 50
1809, 3
1810, 26
1811, 7
1812, 32
1813, 4
1814, 38
1815, 9
1816, 4
1817, 7
1818, 1
1819, 26
1820, 7
1821, 41
1822, 51
1823, 61
1824, 12
1825, 53
1826, 37
1827, 61
1828, 7
1829, 8
1830, 55
1831, 58
1832, 8
1833, 3
1834, 1
1835, 59
1836, 32
1837, 1
1838, 55
1839, 3
1840, 38
1841, 32
1842, 53
1843, 3
1844, 1
1845, 55
1846, 32
1847, 55
1848, 3
1849, 38
1850, 68
1851, 3
1852, 1
1853, 50
1854, 55
1855, 3
1856, 38
1857, 37
1858, 51
1859, 26
1860, 37
1861, 52
1862, 3
1863, 1
1864, 18
1865, 3
1866, 57
1867, 40
1868, 7
1869, 58
1870, 7
1871, 3
1872, 1
1873, 18
1874, 3
1875, 39
1876, 40
1877, 7
1878, 16
1879, 14
1880, 1
1881, 53
1882, 49
1883, 14
1884, 35
1885, 4
1886, 16
1887, 39
1888, 9
1889, 24
1890, 27
1891, 19
1892, 8
1893, 29
1894, 15
1895, 8
1896, 19
1897, 8
1898, 27
1899, 15
1900, 8
1901, 4
1902, 7
1903, 3
1904, 6
1905, 1
1906, 1
1907, 67
1908, 43
1909, 20
1910, 6
1911, 43
1912, 62
1913, 36
1914, 5
1915, 63
1916, 69
1917, 36
1918, 31
1919, 63
1920, 61
1921, 31
1922, 46
1923, 44
1924, 53
1925, 5
1926, 6
1927, 1
1928, 60
1929, 17
1930, 6
1931, 16
1932, 28
1933, 22
1934, 20
1935, 23
1936, 18
1937, 13
1938, 19
1939, 42
1940, 29
1941, 1
1942, 38
1943, 36
1944, 38
1945, 33
1946, 44
1947, 46
1948, 1
1949, 1
1950, 43
1951, 23
1952, 3
1953, 12
1954, 16
1955, 18
1956, 52
1957, 27
1958, 43
1959, 7
1960, 30
1961, 34
1962, 7
1963, 22
1964, 19
1965, 63
1966, 16
1967, 37
1968, 7
1969, 23
1970, 44
1971, 4
1972, 46
1973, 17
1974, 34
1975, 4
1976, 31
1977, 7
1978, 45
1979, 1
1980, 60
1981, 3
1982, 6
1983, 1
1984, 28
1985, 1
1986, 14
1987, 1
1988, 28
1989, 37
1990, 1
1991, 25
1992, 22
1993, 1
1994, 40
1995, 2
1996, 1
1997, 20
1998, 25
1999, 2
2000, 32
2001, 1
2002, 34
2003, 32
2004, 34
2005, 6
2006, 48
2007, 1
2008, 21
2009, 31
2010, 19
2011, 6
2012, 1
2013, 14
2014, 6
2015, 15
2016, 1
2017, 23
2018, 30
2019, 13
2020, 9
2021, 6
2022, 15
2023, 2
2024, 1
2025, 15
2026, 2
2027, 10
2028, 20
2029, 13
2030, 13
2031, 17
2032, 16
2033, 19
2034, 12
2035, 23
2036, 9
2037, 1
2038, 20
2039, 1
2040, 15
2041, 15
2042, 14
2043, 17
2044, 17
2045, 17
2046, 17
2047, 1
2048, 16
2049, 1
2050, 27
2051, 76
2052, 59
2053, 36
2054, 1
2055, 48
2056, 62
2057, 30
2058, 2
2059, 59
2060, 59
2061, 59
2062, 59
2063, 59
2064, 59
2065, 58
2066, 3
2067, 1
2068, 6
2069, 1
2070, 68
2071, 75
2072, 17
2073, 17
2074, 17
2075, 17
2076, 17
2077, 17
2078, 17
2079, 17
2080, 17
2081, 1
2082, 16
2083, 1
2084, 30
2085, 2
2086, 57
2087, 57
2088, 57
2089, 57
2090, 57
2091, 57
2092, 57
2093, 57
2094, 56
2095, 3
2096, 1
2097, 7
2098, 1
2099, 72
2100, 58
2101, 1
2102, 7
2103, 36
2104, 41
2105, 28
2106, 39
2107, 46
2108, 24
2109, 23
2110, 19
2111, 33
2112, 10
2113, 1
2114, 22
2115, 19
2116, 10
2117, 18
2118, 19
2119, 14
2120, 34
2121, 1
2122, 1
2123, 62
2124, 1
2125, 68
2126, 14
2127, 15
2128, 47
2129, 59
2130, 24
2131, 15
2132, 12
2133, 16
2134, 11
2135, 1
2136, 14
2137, 50
2138, 2
2139, 74
2140, 34
2141, 1
2142, 36
2143, 25
2144, 23
2145, 15
2146, 2
2147, 1
2148, 14
2149, 54
2150, 2
2151, 11
2152, 14
2153, 1
2154, 22
2155, 6
2156, 45
2157, 32
2158, 29
2159, 27
2160, 6
2161, 7
2162, 6
2163, 74
2164, 32
2165, 29
2166, 40
2167, 27
2168, 6
2169, 15
2170, 2
2171, 1
2172, 13
2173, 44
2174, 2
2175, 19
2176, 24
2177, 24
2178, 21
2179, 24
2180, 27
2181, 23
2182, 19
2183, 20
2184, 21
2185, 17
2186, 7
2187, 14
2188, 19
2189, 7
2190, 42
2191, 25
2192, 57
2193, 23
2194, 1
2195, 1
2196, 46
2197, 1
2198, 52
2199, 1
2200, 13
2201, 28
2202, 62
2203, 1
2204, 26
2205, 49
2206, 1
2207, 37
2208, 45
2209, 1
2210, 19
2211, 54
2212, 47
2213, 7
2214, 1
2215, 52
2216, 1
2217, 46
2218, 30
2219, 6
2220, 31
2221, 1
2222, 23
2223, 10
2224, 59
2225, 35
2226, 17
2227, 33
2228, 1
2229, 59
2230, 41
2231, 45
2232, 37
2233, 34
2234, 34
2235, 26
2236, 28
2237, 31
2238, 20
2239, 23
2240, 1
2241, 14
2242, 6
2243, 1
2244, 19
2245, 6
2246, 48
2247, 56
2248, 1
2249, 65
2250, 53
2251, 56
2252, 26
2253, 19
2254, 27
2255, 42
2256, 11
2257, 7
2258, 41
2259, 1
2260, 37
2261, 28
2262, 1
2263, 19
2264, 29
2265, 62
2266, 7
2267, 32
2268, 6
2269, 1
2270, 60
2271, 58
2272, 52
2273, 28
2274, 6
2275, 44
2276, 58
2277, 44
2278, 33
2279, 24
2280, 6
2281, 1
2282, 41
2283, 55
2284, 41
2285, 30
2286, 21
2287, 1
2288, 44
2289, 1
2290, 32
2291, 54
2292, 24
2293, 24
2294, 1
2295, 26
2296, 28
2297, 26
2298, 25
2299, 1
2300, 30
2301, 28
2302, 1
2303, 19
2304, 51
2305, 4
2306, 28
2307, 1
2308, 49
2309, 56
2310, 48
2311, 39
2312, 30
2313, 1
2314, 25
2315, 34
2316, 4
2317, 1
2318, 26
2319, 4
2320, 25
2321, 1
2322, 47
2323, 48
2324, 56
2325, 36
2326, 27
2327, 1
2328, 26
2329, 31
2330, 4
2331, 7
2332, 1
2333, 18
2334, 1
2335, 30
2336, 6
2337, 31
2338, 31
2339, 20
2340, 21
2341, 1
2342, 17
2343, 3
2344, 12
2345, 20
2346, 7
2347, 33
2348, 43
2349, 51
2350, 1
2351, 40
2352, 41
2353, 1
2354, 47
2355, 21
2356, 19
2357, 1
2358, 37
2359, 24
2360, 1
2361, 28
2362, 4
2363, 46
2364, 34
2365, 33
2366, 4
2367, 12
2368, 4
2369, 61
2370, 46
2371, 4
2372, 31
2373, 29
2374, 7
2375, 10
2376, 14
2377, 14
2378, 57
2379, 26
2380, 1
2381, 27
2382, 17
2383, 1
2384, 20
2385, 7
2386, 36
2387, 40
2388, 41
2389, 27
2390, 7
2391, 8
2392, 7
2393, 29
2394, 39
2395, 41
2396, 47
2397, 21
2398, 19
2399, 25
2400, 24
2401, 65
2402, 49
2403, 31
2404, 7
2405, 1
2406, 10
2407, 1
2408, 14
2409, 21
2410, 7
2411, 57
2412, 53
2413, 47
2414, 28
2415, 57
2416, 38
2417, 33
2418, 31
2419, 65
2420, 7
2421, 10
2422, 14
2423, 17
2424, 27
2425, 35
2426, 37
2427, 43
2428, 17
2429, 21
2430, 20
2431, 61
2432, 36
2433, 27
2434, 25
2435, 10
2436, 1
2437, 19
2438, 13
2439, 5
2440, 44
2441, 24
2442, 15
2443, 10
2444, 41
2445, 33
2446, 33
2447, 33
2448, 33
2449, 15
2450, 1
2451, 66
2452, 66
2453, 23
2454, 1
2455, 66
2456, 56
2457, 27
2458, 64
2459, 58
2460, 58
2461, 60
2462, 1
2463, 69
2464, 41
2465, 50
2466, 1
2467, 66
2468, 46
2469, 1
2470, 23
2471, 36
2472, 37
2473, 45
2474, 52
2475, 52
2476, 52
2477, 52
2478, 17
2479, 1
2480, 64
2481, 65
2482, 1
2483, 25
2484, 50
2485, 31
2486, 34
2487, 1
2488, 26
2489, 25
2490, 65
2491, 34
2492, 1
2493, 47
2494, 26
2495, 25
2496, 65
2497, 34
2498, 1
2499, 29
2500, 47
2501, 1
2502, 41
2503, 47
2504, 30
2505, 26
2506, 66
2507, 35
2508, 1
2509, 29
2510, 27
2511, 12
2512, 5
2513, 13
2514, 65
2515, 32
2516, 34
2517, 45
2518, 39
2519, 17
2520, 27
2521, 35
2522, 1
2523, 43
2524, 46
2525, 40
2526, 15
2527, 1
2528, 21
2529, 20
2530, 60
2531, 29
2532, 1
2533, 17
2534, 1
2535, 21
2536, 20
2537, 60
2538, 30
2539, 1
2540, 27
2541, 25
2542, 10
2543, 25
2544, 3
2545, 6
2546, 1
2547, 4
2548, 21
2549, 37
2550, 32
2551, 8
2552, 26
2553, 1
2554, 49
2555, 43
2556, 8
2557, 4
2558, 25
2559, 30
2560, 6
2561, 31
2562, 1
2563, 36
2564, 11
2565, 1
2566, 36
2567, 11
2568, 1
2569, 47
2570, 17
2571, 15
2572, 6
2573, 1
2574, 37
2575, 20
2576, 51
2577, 15
2578, 2
2579, 1
2580, 13
2581, 17
2582, 2
2583, 42
2584, 1
2585, 17
2586, 6
2587, 71
2588, 19
2589, 6
2590, 1
2591, 54
2592, 40
2593, 1
2594, 50
2595, 1
2596, 36
2597, 1
2598, 67
2599, 43
2600, 1
2601, 78
2602, 67
2603, 61
2604, 65
2605, 60
2606, 20
2607, 18
2608, 19
2609, 12
2610, 58
2611, 20
2612, 27
2613, 1
2614, 53
2615, 1
2616, 18
2617, 6
2618, 45
2619, 42
2620, 32
2621, 6
2622, 1
2623, 18
2624, 6
2625, 45
2626, 1
2627, 42
2628, 44
2629, 31
2630, 6
2631, 1
2632, 14
2633, 1
2634, 42
2635, 1
2636, 54
2637, 2
2638, 1
2639, 13
2640, 17
2641, 2
2642, 42
2643, 1
2644, 17
2645, 6
2646, 71
2647, 19
2648, 6
2649, 1
2650, 18
2651, 6
2652, 44
2653, 42
2654, 6
2655, 1
2656, 18
2657, 6
2658, 44
2659, 42
2660, 6
2661, 1
2662, 19
2663, 68
2664, 67
2665, 66
2666, 70
2667, 72
2668, 16
2669, 1
2670, 40
2671, 38
2672, 38
2673, 38
2674, 38
2675, 38
2676, 7
2677, 1
2678, 19
2679, 66
2680, 32
2681, 40
2682, 6
2683, 40
2684, 7
2685, 1
2686, 63
2687, 43
2688, 39
2689, 1
2690, 14
2691, 1
2692, 42
2693, 1
2694, 54
2695, 2
2696, 1
2697, 12
2698, 20
2699, 2
2700, 9
2701, 20
2702, 16
2703, 16
2704, 16
2705, 19
2706, 1
2707, 21
2708, 1
2709, 56
2710, 1
2711, 16
2712, 28
2713, 53
2714, 1
2715, 26
2716, 53
2717, 1
2718, 41
2719, 26
2720, 1
2721, 68
2722, 26
2723, 25
2724, 1
2725, 42
2726, 12
2727, 1
2728, 51
2729, 6
2730, 14
2731, 54
2732, 24
2733, 11
2734, 38
2735, 22
2736, 16
2737, 28
2738, 3
2739, 26
2740, 1
2741, 35
2742, 66
2743, 49
2744, 38
2745, 37
2746, 39
2747, 35
2748, 37
2749, 31
2750, 31
2751, 37
2752, 31
2753, 62
2754, 19
2755, 13
2756, 3
2757, 6
2758, 1
2759, 46
2760, 24
2761, 27
2762, 18
2763, 1
2764, 46
2765, 40
2766, 1
2767, 29
2768, 26
2769, 1
2770, 23
2771, 6
2772, 27
2773, 24
2774, 16
2775, 6
2776, 1
2777, 36
2778, 25
2779, 6
2780, 27
2781, 27
2782, 27
2783, 27
2784, 6
2785, 1
2786, 24
2787, 6
2788, 18
2789, 1
2790, 55
2791, 55
2792, 3
2793, 63
2794, 28
2795, 15
2796, 44
2797, 26
2798, 29
2799, 68
2800, 25
2801, 7
2802, 68
2803, 30
2804, 26
2805, 65
2806, 7
2807, 3
2808, 6
2809, 1
2810, 34
2811, 2
2812, 1
2813, 66
2814, 46
2815, 1
2816, 11
2817, 37
2818, 2
2819, 41
2820, 41
2821, 34
2822, 14
2823, 1
2824, 42
2825, 25
2826, 14
2827, 25
2828, 15
2829, 38
2830, 2
2831, 1
2832, 11
2833, 37
2834, 2
2835, 41
2836, 41
2837, 29
2838, 29
2839, 1
2840, 14
2841, 6
2842, 41
2843, 41
2844, 6
2845, 1
2846, 28
2847, 2
2848, 1
2849, 12
2850, 38
2851, 2
2852, 11
2853, 11
2854, 1
2855, 45
2856, 6
2857, 20
2858, 3
2859, 24
2860, 10
2861, 3
2862, 6
2863, 18
2864, 2
2865, 1
2866, 12
2867, 48
2868, 2
2869, 16
2870, 9
2871, 1
2872, 15
2873, 6
2874, 16
2875, 32
2876, 69
2877, 1
2878, 41
2879, 3
2880, 38
2881, 41
2882, 7
2883, 41
2884, 45
2885, 1
2886, 17
2887, 1
2888, 31
2889, 65
2890, 42
2891, 1
2892, 28
2893, 25
2894, 26
2895, 58
2896, 18
2897, 1
2898, 32
2899, 62
2900, 35
2901, 31
2902, 27
2903, 28
2904, 7
2905, 1
2906, 37
2907, 3
2908, 6
2909, 1
2910, 26
2911, 33
2912, 34
2913, 24
2914, 2
2915, 1
2916, 12
2917, 43
2918, 2
2919, 19
2920, 9
2921, 13
2922, 20
2923, 1
2924, 65
2925, 1
2926, 62
2927, 33
2928, 1
2929, 25
2930, 1
2931, 66
2932, 33
2933, 6
2934, 42
2935, 3
2936, 38
2937, 1
2938, 58
2939, 40
2940, 3
2941, 6
2942, 1
2943, 57
2944, 20
2945, 16
2946, 1
2947, 65
2948, 33
2949, 6
2950, 42
2951, 3
2952, 10
2953, 1
2954, 61
2955, 35
2956, 22
2957, 9
2958, 14
2959, 32
2960, 13
2961, 9
2962, 1
2963, 37
2964, 31
2965, 22
2966, 9
2967, 14
2968, 32
2969, 13
2970, 9
2971, 8
2972, 3
2973, 6
2974, 1
2975, 14
2976, 1
2977, 21
2978, 65
2979, 1
2980, 58
2981, 16
2982, 6
2983, 27
2984, 39
2985, 36
2986, 49
2987, 6
2988, 2
2989, 1
2990, 12
2991, 19
2992, 2
2993, 52
2994, 20
2995, 1
2996, 9
2997, 16
2998, 76
2999, 1
3000, 40
3001, 1
3002, 58
3003, 27
3004, 1
3005, 37
3006, 32
3007, 1
3008, 45
3009, 17
3010, 38
3011, 6
3012, 41
3013, 35
3014, 6
3015, 1
3016, 36
3017, 41
3018, 55
3019, 1
3020, 58
3021, 34
3022, 1
3023, 30
3024, 1
3025, 65
3026, 1
3027, 50
3028, 33
3029, 58
3030, 45
3031, 1
3032, 39
3033, 2
3034, 1
3035, 12
3036, 31
3037, 2
3038, 25
3039, 78
3040, 25
3041, 106
3042, 110
3043, 80
3044, 86
3045, 89
3046, 100
3047, 88
3048, 88
3049, 82
3050, 84
3051, 77
3052, 85
3053, 88
3054, 87
3055, 87
3056, 108
3057, 114
3058, 86
3059, 81
3060, 87
3061, 81
3062, 86
3063, 98
3064, 104
3065, 98
3066, 67
3067, 84
3068, 81
3069, 81
3070, 25
3071, 102
3072, 81
3073, 83
3074, 7
3075, 17
3076, 2
3077, 1
3078, 36
3079, 63
3080, 61
3081, 61
3082, 71
3083, 1
3084, 44
3085, 2
3086, 41
3087, 45
3088, 41
3089, 41
3090, 48
3091, 48
3092, 69
3093, 75
3094, 69
3095, 74
3096, 48
3097, 85
3098, 47
3099, 46
3100, 80
3101, 39
3102, 49
3103, 54
3104, 39
3105, 39
3106, 36
3107, 45
3108, 44
3109, 47
3110, 40
3111, 46
3112, 47
3113, 45
3114, 49
3115, 18
3116, 3
3117, 1
3118, 25
3119, 1
3120, 4
3121, 25
3122, 2
3123, 9
3124, 9
3125, 22
3126, 24
3127, 12
3128, 1
3129, 59
3130, 31
3131, 7
3132, 29
3133, 28
3134, 7
3135, 39
3136, 24
3137, 1
3138, 25
3139, 1
3140, 35
3141, 25
3142, 49
3143, 6
3144, 43
3145, 7
3146, 24
3147, 10
3148, 6
3149, 17
3150, 3
3151, 30
3152, 30
3153, 10
3154, 33
3155, 31
3156, 10
3157, 27
3158, 26
3159, 10
3160, 34
3161, 32
3162, 10
3163, 37
3164, 31
3165, 10
3166, 11
3167, 18
3168, 10
3169, 11
3170, 18
3171, 10
3172, 11
3173, 21
3174, 10
3175, 11
3176, 24
3177, 10
3178, 11
3179, 22
3180, 10
3181, 1
3182, 37
3183, 11
3184, 10
3185, 11
3186, 21
3187, 10
3188, 11
3189, 42
3190, 10
3191, 11
3192, 42
3193, 27
3194, 67
3195, 19
3196, 10
3197, 11
3198, 22
3199, 10
3200, 11
3201, 22
3202, 10
3203, 11
3204, 11
3205, 22
3206, 10
3207, 11
3208, 19
3209, 10
3210, 11
3211, 16
3212, 10
3213, 11
3214, 33
3215, 10
3216, 11
3217, 23
3218, 10
3219, 11
3220, 15
3221, 10
3222, 11
3223, 26
3224, 10
3225, 11
3226, 30
3227, 10
3228, 11
3229, 22
3230, 10
3231, 11
3232, 19
3233, 10
3234, 11
3235, 41
3236, 1
3237, 19
3238, 29
3239, 56
3240, 1
3241, 10
3242, 25
3243, 11
3244, 32
3245, 10
3246, 11
3247, 30
3248, 10
3249, 11
3250, 36
3251, 10
3252, 7
3253, 11
3254, 29
3255, 10
3256, 10
3257, 22
3258, 10
3259, 3
3260, 6
3261, 1
3262, 19
3263, 49
3264, 1
3265, 35
3266, 45
3267, 13
3268, 1
3269, 23
3270, 28
3271, 52
3272, 1
3273, 15
3274, 1
3275, 29
3276, 6
3277, 53
3278, 57
3279, 26
3280, 56
3281, 49
3282, 32
3283, 39
3284, 33
3285, 6
3286, 1
3287, 23
3288, 34
3289, 1
3290, 66
3291, 70
3292, 69
3293, 28
3294, 33
3295, 1
3296, 27
3297, 29
3298, 1
3299, 16
3300, 33
3301, 1
3302, 22
3303, 6
3304, 21
3305, 24
3306, 34
3307, 16
3308, 6
3309, 1
3310, 18
3311, 1
3312, 16
3313, 21
3314, 1
3315, 16
3316, 6
3317, 52
3318, 15
3319, 1
3320, 41
3321, 38
3322, 3
3323, 22
3324, 15
3325, 3
3326, 55
3327, 23
3328, 6
3329, 1
3330, 18
3331, 21
3332, 1
3333, 25
3334, 26
3335, 31
3336, 7
3337, 1
3338, 12
3339, 2
3340, 1
3341, 66
3342, 66
3343, 67
3344, 20
3345, 1
3346, 14
3347, 74
3348, 2
3349, 17
3350, 13
3351, 1
3352, 33
3353, 24
3354, 30
3355, 32
3356, 7
3357, 10
3358, 24
3359, 1
3360, 47
3361, 1
3362, 33
3363, 6
3364, 17
3365, 1
3366, 35
3367, 30
3368, 59
3369, 7
3370, 11
3371, 1
3372, 19
3373, 3
3374, 27
3375, 38
3376, 15
3377, 16
3378, 3
3379, 6
3380, 1
3381, 26
3382, 37
3383, 1
3384, 14
3385, 2
3386, 1
3387, 57
3388, 62
3389, 62
3390, 36
3391, 1
3392, 67
3393, 66
3394, 1
3395, 58
3396, 54
3397, 1
3398, 37
3399, 23
3400, 8
3401, 1
3402, 69
3403, 60
3404, 1
3405, 69
3406, 56
3407, 1
3408, 56
3409, 1
3410, 47
3411, 1
3412, 14
3413, 36
3414, 2
3415, 13
3416, 27
3417, 1
3418, 15
3419, 16
3420, 45
3421, 6
3422, 22
3423, 12
3424, 11
3425, 69
3426, 32
3427, 7
3428, 15
3429, 3
3430, 15
3431, 16
3432, 3
3433, 6
3434, 1
3435, 14
3436, 1
3437, 20
3438, 6
3439, 60
3440, 75
3441, 78
3442, 6
3443, 1
3444, 36
3445, 6
3446, 68
3447, 35
3448, 79
3449, 6
3450, 1
3451, 19
3452, 6
3453, 42
3454, 33
3455, 6
3456, 1
3457, 14
3458, 2
3459, 1
3460, 25
3461, 27
3462, 2
3463, 33
3464, 29
3465, 2
3466, 13
3467, 1
3468, 27
3469, 1
3470, 12
3471, 43
3472, 2
3473, 21
3474, 1
3475, 18
3476, 1
3477, 28
3478, 21
3479, 1
3480, 28
3481, 65
3482, 25
3483, 28
3484, 2
3485, 1
3486, 39
3487, 41
3488, 41
3489, 1
3490, 12
3491, 30
3492, 2
3493, 21
3494, 19
3495, 1
3496, 74
3497, 76
3498, 18
3499, 1
3500, 29
3501, 38
3502, 1
3503, 38
3504, 57
3505, 1
3506, 28
3507, 6
3508, 50
3509, 40
3510, 1
3511, 23
3512, 6
3513, 1
3514, 38
3515, 50
3516, 1
3517, 32
3518, 43
3519, 1
3520, 33
3521, 1
3522, 26
3523, 1
3524, 75
3525, 52
3526, 29
3527, 1
3528, 38
3529, 40
3530, 1
3531, 39
3532, 50
3533, 39
3534, 50
3535, 37
3536, 50
3537, 1
3538, 15
3539, 40
3540, 1
3541, 20
3542, 6
3543, 42
3544, 1
3545, 28
3546, 37
3547, 6
3548, 1
3549, 77
3550, 29
3551, 1
3552, 26
3553, 1
3554, 84
3555, 29
3556, 1
3557, 43
3558, 1
3559, 30
3560, 57
3561, 1
3562, 36
3563, 50
3564, 36
3565, 50
3566, 39
3567, 51
3568, 1
3569, 33
3570, 1
3571, 26
3572, 1
3573, 25
3574, 32
3575, 1
3576, 24
3577, 32
3578, 2
3579, 31
