1, 64
2, 1
3, 3
4, 70
5, 70
6, 3
7, 70
8, 76
9, 77
10, 78
11, 74
12, 80
13, 75
14, 79
15, 76
16, 75
17, 73
18, 23
19, 74
20, 72
21, 57
22, 4
23, 1
24, 23
25, 24
26, 22
27, 1
28, 13
29, 16
30, 1
31, 20
32, 1
33, 24
34, 30
35, 1
36, 26
37, 23
38, 1
39, 32
40, 41
41, 1
42, 20
43, 20
44, 20
45, 20
46, 20
47, 1
48, 22
49, 1
50, 23
51, 17
52, 21
53, 17
54, 25
55, 13
56, 19
57, 24
58, 17
59, 1
60, 23
61, 22
62, 7
63, 1
64, 35
65, 1
66, 13
67, 24
68, 25
69, 1
70, 38
71, 68
72, 1
73, 10
74, 20
75, 33
76, 6
77, 18
78, 7
79, 1
80, 14
81, 12
82, 32
83, 2
84, 13
85, 1
86, 20
87, 23
88, 59
89, 16
90, 13
91, 22
92, 18
93, 2
94, 1
95, 32
96, 1
97, 28
98, 27
99, 1
100, 27
101, 1
102, 56
103, 39
104, 1
105, 58
106, 24
107, 29
108, 1
109, 3
110, 69
111, 63
112, 65
113, 63
114, 4
115, 19
116, 24
117, 15
118, 15
119, 10
120, 3
121, 1
122, 37
123, 22
124, 1
125, 30
126, 30
127, 46
128, 45
129, 38
130, 35
131, 1
132, 55
133, 51
134, 55
135, 58
136, 58
137, 69
138, 72
139, 61
140, 38
141, 46
142, 47
143, 40
144, 83
145, 13
146, 96
147, 7
148, 55
149, 55
150, 60
151, 61
152, 66
153, 67
154, 13
155, 80
156, 7
157, 14
158, 76
159, 7
160, 39
161, 51
162, 13
163, 52
164, 7
165, 41
166, 46
167, 13
168, 42
169, 47
170, 7
171, 44
172, 52
173, 47
174, 47
175, 47
176, 40
177, 1
178, 14
179, 12
180, 10
181, 2
182, 19
183, 14
184, 1
185, 40
186, 15
187, 1
188, 26
189, 23
190, 25
191, 20
192, 31
193, 26
194, 27
195, 21
196, 31
197, 1
198, 21
199, 16
200, 31
201, 3
202, 18
203, 46
204, 2
205, 1
206, 12
207, 13
208, 2
209, 8
210, 1
211, 16
212, 31
213, 29
214, 22
215, 23
216, 4
217, 2
218, 1
219, 3
220, 71
221, 4
222, 7
223, 8
224, 25
225, 2
226, 24
227, 25
228, 1
229, 20
230, 14
231, 2
232, 1
233, 31
234, 16
235, 11
236, 2
237, 18
238, 1
239, 43
240, 19
241, 14
242, 1
243, 11
244, 2
245, 1
246, 31
247, 15
248, 11
249, 2
250, 18
251, 1
252, 43
253, 19
254, 1
255, 11
256, 2
257, 1
258, 22
259, 14
260, 8
261, 2
262, 45
263, 1
264, 13
265, 11
266, 2
267, 1
268, 21
269, 9
270, 2
271, 49
272, 2
273, 1
274, 28
275, 20
276, 17
277, 1
278, 4
279, 53
280, 49
281, 2
282, 22
283, 10
284, 1
285, 18
286, 15
287, 14
288, 15
289, 24
290, 16
291, 15
292, 3
293, 1
294, 17
295, 29
296, 1
297, 27
298, 34
299, 21
300, 1
301, 15
302, 12
303, 1
304, 19
305, 30
306, 1
307, 33
308, 23
309, 22
310, 59
311, 48
312, 3
313, 49
314, 24
315, 1
316, 15
317, 13
318, 2
319, 1
320, 3
321, 56
322, 60
323, 4
324, 4
325, 55
326, 35
327, 49
328, 2
329, 22
330, 10
331, 1
332, 15
333, 14
334, 18
335, 24
336, 16
337, 15
338, 3
339, 1
340, 17
341, 1
342, 57
343, 24
344, 1
345, 27
346, 30
347, 21
348, 1
349, 15
350, 12
351, 1
352, 19
353, 34
354, 1
355, 17
356, 23
357, 22
358, 59
359, 48
360, 3
361, 49
362, 24
363, 1
364, 15
365, 13
366, 2
367, 1
368, 3
369, 71
370, 10
371, 4
372, 5
373, 43
374, 2
375, 22
376, 34
377, 35
378, 28
379, 3
380, 2
381, 1
382, 3
383, 76
384, 74
385, 74
386, 38
387, 4
388, 12
389, 24
390, 30
391, 2
392, 21
393, 1
394, 16
395, 22
396, 20
397, 22
398, 11
399, 20
400, 22
401, 4
402, 15
403, 3
404, 2
405, 1
406, 3
407, 69
408, 35
409, 4
410, 12
411, 14
412, 24
413, 2
414, 34
415, 1
416, 25
417, 12
418, 42
419, 1
420, 30
421, 10
422, 2
423, 1
424, 5
425, 16
426, 18
427, 2
428, 36
429, 23
430, 30
431, 17
432, 1
433, 43
434, 42
435, 35
436, 27
437, 20
438, 3
439, 1
440, 23
441, 22
442, 17
443, 3
444, 21
445, 20
446, 15
447, 3
448, 2
449, 1
450, 5
451, 16
452, 24
453, 2
454, 26
455, 25
456, 25
457, 16
458, 25
459, 22
460, 2
461, 1
462, 5
463, 15
464, 24
465, 2
466, 25
467, 26
468, 25
469, 16
470, 22
471, 2
472, 1
473, 5
474, 11
475, 18
476, 2
477, 23
478, 2
479, 1
480, 22
481, 25
482, 21
483, 14
484, 2
485, 18
486, 18
487, 1
488, 36
489, 18
490, 1
491, 30
492, 15
493, 13
494, 1
495, 11
496, 2
497, 1
498, 22
499, 28
500, 21
501, 14
502, 2
503, 18
504, 18
505, 1
506, 36
507, 18
508, 1
509, 30
510, 15
511, 13
512, 1
513, 11
514, 2
515, 1
516, 22
517, 32
518, 21
519, 14
520, 19
521, 2
522, 45
523, 18
524, 1
525, 27
526, 39
527, 17
528, 24
529, 3
530, 11
531, 2
532, 1
533, 62
534, 22
535, 35
536, 21
537, 14
538, 19
539, 2
540, 48
541, 18
542, 1
543, 27
544, 39
545, 17
546, 24
547, 3
548, 11
549, 2
550, 1
551, 22
552, 26
553, 30
554, 27
555, 2
556, 33
557, 1
558, 11
559, 21
560, 43
561, 42
562, 63
563, 1
564, 46
565, 17
566, 20
567, 11
568, 13
569, 3
570, 21
571, 43
572, 47
573, 1
574, 46
575, 17
576, 20
577, 11
578, 13
579, 3
580, 17
581, 49
582, 17
583, 20
584, 11
585, 3
586, 11
587, 2
588, 1
589, 3
590, 68
591, 69
592, 68
593, 4
594, 27
595, 21
596, 28
597, 1
598, 21
599, 1
600, 67
601, 22
602, 16
603, 2
604, 24
605, 1
606, 21
607, 22
608, 18
609, 50
610, 48
611, 42
612, 39
613, 15
614, 1
615, 42
616, 17
617, 20
618, 1
619, 42
620, 20
621, 20
622, 1
623, 25
624, 27
625, 22
626, 20
627, 1
628, 10
629, 11
630, 55
631, 17
632, 4
633, 1
634, 25
635, 18
636, 7
637, 26
638, 3
639, 1
640, 32
641, 18
642, 1
643, 11
644, 2
645, 1
646, 63
647, 22
648, 28
649, 21
650, 14
651, 2
652, 24
653, 18
654, 1
655, 20
656, 19
657, 39
658, 21
659, 19
660, 10
661, 37
662, 28
663, 3
664, 30
665, 15
666, 13
667, 1
668, 11
669, 2
670, 1
671, 12
672, 20
673, 11
674, 2
675, 18
676, 19
677, 25
678, 1
679, 17
680, 1
681, 18
682, 21
683, 15
684, 10
685, 1
686, 16
687, 5
688, 55
689, 44
690, 6
691, 21
692, 15
693, 10
694, 1
695, 22
696, 59
697, 21
698, 16
699, 15
700, 10
701, 1
702, 16
703, 20
704, 14
705, 10
706, 1
707, 15
708, 20
709, 14
710, 10
711, 1
712, 21
713, 5
714, 52
715, 32
716, 7
717, 20
718, 14
719, 10
720, 1
721, 21
722, 20
723, 15
724, 10
725, 1
726, 16
727, 5
728, 55
729, 55
730, 41
731, 6
732, 21
733, 20
734, 32
735, 7
736, 15
737, 20
738, 26
739, 7
740, 10
741, 1
742, 19
743, 21
744, 15
745, 10
746, 1
747, 22
748, 40
749, 15
750, 10
751, 1
752, 47
753, 49
754, 43
755, 10
756, 1
757, 23
758, 5
759, 33
760, 48
761, 6
762, 20
763, 14
764, 10
765, 1
766, 16
767, 21
768, 14
769, 10
770, 1
771, 15
772, 21
773, 15
774, 10
775, 1
776, 17
777, 20
778, 19
779, 14
780, 10
781, 1
782, 18
783, 21
784, 14
785, 10
786, 1
787, 15
788, 21
789, 14
790, 10
791, 3
792, 53
793, 18
794, 2
795, 1
796, 22
797, 19
798, 13
799, 2
800, 18
801, 18
802, 1
803, 31
804, 19
805, 30
806, 15
807, 1
808, 11
809, 2
810, 1
811, 31
812, 11
813, 2
814, 23
815, 2
816, 1
817, 31
818, 12
819, 2
820, 23
821, 2
822, 1
823, 22
824, 20
825, 21
826, 2
827, 24
828, 1
829, 72
830, 50
831, 21
832, 13
833, 65
834, 52
835, 21
836, 7
837, 1
838, 21
839, 1
840, 18
841, 27
842, 34
843, 51
844, 16
845, 60
846, 20
847, 14
848, 11
849, 34
850, 58
851, 4
852, 9
853, 1
854, 16
855, 22
856, 1
857, 15
858, 21
859, 29
860, 40
861, 13
862, 36
863, 21
864, 7
865, 9
866, 1
867, 21
868, 19
869, 1
870, 21
871, 46
872, 47
873, 19
874, 48
875, 19
876, 14
877, 1
878, 13
879, 23
880, 21
881, 21
882, 10
883, 19
884, 1
885, 21
886, 23
887, 10
888, 1
889, 24
890, 22
891, 10
892, 1
893, 21
894, 19
895, 10
896, 4
897, 9
898, 1
899, 16
900, 15
901, 16
902, 12
903, 29
904, 58
905, 13
906, 36
907, 59
908, 19
909, 7
910, 23
911, 9
912, 17
913, 29
914, 57
915, 29
916, 13
917, 36
918, 57
919, 30
920, 19
921, 7
922, 23
923, 9
924, 1
925, 3
926, 56
927, 2
928, 1
929, 22
930, 53
931, 19
932, 19
933, 17
934, 25
935, 2
936, 24
937, 15
938, 1
939, 16
940, 1
941, 13
942, 20
943, 9
944, 1
945, 13
946, 20
947, 9
948, 1
949, 13
950, 63
951, 63
952, 19
953, 13
954, 1
955, 12
956, 17
957, 63
958, 63
959, 18
960, 13
961, 1
962, 10
963, 56
964, 17
965, 3
966, 27
967, 57
968, 18
969, 12
970, 2
971, 1
972, 13
973, 22
974, 54
975, 24
976, 24
977, 17
978, 25
979, 2
980, 24
981, 15
982, 19
983, 1
984, 16
985, 1
986, 13
987, 20
988, 9
989, 1
990, 13
991, 20
992, 9
993, 1
994, 13
995, 64
996, 64
997, 19
998, 13
999, 1
1000, 12
1001, 17
1002, 64
1003, 64
1004, 18
1005, 13
1006, 1
1007, 10
1008, 56
1009, 17
1010, 3
1011, 31
1012, 24
1013, 24
1014, 65
1015, 64
1016, 18
1017, 64
1018, 18
1019, 64
1020, 18
1021, 27
1022, 18
1023, 12
1024, 2
1025, 17
1026, 1
1027, 22
1028, 24
1029, 31
1030, 19
1031, 2
1032, 24
1033, 1
1034, 16
1035, 13
1036, 32
1037, 1
1038, 13
1039, 32
1040, 1
1041, 13
1042, 34
1043, 34
1044, 19
1045, 13
1046, 1
1047, 17
1048, 12
1049, 34
1050, 34
1051, 18
1052, 13
1053, 10
1054, 56
1055, 17
1056, 3
1057, 18
1058, 2
1059, 1
1060, 3
1061, 38
1062, 4
1063, 22
1064, 24
1065, 31
1066, 19
1067, 2
1068, 24
1069, 1
1070, 16
1071, 13
1072, 20
1073, 51
1074, 6
1075, 36
1076, 7
1077, 1
1078, 13
1079, 20
1080, 51
1081, 6
1082, 36
1083, 7
1084, 1
1085, 13
1086, 34
1087, 34
1088, 19
1089, 13
1090, 1
1091, 17
1092, 12
1093, 34
1094, 34
1095, 18
1096, 13
1097, 10
1098, 56
1099, 17
1100, 3
1101, 18
1102, 2
1103, 1
1104, 3
1105, 71
1106, 75
1107, 74
1108, 75
1109, 33
1110, 3
1111, 9
1112, 3
1113, 72
1114, 72
1115, 36
1116, 3
1117, 68
1118, 72
1119, 71
1120, 64
1121, 4
1122, 22
1123, 34
1124, 19
1125, 10
1126, 17
1127, 2
1128, 35
1129, 58
1130, 59
1131, 1
1132, 16
1133, 1
1134, 13
1135, 37
1136, 49
1137, 9
1138, 1
1139, 13
1140, 46
1141, 65
1142, 9
1143, 1
1144, 13
1145, 61
1146, 44
1147, 44
1148, 19
1149, 13
1150, 1
1151, 12
1152, 17
1153, 61
1154, 44
1155, 44
1156, 18
1157, 13
1158, 1
1159, 10
1160, 56
1161, 17
1162, 3
1163, 34
1164, 43
1165, 40
1166, 62
1167, 47
1168, 37
1169, 19
1170, 43
1171, 74
1172, 75
1173, 19
1174, 17
1175, 44
1176, 40
1177, 62
1178, 47
1179, 37
1180, 19
1181, 17
1182, 44
1183, 74
1184, 75
1185, 19
1186, 17
1187, 1
1188, 38
1189, 18
1190, 12
1191, 2
1192, 1
1193, 22
1194, 33
1195, 19
1196, 19
1197, 12
1198, 10
1199, 2
1200, 24
1201, 1
1202, 18
1203, 1
1204, 17
1205, 40
1206, 41
1207, 18
1208, 42
1209, 18
1210, 13
1211, 1
1212, 12
1213, 51
1214, 15
1215, 1
1216, 14
1217, 55
1218, 15
1219, 1
1220, 13
1221, 52
1222, 15
1223, 1
1224, 13
1225, 47
1226, 1
1227, 13
1228, 47
1229, 1
1230, 14
1231, 48
1232, 1
1233, 14
1234, 48
1235, 1
1236, 14
1237, 48
1238, 1
1239, 13
1240, 47
1241, 1
1242, 13
1243, 47
1244, 1
1245, 15
1246, 53
1247, 1
1248, 16
1249, 37
1250, 1
1251, 13
1252, 51
1253, 1
1254, 13
1255, 51
1256, 1
1257, 15
1258, 53
1259, 1
1260, 15
1261, 53
1262, 1
1263, 13
1264, 14
1265, 50
1266, 1
1267, 16
1268, 49
1269, 19
1270, 1
1271, 12
1272, 46
1273, 1
1274, 13
1275, 47
1276, 1
1277, 10
1278, 56
1279, 17
1280, 3
1281, 18
1282, 2
1283, 1
1284, 13
1285, 22
1286, 34
1287, 24
1288, 24
1289, 12
1290, 10
1291, 2
1292, 18
1293, 1
1294, 17
1295, 45
1296, 1
1297, 12
1298, 50
1299, 1
1300, 14
1301, 52
1302, 1
1303, 13
1304, 51
1305, 1
1306, 13
1307, 47
1308, 1
1309, 13
1310, 47
1311, 1
1312, 14
1313, 48
1314, 1
1315, 14
1316, 48
1317, 1
1318, 14
1319, 48
1320, 1
1321, 13
1322, 47
1323, 1
1324, 13
1325, 47
1326, 1
1327, 15
1328, 53
1329, 1
1330, 16
1331, 54
1332, 1
1333, 13
1334, 51
1335, 1
1336, 13
1337, 51
1338, 1
1339, 15
1340, 53
1341, 1
1342, 15
1343, 53
1344, 1
1345, 14
1346, 54
1347, 15
1348, 1
1349, 16
1350, 49
1351, 1
1352, 12
1353, 46
1354, 1
1355, 13
1356, 47
1357, 1
1358, 10
1359, 11
1360, 3
1361, 18
1362, 2
1363, 17
1364, 1
1365, 14
1366, 22
1367, 38
1368, 22
1369, 22
1370, 12
1371, 10
1372, 2
1373, 30
1374, 1
1375, 15
1376, 47
1377, 1
1378, 18
1379, 17
1380, 12
1381, 13
1382, 14
1383, 30
1384, 34
1385, 33
1386, 34
1387, 7
1388, 14
1389, 56
1390, 1
1391, 53
1392, 19
1393, 55
1394, 20
1395, 13
1396, 4
1397, 15
1398, 19
1399, 13
1400, 3
1401, 45
1402, 18
1403, 2
1404, 17
1405, 1
1406, 15
1407, 24
1408, 12
1409, 2
1410, 31
1411, 1
1412, 18
1413, 1
1414, 13
1415, 48
1416, 13
1417, 50
1418, 18
1419, 7
1420, 9
1421, 1
1422, 13
1423, 48
1424, 13
1425, 50
1426, 18
1427, 7
1428, 9
1429, 1
1430, 14
1431, 49
1432, 9
1433, 1
1434, 21
1435, 23
1436, 7
1437, 1
1438, 14
1439, 49
1440, 9
1441, 1
1442, 21
1443, 23
1444, 7
1445, 14
1446, 49
1447, 9
1448, 1
1449, 20
1450, 24
1451, 7
1452, 1
1453, 13
1454, 48
1455, 13
1456, 50
1457, 18
1458, 7
1459, 9
1460, 1
1461, 12
1462, 36
1463, 9
1464, 1
1465, 13
1466, 37
1467, 9
1468, 1
1469, 14
1470, 40
1471, 9
1472, 1
1473, 14
1474, 52
1475, 1
1476, 15
1477, 39
1478, 9
1479, 1
1480, 16
1481, 36
1482, 9
1483, 1
1484, 13
1485, 37
1486, 9
1487, 1
1488, 13
1489, 37
1490, 9
1491, 1
1492, 15
1493, 39
1494, 9
1495, 1
1496, 15
1497, 39
1498, 9
1499, 1
1500, 13
1501, 35
1502, 9
1503, 1
1504, 13
1505, 14
1506, 37
1507, 9
1508, 1
1509, 23
1510, 26
1511, 7
1512, 16
1513, 53
1514, 9
1515, 19
1516, 1
1517, 19
1518, 22
1519, 7
1520, 12
1521, 47
1522, 13
1523, 49
1524, 18
1525, 7
1526, 9
1527, 1
1528, 20
1529, 23
1530, 7
1531, 13
1532, 48
1533, 13
1534, 50
1535, 18
1536, 7
1537, 9
1538, 1
1539, 10
1540, 11
1541, 3
1542, 12
1543, 2
1544, 1
1545, 22
1546, 13
1547, 2
1548, 24
1549, 18
1550, 1
1551, 19
1552, 20
1553, 19
1554, 40
1555, 16
1556, 19
1557, 10
1558, 38
1559, 23
1560, 3
1561, 31
1562, 18
1563, 15
1564, 13
1565, 1
1566, 11
1567, 2
1568, 1
1569, 69
1570, 72
1571, 31
1572, 3
1573, 22
1574, 16
1575, 2
1576, 24
1577, 1
1578, 36
1579, 20
1580, 24
1581, 21
1582, 20
1583, 1
1584, 20
1585, 41
1586, 17
1587, 20
1588, 1
1589, 22
1590, 42
1591, 20
1592, 20
1593, 1
1594, 20
1595, 42
1596, 17
1597, 20
1598, 1
1599, 52
1600, 48
1601, 4
1602, 27
1603, 27
1604, 27
1605, 24
1606, 20
1607, 1
1608, 26
1609, 4
1610, 33
1611, 21
1612, 1
1613, 10
1614, 39
1615, 19
1616, 3
1617, 1
1618, 11
1619, 2
1620, 1
1621, 22
1622, 21
1623, 10
1624, 14
1625, 2
1626, 24
1627, 18
1628, 1
1629, 18
1630, 1
1631, 39
1632, 59
1633, 18
1634, 1
1635, 30
1636, 15
1637, 13
1638, 1
1639, 11
1640, 2
1641, 1
1642, 13
1643, 22
1644, 22
1645, 10
1646, 14
1647, 2
1648, 40
1649, 2
1650, 16
1651, 1
1652, 15
1653, 29
1654, 23
1655, 2
1656, 30
1657, 1
1658, 24
1659, 47
1660, 20
1661, 19
1662, 1
1663, 16
1664, 13
1665, 41
1666, 9
1667, 1
1668, 13
1669, 41
1670, 9
1671, 1
1672, 12
1673, 17
1674, 42
1675, 41
1676, 19
1677, 9
1678, 1
1679, 13
1680, 42
1681, 41
1682, 20
1683, 9
1684, 1
1685, 10
1686, 11
1687, 3
1688, 18
1689, 1
1690, 12
1691, 2
1692, 1
1693, 22
1694, 30
1695, 11
1696, 15
1697, 10
1698, 2
1699, 30
1700, 1
1701, 22
1702, 35
1703, 1
1704, 21
1705, 19
1706, 19
1707, 40
1708, 9
1709, 1
1710, 19
1711, 44
1712, 43
1713, 19
1714, 9
1715, 1
1716, 10
1717, 11
1718, 3
1719, 18
1720, 12
1721, 2
1722, 1
1723, 13
1724, 15
1725, 30
1726, 23
1727, 2
1728, 30
1729, 1
1730, 24
1731, 46
1732, 1
1733, 16
1734, 13
1735, 42
1736, 9
1737, 1
1738, 13
1739, 42
1740, 9
1741, 1
1742, 12
1743, 17
1744, 43
1745, 42
1746, 19
1747, 9
1748, 1
1749, 13
1750, 43
1751, 42
1752, 20
1753, 9
1754, 1
1755, 10
1756, 11
1757, 3
1758, 18
1759, 1
1760, 12
1761, 2
1762, 1
1763, 22
1764, 31
1765, 11
1766, 15
1767, 10
1768, 2
1769, 30
1770, 1
1771, 22
1772, 37
1773, 1
1774, 21
1775, 19
1776, 19
1777, 41
1778, 9
1779, 1
1780, 19
1781, 45
1782, 44
1783, 19
1784, 9
1785, 1
1786, 10
1787, 11
1788, 3
1789, 18
1790, 12
1791, 2
1792, 19
1793, 1
1794, 11
1795, 26
1796, 28
1797, 21
1798, 2
1799, 17
1800, 1
1801, 18
1802, 1
1803, 17
1804, 12
1805, 30
1806, 24
1807, 45
1808, 9
1809, 1
1810, 14
1811, 63
1812, 31
1813, 26
1814, 29
1815, 25
1816, 49
1817, 4
1818, 9
1819, 1
1820, 10
1821, 19
1822, 9
1823, 3
1824, 11
1825, 2
1826, 1
1827, 22
1828, 30
1829, 8
1830, 12
1831, 10
1832, 2
1833, 23
1834, 23
1835, 29
1836, 26
1837, 13
1838, 25
1839, 25
1840, 1
1841, 26
1842, 32
1843, 1
1844, 20
1845, 65
1846, 17
1847, 3
1848, 1
1849, 18
1850, 12
1851, 14
1852, 9
1853, 17
1854, 37
1855, 38
1856, 17
1857, 12
1858, 10
1859, 54
1860, 17
1861, 3
1862, 1
1863, 69
1864, 1
1865, 4
1866, 65
1867, 71
1868, 59
1869, 5
1870, 8
1871, 31
1872, 6
1873, 1
1874, 18
1875, 12
1876, 35
1877, 1
1878, 21
1879, 41
1880, 26
1881, 7
1882, 27
1883, 42
1884, 22
1885, 7
1886, 9
1887, 14
1888, 37
1889, 1
1890, 24
1891, 41
1892, 26
1893, 7
1894, 35
1895, 36
1896, 18
1897, 7
1898, 9
1899, 10
1900, 52
1901, 17
1902, 3
1903, 1
1904, 55
1905, 12
1906, 41
1907, 16
1908, 31
1909, 45
1910, 11
1911, 6
1912, 1
1913, 39
1914, 41
1915, 30
1916, 44
1917, 27
1918, 23
1919, 11
1920, 6
1921, 1
1922, 24
1923, 36
1924, 1
1925, 15
1926, 49
1927, 42
1928, 31
1929, 45
1930, 31
1931, 24
1932, 7
1933, 49
1934, 59
1935, 31
1936, 45
1937, 31
1938, 7
1939, 49
1940, 59
1941, 31
1942, 45
1943, 31
1944, 7
1945, 70
1946, 59
1947, 31
1948, 31
1949, 32
1950, 12
1951, 13
1952, 7
1953, 1
1954, 19
1955, 17
1956, 1
1957, 5
1958, 15
1959, 19
1960, 29
1961, 6
1962, 14
1963, 37
1964, 7
1965, 22
1966, 27
1967, 20
1968, 7
1969, 15
1970, 42
1971, 17
1972, 7
1973, 14
1974, 37
1975, 7
1976, 32
1977, 41
1978, 22
1979, 7
1980, 22
1981, 27
1982, 20
1983, 7
1984, 22
1985, 36
1986, 20
1987, 7
1988, 31
1989, 41
1990, 22
1991, 7
1992, 15
1993, 42
1994, 17
1995, 7
1996, 15
1997, 42
1998, 17
1999, 7
2000, 15
2001, 37
2002, 7
2003, 22
2004, 35
2005, 20
2006, 7
2007, 1
2008, 56
2009, 35
2010, 29
2011, 25
2012, 7
2013, 1
2014, 14
2015, 37
2016, 30
2017, 10
2018, 12
2019, 42
2020, 17
2021, 24
2022, 7
2023, 3
2024, 1
2025, 16
2026, 14
2027, 62
2028, 41
2029, 30
2030, 30
2031, 25
2032, 11
2033, 30
2034, 11
2035, 6
2036, 1
2037, 4
2038, 14
2039, 18
2040, 28
2041, 5
2042, 13
2043, 53
2044, 6
2045, 21
2046, 26
2047, 19
2048, 6
2049, 14
2050, 41
2051, 16
2052, 6
2053, 13
2054, 36
2055, 6
2056, 31
2057, 40
2058, 21
2059, 6
2060, 21
2061, 26
2062, 19
2063, 6
2064, 21
2065, 35
2066, 19
2067, 6
2068, 30
2069, 40
2070, 21
2071, 6
2072, 14
2073, 41
2074, 16
2075, 6
2076, 14
2077, 41
2078, 16
2079, 6
2080, 14
2081, 36
2082, 6
2083, 21
2084, 34
2085, 19
2086, 6
2087, 1
2088, 55
2089, 34
2090, 28
2091, 6
2092, 1
2093, 16
2094, 10
2095, 41
2096, 16
2097, 25
2098, 25
2099, 25
2100, 6
2101, 1
2102, 4
2103, 21
2104, 5
2105, 10
2106, 31
2107, 25
2108, 26
2109, 1
2110, 4
2111, 21
2112, 5
2113, 30
2114, 46
2115, 13
2116, 1
2117, 17
2118, 17
2119, 1
2120, 17
2121, 11
2122, 2
2123, 1
2124, 22
2125, 25
2126, 8
2127, 12
2128, 10
2129, 2
2130, 24
2131, 1
2132, 23
2133, 45
2134, 1
2135, 18
2136, 17
2137, 13
2138, 32
2139, 34
2140, 18
2141, 13
2142, 6
2143, 18
2144, 7
2145, 12
2146, 35
2147, 20
2148, 43
2149, 6
2150, 32
2151, 7
2152, 19
2153, 13
2154, 1
2155, 13
2156, 58
2157, 19
2158, 1
2159, 14
2160, 59
2161, 19
2162, 1
2163, 15
2164, 55
2165, 19
2166, 1
2167, 16
2168, 56
2169, 19
2170, 1
2171, 13
2172, 58
2173, 19
2174, 1
2175, 13
2176, 58
2177, 19
2178, 1
2179, 15
2180, 60
2181, 19
2182, 1
2183, 15
2184, 60
2185, 19
2186, 1
2187, 14
2188, 26
2189, 1
2190, 13
2191, 37
2192, 19
2193, 1
2194, 13
2195, 37
2196, 19
2197, 1
2198, 14
2199, 38
2200, 19
2201, 1
2202, 14
2203, 38
2204, 19
2205, 1
2206, 14
2207, 38
2208, 19
2209, 1
2210, 13
2211, 37
2212, 19
2213, 1
2214, 13
2215, 37
2216, 19
2217, 1
2218, 13
2219, 14
2220, 37
2221, 20
2222, 43
2223, 6
2224, 34
2225, 7
2226, 19
2227, 13
2228, 1
2229, 16
2230, 39
2231, 19
2232, 1
2233, 12
2234, 36
2235, 1
2236, 13
2237, 36
2238, 1
2239, 10
2240, 11
2241, 19
2242, 3
2243, 18
2244, 2
2245, 1
2246, 15
2247, 19
2248, 28
2249, 16
2250, 2
2251, 22
2252, 18
2253, 13
2254, 16
2255, 25
2256, 14
2257, 22
2258, 6
2259, 14
2260, 26
2261, 28
2262, 30
2263, 26
2264, 17
2265, 24
2266, 23
2267, 1
2268, 19
2269, 1
2270, 13
2271, 35
2272, 17
2273, 44
2274, 65
2275, 21
2276, 45
2277, 15
2278, 15
2279, 4
2280, 43
2281, 1
2282, 17
2283, 14
2284, 25
2285, 23
2286, 1
2287, 20
2288, 38
2289, 23
2290, 16
2291, 43
2292, 36
2293, 1
2294, 18
2295, 38
2296, 23
2297, 16
2298, 42
2299, 36
2300, 1
2301, 24
2302, 30
2303, 38
2304, 23
2305, 16
2306, 44
2307, 1
2308, 42
2309, 1
2310, 12
2311, 15
2312, 56
2313, 11
2314, 5
2315, 34
2316, 55
2317, 6
2318, 55
2319, 55
2320, 7
2321, 46
2322, 11
2323, 14
2324, 34
2325, 40
2326, 42
2327, 19
2328, 50
2329, 19
2330, 53
2331, 20
2332, 42
2333, 26
2334, 20
2335, 13
2336, 5
2337, 13
2338, 6
2339, 44
2340, 43
2341, 20
2342, 42
2343, 19
2344, 29
2345, 52
2346, 19
2347, 22
2348, 5
2349, 47
2350, 30
2351, 18
2352, 27
2353, 16
2354, 1
2355, 34
2356, 20
2357, 49
2358, 32
2359, 12
2360, 19
2361, 26
2362, 16
2363, 1
2364, 36
2365, 20
2366, 39
2367, 31
2368, 12
2369, 6
2370, 11
2371, 21
2372, 13
2373, 5
2374, 23
2375, 20
2376, 43
2377, 29
2378, 10
2379, 41
2380, 5
2381, 13
2382, 17
2383, 4
2384, 1
2385, 14
2386, 62
2387, 45
2388, 54
2389, 41
2390, 24
2391, 34
2392, 41
2393, 8
2394, 31
2395, 30
2396, 4
2397, 24
2398, 34
2399, 41
2400, 8
2401, 31
2402, 30
2403, 4
2404, 14
2405, 42
2406, 6
2407, 7
2408, 19
2409, 39
2410, 47
2411, 12
2412, 7
2413, 19
2414, 1
2415, 17
2416, 14
2417, 36
2418, 21
2419, 46
2420, 1
2421, 33
2422, 39
2423, 41
2424, 48
2425, 6
2426, 62
2427, 17
2428, 1
2429, 15
2430, 42
2431, 23
2432, 45
2433, 7
2434, 44
2435, 1
2436, 20
2437, 42
2438, 23
2439, 50
2440, 7
2441, 44
2442, 1
2443, 1
2444, 15
2445, 12
2446, 19
2447, 3
2448, 10
2449, 18
2450, 2
2451, 1
2452, 15
2453, 30
2454, 31
2455, 23
2456, 16
2457, 2
2458, 26
2459, 19
2460, 1
2461, 30
2462, 28
2463, 18
2464, 1
2465, 19
2466, 31
2467, 29
2468, 19
2469, 21
2470, 55
2471, 16
2472, 10
2473, 33
2474, 20
2475, 43
2476, 36
2477, 21
2478, 50
2479, 21
2480, 3
2481, 1
2482, 19
2483, 1
2484, 13
2485, 41
2486, 1
2487, 10
2488, 46
2489, 19
2490, 3
2491, 2
2492, 1
2493, 15
2494, 19
2495, 25
2496, 16
2497, 16
2498, 2
2499, 19
2500, 22
2501, 18
2502, 20
2503, 1
2504, 16
2505, 13
2506, 31
2507, 30
2508, 6
2509, 30
2510, 1
2511, 19
2512, 1
2513, 17
2514, 14
2515, 13
2516, 25
2517, 38
2518, 30
2519, 44
2520, 11
2521, 22
2522, 39
2523, 35
2524, 41
2525, 14
2526, 17
2527, 6
2528, 12
2529, 31
2530, 21
2531, 24
2532, 5
2533, 41
2534, 4
2535, 1
2536, 14
2537, 22
2538, 24
2539, 27
2540, 24
2541, 31
2542, 24
2543, 7
2544, 45
2545, 1
2546, 14
2547, 39
2548, 6
2549, 7
2550, 19
2551, 36
2552, 44
2553, 12
2554, 7
2555, 19
2556, 1
2557, 17
2558, 42
2559, 19
2560, 1
2561, 15
2562, 40
2563, 1
2564, 20
2565, 45
2566, 1
2567, 15
2568, 12
2569, 19
2570, 1
2571, 10
2572, 11
2573, 19
2574, 3
2575, 18
2576, 2
2577, 1
2578, 13
2579, 15
2580, 31
2581, 31
2582, 23
2583, 16
2584, 2
2585, 23
2586, 24
2587, 23
2588, 18
2589, 19
2590, 1
2591, 9
2592, 41
2593, 1
2594, 32
2595, 11
2596, 43
2597, 19
2598, 52
2599, 59
2600, 1
2601, 33
2602, 76
2603, 33
2604, 35
2605, 20
2606, 30
2607, 39
2608, 3
2609, 1
2610, 24
2611, 25
2612, 38
2613, 41
2614, 63
2615, 3
2616, 1
2617, 19
2618, 1
2619, 17
2620, 14
2621, 22
2622, 47
2623, 20
2624, 1
2625, 13
2626, 46
2627, 21
2628, 12
2629, 1
2630, 10
2631, 55
2632, 19
2633, 3
2634, 2
2635, 17
2636, 1
2637, 15
2638, 20
2639, 31
2640, 16
2641, 2
2642, 71
2643, 30
2644, 42
2645, 28
2646, 42
2647, 36
2648, 40
2649, 48
2650, 3
2651, 61
2652, 18
2653, 2
2654, 1
2655, 5
2656, 16
2657, 24
2658, 2
2659, 4
2660, 60
2661, 32
2662, 5
2663, 18
2664, 17
2665, 16
2666, 2
2667, 1
2668, 22
2669, 13
2670, 17
2671, 2
2672, 18
2673, 1
2674, 32
2675, 20
2676, 11
2677, 2
2678, 1
2679, 22
2680, 13
2681, 17
2682, 2
2683, 18
2684, 1
2685, 31
2686, 20
2687, 11
2688, 2
2689, 1
2690, 14
2691, 29
2692, 12
2693, 21
2694, 11
2695, 2
2696, 24
2697, 18
2698, 26
2699, 1
2700, 25
2701, 17
2702, 1
2703, 10
2704, 45
2705, 1
2706, 9
2707, 16
2708, 9
2709, 1
2710, 9
2711, 16
2712, 9
2713, 1
2714, 9
2715, 16
2716, 9
2717, 3
2718, 18
2719, 10
2720, 44
2721, 1
2722, 14
2723, 24
2724, 39
2725, 19
2726, 24
2727, 9
2728, 1
2729, 12
2730, 13
2731, 14
2732, 15
2733, 16
2734, 13
2735, 13
2736, 15
2737, 15
2738, 13
2739, 14
2740, 7
2741, 58
2742, 21
2743, 20
2744, 33
2745, 48
2746, 43
2747, 11
2748, 25
2749, 4
2750, 39
2751, 55
2752, 19
2753, 24
2754, 1
2755, 31
2756, 16
2757, 25
2758, 16
2759, 9
2760, 1
2761, 13
2762, 13
2763, 14
2764, 14
2765, 14
2766, 13
2767, 19
2768, 32
2769, 47
2770, 42
2771, 51
2772, 54
2773, 24
2774, 1
2775, 54
2776, 16
2777, 25
2778, 13
2779, 38
2780, 7
2781, 16
2782, 9
2783, 13
2784, 16
2785, 71
2786, 17
2787, 7
2788, 3
2789, 23
2790, 23
2791, 17
2792, 23
2793, 1
2794, 15
2795, 2
2796, 1
2797, 15
2798, 37
2799, 11
2800, 23
2801, 15
2802, 2
2803, 29
2804, 24
2805, 1
2806, 21
2807, 21
2808, 39
2809, 27
2810, 43
2811, 24
2812, 23
2813, 3
2814, 15
2815, 14
2816, 1
2817, 18
2818, 18
2819, 21
2820, 24
2821, 1
2822, 19
2823, 1
2824, 22
2825, 22
2826, 1
2827, 38
2828, 14
2829, 15
2830, 32
2831, 4
2832, 7
2833, 16
2834, 8
2835, 15
2836, 1
2837, 10
2838, 19
2839, 1
2840, 11
2841, 2
2842, 1
2843, 14
2844, 14
2845, 2
2846, 26
2847, 55
2848, 18
2849, 1
2850, 31
2851, 29
2852, 23
2853, 11
2854, 19
2855, 1
2856, 11
2857, 2
2858, 1
2859, 14
2860, 15
2861, 10
2862, 2
2863, 17
2864, 18
2865, 10
2866, 1
2867, 42
2868, 1
2869, 20
2870, 1
2871, 31
2872, 15
2873, 29
2874, 21
2875, 11
2876, 17
2877, 1
2878, 11
2879, 2
2880, 1
2881, 14
2882, 11
2883, 17
2884, 2
2885, 18
2886, 1
2887, 19
2888, 19
2889, 32
2890, 13
2891, 19
2892, 23
2893, 20
2894, 19
2895, 1
2896, 11
2897, 2
2898, 1
2899, 14
2900, 23
2901, 11
2902, 23
2903, 2
2904, 29
2905, 1
2906, 21
2907, 21
2908, 36
2909, 1
2910, 18
2911, 18
2912, 21
2913, 24
2914, 1
2915, 22
2916, 1
2917, 24
2918, 36
2919, 21
2920, 1
2921, 12
2922, 2
2923, 1
2924, 3
2925, 62
2926, 59
2927, 4
2928, 34
2929, 19
2930, 1
2931, 3
2932, 34
2933, 4
2934, 11
2935, 12
2936, 2
2937, 23
2938, 1
2939, 20
2940, 23
2941, 41
2942, 9
2943, 24
2944, 18
2945, 4
2946, 3
2947, 64
2948, 18
2949, 2
2950, 1
2951, 3
2952, 44
2953, 18
2954, 4
2955, 12
2956, 12
2957, 8
2958, 2
2959, 17
2960, 2
2961, 1
2962, 22
2963, 16
2964, 13
2965, 2
2966, 18
2967, 18
2968, 1
2969, 31
2970, 26
2971, 15
2972, 13
2973, 1
2974, 11
2975, 2
2976, 1
2977, 15
2978, 15
2979, 8
2980, 2
2981, 29
2982, 2
2983, 1
2984, 15
2985, 12
2986, 8
2987, 2
2988, 18
2989, 1
2990, 26
2991, 13
2992, 1
2993, 11
2994, 2
2995, 1
2996, 15
2997, 25
2998, 19
2999, 2
3000, 18
3001, 18
3002, 1
3003, 15
3004, 10
3005, 11
3006, 1
3007, 11
3008, 53
3009, 1
3010, 11
3011, 50
3012, 28
3013, 14
3014, 12
3015, 1
3016, 11
3017, 50
3018, 28
3019, 12
3020, 1
3021, 11
3022, 38
3023, 9
3024, 1
3025, 11
3026, 39
3027, 9
3028, 3
3029, 15
3030, 30
3031, 15
3032, 13
3033, 1
3034, 11
3035, 2
3036, 1
3037, 15
3038, 21
3039, 12
3040, 2
3041, 23
3042, 29
3043, 70
3044, 1
3045, 18
3046, 1
3047, 17
3048, 14
3049, 30
3050, 42
3051, 28
3052, 42
3053, 36
3054, 40
3055, 48
3056, 37
3057, 9
3058, 1
3059, 12
3060, 35
3061, 23
3062, 55
3063, 30
3064, 48
3065, 18
3066, 19
3067, 13
3068, 3
3069, 57
3070, 2
3071, 1
3072, 15
3073, 21
3074, 12
3075, 2
3076, 33
3077, 27
3078, 1
3079, 18
3080, 1
3081, 17
3082, 14
3083, 32
3084, 27
3085, 39
3086, 15
3087, 34
3088, 16
3089, 18
3090, 14
3091, 4
3092, 1
3093, 30
3094, 52
3095, 26
3096, 39
3097, 15
3098, 34
3099, 16
3100, 18
3101, 14
3102, 4
3103, 45
3104, 9
3105, 1
3106, 12
3107, 35
3108, 46
3109, 29
3110, 19
3111, 13
3112, 1
3113, 13
3114, 14
3115, 37
3116, 46
3117, 19
3118, 13
3119, 19
3120, 3
3121, 68
3122, 2
3123, 1
3124, 3
3125, 63
3126, 61
3127, 27
3128, 4
3129, 15
3130, 17
3131, 10
3132, 2
3133, 28
3134, 1
3135, 4
3136, 56
3137, 33
3138, 5
3139, 21
3140, 16
3141, 15
3142, 29
3143, 41
3144, 20
3145, 12
3146, 9
3147, 1
3148, 17
3149, 54
3150, 49
3151, 9
3152, 1
3153, 10
3154, 63
3155, 17
3156, 19
3157, 3
3158, 1
3159, 14
3160, 2
3161, 1
3162, 1
3163, 40
3164, 15
3165, 28
3166, 2
3167, 19
3168, 17
3169, 1
3170, 30
3171, 48
3172, 43
3173, 10
3174, 64
3175, 19
3176, 3
3177, 30
3178, 64
3179, 16
3180, 19
3181, 3
3182, 45
3183, 14
3184, 2
3185, 1
3186, 1
3187, 35
3188, 15
3189, 30
3190, 2
3191, 19
3192, 1
3193, 30
3194, 65
3195, 19
3196, 3
3197, 67
3198, 56
3199, 52
3200, 19
3201, 3
3202, 51
3203, 32
3204, 14
3205, 2
3206, 1
3207, 1
3208, 34
3209, 15
3210, 20
3211, 2
3212, 19
3213, 1
3214, 30
3215, 57
3216, 21
3217, 10
3218, 61
3219, 19
3220, 3
3221, 1
3222, 14
3223, 2
3224, 1
3225, 1
3226, 38
3227, 15
3228, 22
3229, 2
3230, 19
3231, 1
3232, 30
3233, 62
3234, 19
3235, 3
3236, 1
3237, 59
3238, 23
3239, 14
3240, 2
3241, 1
3242, 34
3243, 15
3244, 26
3245, 2
3246, 19
3247, 1
3248, 30
3249, 57
3250, 26
3251, 10
3252, 64
3253, 19
3254, 3
3255, 1
3256, 14
3257, 2
3258, 1
3259, 29
3260, 15
3261, 26
3262, 2
3263, 19
3264, 1
3265, 30
3266, 57
3267, 26
3268, 10
3269, 64
3270, 19
3271, 3
3272, 1
3273, 14
3274, 2
3275, 1
3276, 34
3277, 15
3278, 36
3279, 2
3280, 19
3281, 15
3282, 1
3283, 37
3284, 42
3285, 51
3286, 17
3287, 19
3288, 3
3289, 60
3290, 39
3291, 39
3292, 1
3293, 67
3294, 1
3295, 14
3296, 2
3297, 1
3298, 22
3299, 24
3300, 31
3301, 19
3302, 2
3303, 33
3304, 1
3305, 16
3306, 48
3307, 13
3308, 32
3309, 1
3310, 13
3311, 32
3312, 1
3313, 13
3314, 34
3315, 34
3316, 19
3317, 13
3318, 1
3319, 17
3320, 12
3321, 34
3322, 34
3323, 18
3324, 13
3325, 3
3326, 10
3327, 18
3328, 2
3329, 1
3330, 15
3331, 20
3332, 31
3333, 16
3334, 2
3335, 71
3336, 30
3337, 42
3338, 3
3339, 57
3340, 18
3341, 2
3342, 1
3343, 3
3344, 48
3345, 4
3346, 15
3347, 19
3348, 15
3349, 2
3350, 19
3351, 1
3352, 20
3353, 55
3354, 17
3355, 3
3356, 1
3357, 4
3358, 67
3359, 52
3360, 5
3361, 29
3362, 59
3363, 20
3364, 34
3365, 1
3366, 22
3367, 1
3368, 19
3369, 22
3370, 23
3371, 16
3372, 10
3373, 1
3374, 11
3375, 54
3376, 17
3377, 18
3378, 4
3379, 3
3380, 1
3381, 22
3382, 65
3383, 1
3384, 54
3385, 22
3386, 20
3387, 1
3388, 53
3389, 19
3390, 11
3391, 3
3392, 1
3393, 14
3394, 2
3395, 1
3396, 15
3397, 28
3398, 2
3399, 19
3400, 15
3401, 1
3402, 37
3403, 42
3404, 62
3405, 17
3406, 19
3407, 3
3408, 60
3409, 39
3410, 39
3411, 1
3412, 48
3413, 43
3414, 1
3415, 14
3416, 2
3417, 1
3418, 22
3419, 49
3420, 2
3421, 39
3422, 19
3423, 1
3424, 39
3425, 38
3426, 1
3427, 16
3428, 13
3429, 56
3430, 56
3431, 15
3432, 56
3433, 56
3434, 15
3435, 58
3436, 56
3437, 15
3438, 58
3439, 62
3440, 15
3441, 58
3442, 62
3443, 15
3444, 1
3445, 18
3446, 18
3447, 18
3448, 18
3449, 15
3450, 1
3451, 13
3452, 56
3453, 56
3454, 15
3455, 56
3456, 56
3457, 15
3458, 58
3459, 56
3460, 15
3461, 58
3462, 62
3463, 15
3464, 58
3465, 62
3466, 15
3467, 1
3468, 18
3469, 18
3470, 18
3471, 18
3472, 15
3473, 1
3474, 15
3475, 28
3476, 46
3477, 46
3478, 1
3479, 15
3480, 28
3481, 46
3482, 46
3483, 1
3484, 15
3485, 28
3486, 46
3487, 46
3488, 1
3489, 15
3490, 61
3491, 62
3492, 16
3493, 1
3494, 13
3495, 41
3496, 41
3497, 19
3498, 15
3499, 1
3500, 17
3501, 12
3502, 43
3503, 43
3504, 43
3505, 43
3506, 18
3507, 18
3508, 18
3509, 15
3510, 1
3511, 10
3512, 56
3513, 17
3514, 3
3515, 18
3516, 2
3517, 1
3518, 22
3519, 63
3520, 2
3521, 24
3522, 1
3523, 73
3524, 52
3525, 18
3526, 1
3527, 14
3528, 2
