1, 65
2, 1
3, 3
4, 65
5, 3
6, 73
7, 74
8, 69
9, 3
10, 76
11, 68
12, 75
13, 74
14, 73
15, 75
16, 66
17, 4
18, 1
19, 23
20, 24
21, 22
22, 26
23, 1
24, 19
25, 21
26, 17
27, 18
28, 20
29, 19
30, 20
31, 20
32, 20
33, 1
34, 18
35, 17
36, 17
37, 21
38, 1
39, 25
40, 27
41, 31
42, 26
43, 1
44, 25
45, 52
46, 51
47, 42
48, 65
49, 38
50, 66
51, 18
52, 61
53, 46
54, 62
55, 65
56, 56
57, 29
58, 61
59, 28
60, 69
61, 20
62, 70
63, 20
64, 67
65, 20
66, 62
67, 27
68, 47
69, 58
70, 44
71, 66
72, 62
73, 1
74, 67
75, 13
76, 40
77, 39
78, 62
79, 39
80, 52
81, 59
82, 62
83, 24
84, 51
85, 30
86, 1
87, 65
88, 30
89, 57
90, 56
91, 65
92, 55
93, 38
94, 43
95, 1
96, 29
97, 28
98, 63
99, 60
100, 38
101, 48
102, 29
103, 48
104, 40
105, 51
106, 39
107, 51
108, 1
109, 50
110, 53
111, 56
112, 1
113, 27
114, 53
115, 1
116, 37
117, 34
118, 22
119, 32
120, 28
121, 47
122, 46
123, 26
124, 30
125, 28
126, 29
127, 1
128, 22
129, 29
130, 34
131, 19
132, 3
133, 1
134, 21
135, 18
136, 28
137, 32
138, 3
139, 1
140, 69
141, 19
142, 1
143, 5
144, 21
145, 2
146, 16
147, 14
148, 15
149, 16
150, 9
151, 3
152, 2
153, 1
154, 29
155, 31
156, 30
157, 32
158, 1
159, 6
160, 80
161, 15
162, 2
163, 15
164, 21
165, 29
166, 35
167, 15
168, 30
169, 17
170, 17
171, 1
172, 25
173, 10
174, 24
175, 9
176, 9
177, 10
178, 16
179, 3
180, 1
181, 41
182, 21
183, 1
184, 31
185, 19
186, 23
187, 25
188, 1
189, 40
190, 26
191, 1
192, 34
193, 54
194, 52
195, 34
196, 1
197, 31
198, 30
199, 27
200, 26
201, 27
202, 27
203, 1
204, 21
205, 24
206, 21
207, 21
208, 21
209, 1
210, 37
211, 59
212, 63
213, 59
214, 15
215, 34
216, 41
217, 36
218, 1
219, 12
220, 26
221, 28
222, 26
223, 32
224, 26
225, 1
226, 52
227, 24
228, 15
229, 24
230, 54
231, 25
232, 15
233, 27
234, 61
235, 15
236, 42
237, 1
238, 25
239, 49
240, 52
241, 51
242, 25
243, 50
244, 47
245, 22
246, 23
247, 5
248, 15
249, 44
250, 4
251, 20
252, 48
253, 41
254, 38
255, 31
256, 41
257, 1
258, 42
259, 41
260, 29
261, 44
262, 1
263, 50
264, 45
265, 33
266, 48
267, 31
268, 16
269, 1
270, 22
271, 64
272, 35
273, 32
274, 35
275, 29
276, 9
277, 53
278, 30
279, 39
280, 30
281, 16
282, 19
283, 5
284, 4
285, 1
286, 37
287, 23
288, 25
289, 13
290, 4
291, 1
292, 48
293, 27
294, 60
295, 31
296, 1
297, 43
298, 40
299, 1
300, 51
301, 25
302, 58
303, 31
304, 1
305, 46
306, 39
307, 1
308, 55
309, 29
310, 45
311, 24
312, 31
313, 1
314, 50
315, 43
316, 1
317, 57
318, 33
319, 41
320, 33
321, 27
322, 34
323, 4
324, 1
325, 29
326, 46
327, 34
328, 34
329, 22
330, 3
331, 1
332, 65
333, 12
334, 18
335, 1
336, 50
337, 33
338, 28
339, 37
340, 28
341, 14
342, 3
343, 1
344, 28
345, 16
346, 32
347, 20
348, 30
349, 18
350, 1
351, 44
352, 11
353, 2
354, 1
355, 45
356, 50
357, 1
358, 5
359, 48
360, 2
361, 21
362, 18
363, 28
364, 25
365, 27
366, 34
367, 25
368, 25
369, 23
370, 22
371, 20
372, 15
373, 17
374, 18
375, 17
376, 1
377, 34
378, 55
379, 37
380, 52
381, 1
382, 12
383, 41
384, 56
385, 14
386, 10
387, 1
388, 27
389, 20
390, 31
391, 10
392, 25
393, 57
394, 49
395, 45
396, 38
397, 10
398, 24
399, 55
400, 49
401, 41
402, 35
403, 10
404, 26
405, 31
406, 10
407, 27
408, 57
409, 47
410, 11
411, 5
412, 41
413, 23
414, 43
415, 37
416, 10
417, 27
418, 57
419, 47
420, 11
421, 5
422, 41
423, 23
424, 43
425, 53
426, 50
427, 26
428, 11
429, 5
430, 26
431, 10
432, 31
433, 57
434, 47
435, 11
436, 5
437, 41
438, 23
439, 47
440, 53
441, 50
442, 26
443, 11
444, 5
445, 29
446, 27
447, 10
448, 21
449, 57
450, 47
451, 11
452, 5
453, 41
454, 23
455, 37
456, 36
457, 10
458, 25
459, 42
460, 40
461, 47
462, 11
463, 5
464, 53
465, 35
466, 37
467, 10
468, 28
469, 41
470, 38
471, 47
472, 42
473, 11
474, 5
475, 23
476, 42
477, 41
478, 53
479, 27
480, 49
481, 42
482, 11
483, 5
484, 21
485, 32
486, 23
487, 29
488, 27
489, 29
490, 53
491, 53
492, 24
493, 10
494, 26
495, 43
496, 47
497, 11
498, 5
499, 31
500, 42
501, 24
502, 50
503, 43
504, 22
505, 19
506, 42
507, 11
508, 5
509, 10
510, 26
511, 43
512, 47
513, 11
514, 5
515, 23
516, 35
517, 18
518, 34
519, 18
520, 32
521, 11
522, 19
523, 35
524, 18
525, 32
526, 11
527, 11
528, 39
529, 11
530, 12
531, 8
532, 44
533, 11
534, 5
535, 10
536, 28
537, 42
538, 40
539, 47
540, 11
541, 5
542, 53
543, 35
544, 34
545, 10
546, 27
547, 43
548, 47
549, 11
550, 5
551, 46
552, 23
553, 10
554, 24
555, 42
556, 36
557, 47
558, 11
559, 5
560, 30
561, 31
562, 39
563, 11
564, 5
565, 56
566, 17
567, 52
568, 45
569, 1
570, 40
571, 42
572, 18
573, 5
574, 10
575, 30
576, 26
577, 29
578, 36
579, 33
580, 57
581, 47
582, 11
583, 5
584, 41
585, 56
586, 10
587, 31
588, 42
589, 30
590, 47
591, 11
592, 5
593, 47
594, 31
595, 23
596, 43
597, 33
598, 34
599, 35
600, 36
601, 30
602, 31
603, 33
604, 34
605, 35
606, 36
607, 30
608, 31
609, 5
610, 56
611, 51
612, 10
613, 21
614, 60
615, 21
616, 10
617, 30
618, 55
619, 51
620, 10
621, 29
622, 31
623, 49
624, 25
625, 10
626, 11
627, 10
628, 4
629, 20
630, 3
631, 2
632, 1
633, 5
634, 47
635, 2
636, 28
637, 21
638, 20
639, 22
640, 25
641, 24
642, 23
643, 22
644, 15
645, 18
646, 1
647, 34
648, 54
649, 37
650, 51
651, 1
652, 12
653, 41
654, 55
655, 14
656, 10
657, 1
658, 27
659, 25
660, 42
661, 40
662, 47
663, 11
664, 5
665, 53
666, 35
667, 36
668, 10
669, 26
670, 22
671, 31
672, 10
673, 28
674, 42
675, 40
676, 47
677, 11
678, 5
679, 53
680, 35
681, 34
682, 10
683, 25
684, 42
685, 35
686, 40
687, 28
688, 58
689, 30
690, 17
691, 30
692, 56
693, 27
694, 17
695, 29
696, 55
697, 13
698, 17
699, 57
700, 42
701, 33
702, 12
703, 37
704, 5
705, 10
706, 24
707, 42
708, 31
709, 39
710, 39
711, 28
712, 26
713, 45
714, 49
715, 45
716, 38
717, 34
718, 7
719, 49
720, 50
721, 52
722, 13
723, 8
724, 35
725, 31
726, 26
727, 45
728, 35
729, 10
730, 35
731, 10
732, 27
733, 42
734, 35
735, 42
736, 57
737, 17
738, 53
739, 24
740, 59
741, 49
742, 43
743, 23
744, 13
745, 11
746, 5
747, 25
748, 27
749, 43
750, 22
751, 20
752, 38
753, 21
754, 19
755, 21
756, 44
757, 6
758, 37
759, 10
760, 48
761, 10
762, 28
763, 42
764, 31
765, 43
766, 54
767, 17
768, 50
769, 28
770, 28
771, 47
772, 10
773, 35
774, 21
775, 43
776, 50
777, 11
778, 5
779, 29
780, 10
781, 35
782, 21
783, 43
784, 50
785, 11
786, 5
787, 29
788, 10
789, 33
790, 22
791, 10
792, 25
793, 22
794, 50
795, 22
796, 1
797, 22
798, 10
799, 28
800, 30
801, 10
802, 24
803, 41
804, 34
805, 40
806, 29
807, 43
808, 39
809, 11
810, 5
811, 56
812, 17
813, 52
814, 44
815, 1
816, 40
817, 42
818, 18
819, 5
820, 10
821, 22
822, 24
823, 41
824, 29
825, 33
826, 11
827, 5
828, 43
829, 29
830, 53
831, 35
832, 43
833, 41
834, 41
835, 47
836, 10
837, 15
838, 10
839, 23
840, 53
841, 10
842, 11
843, 10
844, 4
845, 20
846, 3
847, 2
848, 1
849, 54
850, 4
851, 39
852, 2
853, 27
854, 22
855, 25
856, 32
857, 27
858, 29
859, 30
860, 28
861, 27
862, 23
863, 43
864, 18
865, 1
866, 36
867, 53
868, 15
869, 29
870, 55
871, 1
872, 17
873, 1
874, 45
875, 63
876, 15
877, 3
878, 1
879, 21
880, 29
881, 9
882, 65
883, 63
884, 15
885, 3
886, 1
887, 21
888, 21
889, 34
890, 9
891, 21
892, 64
893, 63
894, 15
895, 3
896, 1
897, 12
898, 74
899, 27
900, 1
901, 72
902, 30
903, 20
904, 20
905, 48
906, 19
907, 15
908, 13
909, 15
910, 4
911, 1
912, 51
913, 56
914, 20
915, 60
916, 36
917, 14
918, 4
919, 1
920, 32
921, 1
922, 39
923, 36
924, 48
925, 39
926, 38
927, 48
928, 25
929, 49
930, 56
931, 18
932, 18
933, 5
934, 4
935, 1
936, 28
937, 3
938, 1
939, 17
940, 22
941, 9
942, 23
943, 19
944, 52
945, 28
946, 6
947, 52
948, 56
949, 7
950, 55
951, 53
952, 17
953, 14
954, 4
955, 24
956, 55
957, 53
958, 17
959, 14
960, 4
961, 1
962, 12
963, 14
964, 1
965, 38
966, 31
967, 56
968, 53
969, 17
970, 14
971, 4
972, 1
973, 49
974, 3
975, 1
976, 26
977, 48
978, 23
979, 57
980, 36
981, 35
982, 16
983, 4
984, 28
985, 20
986, 34
987, 4
988, 14
989, 3
990, 1
991, 45
992, 29
993, 21
994, 27
995, 24
996, 12
997, 14
998, 20
999, 17
1000, 11
1001, 1
1002, 40
1003, 31
1004, 41
1005, 53
1006, 17
1007, 14
1008, 4
1009, 1
1010, 33
1011, 31
1012, 51
1013, 53
1014, 17
1015, 14
1016, 4
1017, 1
1018, 62
1019, 20
1020, 29
1021, 4
1022, 1
1023, 17
1024, 18
1025, 23
1026, 50
1027, 39
1028, 33
1029, 38
1030, 38
1031, 26
1032, 40
1033, 16
1034, 6
1035, 27
1036, 33
1037, 38
1038, 38
1039, 26
1040, 40
1041, 16
1042, 6
1043, 1
1044, 16
1045, 18
1046, 1
1047, 51
1048, 5
1049, 10
1050, 21
1051, 23
1052, 47
1053, 39
1054, 33
1055, 39
1056, 38
1057, 26
1058, 40
1059, 16
1060, 6
1061, 26
1062, 33
1063, 39
1064, 38
1065, 26
1066, 40
1067, 16
1068, 6
1069, 1
1070, 16
1071, 18
1072, 1
1073, 51
1074, 5
1075, 10
1076, 11
1077, 54
1078, 10
1079, 4
1080, 1
1081, 48
1082, 14
1083, 14
1084, 4
1085, 3
1086, 1
1087, 33
1088, 24
1089, 1
1090, 71
1091, 65
1092, 29
1093, 1
1094, 25
1095, 24
1096, 57
1097, 28
1098, 51
1099, 53
1100, 17
1101, 14
1102, 4
1103, 24
1104, 51
1105, 53
1106, 17
1107, 14
1108, 4
1109, 1
1110, 12
1111, 19
1112, 1
1113, 38
1114, 31
1115, 54
1116, 53
1117, 17
1118, 14
1119, 4
1120, 1
1121, 52
1122, 1
1123, 27
1124, 31
1125, 51
1126, 56
1127, 57
1128, 17
1129, 14
1130, 4
1131, 1
1132, 3
1133, 1
1134, 38
1135, 27
1136, 19
1137, 25
1138, 24
1139, 12
1140, 14
1141, 20
1142, 17
1143, 11
1144, 1
1145, 40
1146, 31
1147, 39
1148, 53
1149, 17
1150, 14
1151, 4
1152, 1
1153, 33
1154, 31
1155, 49
1156, 53
1157, 17
1158, 14
1159, 4
1160, 1
1161, 5
1162, 43
1163, 53
1164, 6
1165, 22
1166, 27
1167, 39
1168, 24
1169, 4
1170, 64
1171, 51
1172, 53
1173, 34
1174, 14
1175, 4
1176, 14
1177, 16
1178, 1
1179, 17
1180, 18
1181, 23
1182, 50
1183, 39
1184, 33
1185, 34
1186, 38
1187, 26
1188, 36
1189, 16
1190, 6
1191, 27
1192, 38
1193, 26
1194, 36
1195, 16
1196, 6
1197, 1
1198, 16
1199, 18
1200, 1
1201, 42
1202, 20
1203, 1
1204, 29
1205, 33
1206, 53
1207, 33
1208, 34
1209, 37
1210, 41
1211, 16
1212, 6
1213, 1
1214, 5
1215, 10
1216, 21
1217, 23
1218, 47
1219, 39
1220, 33
1221, 35
1222, 38
1223, 26
1224, 36
1225, 16
1226, 6
1227, 26
1228, 38
1229, 26
1230, 36
1231, 16
1232, 6
1233, 1
1234, 16
1235, 18
1236, 1
1237, 42
1238, 20
1239, 1
1240, 29
1241, 33
1242, 53
1243, 33
1244, 34
1245, 37
1246, 41
1247, 16
1248, 6
1249, 1
1250, 5
1251, 10
1252, 11
1253, 54
1254, 10
1255, 4
1256, 3
1257, 1
1258, 6
1259, 26
1260, 43
1261, 22
1262, 27
1263, 39
1264, 4
1265, 63
1266, 17
1267, 3
1268, 1
1269, 17
1270, 2
1271, 1
1272, 5
1273, 65
1274, 50
1275, 2
1276, 26
1277, 30
1278, 22
1279, 16
1280, 1
1281, 29
1282, 43
1283, 33
1284, 60
1285, 1
1286, 34
1287, 29
1288, 10
1289, 21
1290, 66
1291, 24
1292, 1
1293, 20
1294, 15
1295, 1
1296, 32
1297, 37
1298, 57
1299, 50
1300, 19
1301, 62
1302, 12
1303, 48
1304, 33
1305, 8
1306, 4
1307, 1
1308, 29
1309, 19
1310, 19
1311, 3
1312, 1
1313, 8
1314, 22
1315, 13
1316, 22
1317, 2
1318, 1
1319, 5
1320, 69
1321, 24
1322, 2
1323, 12
1324, 14
1325, 1
1326, 31
1327, 1
1328, 33
1329, 29
1330, 10
1331, 61
1332, 53
1333, 19
1334, 8
1335, 4
1336, 14
1337, 10
1338, 3
1339, 1
1340, 8
1341, 22
1342, 2
1343, 1
1344, 3
1345, 31
1346, 4
1347, 1
1348, 39
1349, 34
1350, 8
1351, 21
1352, 12
1353, 15
1354, 13
1355, 1
1356, 31
1357, 40
1358, 1
1359, 4
1360, 64
1361, 46
1362, 2
1363, 27
1364, 26
1365, 19
1366, 12
1367, 28
1368, 22
1369, 18
1370, 17
1371, 17
1372, 1
1373, 16
1374, 9
1375, 62
1376, 15
1377, 3
1378, 1
1379, 31
1380, 30
1381, 1
1382, 28
1383, 22
1384, 17
1385, 35
1386, 30
1387, 10
1388, 31
1389, 19
1390, 3
1391, 1
1392, 28
1393, 16
1394, 1
1395, 64
1396, 24
1397, 1
1398, 17
1399, 18
1400, 62
1401, 20
1402, 9
1403, 19
1404, 21
1405, 17
1406, 1
1407, 49
1408, 11
1409, 55
1410, 17
1411, 16
1412, 4
1413, 1
1414, 36
1415, 39
1416, 52
1417, 17
1418, 16
1419, 4
1420, 32
1421, 18
1422, 29
1423, 9
1424, 19
1425, 47
1426, 19
1427, 55
1428, 28
1429, 6
1430, 52
1431, 48
1432, 22
1433, 7
1434, 33
1435, 46
1436, 49
1437, 25
1438, 52
1439, 17
1440, 16
1441, 4
1442, 32
1443, 18
1444, 27
1445, 14
1446, 20
1447, 9
1448, 47
1449, 29
1450, 39
1451, 18
1452, 16
1453, 20
1454, 9
1455, 20
1456, 21
1457, 17
1458, 47
1459, 19
1460, 33
1461, 18
1462, 30
1463, 1
1464, 36
1465, 26
1466, 44
1467, 5
1468, 61
1469, 54
1470, 6
1471, 36
1472, 51
1473, 53
1474, 17
1475, 16
1476, 4
1477, 38
1478, 5
1479, 56
1480, 59
1481, 35
1482, 6
1483, 24
1484, 9
1485, 16
1486, 21
1487, 17
1488, 45
1489, 19
1490, 29
1491, 18
1492, 26
1493, 1
1494, 32
1495, 25
1496, 9
1497, 22
1498, 21
1499, 17
1500, 47
1501, 19
1502, 25
1503, 50
1504, 14
1505, 10
1506, 4
1507, 35
1508, 18
1509, 32
1510, 1
1511, 32
1512, 27
1513, 9
1514, 29
1515, 21
1516, 17
1517, 47
1518, 19
1519, 16
1520, 23
1521, 47
1522, 46
1523, 6
1524, 47
1525, 48
1526, 37
1527, 7
1528, 36
1529, 18
1530, 50
1531, 37
1532, 21
1533, 10
1534, 4
1535, 57
1536, 21
1537, 19
1538, 28
1539, 49
1540, 16
1541, 20
1542, 32
1543, 32
1544, 38
1545, 25
1546, 19
1547, 10
1548, 4
1549, 51
1550, 16
1551, 24
1552, 27
1553, 6
1554, 56
1555, 48
1556, 37
1557, 7
1558, 36
1559, 18
1560, 33
1561, 51
1562, 49
1563, 4
1564, 57
1565, 21
1566, 19
1567, 16
1568, 28
1569, 27
1570, 6
1571, 56
1572, 48
1573, 37
1574, 7
1575, 36
1576, 18
1577, 33
1578, 55
1579, 49
1580, 4
1581, 57
1582, 21
1583, 19
1584, 16
1585, 26
1586, 21
1587, 17
1588, 45
1589, 19
1590, 16
1591, 25
1592, 25
1593, 17
1594, 45
1595, 19
1596, 16
1597, 26
1598, 20
1599, 17
1600, 45
1601, 19
1602, 57
1603, 34
1604, 18
1605, 31
1606, 1
1607, 18
1608, 29
1609, 20
1610, 9
1611, 28
1612, 20
1613, 17
1614, 45
1615, 19
1616, 57
1617, 36
1618, 18
1619, 33
1620, 1
1621, 20
1622, 31
1623, 20
1624, 9
1625, 27
1626, 23
1627, 33
1628, 36
1629, 18
1630, 54
1631, 37
1632, 21
1633, 10
1634, 4
1635, 57
1636, 21
1637, 19
1638, 34
1639, 16
1640, 21
1641, 57
1642, 21
1643, 19
1644, 52
1645, 6
1646, 53
1647, 55
1648, 55
1649, 57
1650, 58
1651, 29
1652, 55
1653, 41
1654, 58
1655, 7
1656, 53
1657, 34
1658, 49
1659, 50
1660, 18
1661, 12
1662, 53
1663, 18
1664, 17
1665, 5
1666, 4
1667, 34
1668, 16
1669, 10
1670, 38
1671, 60
1672, 17
1673, 16
1674, 4
1675, 9
1676, 56
1677, 10
1678, 54
1679, 17
1680, 16
1681, 4
1682, 1
1683, 20
1684, 9
1685, 3
1686, 1
1687, 16
1688, 2
1689, 1
1690, 4
1691, 61
1692, 2
1693, 22
1694, 22
1695, 18
1696, 17
1697, 17
1698, 1
1699, 48
1700, 14
1701, 14
1702, 15
1703, 1
1704, 31
1705, 30
1706, 1
1707, 28
1708, 22
1709, 16
1710, 35
1711, 30
1712, 10
1713, 31
1714, 19
1715, 3
1716, 1
1717, 28
1718, 15
1719, 1
1720, 53
1721, 15
1722, 13
1723, 2
1724, 1
1725, 16
1726, 19
1727, 1
1728, 9
1729, 68
1730, 2
1731, 46
1732, 53
1733, 40
1734, 14
1735, 1
1736, 38
1737, 24
1738, 38
1739, 24
1740, 42
1741, 39
1742, 25
1743, 12
1744, 42
1745, 28
1746, 13
1747, 2
1748, 1
1749, 4
1750, 62
1751, 28
1752, 2
1753, 27
1754, 26
1755, 1
1756, 15
1757, 15
1758, 1
1759, 18
1760, 13
1761, 8
1762, 1
1763, 18
1764, 15
1765, 1
1766, 35
1767, 20
1768, 16
1769, 17
1770, 5
1771, 54
1772, 40
1773, 60
1774, 59
1775, 57
1776, 14
1777, 6
1778, 36
1779, 53
1780, 16
1781, 4
1782, 41
1783, 9
1784, 20
1785, 5
1786, 59
1787, 62
1788, 43
1789, 62
1790, 53
1791, 61
1792, 63
1793, 17
1794, 61
1795, 60
1796, 41
1797, 6
1798, 21
1799, 53
1800, 16
1801, 4
1802, 29
1803, 26
1804, 49
1805, 9
1806, 10
1807, 51
1808, 15
1809, 3
1810, 1
1811, 39
1812, 4
1813, 55
1814, 58
1815, 34
1816, 5
1817, 25
1818, 1
1819, 55
1820, 22
1821, 20
1822, 1
1823, 18
1824, 2
1825, 1
1826, 4
1827, 62
1828, 35
1829, 2
1830, 30
1831, 61
1832, 18
1833, 10
1834, 22
1835, 1
1836, 39
1837, 19
1838, 16
1839, 20
1840, 35
1841, 11
1842, 10
1843, 11
1844, 16
1845, 11
1846, 16
1847, 4
1848, 3
1849, 16
1850, 2
1851, 1
1852, 4
1853, 74
1854, 25
1855, 2
1856, 19
1857, 13
1858, 1
1859, 14
1860, 15
1861, 1
1862, 16
1863, 8
1864, 1
1865, 42
1866, 25
1867, 22
1868, 1
1869, 68
1870, 33
1871, 15
1872, 1
1873, 51
1874, 2
1875, 1
1876, 4
1877, 75
1878, 25
1879, 2
1880, 12
1881, 18
1882, 1
1883, 14
1884, 15
1885, 1
1886, 16
1887, 8
1888, 1
1889, 42
1890, 26
1891, 22
1892, 1
1893, 68
1894, 33
1895, 15
1896, 1
1897, 51
1898, 2
1899, 1
1900, 4
1901, 72
1902, 25
1903, 2
1904, 21
1905, 19
1906, 18
1907, 1
1908, 14
1909, 15
1910, 1
1911, 24
1912, 9
1913, 11
1914, 1
1915, 42
1916, 1
1917, 19
1918, 6
1919, 40
1920, 16
1921, 35
1922, 39
1923, 16
1924, 59
1925, 59
1926, 57
1927, 55
1928, 20
1929, 13
1930, 27
1931, 13
1932, 19
1933, 18
1934, 1
1935, 10
1936, 44
1937, 37
1938, 15
1939, 49
1940, 34
1941, 25
1942, 28
1943, 1
1944, 14
1945, 29
1946, 22
1947, 1
1948, 65
1949, 48
1950, 15
1951, 1
1952, 21
1953, 2
1954, 1
1955, 5
1956, 71
1957, 32
1958, 2
1959, 20
1960, 1
1961, 69
1962, 54
1963, 30
1964, 52
1965, 54
1966, 39
1967, 27
1968, 28
1969, 25
1970, 2
1971, 1
1972, 5
1973, 51
1974, 63
1975, 56
1976, 2
1977, 18
1978, 18
1979, 18
1980, 1
1981, 38
1982, 10
1983, 1
1984, 19
1985, 53
1986, 13
1987, 63
1988, 12
1989, 32
1990, 54
1991, 47
1992, 43
1993, 1
1994, 10
1995, 10
1996, 10
1997, 2
1998, 1
1999, 3
2000, 31
2001, 40
2002, 75
2003, 66
2004, 4
2005, 5
2006, 63
2007, 2
2008, 36
2009, 16
2010, 1
2011, 4
2012, 62
2013, 33
2014, 45
2015, 5
2016, 70
2017, 10
2018, 1
2019, 32
2020, 39
2021, 46
2022, 1
2023, 26
2024, 38
2025, 14
2026, 50
2027, 40
2028, 23
2029, 4
2030, 15
2031, 50
2032, 46
2033, 24
2034, 4
2035, 10
2036, 3
2037, 37
2038, 57
2039, 50
2040, 40
2041, 31
2042, 52
2043, 13
2044, 24
2045, 14
2046, 25
2047, 11
2048, 4
2049, 15
2050, 39
2051, 24
2052, 55
2053, 50
2054, 49
2055, 4
2056, 3
2057, 52
2058, 12
2059, 23
2060, 1
2061, 34
2062, 11
2063, 25
2064, 2
2065, 1
2066, 1
2067, 3
2068, 35
2069, 4
2070, 5
2071, 61
2072, 2
2073, 17
2074, 14
2075, 17
2076, 16
2077, 1
2078, 49
2079, 36
2080, 10
2081, 1
2082, 52
2083, 59
2084, 65
2085, 36
2086, 30
2087, 11
2088, 4
2089, 49
2090, 23
2091, 21
2092, 7
2093, 35
2094, 58
2095, 37
2096, 48
2097, 3
2098, 1
2099, 44
2100, 42
2101, 59
2102, 31
2103, 39
2104, 42
2105, 48
2106, 41
2107, 32
2108, 13
2109, 6
2110, 1
2111, 54
2112, 43
2113, 21
2114, 52
2115, 34
2116, 28
2117, 57
2118, 57
2119, 22
2120, 58
2121, 22
2122, 49
2123, 12
2124, 64
2125, 56
2126, 48
2127, 3
2128, 2
2129, 1
2130, 3
2131, 30
2132, 4
2133, 5
2134, 80
2135, 2
2136, 27
2137, 21
2138, 18
2139, 13
2140, 22
2141, 15
2142, 1
2143, 27
2144, 33
2145, 30
2146, 21
2147, 27
2148, 63
2149, 51
2150, 31
2151, 42
2152, 29
2153, 57
2154, 33
2155, 57
2156, 33
2157, 10
2158, 50
2159, 54
2160, 54
2161, 41
2162, 41
2163, 3
2164, 37
2165, 39
2166, 27
2167, 16
2168, 26
2169, 30
2170, 28
2171, 32
2172, 38
2173, 32
2174, 67
2175, 32
2176, 31
2177, 33
2178, 51
2179, 46
2180, 29
2181, 46
2182, 1
2183, 65
2184, 45
2185, 10
2186, 48
2187, 46
2188, 28
2189, 10
2190, 32
2191, 1
2192, 27
2193, 42
2194, 37
2195, 11
2196, 40
2197, 39
2198, 33
2199, 12
2200, 60
2201, 21
2202, 12
2203, 5
2204, 48
2205, 42
2206, 21
2207, 12
2208, 5
2209, 34
2210, 4
2211, 2
2212, 1
2213, 5
2214, 60
2215, 38
2216, 2
2217, 25
2218, 25
2219, 25
2220, 1
2221, 35
2222, 10
2223, 1
2224, 31
2225, 57
2226, 45
2227, 10
2228, 31
2229, 6
2230, 19
2231, 1
2232, 24
2233, 49
2234, 1
2235, 23
2236, 17
2237, 2
2238, 1
2239, 5
2240, 68
2241, 2
2242, 25
2243, 1
2244, 34
2245, 53
2246, 62
2247, 11
2248, 43
2249, 45
2250, 57
2251, 11
2252, 50
2253, 53
2254, 28
2255, 11
2256, 58
2257, 11
2258, 55
2259, 42
2260, 27
2261, 37
2262, 11
2263, 21
2264, 47
2265, 38
2266, 11
2267, 4
2268, 3
2269, 2
2270, 1
2271, 5
2272, 49
2273, 2
2274, 20
2275, 33
2276, 1
2277, 39
2278, 33
2279, 2
2280, 1
2281, 5
2282, 56
2283, 2
2284, 33
2285, 20
2286, 23
2287, 25
2288, 1
2289, 18
2290, 24
2291, 38
2292, 10
2293, 41
2294, 10
2295, 67
2296, 40
2297, 34
2298, 2
2299, 1
2300, 5
2301, 62
2302, 25
2303, 2
2304, 27
2305, 23
2306, 17
2307, 17
2308, 22
2309, 1
2310, 48
2311, 32
2312, 25
2313, 65
2314, 22
2315, 10
2316, 3
2317, 48
2318, 59
2319, 30
2320, 65
2321, 22
2322, 13
2323, 10
2324, 3
2325, 1
2326, 62
2327, 21
2328, 23
2329, 44
2330, 34
2331, 26
2332, 29
2333, 48
2334, 9
2335, 25
2336, 28
2337, 35
2338, 44
2339, 9
2340, 32
2341, 31
2342, 52
2343, 10
2344, 4
2345, 29
2346, 17
2347, 21
2348, 18
2349, 10
2350, 18
2351, 19
2352, 10
2353, 11
2354, 43
2355, 4
2356, 34
2357, 45
2358, 7
2359, 58
2360, 10
2361, 29
2362, 22
2363, 10
2364, 10
2365, 53
2366, 3
2367, 39
2368, 28
2369, 37
2370, 27
2371, 2
2372, 1
2373, 5
2374, 25
2375, 2
2376, 33
2377, 1
2378, 58
2379, 19
2380, 12
2381, 2
2382, 1
2383, 5
2384, 53
2385, 2
2386, 26
2387, 17
2388, 1
2389, 48
2390, 32
2391, 10
2392, 3
2393, 45
2394, 34
2395, 24
2396, 37
2397, 30
2398, 25
2399, 63
2400, 13
2401, 10
2402, 3
2403, 1
2404, 41
2405, 47
2406, 1
2407, 44
2408, 34
2409, 43
2410, 34
2411, 34
2412, 35
2413, 42
2414, 16
2415, 27
2416, 2
2417, 1
2418, 3
2419, 29
2420, 4
2421, 4
2422, 63
2423, 2
2424, 23
2425, 1
2426, 40
2427, 61
2428, 15
2429, 3
2430, 13
2431, 2
2432, 1
2433, 5
2434, 73
2435, 2
2436, 25
2437, 25
2438, 20
2439, 22
2440, 24
2441, 1
2442, 4
2443, 66
2444, 63
2445, 5
2446, 65
2447, 63
2448, 10
2449, 1
2450, 63
2451, 29
2452, 11
2453, 10
2454, 29
2455, 11
2456, 3
2457, 1
2458, 31
2459, 25
2460, 47
2461, 38
2462, 42
2463, 24
2464, 45
2465, 27
2466, 33
2467, 57
2468, 27
2469, 58
2470, 24
2471, 1
2472, 21
2473, 20
2474, 18
2475, 41
2476, 10
2477, 1
2478, 43
2479, 43
2480, 14
2481, 57
2482, 16
2483, 7
2484, 35
2485, 24
2486, 43
2487, 29
2488, 58
2489, 31
2490, 33
2491, 4
2492, 9
2493, 10
2494, 65
2495, 30
2496, 32
2497, 9
2498, 3
2499, 2
2500, 1
2501, 3
2502, 31
2503, 4
2504, 5
2505, 55
2506, 27
2507, 2
2508, 25
2509, 1
2510, 14
2511, 10
2512, 1
2513, 36
2514, 15
2515, 10
2516, 1
2517, 27
2518, 65
2519, 44
2520, 16
2521, 1
2522, 29
2523, 51
2524, 41
2525, 31
2526, 2
2527, 1
2528, 5
2529, 30
2530, 2
2531, 36
2532, 15
2533, 10
2534, 1
2535, 72
2536, 9
2537, 31
2538, 2
2539, 1
2540, 3
2541, 30
2542, 4
2543, 5
2544, 52
2545, 2
2546, 14
2547, 1
2548, 12
2549, 27
2550, 6
2551, 30
2552, 1
2553, 51
2554, 38
2555, 31
2556, 2
2557, 1
2558, 3
2559, 36
2560, 4
2561, 5
2562, 22
2563, 2
2564, 22
2565, 25
2566, 25
2567, 18
2568, 1
2569, 35
2570, 44
2571, 49
2572, 46
2573, 23
2574, 43
2575, 42
2576, 7
2577, 43
2578, 3
2579, 50
2580, 28
2581, 21
2582, 22
2583, 14
2584, 15
2585, 1
2586, 31
2587, 46
2588, 37
2589, 38
2590, 38
2591, 1
2592, 57
2593, 52
2594, 42
2595, 31
2596, 31
2597, 12
2598, 3
2599, 19
2600, 26
2601, 33
2602, 1
2603, 4
2604, 66
2605, 68
2606, 23
2607, 5
2608, 17
2609, 28
2610, 21
2611, 1
2612, 31
2613, 41
2614, 26
2615, 13
2616, 24
2617, 24
2618, 49
2619, 32
2620, 56
2621, 43
2622, 34
2623, 51
2624, 25
2625, 13
2626, 4
2627, 37
2628, 59
2629, 25
2630, 4
2631, 3
2632, 26
2633, 40
2634, 31
2635, 13
2636, 36
2637, 27
2638, 47
2639, 31
2640, 1
2641, 29
2642, 22
2643, 25
2644, 10
2645, 20
2646, 44
2647, 38
2648, 25
2649, 11
2650, 36
2651, 21
2652, 22
2653, 55
2654, 20
2655, 10
2656, 22
2657, 38
2658, 21
2659, 20
2660, 10
2661, 4
2662, 3
2663, 41
2664, 24
2665, 54
2666, 26
2667, 29
2668, 59
2669, 41
2670, 3
2671, 33
2672, 23
2673, 40
2674, 31
2675, 13
2676, 43
2677, 33
2678, 33
2679, 3
2680, 1
2681, 31
2682, 49
2683, 19
2684, 2
2685, 1
2686, 5
2687, 53
2688, 2
2689, 25
2690, 25
2691, 23
2692, 25
2693, 39
2694, 30
2695, 25
2696, 1
2697, 18
2698, 24
2699, 58
2700, 5
2701, 61
2702, 26
2703, 6
2704, 28
2705, 19
2706, 20
2707, 1
2708, 32
2709, 37
2710, 51
2711, 41
2712, 37
2713, 11
2714, 58
2715, 21
2716, 15
2717, 4
2718, 51
2719, 35
2720, 36
2721, 1
2722, 47
2723, 52
2724, 22
2725, 49
2726, 26
2727, 55
2728, 56
2729, 31
2730, 54
2731, 57
2732, 38
2733, 22
2734, 40
2735, 24
2736, 4
2737, 1
2738, 19
2739, 19
2740, 19
2741, 19
2742, 3
2743, 2
2744, 1
2745, 5
2746, 54
2747, 2
2748, 33
2749, 23
2750, 31
2751, 33
2752, 30
2753, 25
2754, 1
2755, 25
2756, 44
2757, 1
2758, 16
2759, 10
2760, 1
2761, 18
2762, 24
2763, 1
2764, 35
2765, 10
2766, 1
2767, 56
2768, 45
2769, 52
2770, 45
2771, 41
2772, 41
2773, 1
2774, 46
2775, 51
2776, 21
2777, 48
2778, 20
2779, 49
2780, 55
2781, 22
2782, 49
2783, 56
2784, 47
2785, 37
2786, 50
2787, 3
2788, 1
2789, 24
2790, 18
2791, 24
2792, 18
2793, 2
2794, 1
2795, 5
2796, 62
2797, 2
2798, 31
2799, 33
2800, 23
2801, 26
2802, 26
2803, 25
2804, 1
2805, 18
2806, 24
2807, 1
2808, 37
2809, 35
2810, 10
2811, 1
2812, 56
2813, 45
2814, 41
2815, 1
2816, 24
2817, 21
2818, 13
2819, 1
2820, 21
2821, 48
2822, 6
2823, 24
2824, 18
2825, 2
2826, 1
2827, 3
2828, 29
2829, 4
2830, 24
2831, 1
2832, 5
2833, 52
2834, 2
2835, 31
2836, 1
2837, 31
2838, 47
2839, 25
2840, 10
2841, 57
2842, 2
2843, 1
2844, 5
2845, 78
2846, 2
2847, 26
2848, 1
2849, 4
2850, 67
2851, 65
2852, 24
2853, 5
2854, 33
2855, 10
2856, 1
2857, 41
2858, 26
2859, 13
2860, 28
2861, 13
2862, 30
2863, 13
2864, 50
2865, 3
2866, 2
2867, 1
2868, 5
2869, 30
2870, 2
2871, 25
2872, 51
2873, 32
2874, 1
2875, 43
2876, 6
2877, 12
2878, 42
2879, 27
2880, 14
2881, 31
2882, 14
2883, 25
2884, 54
2885, 56
2886, 42
2887, 15
2888, 38
2889, 27
2890, 34
2891, 14
2892, 1
2893, 33
2894, 54
2895, 14
2896, 16
2897, 12
2898, 13
2899, 23
2900, 45
2901, 36
2902, 15
2903, 6
2904, 11
2905, 11
2906, 23
2907, 8
2908, 44
2909, 34
2910, 9
2911, 15
2912, 6
2913, 22
2914, 12
2915, 15
2916, 11
2917, 5
2918, 1
2919, 36
2920, 57
2921, 38
2922, 33
2923, 11
2924, 14
2925, 13
2926, 35
2927, 5
2928, 4
2929, 15
2930, 33
2931, 2
2932, 1
2933, 5
2934, 39
2935, 2
2936, 25
2937, 14
2938, 46
2939, 18
2940, 1
2941, 27
2942, 6
2943, 12
2944, 42
2945, 27
2946, 14
2947, 31
2948, 14
2949, 45
2950, 55
2951, 1
2952, 18
2953, 14
2954, 36
2955, 57
2956, 29
2957, 33
2958, 11
2959, 4
2960, 15
2961, 33
2962, 1
2963, 24
2964, 30
2965, 6
2966, 12
2967, 42
2968, 27
2969, 14
2970, 31
2971, 14
2972, 45
2973, 53
2974, 16
2975, 12
2976, 14
2977, 12
2978, 30
2979, 14
2980, 12
2981, 23
2982, 11
2983, 5
2984, 1
2985, 36
2986, 57
2987, 29
2988, 33
2989, 11
2990, 4
2991, 15
2992, 33
2993, 2
2994, 1
2995, 3
2996, 27
2997, 4
2998, 10
2999, 19
3000, 2
3001, 20
3002, 2
3003, 1
3004, 4
3005, 21
3006, 2
3007, 36
3008, 15
3009, 14
3010, 1
3011, 47
3012, 2
3013, 1
3014, 4
3015, 24
3016, 2
3017, 49
3018, 2
3019, 1
3020, 4
3021, 35
3022, 2
3023, 30
3024, 2
3025, 1
3026, 3
3027, 18
3028, 4
3029, 20
3030, 37
3031, 28
3032, 13
3033, 1
3034, 24
3035, 56
3036, 1
3037, 5
3038, 30
3039, 2
3040, 24
3041, 19
3042, 1
3043, 39
3044, 4
3045, 68
3046, 37
3047, 22
3048, 1
3049, 26
3050, 41
3051, 23
3052, 1
3053, 35
3054, 1
3055, 25
3056, 48
3057, 1
3058, 30
3059, 23
3060, 32
3061, 1
3062, 28
3063, 2
3064, 1
3065, 5
3066, 20
3067, 2
3068, 14
3069, 1
3070, 48
3071, 47
3072, 48
3073, 1
3074, 31
3075, 2
3076, 1
3077, 18
3078, 23
3079, 2
3080, 29
3081, 25
3082, 1
3083, 23
3084, 1
3085, 36
3086, 27
3087, 18
3088, 3
3089, 16
3090, 2
3091, 1
3092, 18
3093, 51
3094, 2
3095, 29
3096, 25
3097, 1
3098, 30
3099, 59
3100, 17
3101, 3
3102, 1
3103, 44
3104, 19
3105, 21
3106, 1
3107, 27
3108, 58
3109, 25
3110, 41
3111, 32
3112, 53
3113, 26
3114, 16
3115, 1
3116, 23
3117, 1
3118, 39
3119, 44
3120, 1
3121, 16
3122, 2
3123, 1
3124, 5
3125, 64
3126, 2
3127, 37
3128, 1
3129, 30
3130, 23
3131, 1
3132, 60
3133, 43
3134, 10
3135, 1
3136, 20
3137, 54
3138, 1
3139, 54
3140, 45
3141, 53
3142, 35
3143, 35
3144, 17
3145, 49
3146, 10
3147, 4
3148, 3
3149, 54
3150, 46
3151, 53
3152, 6
3153, 59
3154, 17
3155, 7
3156, 35
3157, 35
3158, 17
3159, 35
3160, 38
3161, 32
3162, 30
3163, 38
3164, 30
3165, 14
3166, 49
3167, 10
3168, 4
3169, 3
3170, 1
3171, 20
3172, 2
3173, 1
3174, 5
3175, 46
3176, 2
3177, 24
3178, 14
3179, 1
3180, 22
3181, 21
3182, 48
3183, 10
3184, 3
3185, 1
3186, 61
3187, 29
3188, 32
3189, 48
3190, 33
3191, 47
3192, 33
3193, 54
3194, 1
3195, 42
3196, 1
3197, 24
3198, 16
3199, 1
3200, 23
3201, 5
3202, 64
3203, 47
3204, 6
3205, 10
3206, 1
3207, 33
3208, 24
3209, 21
3210, 3
3211, 2
3212, 1
3213, 5
3214, 24
3215, 2
3216, 25
3217, 32
3218, 1
3219, 22
3220, 21
3221, 50
3222, 10
3223, 3
3224, 25
3225, 26
3226, 16
3227, 1
3228, 63
3229, 66
3230, 33
3231, 20
3232, 3
3233, 27
3234, 23
3235, 1
3236, 48
3237, 28
3238, 1
3239, 28
3240, 28
3241, 13
3242, 2
3243, 1
3244, 3
3245, 76
3246, 15
3247, 4
3248, 5
3249, 48
3250, 2
3251, 32
3252, 24
3253, 1
3254, 16
3255, 69
3256, 66
3257, 33
3258, 44
3259, 3
3260, 1
3261, 48
3262, 28
3263, 1
3264, 41
3265, 27
3266, 1
3267, 35
3268, 33
3269, 6
3270, 24
3271, 2
3272, 1
3273, 5
3274, 39
3275, 2
3276, 25
3277, 16
3278, 1
3279, 22
3280, 21
3281, 51
3282, 10
3283, 3
3284, 1
3285, 44
3286, 27
3287, 25
3288, 42
3289, 1
3290, 58
3291, 6
3292, 12
3293, 30
3294, 2
3295, 1
3296, 5
3297, 38
3298, 2
3299, 25
3300, 1
3301, 22
3302, 21
3303, 50
3304, 10
3305, 3
3306, 1
3307, 57
3308, 45
3309, 6
3310, 63
3311, 34
3312, 33
3313, 2
3314, 1
3315, 34
3316, 5
3317, 51
3318, 2
3319, 26
3320, 1
3321, 4
3322, 71
3323, 73
3324, 72
3325, 67
3326, 71
3327, 67
3328, 5
3329, 66
3330, 38
3331, 31
3332, 2
3333, 1
3334, 5
3335, 51
3336, 2
3337, 16
3338, 16
3339, 1
3340, 26
3341, 1
3342, 24
3343, 18
3344, 1
3345, 19
3346, 56
3347, 30
3348, 49
3349, 10
3350, 15
3351, 19
3352, 1
3353, 39
3354, 37
3355, 1
3356, 32
3357, 33
3358, 36
3359, 33
3360, 26
3361, 33
3362, 34
3363, 18
3364, 33
3365, 17
3366, 1
3367, 56
3368, 30
3369, 49
3370, 3
3371, 2
3372, 1
3373, 3
3374, 30
3375, 4
3376, 5
3377, 55
3378, 2
3379, 22
3380, 25
3381, 40
3382, 22
3383, 16
3384, 1
3385, 21
3386, 43
3387, 37
3388, 14
3389, 29
3390, 18
3391, 36
3392, 44
3393, 35
3394, 33
3395, 43
3396, 34
3397, 36
3398, 34
3399, 36
3400, 33
3401, 36
3402, 33
3403, 51
3404, 26
3405, 11
3406, 12
3407, 42
3408, 34
3409, 12
3410, 5
3411, 10
3412, 4
3413, 20
3414, 29
3415, 50
3416, 60
3417, 11
3418, 4
3419, 3
3420, 1
3421, 37
3422, 17
3423, 10
3424, 20
3425, 37
3426, 28
3427, 47
3428, 45
3429, 63
3430, 3
3431, 18
3432, 31
3433, 71
3434, 13
3435, 66
3436, 34
3437, 29
3438, 10
3439, 52
3440, 22
3441, 3
3442, 16
3443, 31
3444, 2
3445, 1
3446, 5
3447, 58
3448, 2
3449, 21
3450, 21
3451, 40
3452, 15
3453, 1
3454, 18
3455, 26
3456, 1
3457, 21
3458, 43
3459, 37
3460, 14
3461, 29
3462, 18
3463, 36
3464, 44
3465, 35
3466, 33
3467, 43
3468, 34
3469, 36
3470, 34
3471, 36
3472, 33
3473, 36
3474, 33
3475, 51
3476, 11
3477, 12
3478, 42
3479, 12
3480, 5
3481, 4
3482, 3
3483, 1
3484, 38
3485, 29
3486, 10
3487, 64
3488, 14
3489, 3
3490, 2
3491, 1
3492, 5
3493, 53
3494, 2
3495, 20
3496, 24
3497, 25
3498, 33
3499, 1
3500, 41
3501, 48
3502, 13
3503, 32
3504, 1
3505, 24
3506, 46
3507, 36
3508, 50
3509, 33
3510, 7
3511, 57
3512, 27
3513, 38
3514, 22
3515, 47
3516, 23
3517, 58
3518, 46
3519, 37
3520, 30
3521, 3
3522, 2
3523, 1
3524, 15
3525, 5
3526, 19
3527, 2
3528, 22
3529, 16
3530, 1
3531, 4
3532, 59
3533, 34
3534, 5
3535, 1
3536, 4
3537, 22
3538, 5
3539, 48
3540, 63
3541, 26
3542, 1
3543, 20
3544, 29
3545, 34
3546, 29
3547, 10
3548, 37
3549, 3
3550, 1
3551, 21
3552, 18
3553, 20
3554, 18
3555, 16
3556, 18
3557, 2
3558, 1
3559, 4
3560, 48
3561, 2
3562, 27
3563, 29
3564, 1
3565, 37
3566, 14
3567, 1
3568, 25
3569, 15
3570, 34
3571, 45
3572, 15
3573, 9
3574, 16
3575, 36
3576, 16
3577, 54
3578, 50
3579, 26
3580, 58
3581, 33
3582, 40
3583, 4
3584, 7
3585, 38
3586, 32
3587, 15
3588, 9
3589, 10
3590, 50
3591, 19
3592, 3
3593, 1
3594, 13
3595, 2
