1, 66
2, 66
3, 30
4, 67
5, 0
6, 25
7, 0
8, 59
9, 68
10, 67
11, 18
12, 0
13, 54
14, 62
15, 61
16, 44
17, 0
18, 65
19, 55
20, 62
21, 31
22, 0
23, 19
24, 19
25, 22
26, 15
27, 16
28, 17
29, 25
30, 17
31, 24
32, 23
33, 22
34, 18
35, 17
36, 17
37, 19
38, 21
39, 19
40, 18
41, 19
42, 17
43, 18
44, 19
45, 19
46, 23
47, 16
48, 19
49, 0
50, 65
51, 29
52, 38
53, 77
54, 0
55, 35
56, 48
57, 51
58, 46
59, 0
60, 37
61, 9
62, 8
63, 35
64, 13
65, 11
66, 0
67, 22
68, 66
69, 0
70, 33
71, 31
72, 1
73, 34
74, 0
75, 65
76, 11
77, 16
78, 0
79, 35
80, 2
81, 0
82, 66
83, 12
84, 42
85, 0
86, 71
87, 44
88, 23
89, 0
90, 39
91, 51
92, 0
93, 42
94, 0
95, 43
96, 0
97, 49
98, 0
99, 65
100, 0
101, 45
102, 0
103, 78
104, 23
105, 0
106, 52
107, 0
108, 38
109, 0
110, 53
111, 0
112, 64
113, 0
114, 36
115, 51
116, 0
117, 35
118, 38
119, 0
120, 50
121, 35
122, 73
123, 12
124, 72
125, 12
126, 52
127, 0
128, 59
129, 0
130, 72
131, 60
132, 28
133, 0
134, 67
135, 48
136, 0
137, 31
138, 44
139, 31
140, 45
141, 31
142, 44
143, 0
144, 71
145, 67
146, 32
147, 33
148, 59
149, 0
150, 33
151, 59
152, 0
153, 33
154, 59
155, 0
156, 33
157, 59
158, 37
159, 75
160, 0
161, 28
162, 45
163, 0
164, 27
165, 47
166, 0
167, 23
168, 39
169, 26
170, 45
171, 0
172, 35
173, 56
174, 30
175, 53
176, 36
177, 65
178, 31
179, 55
180, 31
181, 55
182, 29
183, 51
184, 34
185, 77
186, 27
187, 47
188, 0
189, 47
190, 0
191, 62
192, 0
193, 4
194, 41
195, 1
196, 48
197, 13
198, 6
199, 8
200, 10
201, 18
202, 23
203, 0
204, 70
205, 25
206, 18
207, 42
208, 53
209, 53
210, 13
211, 0
212, 43
213, 59
214, 1
215, 56
216, 56
217, 0
218, 12
219, 0
220, 18
221, 15
222, 48
223, 62
224, 30
225, 49
226, 13
227, 13
228, 1
229, 4
230, 13
231, 0
232, 41
233, 15
234, 22
235, 0
236, 28
237, 35
238, 0
239, 25
240, 35
241, 38
242, 34
243, 34
244, 37
245, 40
246, 13
247, 0
248, 50
249, 1
250, 29
251, 19
252, 0
253, 25
254, 35
255, 38
256, 34
257, 34
258, 37
259, 45
260, 62
261, 60
262, 59
263, 13
264, 1
265, 0
266, 12
267, 1
268, 0
269, 69
270, 14
271, 0
272, 4
273, 33
274, 1
275, 32
276, 9
277, 14
278, 14
279, 6
280, 8
281, 10
282, 18
283, 14
284, 15
285, 0
286, 70
287, 52
288, 19
289, 13
290, 0
291, 25
292, 0
293, 26
294, 14
295, 0
296, 22
297, 0
298, 35
299, 26
300, 13
301, 0
302, 27
303, 0
304, 43
305, 52
306, 1
307, 49
308, 49
309, 0
310, 12
311, 0
312, 18
313, 15
314, 41
315, 55
316, 30
317, 62
318, 53
319, 13
320, 23
321, 35
322, 49
323, 32
324, 30
325, 45
326, 46
327, 50
328, 13
329, 0
330, 6
331, 1
332, 4
333, 6
334, 0
335, 41
336, 15
337, 22
338, 0
339, 25
340, 34
341, 37
342, 48
343, 35
344, 39
345, 13
346, 0
347, 22
348, 1
349, 22
350, 11
351, 1
352, 37
353, 30
354, 47
355, 1
356, 32
357, 38
358, 1
359, 4
360, 13
361, 0
362, 50
363, 1
364, 29
365, 19
366, 0
367, 25
368, 34
369, 37
370, 48
371, 35
372, 38
373, 46
374, 64
375, 61
376, 69
377, 13
378, 1
379, 0
380, 12
381, 1
382, 0
383, 45
384, 0
385, 4
386, 38
387, 1
388, 70
389, 49
390, 13
391, 35
392, 46
393, 0
394, 25
395, 32
396, 0
397, 69
398, 27
399, 25
400, 35
401, 1
402, 0
403, 70
404, 57
405, 0
406, 3
407, 31
408, 1
409, 46
410, 1
411, 0
412, 71
413, 61
414, 16
415, 0
416, 12
417, 19
418, 1
419, 30
420, 21
421, 1
422, 10
423, 13
424, 6
425, 0
426, 11
427, 13
428, 6
429, 0
430, 10
431, 68
432, 60
433, 63
434, 14
435, 44
436, 6
437, 0
438, 9
439, 13
440, 6
441, 0
442, 9
443, 13
444, 6
445, 0
446, 9
447, 12
448, 6
449, 0
450, 9
451, 13
452, 6
453, 0
454, 9
455, 13
456, 6
457, 0
458, 12
459, 13
460, 6
461, 0
462, 14
463, 13
464, 6
465, 0
466, 14
467, 13
468, 6
469, 0
470, 10
471, 71
472, 19
473, 30
474, 15
475, 6
476, 0
477, 8
478, 26
479, 6
480, 1
481, 1
482, 0
483, 68
484, 68
485, 70
486, 32
487, 0
488, 11
489, 48
490, 1
491, 15
492, 37
493, 1
494, 0
495, 49
496, 0
497, 11
498, 40
499, 1
500, 28
501, 0
502, 70
503, 60
504, 57
505, 17
506, 0
507, 18
508, 50
509, 28
510, 37
511, 34
512, 1
513, 22
514, 36
515, 0
516, 55
517, 1
518, 43
519, 24
520, 1
521, 34
522, 0
523, 39
524, 1
525, 25
526, 42
527, 52
528, 1
529, 4
530, 1
531, 57
532, 0
533, 52
534, 1
535, 1
536, 33
537, 1
538, 33
539, 63
540, 4
541, 52
542, 1
543, 4
544, 66
545, 7
546, 1
547, 0
548, 46
549, 0
550, 11
551, 38
552, 1
553, 17
554, 47
555, 37
556, 58
557, 4
558, 64
559, 6
560, 1
561, 0
562, 40
563, 0
564, 3
565, 22
566, 1
567, 21
568, 0
569, 63
570, 9
571, 1
572, 0
573, 69
574, 69
575, 57
576, 68
577, 42
578, 0
579, 10
580, 73
581, 1
582, 6
583, 24
584, 26
585, 36
586, 19
587, 51
588, 12
589, 28
590, 33
591, 59
592, 28
593, 36
594, 37
595, 36
596, 36
597, 39
598, 1
599, 0
600, 74
601, 68
602, 31
603, 0
604, 10
605, 28
606, 1
607, 6
608, 16
609, 14
610, 0
611, 57
612, 0
613, 20
614, 0
615, 13
616, 1
617, 9
618, 14
619, 26
620, 0
621, 12
622, 62
623, 62
624, 27
625, 26
626, 0
627, 8
628, 1
629, 1
630, 0
631, 28
632, 48
633, 1
634, 18
635, 1
636, 39
637, 9
638, 1
639, 23
640, 1
641, 6
642, 40
643, 39
644, 9
645, 1
646, 1
647, 0
648, 9
649, 1
650, 0
651, 32
652, 0
653, 4
654, 48
655, 1
656, 16
657, 0
658, 54
659, 74
660, 0
661, 65
662, 58
663, 66
664, 54
665, 39
666, 0
667, 13
668, 1
669, 9
670, 59
671, 65
672, 29
673, 45
674, 56
675, 39
676, 49
677, 7
678, 0
679, 9
680, 41
681, 44
682, 7
683, 0
684, 9
685, 1
686, 62
687, 9
688, 10
689, 0
690, 29
691, 56
692, 0
693, 64
694, 18
695, 5
696, 49
697, 20
698, 22
699, 0
700, 41
701, 1
702, 7
703, 0
704, 9
705, 1
706, 59
707, 9
708, 0
709, 29
710, 56
711, 0
712, 62
713, 42
714, 52
715, 39
716, 41
717, 0
718, 64
719, 19
720, 51
721, 1
722, 62
723, 17
724, 39
725, 4
726, 1
727, 46
728, 31
729, 49
730, 35
731, 39
732, 31
733, 7
734, 1
735, 1
736, 22
737, 1
738, 7
739, 0
740, 9
741, 41
742, 62
743, 56
744, 46
745, 7
746, 0
747, 9
748, 57
749, 59
750, 32
751, 30
752, 58
753, 1
754, 20
755, 1
756, 22
757, 17
758, 29
759, 17
760, 4
761, 17
762, 1
763, 4
764, 17
765, 7
766, 1
767, 0
768, 56
769, 56
770, 36
771, 30
772, 59
773, 6
774, 6
775, 7
776, 0
777, 9
778, 43
779, 41
780, 29
781, 45
782, 56
783, 65
784, 7
785, 0
786, 9
787, 56
788, 44
789, 32
790, 24
791, 7
792, 0
793, 9
794, 58
795, 62
796, 62
797, 63
798, 63
799, 57
800, 62
801, 63
802, 55
803, 15
804, 19
805, 20
806, 26
807, 36
808, 7
809, 0
810, 9
811, 24
812, 15
813, 47
814, 59
815, 7
816, 0
817, 9
818, 55
819, 27
820, 1
821, 15
822, 60
823, 57
824, 39
825, 50
826, 7
827, 0
828, 18
829, 41
830, 35
831, 1
832, 63
833, 7
834, 1
835, 4
836, 56
837, 0
838, 9
839, 61
840, 57
841, 47
842, 42
843, 54
844, 7
845, 0
846, 9
847, 42
848, 1
849, 22
850, 8
851, 56
852, 0
853, 45
854, 55
855, 55
856, 39
857, 45
858, 7
859, 57
860, 0
861, 35
862, 7
863, 1
864, 0
865, 8
866, 56
867, 1
868, 0
869, 9
870, 32
871, 28
872, 6
873, 0
874, 9
875, 58
876, 60
877, 56
878, 20
879, 30
880, 20
881, 9
882, 67
883, 41
884, 37
885, 36
886, 35
887, 56
888, 0
889, 30
890, 1
891, 30
892, 7
893, 1
894, 0
895, 39
896, 60
897, 19
898, 7
899, 0
900, 9
901, 63
902, 44
903, 75
904, 56
905, 50
906, 7
907, 0
908, 9
909, 51
910, 39
911, 1
912, 62
913, 7
914, 1
915, 72
916, 1
917, 39
918, 50
919, 7
920, 1
921, 63
922, 26
923, 6
924, 0
925, 9
926, 66
927, 45
928, 36
929, 56
930, 57
931, 7
932, 0
933, 9
934, 62
935, 60
936, 49
937, 42
938, 1
939, 29
940, 0
941, 13
942, 39
943, 25
944, 7
945, 1
946, 6
947, 0
948, 9
949, 66
950, 45
951, 36
952, 56
953, 57
954, 7
955, 0
956, 9
957, 53
958, 47
959, 33
960, 7
961, 0
962, 9
963, 66
964, 36
965, 60
966, 56
967, 46
968, 7
969, 0
970, 7
971, 31
972, 6
973, 0
974, 8
975, 55
976, 1
977, 0
978, 53
979, 27
980, 1
981, 9
982, 24
983, 37
984, 37
985, 38
986, 69
987, 50
988, 7
989, 0
990, 9
991, 35
992, 7
993, 0
994, 18
995, 35
996, 28
997, 34
998, 4
999, 1
1000, 57
1001, 51
1002, 15
1003, 18
1004, 7
1005, 0
1006, 54
1007, 42
1008, 35
1009, 0
1010, 27
1011, 1
1012, 7
1013, 0
1014, 12
1015, 20
1016, 11
1017, 39
1018, 7
1019, 0
1020, 10
1021, 12
1022, 1
1023, 55
1024, 49
1025, 58
1026, 51
1027, 40
1028, 0
1029, 25
1030, 45
1031, 46
1032, 57
1033, 0
1034, 28
1035, 21
1036, 54
1037, 14
1038, 56
1039, 7
1040, 7
1041, 1
1042, 0
1043, 8
1044, 64
1045, 17
1046, 25
1047, 1
1048, 39
1049, 7
1050, 1
1051, 0
1052, 42
1053, 1
1054, 1
1055, 0
1056, 40
1057, 0
1058, 4
1059, 46
1060, 1
1061, 68
1062, 17
1063, 0
1064, 27
1065, 33
1066, 32
1067, 26
1068, 30
1069, 1
1070, 11
1071, 0
1072, 17
1073, 17
1074, 16
1075, 1
1076, 27
1077, 28
1078, 1
1079, 21
1080, 1
1081, 27
1082, 28
1083, 1
1084, 4
1085, 44
1086, 1
1087, 29
1088, 1
1089, 50
1090, 17
1091, 36
1092, 17
1093, 1
1094, 4
1095, 44
1096, 0
1097, 17
1098, 1
1099, 0
1100, 30
1101, 56
1102, 62
1103, 65
1104, 68
1105, 71
1106, 28
1107, 0
1108, 3
1109, 64
1110, 1
1111, 49
1112, 0
1113, 70
1114, 66
1115, 71
1116, 17
1117, 68
1118, 11
1119, 1
1120, 0
1121, 72
1122, 10
1123, 0
1124, 4
1125, 35
1126, 1
1127, 38
1128, 48
1129, 1
1130, 0
1131, 72
1132, 10
1133, 0
1134, 4
1135, 46
1136, 1
1137, 61
1138, 34
1139, 1
1140, 0
1141, 68
1142, 40
1143, 0
1144, 10
1145, 40
1146, 1
1147, 10
1148, 0
1149, 60
1150, 13
1151, 29
1152, 0
1153, 43
1154, 1
1155, 25
1156, 15
1157, 57
1158, 10
1159, 24
1160, 1
1161, 0
1162, 38
1163, 55
1164, 60
1165, 10
1166, 0
1167, 51
1168, 26
1169, 0
1170, 43
1171, 44
1172, 0
1173, 55
1174, 23
1175, 62
1176, 0
1177, 12
1178, 1
1179, 0
1180, 41
1181, 66
1182, 67
1183, 30
1184, 0
1185, 3
1186, 56
1187, 1
1188, 16
1189, 39
1190, 0
1191, 63
1192, 50
1193, 63
1194, 0
1195, 55
1196, 57
1197, 0
1198, 33
1199, 33
1200, 20
1201, 0
1202, 66
1203, 34
1204, 35
1205, 33
1206, 20
1207, 0
1208, 53
1209, 33
1210, 33
1211, 39
1212, 0
1213, 19
1214, 1
1215, 0
1216, 53
1217, 0
1218, 4
1219, 39
1220, 40
1221, 27
1222, 10
1223, 32
1224, 1
1225, 30
1226, 13
1227, 10
1228, 10
1229, 0
1230, 25
1231, 13
1232, 0
1233, 18
1234, 20
1235, 18
1236, 20
1237, 0
1238, 17
1239, 13
1240, 0
1241, 33
1242, 35
1243, 1
1244, 25
1245, 27
1246, 30
1247, 0
1248, 60
1249, 17
1250, 62
1251, 1
1252, 32
1253, 0
1254, 32
1255, 26
1256, 56
1257, 56
1258, 49
1259, 54
1260, 35
1261, 13
1262, 0
1263, 18
1264, 47
1265, 1
1266, 52
1267, 21
1268, 57
1269, 43
1270, 26
1271, 1
1272, 0
1273, 45
1274, 1
1275, 57
1276, 53
1277, 29
1278, 13
1279, 26
1280, 1
1281, 0
1282, 32
1283, 0
1284, 12
1285, 1
1286, 1
1287, 0
1288, 13
1289, 1
1290, 0
1291, 69
1292, 16
1293, 0
1294, 63
1295, 60
1296, 67
1297, 10
1298, 0
1299, 64
1300, 31
1301, 0
1302, 4
1303, 41
1304, 1
1305, 67
1306, 62
1307, 50
1308, 51
1309, 18
1310, 1
1311, 15
1312, 7
1313, 1
1314, 0
1315, 70
1316, 29
1317, 27
1318, 1
1319, 13
1320, 57
1321, 23
1322, 26
1323, 1
1324, 20
1325, 42
1326, 21
1327, 0
1328, 20
1329, 42
1330, 21
1331, 1
1332, 7
1333, 0
1334, 16
1335, 15
1336, 6
1337, 0
1338, 15
1339, 20
1340, 18
1341, 12
1342, 0
1343, 18
1344, 67
1345, 42
1346, 0
1347, 18
1348, 19
1349, 0
1350, 17
1351, 19
1352, 0
1353, 9
1354, 30
1355, 26
1356, 29
1357, 0
1358, 9
1359, 37
1360, 26
1361, 19
1362, 0
1363, 62
1364, 0
1365, 39
1366, 62
1367, 52
1368, 61
1369, 63
1370, 17
1371, 0
1372, 61
1373, 29
1374, 0
1375, 26
1376, 1
1377, 59
1378, 49
1379, 29
1380, 7
1381, 0
1382, 59
1383, 15
1384, 30
1385, 1
1386, 33
1387, 21
1388, 0
1389, 53
1390, 44
1391, 41
1392, 1
1393, 52
1394, 18
1395, 30
1396, 4
1397, 23
1398, 32
1399, 1
1400, 4
1401, 20
1402, 0
1403, 40
1404, 1
1405, 36
1406, 41
1407, 52
1408, 43
1409, 32
1410, 41
1411, 30
1412, 0
1413, 59
1414, 30
1415, 16
1416, 42
1417, 24
1418, 25
1419, 1
1420, 7
1421, 1
1422, 31
1423, 48
1424, 37
1425, 1
1426, 56
1427, 47
1428, 0
1429, 57
1430, 13
1431, 62
1432, 60
1433, 1
1434, 44
1435, 39
1436, 36
1437, 38
1438, 1
1439, 20
1440, 34
1441, 33
1442, 0
1443, 51
1444, 18
1445, 21
1446, 0
1447, 39
1448, 48
1449, 10
1450, 34
1451, 0
1452, 7
1453, 1
1454, 1
1455, 37
1456, 1
1457, 52
1458, 36
1459, 20
1460, 42
1461, 21
1462, 0
1463, 20
1464, 42
1465, 21
1466, 0
1467, 7
1468, 1
1469, 4
1470, 1
1471, 20
1472, 34
1473, 33
1474, 0
1475, 51
1476, 18
1477, 21
1478, 0
1479, 43
1480, 48
1481, 10
1482, 36
1483, 36
1484, 35
1485, 34
1486, 0
1487, 7
1488, 1
1489, 1
1490, 41
1491, 48
1492, 47
1493, 1
1494, 54
1495, 13
1496, 20
1497, 42
1498, 21
1499, 0
1500, 20
1501, 42
1502, 21
1503, 0
1504, 7
1505, 1
1506, 1
1507, 36
1508, 1
1509, 41
1510, 40
1511, 41
1512, 1
1513, 41
1514, 51
1515, 1
1516, 45
1517, 28
1518, 49
1519, 16
1520, 55
1521, 31
1522, 20
1523, 0
1524, 52
1525, 13
1526, 51
1527, 18
1528, 73
1529, 7
1530, 1
1531, 47
1532, 47
1533, 51
1534, 1
1535, 53
1536, 50
1537, 20
1538, 42
1539, 21
1540, 0
1541, 20
1542, 42
1543, 21
1544, 0
1545, 7
1546, 1
1547, 1
1548, 1
1549, 6
1550, 0
1551, 8
1552, 41
1553, 1
1554, 0
1555, 15
1556, 1
1557, 0
1558, 72
1559, 65
1560, 46
1561, 0
1562, 4
1563, 27
1564, 1
1565, 19
1566, 45
1567, 29
1568, 0
1569, 22
1570, 23
1571, 25
1572, 37
1573, 29
1574, 38
1575, 35
1576, 0
1577, 63
1578, 38
1579, 29
1580, 13
1581, 0
1582, 43
1583, 1
1584, 25
1585, 15
1586, 68
1587, 24
1588, 1
1589, 0
1590, 55
1591, 42
1592, 60
1593, 13
1594, 0
1595, 12
1596, 1
1597, 0
1598, 68
1599, 41
1600, 0
1601, 4
1602, 34
1603, 1
1604, 66
1605, 64
1606, 66
1607, 65
1608, 67
1609, 53
1610, 43
1611, 0
1612, 74
1613, 74
1614, 0
1615, 26
1616, 50
1617, 1
1618, 0
1619, 67
1620, 61
1621, 62
1622, 0
1623, 11
1624, 60
1625, 1
1626, 13
1627, 1
1628, 15
1629, 1
1630, 31
1631, 13
1632, 11
1633, 32
1634, 11
1635, 60
1636, 39
1637, 11
1638, 61
1639, 55
1640, 4
1641, 11
1642, 12
1643, 1
1644, 0
1645, 15
1646, 11
1647, 12
1648, 0
1649, 11
1650, 16
1651, 11
1652, 12
1653, 0
1654, 18
1655, 71
1656, 12
1657, 4
1658, 56
1659, 11
1660, 12
1661, 0
1662, 10
1663, 62
1664, 65
1665, 39
1666, 41
1667, 1
1668, 55
1669, 32
1670, 25
1671, 1
1672, 51
1673, 12
1674, 1
1675, 0
1676, 35
1677, 29
1678, 12
1679, 1
1680, 13
1681, 0
1682, 10
1683, 9
1684, 10
1685, 9
1686, 39
1687, 41
1688, 1
1689, 41
1690, 29
1691, 12
1692, 1
1693, 13
1694, 0
1695, 9
1696, 39
1697, 61
1698, 38
1699, 54
1700, 1
1701, 48
1702, 48
1703, 12
1704, 1
1705, 13
1706, 0
1707, 35
1708, 44
1709, 12
1710, 0
1711, 8
1712, 13
1713, 1
1714, 1
1715, 0
1716, 31
1717, 0
1718, 10
1719, 25
1720, 1
1721, 52
1722, 58
1723, 65
1724, 16
1725, 0
1726, 74
1727, 27
1728, 9
1729, 0
1730, 71
1731, 57
1732, 24
1733, 19
1734, 0
1735, 68
1736, 62
1737, 19
1738, 19
1739, 0
1740, 37
1741, 25
1742, 1
1743, 23
1744, 23
1745, 0
1746, 65
1747, 61
1748, 26
1749, 52
1750, 16
1751, 13
1752, 0
1753, 64
1754, 33
1755, 32
1756, 48
1757, 13
1758, 0
1759, 62
1760, 10
1761, 32
1762, 46
1763, 19
1764, 0
1765, 56
1766, 22
1767, 23
1768, 0
1769, 62
1770, 67
1771, 50
1772, 63
1773, 15
1774, 23
1775, 1
1776, 0
1777, 61
1778, 21
1779, 10
1780, 1
1781, 0
1782, 70
1783, 68
1784, 49
1785, 0
1786, 23
1787, 47
1788, 56
1789, 33
1790, 62
1791, 53
1792, 41
1793, 44
1794, 50
1795, 32
1796, 0
1797, 3
1798, 55
1799, 29
1800, 25
1801, 1
1802, 61
1803, 49
1804, 0
1805, 24
1806, 24
1807, 0
1808, 65
1809, 62
1810, 11
1811, 23
1812, 39
1813, 0
1814, 68
1815, 24
1816, 23
1817, 9
1818, 0
1819, 37
1820, 33
1821, 9
1822, 0
1823, 63
1824, 26
1825, 31
1826, 1
1827, 34
1828, 28
1829, 12
1830, 1
1831, 0
1832, 39
1833, 18
1834, 1
1835, 62
1836, 9
1837, 0
1838, 57
1839, 61
1840, 31
1841, 23
1842, 25
1843, 46
1844, 42
1845, 9
1846, 1
1847, 0
1848, 54
1849, 68
1850, 33
1851, 57
1852, 9
1853, 0
1854, 16
1855, 22
1856, 1
1857, 0
1858, 65
1859, 13
1860, 36
1861, 34
1862, 55
1863, 9
1864, 0
1865, 57
1866, 25
1867, 9
1868, 0
1869, 29
1870, 42
1871, 9
1872, 0
1873, 37
1874, 38
1875, 52
1876, 9
1877, 0
1878, 56
1879, 9
1880, 1
1881, 21
1882, 38
1883, 1
1884, 70
1885, 36
1886, 51
1887, 9
1888, 0
1889, 40
1890, 40
1891, 9
1892, 0
1893, 26
1894, 23
1895, 9
1896, 0
1897, 32
1898, 39
1899, 9
1900, 1
1901, 0
1902, 62
1903, 78
1904, 1
1905, 0
1906, 71
1907, 68
1908, 71
1909, 65
1910, 11
1911, 0
1912, 10
1913, 44
1914, 1
1915, 59
1916, 58
1917, 37
1918, 18
1919, 0
1920, 39
1921, 1
1922, 0
1923, 39
1924, 56
1925, 0
1926, 4
1927, 68
1928, 10
1929, 1
1930, 17
1931, 45
1932, 4
1933, 50
1934, 1
1935, 0
1936, 60
1937, 0
1938, 4
1939, 28
1940, 1
1941, 22
1942, 0
1943, 21
1944, 1
1945, 15
1946, 18
1947, 12
1948, 8
1949, 1
1950, 1
1951, 0
1952, 26
1953, 13
1954, 0
1955, 16
1956, 0
1957, 71
1958, 24
1959, 35
1960, 46
1961, 39
1962, 16
1963, 0
1964, 27
1965, 20
1966, 1
1967, 21
1968, 28
1969, 25
1970, 24
1971, 12
1972, 8
1973, 19
1974, 1
1975, 0
1976, 53
1977, 1
1978, 0
1979, 65
1980, 48
1981, 0
1982, 25
1983, 31
1984, 1
1985, 21
1986, 1
1987, 16
1988, 29
1989, 39
1990, 0
1991, 15
1992, 26
1993, 0
1994, 11
1995, 45
1996, 0
1997, 10
1998, 11
1999, 1
2000, 69
2001, 69
2002, 0
2003, 58
2004, 0
2005, 51
2006, 37
2007, 0
2008, 38
2009, 1
2010, 0
2011, 15
2012, 18
2013, 22
2014, 0
2015, 12
2016, 64
2017, 45
2018, 31
2019, 0
2020, 8
2021, 49
2022, 1
2023, 0
2024, 19
2025, 1
2026, 0
2027, 43
2028, 0
2029, 3
2030, 35
2031, 1
2032, 64
2033, 32
2034, 1
2035, 0
2036, 68
2037, 52
2038, 26
2039, 0
2040, 11
2041, 66
2042, 27
2043, 1
2044, 13
2045, 1
2046, 19
2047, 12
2048, 15
2049, 17
2050, 20
2051, 6
2052, 0
2053, 22
2054, 12
2055, 16
2056, 17
2057, 20
2058, 6
2059, 0
2060, 17
2061, 16
2062, 12
2063, 20
2064, 18
2065, 17
2066, 20
2067, 6
2068, 0
2069, 17
2070, 16
2071, 12
2072, 20
2073, 18
2074, 19
2075, 6
2076, 0
2077, 16
2078, 15
2079, 12
2080, 21
2081, 18
2082, 19
2083, 6
2084, 0
2085, 8
2086, 6
2087, 1
2088, 0
2089, 47
2090, 0
2091, 12
2092, 1
2093, 0
2094, 31
2095, 63
2096, 0
2097, 4
2098, 28
2099, 1
2100, 28
2101, 1
2102, 53
2103, 0
2104, 31
2105, 64
2106, 73
2107, 33
2108, 1
2109, 0
2110, 62
2111, 56
2112, 35
2113, 65
2114, 35
2115, 0
2116, 65
2117, 17
2118, 1
2119, 16
2120, 56
2121, 0
2122, 41
2123, 21
2124, 0
2125, 40
2126, 42
2127, 21
2128, 0
2129, 36
2130, 44
2131, 22
2132, 0
2133, 50
2134, 70
2135, 14
2136, 0
2137, 28
2138, 40
2139, 32
2140, 0
2141, 62
2142, 40
2143, 12
2144, 34
2145, 37
2146, 19
2147, 0
2148, 62
2149, 45
2150, 62
2151, 1
2152, 0
2153, 18
2154, 1
2155, 13
2156, 58
2157, 0
2158, 42
2159, 14
2160, 0
2161, 41
2162, 43
2163, 14
2164, 0
2165, 37
2166, 45
2167, 15
2168, 0
2169, 36
2170, 64
2171, 15
2172, 0
2173, 33
2174, 60
2175, 20
2176, 12
2177, 39
2178, 38
2179, 1
2180, 0
2181, 13
2182, 1
2183, 58
2184, 59
2185, 19
2186, 19
2187, 1
2188, 66
2189, 13
2190, 1
2191, 0
2192, 66
2193, 60
2194, 65
2195, 62
2196, 65
2197, 9
2198, 25
2199, 1
2200, 0
2201, 50
2202, 1
2203, 77
2204, 26
2205, 1
2206, 0
2207, 45
2208, 47
2209, 1
2210, 0
2211, 45
2212, 0
2213, 11
2214, 39
2215, 32
2216, 20
2217, 44
2218, 14
2219, 1
2220, 14
2221, 61
2222, 38
2223, 31
2224, 19
2225, 61
2226, 40
2227, 31
2228, 0
2229, 13
2230, 1
2231, 59
2232, 0
2233, 46
2234, 27
2235, 29
2236, 55
2237, 1
2238, 4
2239, 1
2240, 26
2241, 64
2242, 23
2243, 1
2244, 1
2245, 0
2246, 40
2247, 0
2248, 65
2249, 64
2250, 57
2251, 0
2252, 49
2253, 11
2254, 22
2255, 1
2256, 59
2257, 33
2258, 69
2259, 47
2260, 0
2261, 22
2262, 1
2263, 0
2264, 65
2265, 11
2266, 25
2267, 1
2268, 48
2269, 48
2270, 49
2271, 48
2272, 49
2273, 1
2274, 0
2275, 71
2276, 19
2277, 0
2278, 4
2279, 26
2280, 1
2281, 34
2282, 1
2283, 0
2284, 56
2285, 0
2286, 32
2287, 31
2288, 1
2289, 60
2290, 1
2291, 0
2292, 66
2293, 57
2294, 0
2295, 3
2296, 32
2297, 1
2298, 48
2299, 23
2300, 23
2301, 8
2302, 0
2303, 68
2304, 68
2305, 29
2306, 68
2307, 0
2308, 18
2309, 27
2310, 1
2311, 26
2312, 0
2313, 23
2314, 26
2315, 1
2316, 25
2317, 0
2318, 37
2319, 0
2320, 65
2321, 66
2322, 50
2323, 33
2324, 44
2325, 45
2326, 0
2327, 33
2328, 45
2329, 46
2330, 1
2331, 28
2332, 71
2333, 1
2334, 13
2335, 41
2336, 33
2337, 38
2338, 11
2339, 0
2340, 33
2341, 38
2342, 11
2343, 1
2344, 23
2345, 31
2346, 1
2347, 67
2348, 36
2349, 25
2350, 11
2351, 60
2352, 0
2353, 45
2354, 33
2355, 54
2356, 48
2357, 0
2358, 58
2359, 50
2360, 0
2361, 32
2362, 1
2363, 8
2364, 9
2365, 0
2366, 47
2367, 48
2368, 13
2369, 41
2370, 4
2371, 24
2372, 44
2373, 24
2374, 41
2375, 16
2376, 52
2377, 18
2378, 0
2379, 41
2380, 4
2381, 24
2382, 44
2383, 24
2384, 41
2385, 16
2386, 52
2387, 18
2388, 1
2389, 4
2390, 1
2391, 50
2392, 51
2393, 49
2394, 11
2395, 26
2396, 56
2397, 0
2398, 22
2399, 10
2400, 44
2401, 14
2402, 13
2403, 20
2404, 29
2405, 22
2406, 10
2407, 46
2408, 14
2409, 13
2410, 20
2411, 13
2412, 19
2413, 1
2414, 1
2415, 4
2416, 31
2417, 1
2418, 36
2419, 31
2420, 25
2421, 20
2422, 31
2423, 1
2424, 26
2425, 0
2426, 32
2427, 1
2428, 8
2429, 9
2430, 0
2431, 57
2432, 52
2433, 42
2434, 4
2435, 24
2436, 43
2437, 24
2438, 41
2439, 16
2440, 52
2441, 18
2442, 0
2443, 42
2444, 4
2445, 24
2446, 4
2447, 38
2448, 24
2449, 41
2450, 16
2451, 52
2452, 18
2453, 1
2454, 4
2455, 1
2456, 59
2457, 42
2458, 61
2459, 26
2460, 56
2461, 0
2462, 22
2463, 10
2464, 36
2465, 39
2466, 0
2467, 22
2468, 10
2469, 29
2470, 20
2471, 17
2472, 39
2473, 1
2474, 1
2475, 0
2476, 4
2477, 32
2478, 0
2479, 19
2480, 16
2481, 11
2482, 1
2483, 0
2484, 50
2485, 0
2486, 4
2487, 27
2488, 1
2489, 10
2490, 29
2491, 45
2492, 52
2493, 24
2494, 18
2495, 14
2496, 62
2497, 28
2498, 21
2499, 49
2500, 0
2501, 65
2502, 30
2503, 7
2504, 0
2505, 24
2506, 0
2507, 43
2508, 1
2509, 64
2510, 60
2511, 20
2512, 25
2513, 15
2514, 68
2515, 24
2516, 1
2517, 0
2518, 55
2519, 23
2520, 62
2521, 0
2522, 12
2523, 1
2524, 45
2525, 62
2526, 61
2527, 60
2528, 62
2529, 62
2530, 59
2531, 58
2532, 45
2533, 0
2534, 21
2535, 0
2536, 60
2537, 16
2538, 37
2539, 1
2540, 40
2541, 18
2542, 33
2543, 6
2544, 58
2545, 49
2546, 52
2547, 16
2548, 31
2549, 0
2550, 46
2551, 50
2552, 61
2553, 0
2554, 61
2555, 57
2556, 59
2557, 17
2558, 1
2559, 0
2560, 62
2561, 54
2562, 29
2563, 1
2564, 0
2565, 39
2566, 28
2567, 1
2568, 40
2569, 18
2570, 33
2571, 16
2572, 12
2573, 31
2574, 0
2575, 46
2576, 48
2577, 71
2578, 31
2579, 15
2580, 1
2581, 0
2582, 43
2583, 25
2584, 1
2585, 40
2586, 18
2587, 33
2588, 16
2589, 12
2590, 31
2591, 0
2592, 46
2593, 48
2594, 47
2595, 31
2596, 0
2597, 61
2598, 31
2599, 0
2600, 15
2601, 1
2602, 0
2603, 67
2604, 65
2605, 35
2606, 16
2607, 0
2608, 70
2609, 16
2610, 55
2611, 1
2612, 60
2613, 1
2614, 15
2615, 0
2616, 55
2617, 32
2618, 42
2619, 23
2620, 4
2621, 1
2622, 59
2623, 41
2624, 25
2625, 1
2626, 11
2627, 47
2628, 0
2629, 50
2630, 48
2631, 46
2632, 35
2633, 41
2634, 41
2635, 56
2636, 31
2637, 1
2638, 3
2639, 22
2640, 33
2641, 24
2642, 48
2643, 4
2644, 48
2645, 22
2646, 6
2647, 1
2648, 4
2649, 1
2650, 4
2651, 24
2652, 18
2653, 33
2654, 24
2655, 24
2656, 31
2657, 0
2658, 46
2659, 48
2660, 53
2661, 9
2662, 1
2663, 0
2664, 32
2665, 20
2666, 9
2667, 1
2668, 0
2669, 40
2670, 18
2671, 33
2672, 13
2673, 31
2674, 0
2675, 46
2676, 48
2677, 61
2678, 31
2679, 0
2680, 22
2681, 9
2682, 1
2683, 1
2684, 1
2685, 0
2686, 78
2687, 25
2688, 1
2689, 11
2690, 47
2691, 0
2692, 65
2693, 44
2694, 41
2695, 41
2696, 56
2697, 31
2698, 1
2699, 3
2700, 22
2701, 33
2702, 24
2703, 48
2704, 53
2705, 29
2706, 1
2707, 4
2708, 1
2709, 4
2710, 24
2711, 18
2712, 33
2713, 24
2714, 24
2715, 31
2716, 0
2717, 46
2718, 48
2719, 63
2720, 1
2721, 0
2722, 32
2723, 57
2724, 14
2725, 1
2726, 40
2727, 18
2728, 33
2729, 14
2730, 31
2731, 23
2732, 1
2733, 1
2734, 32
2735, 1
2736, 40
2737, 18
2738, 33
2739, 23
2740, 31
2741, 30
2742, 1
2743, 0
2744, 46
2745, 20
2746, 1
2747, 7
2748, 70
2749, 43
2750, 0
2751, 61
2752, 60
2753, 61
2754, 60
2755, 61
2756, 48
2757, 63
2758, 57
2759, 1
2760, 0
2761, 59
2762, 55
2763, 1
2764, 0
2765, 45
2766, 0
2767, 4
2768, 27
2769, 1
2770, 10
2771, 29
2772, 24
2773, 58
2774, 50
2775, 8
2776, 63
2777, 42
2778, 68
2779, 34
2780, 28
2781, 21
2782, 0
2783, 30
2784, 7
2785, 0
2786, 43
2787, 1
2788, 64
2789, 60
2790, 20
2791, 25
2792, 15
2793, 68
2794, 24
2795, 1
2796, 0
2797, 39
2798, 23
2799, 62
2800, 0
2801, 69
2802, 18
2803, 15
2804, 30
2805, 8
2806, 60
2807, 1
2808, 15
2809, 0
2810, 32
2811, 23
2812, 4
2813, 6
2814, 1
2815, 0
2816, 64
2817, 35
2818, 22
2819, 20
2820, 0
2821, 66
2822, 9
2823, 39
2824, 23
2825, 8
2826, 60
2827, 1
2828, 9
2829, 0
2830, 20
2831, 1
2832, 58
2833, 53
2834, 33
2835, 18
2836, 33
2837, 19
2838, 38
2839, 20
2840, 1
2841, 0
2842, 52
2843, 20
2844, 48
2845, 61
2846, 0
2847, 57
2848, 52
2849, 16
2850, 65
2851, 1
2852, 0
2853, 47
2854, 25
2855, 1
2856, 9
2857, 0
2858, 20
2859, 1
2860, 33
2861, 18
2862, 33
2863, 19
2864, 20
2865, 1
2866, 0
2867, 26
2868, 46
2869, 48
2870, 4
2871, 38
2872, 34
2873, 57
2874, 52
2875, 36
2876, 16
2877, 65
2878, 1
2879, 0
2880, 69
2881, 67
2882, 67
2883, 62
2884, 64
2885, 66
2886, 40
2887, 48
2888, 29
2889, 0
2890, 42
2891, 25
2892, 1
2893, 9
2894, 0
2895, 50
2896, 0
2897, 54
2898, 52
2899, 20
2900, 48
2901, 47
2902, 0
2903, 57
2904, 52
2905, 16
2906, 65
2907, 1
2908, 39
2909, 1
2910, 50
2911, 0
2912, 60
2913, 42
2914, 0
2915, 64
2916, 8
2917, 24
2918, 0
2919, 33
2920, 18
2921, 42
2922, 1
2923, 0
2924, 53
2925, 65
2926, 36
2927, 44
2928, 1
2929, 37
2930, 1
2931, 8
2932, 9
2933, 55
2934, 26
2935, 25
2936, 20
2937, 48
2938, 36
2939, 0
2940, 57
2941, 52
2942, 16
2943, 65
2944, 0
2945, 41
2946, 18
2947, 24
2948, 21
2949, 27
2950, 1
2951, 4
2952, 26
2953, 0
2954, 7
2955, 1
2956, 0
2957, 67
2958, 9
2959, 17
2960, 1
2961, 64
2962, 28
2963, 1
2964, 8
2965, 55
2966, 9
2967, 0
2968, 26
2969, 25
2970, 20
2971, 48
2972, 36
2973, 0
2974, 57
2975, 52
2976, 16
2977, 65
2978, 1
2979, 0
2980, 33
2981, 18
2982, 45
2983, 1
2984, 0
2985, 73
2986, 37
2987, 41
2988, 18
2989, 24
2990, 21
2991, 27
2992, 1
2993, 0
2994, 71
2995, 0
2996, 3
2997, 57
2998, 1
2999, 31
3000, 10
3001, 14
3002, 6
3003, 27
3004, 31
3005, 19
3006, 0
3007, 34
3008, 26
3009, 0
3010, 29
3011, 0
3012, 70
3013, 67
3014, 62
3015, 15
3016, 48
3017, 0
3018, 34
3019, 42
3020, 0
3021, 41
3022, 1
3023, 28
3024, 68
3025, 8
3026, 1
3027, 0
3028, 42
3029, 24
3030, 59
3031, 19
3032, 0
3033, 36
3034, 1
3035, 32
3036, 53
3037, 40
3038, 19
3039, 1
3040, 0
3041, 40
3042, 1
3043, 0
3044, 72
3045, 52
3046, 0
3047, 3
3048, 62
3049, 19
3050, 1
3051, 31
3052, 10
3053, 14
3054, 6
3055, 9
3056, 29
3057, 31
3058, 19
3059, 0
3060, 35
3061, 23
3062, 0
3063, 65
3064, 28
3065, 0
3066, 30
3067, 0
3068, 70
3069, 67
3070, 56
3071, 15
3072, 1
3073, 64
3074, 0
3075, 19
3076, 1
3077, 23
3078, 18
3079, 31
3080, 12
3081, 1
3082, 0
3083, 64
3084, 13
3085, 22
3086, 0
3087, 25
3088, 52
3089, 36
3090, 18
3091, 1
3092, 30
3093, 45
3094, 1
3095, 1
3096, 4
3097, 1
3098, 53
3099, 18
3100, 24
3101, 28
3102, 23
3103, 12
3104, 29
3105, 19
3106, 0
3107, 66
3108, 62
3109, 15
3110, 18
3111, 45
3112, 0
3113, 19
3114, 1
3115, 18
3116, 33
3117, 23
3118, 14
3119, 26
3120, 8
3121, 0
3122, 18
3123, 45
3124, 0
3125, 64
3126, 19
3127, 42
3128, 45
3129, 1
3130, 0
3131, 36
3132, 1
3133, 22
3134, 65
3135, 29
3136, 18
3137, 49
3138, 19
3139, 1
3140, 1
3141, 0
3142, 52
3143, 0
3144, 69
3145, 56
3146, 66
3147, 63
3148, 58
3149, 63
3150, 64
3151, 64
3152, 13
3153, 18
3154, 1
3155, 19
3156, 1
3157, 63
3158, 53
3159, 27
3160, 57
3161, 57
3162, 16
3163, 49
3164, 18
3165, 1
3166, 0
3167, 31
3168, 1
3169, 0
3170, 12
3171, 1
3172, 0
3173, 72
3174, 0
3175, 4
3176, 39
3177, 1
3178, 14
3179, 0
3180, 24
3181, 18
3182, 0
3183, 66
3184, 51
3185, 14
3186, 58
3187, 1
3188, 59
3189, 0
3190, 30
3191, 0
3192, 57
3193, 61
3194, 13
3195, 28
3196, 27
3197, 30
3198, 1
3199, 24
3200, 1
3201, 53
3202, 50
3203, 33
3204, 16
3205, 30
3206, 43
3207, 65
3208, 25
3209, 48
3210, 25
3211, 39
3212, 21
3213, 30
3214, 52
3215, 8
3216, 1
3217, 4
3218, 1
3219, 53
3220, 53
3221, 52
3222, 52
3223, 50
3224, 51
3225, 53
3226, 51
3227, 49
3228, 41
3229, 21
3230, 0
3231, 30
3232, 43
3233, 47
3234, 24
3235, 25
3236, 48
3237, 25
3238, 39
3239, 21
3240, 30
3241, 52
3242, 30
3243, 0
3244, 55
3245, 38
3246, 42
3247, 23
3248, 9
3249, 1
3250, 1
3251, 4
3252, 62
3253, 10
3254, 42
3255, 0
3256, 40
3257, 1
3258, 1
3259, 0
3260, 66
3261, 62
3262, 67
3263, 66
3264, 0
3265, 4
3266, 44
3267, 1
3268, 24
3269, 1
3270, 22
3271, 30
3272, 22
3273, 1
3274, 1
3275, 0
3276, 52
3277, 69
3278, 65
3279, 12
3280, 0
3281, 11
3282, 42
3283, 1
3284, 10
3285, 28
3286, 10
3287, 1
3288, 0
3289, 49
3290, 0
3291, 4
3292, 46
3293, 1
3294, 40
3295, 0
3296, 28
3297, 1
3298, 34
3299, 16
3300, 48
3301, 26
3302, 0
3303, 20
3304, 45
3305, 53
3306, 1
3307, 4
3308, 34
3309, 1
3310, 0
3311, 48
3312, 0
3313, 4
3314, 49
3315, 1
3316, 28
3317, 1
3318, 26
3319, 0
3320, 20
3321, 45
3322, 71
3323, 1
3324, 4
3325, 26
3326, 1
3327, 0
3328, 51
3329, 0
3330, 4
3331, 53
3332, 1
3333, 26
3334, 1
3335, 6
3336, 0
3337, 12
3338, 27
3339, 39
3340, 28
3341, 26
3342, 28
3343, 25
3344, 1
3345, 21
3346, 24
3347, 6
3348, 0
3349, 24
3350, 26
3351, 6
3352, 0
3353, 25
3354, 18
3355, 25
3356, 4
3357, 23
3358, 6
3359, 0
3360, 28
3361, 18
3362, 40
3363, 4
3364, 35
3365, 6
3366, 0
3367, 8
3368, 19
3369, 1
3370, 12
3371, 0
3372, 8
3373, 13
3374, 1
3375, 1
3376, 0
3377, 51
3378, 0
3379, 10
3380, 52
3381, 30
3382, 1
3383, 53
3384, 1
3385, 0
3386, 57
3387, 0
3388, 11
3389, 49
3390, 40
3391, 27
3392, 22
3393, 16
3394, 1
3395, 37
3396, 1
3397, 51
3398, 41
3399, 36
3400, 1
3401, 0
3402, 18
3403, 22
3404, 54
3405, 42
3406, 1
3407, 0
3408, 61
3409, 63
3410, 0
3411, 11
3412, 61
3413, 34
3414, 28
3415, 1
3416, 53
3417, 44
3418, 1
3419, 0
3420, 0
3421, 10
3422, 68
3423, 39
3424, 1
3425, 41
3426, 49
3427, 42
3428, 44
3429, 22
3430, 4
3431, 9
3432, 1
3433, 0
3434, 50
3435, 0
3436, 11
3437, 66
3438, 1
3439, 21
3440, 14
3441, 7
3442, 0
3443, 29
3444, 44
3445, 0
3446, 70
3447, 66
3448, 10
3449, 8
3450, 23
3451, 50
3452, 28
3453, 13
3454, 0
3455, 48
3456, 1
3457, 26
3458, 0
3459, 64
3460, 57
3461, 62
3462, 27
3463, 64
3464, 12
3465, 59
3466, 16
3467, 1
3468, 0
3469, 47
3470, 1
3471, 26
3472, 0
3473, 64
3474, 12
3475, 59
3476, 16
3477, 1
3478, 0
3479, 28
3480, 50
3481, 28
3482, 10
3483, 1
3484, 0
3485, 5
3486, 65
3487, 69
3488, 41
3489, 0
3490, 29
3491, 0
3492, 13
3493, 16
3494, 1
3495, 20
3496, 1
3497, 0
3498, 27
3499, 0
3500, 12
3501, 16
3502, 1
3503, 36
3504, 1
3505, 0
3506, 20
3507, 0
3508, 3
3509, 19
3510, 1
3511, 19
3512, 1
3513, 0
3514, 28
3515, 0
3516, 3
3517, 29
3518, 1
3519, 25
3520, 1
3521, 0
3522, 22
3523, 0
3524, 3
3525, 19
3526, 1
3527, 37
3528, 1
3529, 0
3530, 72
3531, 35
3532, 0
3533, 20
3534, 0
3535, 3
3536, 20
3537, 1
3538, 24
3539, 1
3540, 0
3541, 20
3542, 0
3543, 3
3544, 20
3545, 1
3546, 24
3547, 1
3548, 6
3549, 0
3550, 20
3551, 0
3552, 2
3553, 18
3554, 27
3555, 21
3556, 6
3557, 2
