1, 48
2, 77
3, 1
4, 29
5, 1
6, 63
7, 69
8, 68
9, 19
10, 1
11, 58
12, 63
13, 62
14, 45
15, 1
16, 66
17, 59
18, 59
19, 32
20, 1
21, 20
22, 20
23, 17
24, 18
25, 18
26, 20
27, 19
28, 18
29, 26
30, 18
31, 25
32, 24
33, 20
34, 23
35, 19
36, 21
37, 18
38, 20
39, 19
40, 22
41, 17
42, 20
43, 20
44, 24
45, 1
46, 72
47, 70
48, 50
49, 47
50, 58
51, 1
52, 50
53, 40
54, 48
55, 1
56, 54
57, 1
58, 71
59, 19
60, 22
61, 22
62, 1
63, 62
64, 19
65, 51
66, 2
67, 68
68, 64
69, 64
70, 68
71, 53
72, 3
73, 1
74, 66
75, 20
76, 47
77, 2
78, 75
79, 70
80, 70
81, 70
82, 75
83, 71
84, 35
85, 3
86, 1
87, 19
88, 2
89, 67
90, 76
91, 68
92, 46
93, 68
94, 20
95, 17
96, 15
97, 50
98, 79
99, 31
100, 18
101, 18
102, 18
103, 20
104, 3
105, 1
106, 13
107, 2
108, 11
109, 17
110, 17
111, 17
112, 17
113, 19
114, 2
115, 11
116, 1
117, 68
118, 65
119, 63
120, 78
121, 90
122, 93
123, 80
124, 63
125, 68
126, 63
127, 63
128, 88
129, 64
130, 64
131, 64
132, 64
133, 53
134, 91
135, 25
136, 73
137, 72
138, 7
139, 75
140, 75
141, 77
142, 2
143, 44
144, 40
145, 36
146, 69
147, 7
148, 1
149, 25
150, 34
151, 48
152, 34
153, 47
154, 7
155, 1
156, 30
157, 53
158, 33
159, 55
160, 34
161, 61
162, 34
163, 61
164, 1
165, 48
166, 2
167, 71
168, 12
169, 38
170, 20
171, 15
172, 2
173, 59
174, 82
175, 6
176, 42
177, 18
178, 68
179, 9
180, 10
181, 78
182, 61
183, 39
184, 61
185, 41
186, 10
187, 44
188, 1
189, 59
190, 44
191, 6
192, 1
193, 12
194, 6
195, 16
196, 32
197, 1
198, 21
199, 10
200, 47
201, 45
202, 22
203, 10
204, 7
205, 25
206, 71
207, 11
208, 71
209, 7
210, 24
211, 6
212, 2
213, 1
214, 50
215, 35
216, 1
217, 11
218, 23
219, 18
220, 2
221, 11
222, 26
223, 3
224, 15
225, 1
226, 52
227, 6
228, 55
229, 10
230, 22
231, 40
232, 10
233, 6
234, 1
235, 25
236, 2
237, 1
238, 53
239, 1
240, 5
241, 40
242, 20
243, 12
244, 2
245, 24
246, 6
247, 14
248, 54
249, 13
250, 7
251, 15
252, 8
253, 32
254, 33
255, 1
256, 36
257, 12
258, 73
259, 29
260, 26
261, 26
262, 12
263, 1
264, 34
265, 12
266, 26
267, 64
268, 38
269, 19
270, 1
271, 19
272, 27
273, 1
274, 22
275, 12
276, 8
277, 1
278, 13
279, 1
280, 13
281, 37
282, 13
283, 6
284, 2
285, 1
286, 63
287, 31
288, 1
289, 72
290, 28
291, 39
292, 41
293, 37
294, 51
295, 47
296, 53
297, 1
298, 5
299, 38
300, 20
301, 12
302, 15
303, 2
304, 16
305, 6
306, 14
307, 27
308, 38
309, 11
310, 67
311, 13
312, 14
313, 61
314, 13
315, 14
316, 62
317, 13
318, 14
319, 48
320, 13
321, 14
322, 50
323, 13
324, 14
325, 56
326, 28
327, 10
328, 18
329, 54
330, 17
331, 18
332, 38
333, 63
334, 17
335, 17
336, 20
337, 10
338, 13
339, 14
340, 60
341, 42
342, 13
343, 14
344, 50
345, 13
346, 14
347, 56
348, 13
349, 1
350, 13
351, 28
352, 10
353, 18
354, 50
355, 17
356, 18
357, 40
358, 17
359, 17
360, 41
361, 17
362, 10
363, 13
364, 6
365, 2
366, 1
367, 35
368, 1
369, 4
370, 30
371, 14
372, 25
373, 2
374, 1
375, 26
376, 1
377, 25
378, 38
379, 38
380, 38
381, 49
382, 54
383, 23
384, 40
385, 42
386, 14
387, 48
388, 48
389, 48
390, 50
391, 62
392, 1
393, 52
394, 2
395, 1
396, 70
397, 75
398, 80
399, 1
400, 4
401, 19
402, 12
403, 2
404, 11
405, 1
406, 43
407, 14
408, 1
409, 30
410, 4
411, 25
412, 53
413, 14
414, 40
415, 37
416, 14
417, 41
418, 62
419, 14
420, 1
421, 30
422, 12
423, 2
424, 1
425, 46
426, 1
427, 4
428, 19
429, 12
430, 2
431, 11
432, 1
433, 43
434, 14
435, 1
436, 30
437, 1
438, 36
439, 28
440, 14
441, 40
442, 37
443, 14
444, 41
445, 62
446, 14
447, 3
448, 30
449, 12
450, 2
451, 1
452, 78
453, 79
454, 16
455, 1
456, 4
457, 31
458, 25
459, 2
460, 32
461, 3
462, 35
463, 6
464, 30
465, 7
466, 20
467, 10
468, 17
469, 40
470, 14
471, 52
472, 24
473, 14
474, 17
475, 11
476, 17
477, 17
478, 10
479, 6
480, 3
481, 12
482, 2
483, 1
484, 46
485, 1
486, 4
487, 29
488, 25
489, 2
490, 30
491, 30
492, 46
493, 1
494, 55
495, 35
496, 1
497, 32
498, 57
499, 16
500, 6
501, 58
502, 17
503, 25
504, 7
505, 56
506, 74
507, 39
508, 13
509, 1
510, 67
511, 17
512, 25
513, 7
514, 65
515, 39
516, 39
517, 13
518, 1
519, 58
520, 17
521, 25
522, 7
523, 56
524, 42
525, 38
526, 31
527, 43
528, 39
529, 13
530, 1
531, 59
532, 60
533, 10
534, 59
535, 56
536, 61
537, 61
538, 62
539, 54
540, 27
541, 20
542, 17
543, 10
544, 18
545, 25
546, 7
547, 65
548, 60
549, 39
550, 13
551, 1
552, 59
553, 18
554, 25
555, 7
556, 57
557, 60
558, 39
559, 13
560, 1
561, 13
562, 13
563, 6
564, 1
565, 81
566, 3
567, 17
568, 2
569, 1
570, 1
571, 4
572, 29
573, 12
574, 2
575, 24
576, 6
577, 21
578, 20
579, 16
580, 16
581, 23
582, 55
583, 55
584, 55
585, 13
586, 16
587, 6
588, 2
589, 1
590, 4
591, 37
592, 12
593, 29
594, 2
595, 55
596, 2
597, 1
598, 62
599, 1
600, 7
601, 36
602, 21
603, 16
604, 2
605, 26
606, 31
607, 3
608, 20
609, 6
610, 26
611, 10
612, 48
613, 22
614, 11
615, 73
616, 45
617, 10
618, 1
619, 44
620, 6
621, 7
622, 6
623, 26
624, 10
625, 48
626, 22
627, 11
628, 45
629, 22
630, 11
631, 93
632, 10
633, 7
634, 45
635, 6
636, 1
637, 17
638, 2
639, 1
640, 58
641, 1
642, 11
643, 27
644, 16
645, 2
646, 34
647, 14
648, 3
649, 33
650, 34
651, 14
652, 3
653, 36
654, 34
655, 14
656, 3
657, 12
658, 2
659, 1
660, 65
661, 1
662, 4
663, 34
664, 17
665, 2
666, 12
667, 4
668, 52
669, 2
670, 1
671, 49
672, 1
673, 4
674, 35
675, 17
676, 2
677, 12
678, 1
679, 54
680, 9
681, 1
682, 71
683, 33
684, 3
685, 20
686, 46
687, 38
688, 37
689, 38
690, 36
691, 36
692, 36
693, 36
694, 35
695, 35
696, 40
697, 1
698, 11
699, 34
700, 17
701, 14
702, 14
703, 2
704, 9
705, 26
706, 1
707, 34
708, 48
709, 3
710, 23
711, 6
712, 39
713, 10
714, 23
715, 20
716, 10
717, 7
718, 32
719, 10
720, 46
721, 14
722, 30
723, 22
724, 15
725, 24
726, 14
727, 11
728, 46
729, 14
730, 30
731, 22
732, 15
733, 24
734, 14
735, 10
736, 7
737, 25
738, 7
739, 32
740, 10
741, 46
742, 14
743, 30
744, 22
745, 15
746, 24
747, 14
748, 11
749, 49
750, 14
751, 24
752, 33
753, 15
754, 24
755, 14
756, 11
757, 48
758, 14
759, 25
760, 32
761, 15
762, 24
763, 14
764, 11
765, 21
766, 10
767, 7
768, 19
769, 19
770, 7
771, 31
772, 10
773, 17
774, 11
775, 40
776, 25
777, 21
778, 29
779, 46
780, 11
781, 40
782, 14
783, 22
784, 24
785, 15
786, 24
787, 14
788, 11
789, 23
790, 82
791, 11
792, 21
793, 11
794, 52
795, 14
796, 22
797, 24
798, 15
799, 24
800, 14
801, 10
802, 7
803, 62
804, 10
805, 26
806, 11
807, 21
808, 10
809, 7
810, 62
811, 10
812, 26
813, 11
814, 21
815, 10
816, 6
817, 3
818, 12
819, 2
820, 1
821, 1
822, 72
823, 74
824, 75
825, 74
826, 66
827, 1
828, 4
829, 27
830, 16
831, 14
832, 2
833, 12
834, 1
835, 75
836, 32
837, 28
838, 1
839, 27
840, 34
841, 14
842, 1
843, 67
844, 36
845, 64
846, 6
847, 40
848, 67
849, 1
850, 44
851, 10
852, 67
853, 53
854, 51
855, 22
856, 46
857, 22
858, 10
859, 40
860, 10
861, 54
862, 22
863, 46
864, 22
865, 10
866, 6
867, 1
868, 67
869, 70
870, 12
871, 2
872, 1
873, 1
874, 41
875, 1
876, 4
877, 22
878, 15
879, 2
880, 70
881, 59
882, 59
883, 44
884, 31
885, 1
886, 39
887, 2
888, 1
889, 42
890, 1
891, 4
892, 23
893, 15
894, 2
895, 37
896, 2
897, 1
898, 36
899, 1
900, 4
901, 25
902, 24
903, 2
904, 27
905, 14
906, 32
907, 14
908, 32
909, 14
910, 32
911, 14
912, 1
913, 13
914, 2
915, 1
916, 40
917, 1
918, 4
919, 29
920, 24
921, 2
922, 27
923, 14
924, 32
925, 14
926, 1
927, 13
928, 2
929, 1
930, 57
931, 1
932, 13
933, 31
934, 14
935, 15
936, 2
937, 23
938, 11
939, 1
940, 25
941, 1
942, 33
943, 6
944, 31
945, 10
946, 43
947, 11
948, 58
949, 10
950, 18
951, 8
952, 1
953, 13
954, 2
955, 1
956, 57
957, 1
958, 13
959, 31
960, 14
961, 15
962, 2
963, 23
964, 11
965, 1
966, 25
967, 1
968, 33
969, 6
970, 31
971, 10
972, 43
973, 11
974, 58
975, 10
976, 7
977, 18
978, 8
979, 1
980, 13
981, 2
982, 1
983, 73
984, 72
985, 32
986, 1
987, 13
988, 42
989, 21
990, 16
991, 24
992, 2
993, 18
994, 20
995, 23
996, 1
997, 33
998, 1
999, 50
1000, 49
1001, 6
1002, 37
1003, 37
1004, 6
1005, 54
1006, 6
1007, 37
1008, 37
1009, 1
1010, 58
1011, 28
1012, 6
1013, 43
1014, 43
1015, 1
1016, 59
1017, 1
1018, 13
1019, 38
1020, 1
1021, 69
1022, 71
1023, 69
1024, 65
1025, 44
1026, 51
1027, 49
1028, 53
1029, 49
1030, 54
1031, 4
1032, 41
1033, 33
1034, 6
1035, 17
1036, 52
1037, 11
1038, 52
1039, 6
1040, 7
1041, 6
1042, 17
1043, 52
1044, 11
1045, 52
1046, 6
1047, 1
1048, 13
1049, 2
1050, 1
1051, 73
1052, 67
1053, 1
1054, 13
1055, 35
1056, 32
1057, 21
1058, 2
1059, 12
1060, 23
1061, 24
1062, 17
1063, 1
1064, 63
1065, 14
1066, 1
1067, 33
1068, 32
1069, 33
1070, 1
1071, 26
1072, 29
1073, 3
1074, 33
1075, 31
1076, 31
1077, 3
1078, 37
1079, 31
1080, 32
1081, 3
1082, 8
1083, 32
1084, 1
1085, 49
1086, 39
1087, 1
1088, 13
1089, 2
1090, 1
1091, 34
1092, 1
1093, 20
1094, 37
1095, 29
1096, 21
1097, 2
1098, 20
1099, 16
1100, 23
1101, 17
1102, 21
1103, 23
1104, 13
1105, 1
1106, 32
1107, 4
1108, 61
1109, 6
1110, 66
1111, 75
1112, 69
1113, 16
1114, 6
1115, 1
1116, 21
1117, 15
1118, 1
1119, 68
1120, 33
1121, 33
1122, 3
1123, 20
1124, 35
1125, 1
1126, 42
1127, 47
1128, 21
1129, 7
1130, 20
1131, 1
1132, 26
1133, 48
1134, 3
1135, 33
1136, 31
1137, 50
1138, 3
1139, 37
1140, 31
1141, 51
1142, 3
1143, 8
1144, 51
1145, 1
1146, 20
1147, 6
1148, 12
1149, 29
1150, 13
1151, 24
1152, 82
1153, 13
1154, 24
1155, 87
1156, 13
1157, 24
1158, 87
1159, 13
1160, 25
1161, 70
1162, 88
1163, 13
1164, 25
1165, 89
1166, 13
1167, 25
1168, 89
1169, 13
1170, 25
1171, 88
1172, 13
1173, 24
1174, 87
1175, 13
1176, 24
1177, 94
1178, 13
1179, 24
1180, 94
1181, 13
1182, 13
1183, 17
1184, 6
1185, 3
1186, 39
1187, 1
1188, 13
1189, 2
1190, 1
1191, 46
1192, 1
1193, 13
1194, 41
1195, 32
1196, 21
1197, 46
1198, 2
1199, 25
1200, 25
1201, 1
1202, 29
1203, 6
1204, 33
1205, 25
1206, 58
1207, 31
1208, 16
1209, 57
1210, 10
1211, 38
1212, 10
1213, 54
1214, 58
1215, 15
1216, 61
1217, 16
1218, 27
1219, 37
1220, 27
1221, 38
1222, 27
1223, 38
1224, 23
1225, 26
1226, 16
1227, 10
1228, 44
1229, 10
1230, 20
1231, 11
1232, 61
1233, 34
1234, 61
1235, 47
1236, 61
1237, 48
1238, 77
1239, 76
1240, 16
1241, 81
1242, 10
1243, 11
1244, 75
1245, 6
1246, 58
1247, 28
1248, 8
1249, 19
1250, 29
1251, 19
1252, 30
1253, 19
1254, 30
1255, 15
1256, 18
1257, 8
1258, 1
1259, 12
1260, 2
1261, 1
1262, 63
1263, 70
1264, 71
1265, 1
1266, 13
1267, 41
1268, 21
1269, 46
1270, 2
1271, 25
1272, 25
1273, 1
1274, 29
1275, 6
1276, 33
1277, 10
1278, 36
1279, 36
1280, 11
1281, 59
1282, 36
1283, 61
1284, 15
1285, 61
1286, 10
1287, 38
1288, 10
1289, 47
1290, 36
1291, 28
1292, 11
1293, 46
1294, 53
1295, 46
1296, 38
1297, 46
1298, 14
1299, 54
1300, 52
1301, 59
1302, 52
1303, 19
1304, 26
1305, 14
1306, 15
1307, 22
1308, 1
1309, 53
1310, 33
1311, 14
1312, 54
1313, 51
1314, 15
1315, 61
1316, 44
1317, 14
1318, 15
1319, 49
1320, 10
1321, 44
1322, 10
1323, 33
1324, 14
1325, 49
1326, 65
1327, 54
1328, 67
1329, 43
1330, 67
1331, 54
1332, 68
1333, 19
1334, 26
1335, 1
1336, 36
1337, 47
1338, 19
1339, 44
1340, 14
1341, 15
1342, 14
1343, 49
1344, 66
1345, 54
1346, 68
1347, 43
1348, 68
1349, 54
1350, 69
1351, 19
1352, 26
1353, 15
1354, 36
1355, 46
1356, 19
1357, 43
1358, 14
1359, 10
1360, 11
1361, 18
1362, 6
1363, 59
1364, 41
1365, 7
1366, 14
1367, 2
1368, 1
1369, 41
1370, 1
1371, 63
1372, 1
1373, 4
1374, 40
1375, 13
1376, 29
1377, 2
1378, 65
1379, 68
1380, 14
1381, 1
1382, 37
1383, 2
1384, 1
1385, 67
1386, 1
1387, 4
1388, 40
1389, 13
1390, 29
1391, 2
1392, 52
1393, 14
1394, 3
1395, 37
1396, 2
1397, 1
1398, 54
1399, 1
1400, 4
1401, 35
1402, 13
1403, 29
1404, 2
1405, 37
1406, 14
1407, 1
1408, 31
1409, 26
1410, 1
1411, 28
1412, 33
1413, 1
1414, 12
1415, 2
1416, 1
1417, 67
1418, 43
1419, 1
1420, 4
1421, 32
1422, 13
1423, 29
1424, 2
1425, 42
1426, 14
1427, 1
1428, 28
1429, 14
1430, 1
1431, 31
1432, 2
1433, 1
1434, 71
1435, 1
1436, 4
1437, 33
1438, 13
1439, 29
1440, 2
1441, 35
1442, 14
1443, 1
1444, 66
1445, 14
1446, 3
1447, 12
1448, 2
1449, 1
1450, 71
1451, 1
1452, 4
1453, 33
1454, 13
1455, 29
1456, 2
1457, 35
1458, 14
1459, 1
1460, 66
1461, 14
1462, 1
1463, 12
1464, 2
1465, 1
1466, 75
1467, 1
1468, 4
1469, 39
1470, 13
1471, 29
1472, 2
1473, 35
1474, 14
1475, 1
1476, 36
1477, 38
1478, 27
1479, 14
1480, 1
1481, 12
1482, 2
1483, 1
1484, 4
1485, 35
1486, 13
1487, 29
1488, 2
1489, 35
1490, 14
1491, 1
1492, 34
1493, 6
1494, 73
1495, 18
1496, 6
1497, 3
1498, 12
1499, 2
1500, 1
1501, 4
1502, 27
1503, 13
1504, 2
1505, 67
1506, 14
1507, 3
1508, 12
1509, 2
1510, 1
1511, 4
1512, 33
1513, 13
1514, 29
1515, 2
1516, 35
1517, 14
1518, 1
1519, 66
1520, 14
1521, 1
1522, 12
1523, 2
1524, 1
1525, 60
1526, 1
1527, 4
1528, 35
1529, 13
1530, 29
1531, 2
1532, 35
1533, 14
1534, 1
1535, 70
1536, 14
1537, 1
1538, 12
1539, 2
1540, 1
1541, 4
1542, 39
1543, 13
1544, 29
1545, 2
1546, 35
1547, 14
1548, 1
1549, 34
1550, 14
1551, 1
1552, 12
1553, 2
1554, 1
1555, 81
1556, 1
1557, 4
1558, 33
1559, 13
1560, 29
1561, 2
1562, 35
1563, 14
1564, 1
1565, 66
1566, 14
1567, 3
1568, 12
1569, 2
1570, 1
1571, 60
1572, 1
1573, 4
1574, 35
1575, 13
1576, 46
1577, 2
1578, 66
1579, 14
1580, 1
1581, 12
1582, 2
1583, 1
1584, 68
1585, 1
1586, 4
1587, 32
1588, 13
1589, 29
1590, 2
1591, 35
1592, 14
1593, 1
1594, 34
1595, 6
1596, 16
1597, 7
1598, 82
1599, 79
1600, 84
1601, 85
1602, 85
1603, 72
1604, 9
1605, 70
1606, 20
1607, 9
1608, 6
1609, 3
1610, 12
1611, 2
1612, 1
1613, 72
1614, 1
1615, 4
1616, 33
1617, 13
1618, 29
1619, 2
1620, 35
1621, 14
1622, 1
1623, 54
1624, 14
1625, 3
1626, 12
1627, 2
1628, 1
1629, 37
1630, 1
1631, 4
1632, 29
1633, 21
1634, 2
1635, 36
1636, 35
1637, 12
1638, 24
1639, 1
1640, 77
1641, 77
1642, 43
1643, 57
1644, 6
1645, 46
1646, 58
1647, 40
1648, 10
1649, 31
1650, 56
1651, 84
1652, 10
1653, 11
1654, 10
1655, 28
1656, 56
1657, 82
1658, 10
1659, 7
1660, 16
1661, 6
1662, 1
1663, 65
1664, 71
1665, 24
1666, 66
1667, 1
1668, 35
1669, 59
1670, 14
1671, 3
1672, 37
1673, 60
1674, 14
1675, 1
1676, 73
1677, 75
1678, 72
1679, 21
1680, 1
1681, 54
1682, 46
1683, 50
1684, 6
1685, 73
1686, 52
1687, 69
1688, 16
1689, 6
1690, 1
1691, 34
1692, 70
1693, 1
1694, 63
1695, 49
1696, 66
1697, 1
1698, 65
1699, 72
1700, 14
1701, 1
1702, 65
1703, 71
1704, 72
1705, 49
1706, 1
1707, 70
1708, 65
1709, 65
1710, 69
1711, 15
1712, 52
1713, 6
1714, 67
1715, 45
1716, 63
1717, 6
1718, 1
1719, 38
1720, 17
1721, 43
1722, 74
1723, 3
1724, 48
1725, 66
1726, 1
1727, 12
1728, 2
1729, 1
1730, 69
1731, 54
1732, 4
1733, 41
1734, 13
1735, 46
1736, 2
1737, 31
1738, 18
1739, 16
1740, 9
1741, 1
1742, 58
1743, 17
1744, 46
1745, 57
1746, 57
1747, 14
1748, 1
1749, 54
1750, 53
1751, 1
1752, 30
1753, 6
1754, 36
1755, 1
1756, 32
1757, 46
1758, 49
1759, 70
1760, 46
1761, 49
1762, 56
1763, 73
1764, 71
1765, 66
1766, 18
1767, 6
1768, 1
1769, 12
1770, 2
1771, 1
1772, 46
1773, 1
1774, 4
1775, 42
1776, 13
1777, 46
1778, 2
1779, 31
1780, 17
1781, 17
1782, 9
1783, 1
1784, 58
1785, 17
1786, 46
1787, 57
1788, 57
1789, 14
1790, 1
1791, 52
1792, 55
1793, 1
1794, 30
1795, 6
1796, 36
1797, 1
1798, 32
1799, 45
1800, 48
1801, 65
1802, 46
1803, 49
1804, 57
1805, 75
1806, 72
1807, 67
1808, 18
1809, 6
1810, 1
1811, 12
1812, 2
1813, 2
1814, 66
1815, 33
1816, 1
1817, 63
1818, 1
1819, 35
1820, 30
1821, 28
1822, 49
1823, 1
1824, 71
1825, 76
1826, 70
1827, 46
1828, 1
1829, 51
1830, 2
1831, 46
1832, 39
1833, 3
1834, 1
1835, 12
1836, 71
1837, 24
1838, 23
1839, 15
1840, 16
1841, 17
1842, 2
1843, 15
1844, 29
1845, 17
1846, 17
1847, 17
1848, 12
1849, 26
1850, 26
1851, 1
1852, 33
1853, 1
1854, 72
1855, 55
1856, 33
1857, 1
1858, 36
1859, 1
1860, 35
1861, 3
1862, 25
1863, 6
1864, 25
1865, 39
1866, 6
1867, 1
1868, 5
1869, 6
1870, 22
1871, 7
1872, 20
1873, 22
1874, 1
1875, 20
1876, 10
1877, 57
1878, 35
1879, 14
1880, 68
1881, 58
1882, 53
1883, 14
1884, 11
1885, 32
1886, 31
1887, 6
1888, 76
1889, 6
1890, 38
1891, 7
1892, 53
1893, 77
1894, 11
1895, 64
1896, 60
1897, 38
1898, 65
1899, 37
1900, 31
1901, 10
1902, 1
1903, 25
1904, 10
1905, 33
1906, 11
1907, 31
1908, 6
1909, 77
1910, 6
1911, 39
1912, 7
1913, 54
1914, 77
1915, 11
1916, 64
1917, 60
1918, 38
1919, 66
1920, 38
1921, 10
1922, 6
1923, 24
1924, 2
1925, 1
1926, 5
1927, 53
1928, 18
1929, 18
1930, 21
1931, 2
1932, 36
1933, 13
1934, 1
1935, 43
1936, 6
1937, 36
1938, 7
1939, 22
1940, 16
1941, 21
1942, 19
1943, 7
1944, 77
1945, 42
1946, 39
1947, 65
1948, 68
1949, 42
1950, 43
1951, 10
1952, 75
1953, 49
1954, 18
1955, 10
1956, 6
1957, 1
1958, 55
1959, 76
1960, 74
1961, 30
1962, 2
1963, 2
1964, 1
1965, 57
1966, 42
1967, 1
1968, 68
1969, 31
1970, 44
1971, 1
1972, 58
1973, 82
1974, 75
1975, 1
1976, 12
1977, 26
1978, 32
1979, 2
1980, 9
1981, 18
1982, 14
1983, 14
1984, 19
1985, 16
1986, 17
1987, 24
1988, 12
1989, 1
1990, 66
1991, 71
1992, 47
1993, 3
1994, 77
1995, 39
1996, 77
1997, 3
1998, 27
1999, 1
2000, 65
2001, 41
2002, 26
2003, 1
2004, 73
2005, 40
2006, 61
2007, 1
2008, 67
2009, 38
2010, 82
2011, 3
2012, 68
2013, 75
2014, 23
2015, 21
2016, 26
2017, 41
2018, 76
2019, 1
2020, 66
2021, 69
2022, 19
2023, 38
2024, 33
2025, 50
2026, 25
2027, 1
2028, 49
2029, 43
2030, 51
2031, 58
2032, 19
2033, 1
2034, 72
2035, 1
2036, 66
2037, 63
2038, 32
2039, 71
2040, 6
2041, 41
2042, 37
2043, 67
2044, 1
2045, 42
2046, 43
2047, 7
2048, 67
2049, 10
2050, 29
2051, 41
2052, 25
2053, 10
2054, 7
2055, 35
2056, 38
2057, 34
2058, 36
2059, 7
2060, 49
2061, 21
2062, 45
2063, 7
2064, 19
2065, 6
2066, 1
2067, 68
2068, 70
2069, 71
2070, 30
2071, 33
2072, 41
2073, 71
2074, 6
2075, 15
2076, 1
2077, 74
2078, 37
2079, 67
2080, 1
2081, 59
2082, 67
2083, 22
2084, 20
2085, 7
2086, 78
2087, 35
2088, 38
2089, 34
2090, 64
2091, 19
2092, 1
2093, 62
2094, 66
2095, 10
2096, 28
2097, 25
2098, 10
2099, 1
2100, 50
2101, 18
2102, 38
2103, 36
2104, 19
2105, 1
2106, 25
2107, 1
2108, 45
2109, 21
2110, 45
2111, 7
2112, 19
2113, 6
2114, 1
2115, 72
2116, 68
2117, 42
2118, 35
2119, 6
2120, 40
2121, 34
2122, 37
2123, 28
2124, 1
2125, 42
2126, 74
2127, 7
2128, 49
2129, 7
2130, 33
2131, 10
2132, 29
2133, 25
2134, 10
2135, 7
2136, 38
2137, 36
2138, 1
2139, 45
2140, 21
2141, 45
2142, 7
2143, 19
2144, 6
2145, 1
2146, 57
2147, 69
2148, 70
2149, 36
2150, 1
2151, 73
2152, 45
2153, 57
2154, 47
2155, 33
2156, 58
2157, 3
2158, 77
2159, 30
2160, 42
2161, 24
2162, 3
2163, 28
2164, 6
2165, 47
2166, 74
2167, 7
2168, 68
2169, 36
2170, 7
2171, 43
2172, 6
2173, 7
2174, 6
2175, 61
2176, 88
2177, 7
2178, 80
2179, 36
2180, 6
2181, 1
2182, 77
2183, 9
2184, 34
2185, 39
2186, 3
2187, 32
2188, 6
2189, 41
2190, 10
2191, 68
2192, 50
2193, 20
2194, 10
2195, 6
2196, 2
2197, 1
2198, 70
2199, 61
2200, 1
2201, 4
2202, 44
2203, 15
2204, 13
2205, 2
2206, 19
2207, 19
2208, 25
2209, 1
2210, 29
2211, 1
2212, 17
2213, 73
2214, 17
2215, 52
2216, 1
2217, 64
2218, 24
2219, 1
2220, 64
2221, 38
2222, 1
2223, 66
2224, 24
2225, 1
2226, 12
2227, 1
2228, 12
2229, 2
2230, 1
2231, 68
2232, 1
2233, 5
2234, 73
2235, 34
2236, 29
2237, 16
2238, 46
2239, 2
2240, 39
2241, 1
2242, 65
2243, 67
2244, 40
2245, 81
2246, 3
2247, 56
2248, 59
2249, 45
2250, 47
2251, 3
2252, 69
2253, 46
2254, 50
2255, 48
2256, 2
2257, 1
2258, 5
2259, 23
2260, 2
2261, 25
2262, 27
2263, 18
2264, 1
2265, 36
2266, 28
2267, 3
2268, 64
2269, 68
2270, 1
2271, 22
2272, 6
2273, 58
2274, 13
2275, 1
2276, 44
2277, 7
2278, 31
2279, 18
2280, 7
2281, 23
2282, 7
2283, 38
2284, 18
2285, 7
2286, 39
2287, 44
2288, 7
2289, 59
2290, 7
2291, 87
2292, 1
2293, 41
2294, 85
2295, 1
2296, 22
2297, 71
2298, 71
2299, 68
2300, 29
2301, 69
2302, 44
2303, 54
2304, 48
2305, 38
2306, 6
2307, 1
2308, 33
2309, 12
2310, 3
2311, 74
2312, 71
2313, 1
2314, 78
2315, 78
2316, 66
2317, 67
2318, 6
2319, 18
2320, 48
2321, 35
2322, 1
2323, 86
2324, 10
2325, 31
2326, 44
2327, 75
2328, 51
2329, 10
2330, 6
2331, 1
2332, 78
2333, 30
2334, 81
2335, 1
2336, 24
2337, 6
2338, 13
2339, 32
2340, 7
2341, 32
2342, 10
2343, 74
2344, 14
2345, 34
2346, 1
2347, 53
2348, 29
2349, 27
2350, 1
2351, 87
2352, 79
2353, 73
2354, 1
2355, 37
2356, 44
2357, 14
2358, 43
2359, 14
2360, 35
2361, 48
2362, 77
2363, 54
2364, 25
2365, 14
2366, 10
2367, 6
2368, 1
2369, 40
2370, 28
2371, 6
2372, 54
2373, 36
2374, 85
2375, 7
2376, 68
2377, 1
2378, 72
2379, 29
2380, 55
2381, 6
2382, 7
2383, 6
2384, 36
2385, 85
2386, 29
2387, 55
2388, 6
2389, 2
2390, 1
2391, 5
2392, 23
2393, 2
2394, 25
2395, 9
2396, 12
2397, 37
2398, 1
2399, 5
2400, 36
2401, 27
2402, 1
2403, 33
2404, 12
2405, 1
2406, 62
2407, 28
2408, 6
2409, 68
2410, 36
2411, 6
2412, 7
2413, 6
2414, 69
2415, 40
2416, 10
2417, 38
2418, 56
2419, 20
2420, 10
2421, 6
2422, 1
2423, 72
2424, 70
2425, 55
2426, 34
2427, 51
2428, 3
2429, 24
2430, 3
2431, 28
2432, 6
2433, 70
2434, 10
2435, 25
2436, 1
2437, 45
2438, 26
2439, 11
2440, 49
2441, 25
2442, 11
2443, 23
2444, 1
2445, 74
2446, 82
2447, 68
2448, 1
2449, 33
2450, 40
2451, 10
2452, 39
2453, 10
2454, 31
2455, 48
2456, 44
2457, 75
2458, 21
2459, 10
2460, 6
2461, 1
2462, 34
2463, 60
2464, 22
2465, 51
2466, 2
2467, 2
2468, 47
2469, 1
2470, 77
2471, 70
2472, 70
2473, 70
2474, 38
2475, 1
2476, 73
2477, 32
2478, 1
2479, 31
2480, 1
2481, 15
2482, 12
2483, 9
2484, 21
2485, 7
2486, 6
2487, 1
2488, 15
2489, 12
2490, 9
2491, 21
2492, 7
2493, 6
2494, 1
2495, 75
2496, 76
2497, 25
2498, 1
2499, 21
2500, 1
2501, 79
2502, 68
2503, 71
2504, 29
2505, 1
2506, 68
2507, 71
2508, 54
2509, 1
2510, 22
2511, 6
2512, 22
2513, 19
2514, 9
2515, 18
2516, 18
2517, 1
2518, 75
2519, 1
2520, 15
2521, 2
2522, 59
2523, 59
2524, 13
2525, 1
2526, 69
2527, 72
2528, 72
2529, 63
2530, 1
2531, 23
2532, 36
2533, 45
2534, 22
2535, 1
2536, 64
2537, 28
2538, 1
2539, 13
2540, 33
2541, 2
2542, 9
2543, 1
2544, 17
2545, 6
2546, 46
2547, 7
2548, 38
2549, 10
2550, 43
2551, 1
2552, 87
2553, 11
2554, 58
2555, 10
2556, 7
2557, 21
2558, 6
2559, 1
2560, 13
2561, 2
2562, 1
2563, 60
2564, 1
2565, 17
2566, 25
2567, 15
2568, 2
2569, 70
2570, 70
2571, 70
2572, 59
2573, 31
2574, 6
2575, 32
2576, 20
2577, 1
2578, 33
2579, 24
2580, 1
2581, 27
2582, 1
2583, 36
2584, 40
2585, 36
2586, 24
2587, 3
2588, 27
2589, 1
2590, 36
2591, 40
2592, 52
2593, 36
2594, 30
2595, 47
2596, 34
2597, 30
2598, 41
2599, 51
2600, 55
2601, 67
2602, 53
2603, 56
2604, 44
2605, 30
2606, 44
2607, 58
2608, 49
2609, 43
2610, 58
2611, 51
2612, 51
2613, 55
2614, 67
2615, 51
2616, 30
2617, 1
2618, 47
2619, 31
2620, 37
2621, 21
2622, 1
2623, 6
2624, 43
2625, 47
2626, 61
2627, 29
2628, 1
2629, 18
2630, 2
2631, 1
2632, 72
2633, 49
2634, 1
2635, 11
2636, 32
2637, 15
2638, 15
2639, 2
2640, 18
2641, 21
2642, 17
2643, 1
2644, 51
2645, 17
2646, 1
2647, 24
2648, 1
2649, 31
2650, 6
2651, 28
2652, 27
2653, 6
2654, 7
2655, 6
2656, 31
2657, 22
2658, 6
2659, 1
2660, 15
2661, 6
2662, 25
2663, 24
2664, 16
2665, 44
2666, 11
2667, 44
2668, 13
2669, 1
2670, 24
2671, 16
2672, 40
2673, 11
2674, 46
2675, 13
2676, 3
2677, 24
2678, 16
2679, 40
2680, 11
2681, 46
2682, 13
2683, 1
2684, 27
2685, 16
2686, 40
2687, 11
2688, 41
2689, 13
2690, 1
2691, 13
2692, 19
2693, 6
2694, 1
2695, 44
2696, 80
2697, 6
2698, 73
2699, 75
2700, 72
2701, 61
2702, 45
2703, 6
2704, 3
2705, 31
2706, 6
2707, 77
2708, 78
2709, 72
2710, 43
2711, 53
2712, 7
2713, 28
2714, 7
2715, 33
2716, 6
2717, 7
2718, 45
2719, 1
2720, 22
2721, 3
2722, 17
2723, 2
2724, 1
2725, 77
2726, 80
2727, 74
2728, 76
2729, 77
2730, 74
2731, 36
2732, 1
2733, 20
2734, 1
2735, 69
2736, 43
2737, 44
2738, 60
2739, 1
2740, 74
2741, 23
2742, 1
2743, 7
2744, 1
2745, 34
2746, 31
2747, 29
2748, 1
2749, 23
2750, 1
2751, 72
2752, 74
2753, 58
2754, 11
2755, 29
2756, 16
2757, 2
2758, 12
2759, 14
2760, 24
2761, 26
2762, 27
2763, 12
2764, 18
2765, 20
2766, 1
2767, 5
2768, 73
2769, 72
2770, 14
2771, 39
2772, 43
2773, 60
2774, 30
2775, 1
2776, 43
2777, 24
2778, 35
2779, 1
2780, 80
2781, 56
2782, 1
2783, 48
2784, 58
2785, 6
2786, 65
2787, 77
2788, 6
2789, 7
2790, 6
2791, 68
2792, 43
2793, 26
2794, 77
2795, 6
2796, 1
2797, 65
2798, 64
2799, 71
2800, 58
2801, 29
2802, 64
2803, 6
2804, 26
2805, 7
2806, 30
2807, 1
2808, 56
2809, 72
2810, 15
2811, 1
2812, 68
2813, 72
2814, 77
2815, 72
2816, 33
2817, 6
2818, 79
2819, 45
2820, 10
2821, 23
2822, 33
2823, 10
2824, 6
2825, 1
2826, 13
2827, 17
2828, 2
2829, 77
2830, 77
2831, 79
2832, 75
2833, 79
2834, 79
2835, 79
2836, 81
2837, 77
2838, 30
2839, 36
2840, 17
2841, 1
2842, 70
2843, 67
2844, 71
2845, 51
2846, 29
2847, 4
2848, 66
2849, 32
2850, 6
2851, 19
2852, 1
2853, 33
2854, 18
2855, 7
2856, 78
2857, 55
2858, 10
2859, 38
2860, 38
2861, 1
2862, 26
2863, 10
2864, 6
2865, 1
2866, 72
2867, 73
2868, 55
2869, 42
2870, 6
2871, 27
2872, 6
2873, 1
2874, 77
2875, 74
2876, 71
2877, 48
2878, 30
2879, 1
2880, 25
2881, 27
2882, 3
2883, 72
2884, 38
2885, 2
2886, 1
2887, 69
2888, 69
2889, 71
2890, 69
2891, 70
2892, 72
2893, 73
2894, 25
2895, 1
2896, 12
2897, 36
2898, 16
2899, 2
2900, 12
2901, 1
2902, 63
2903, 14
2904, 2
2905, 1
2906, 40
2907, 45
2908, 1
2909, 59
2910, 1
2911, 5
2912, 30
2913, 16
2914, 2
2915, 30
2916, 39
2917, 3
2918, 62
2919, 36
2920, 6
2921, 69
2922, 69
2923, 76
2924, 76
2925, 48
2926, 47
2927, 10
2928, 53
2929, 39
2930, 10
2931, 6
2932, 3
2933, 21
2934, 12
2935, 3
2936, 45
2937, 39
2938, 1
2939, 72
2940, 2
2941, 1
2942, 2
2943, 74
2944, 1
2945, 5
2946, 24
2947, 12
2948, 2
2949, 24
2950, 6
2951, 20
2952, 53
2953, 1
2954, 14
2955, 17
2956, 14
2957, 16
2958, 1
2959, 13
2960, 16
2961, 6
2962, 2
2963, 1
2964, 74
2965, 59
2966, 15
2967, 46
2968, 27
2969, 46
2970, 12
2971, 2
2972, 56
2973, 35
2974, 21
2975, 18
2976, 2
2977, 1
2978, 71
2979, 68
2980, 29
2981, 15
2982, 30
2983, 12
2984, 27
2985, 2
2986, 72
2987, 21
2988, 1
2989, 16
2990, 2
2991, 1
2992, 68
2993, 72
2994, 74
2995, 74
2996, 56
2997, 4
2998, 25
2999, 12
3000, 12
3001, 2
3002, 50
3003, 33
3004, 24
3005, 3
3006, 33
3007, 24
3008, 1
3009, 72
3010, 14
3011, 1
3012, 12
3013, 2
3014, 1
3015, 5
3016, 26
3017, 2
3018, 36
3019, 6
3020, 67
3021, 7
3022, 36
3023, 41
3024, 57
3025, 61
3026, 56
3027, 54
3028, 6
3029, 3
3030, 52
3031, 42
3032, 30
3033, 2
3034, 2
3035, 4
3036, 38
3037, 46
3038, 16
3039, 2
3040, 20
3041, 14
3042, 1
3043, 58
3044, 33
3045, 31
3046, 14
3047, 1
3048, 12
3049, 2
3050, 1
3051, 57
3052, 60
3053, 4
3054, 32
3055, 29
3056, 16
3057, 2
3058, 12
3059, 1
3060, 39
3061, 14
3062, 1
3063, 31
3064, 37
3065, 7
3066, 33
3067, 1
3068, 31
3069, 2
3070, 1
3071, 11
3072, 41
3073, 29
3074, 16
3075, 15
3076, 2
3077, 12
3078, 1
3079, 79
3080, 76
3081, 72
3082, 80
3083, 76
3084, 72
3085, 28
3086, 11
3087, 37
3088, 53
3089, 60
3090, 38
3091, 83
3092, 6
3093, 37
3094, 20
3095, 21
3096, 20
3097, 22
3098, 56
3099, 10
3100, 29
3101, 69
3102, 68
3103, 20
3104, 10
3105, 1
3106, 75
3107, 43
3108, 71
3109, 66
3110, 7
3111, 47
3112, 21
3113, 6
3114, 3
3115, 34
3116, 2
3117, 1
3118, 4
3119, 37
3120, 19
3121, 33
3122, 2
3123, 26
3124, 18
3125, 3
3126, 30
3127, 1
3128, 41
3129, 3
3130, 64
3131, 2
3132, 1
3133, 52
3134, 52
3135, 54
3136, 1
3137, 40
3138, 54
3139, 57
3140, 22
3141, 68
3142, 60
3143, 58
3144, 63
3145, 1
3146, 53
3147, 66
3148, 70
3149, 30
3150, 4
3151, 44
3152, 28
3153, 29
3154, 29
3155, 30
3156, 2
3157, 15
3158, 3
3159, 15
3160, 14
3161, 1
3162, 39
3163, 14
3164, 1
3165, 35
3166, 3
3167, 28
3168, 74
3169, 1
3170, 12
3171, 2
3172, 1
3173, 52
3174, 71
3175, 72
3176, 73
3177, 72
3178, 70
3179, 21
3180, 4
3181, 58
3182, 28
3183, 29
3184, 29
3185, 30
3186, 2
3187, 35
3188, 1
3189, 18
3190, 14
3191, 1
3192, 39
3193, 14
3194, 7
3195, 74
3196, 74
3197, 73
3198, 70
3199, 76
3200, 76
3201, 74
3202, 21
3203, 25
3204, 14
3205, 1
3206, 63
3207, 59
3208, 14
3209, 1
3210, 72
3211, 71
3212, 27
3213, 26
3214, 1
3215, 67
3216, 14
3217, 2
3218, 2
3219, 64
3220, 4
3221, 32
3222, 26
3223, 2
3224, 67
3225, 2
3226, 1
3227, 64
3228, 4
3229, 32
3230, 26
3231, 2
3232, 67
3233, 2
3234, 1
3235, 41
3236, 12
3237, 28
3238, 16
3239, 2
3240, 24
3241, 18
3242, 18
3243, 14
3244, 1
3245, 39
3246, 3
3247, 40
3248, 33
3249, 40
3250, 58
3251, 43
3252, 7
3253, 14
3254, 3
3255, 40
3256, 34
3257, 1
3258, 43
3259, 39
3260, 1
3261, 70
3262, 71
3263, 66
3264, 20
3265, 53
3266, 34
3267, 1
3268, 30
3269, 59
3270, 2
3271, 1
3272, 41
3273, 12
3274, 28
3275, 16
3276, 2
3277, 24
3278, 18
3279, 14
3280, 18
3281, 17
3282, 1
3283, 39
3284, 3
3285, 40
3286, 33
3287, 40
3288, 58
3289, 43
3290, 7
3291, 14
3292, 3
3293, 40
3294, 44
3295, 45
3296, 33
3297, 1
3298, 62
3299, 44
3300, 1
3301, 50
3302, 35
3303, 32
3304, 30
3305, 6
3306, 79
3307, 14
3308, 6
3309, 3
3310, 51
3311, 60
3312, 35
3313, 50
3314, 33
3315, 6
3316, 32
3317, 30
3318, 6
3319, 1
3320, 44
3321, 45
3322, 1
3323, 70
3324, 71
3325, 66
3326, 20
3327, 53
3328, 34
3329, 1
3330, 32
3331, 48
3332, 57
3333, 38
3334, 2
3335, 1
3336, 11
3337, 25
3338, 16
3339, 2
3340, 38
3341, 44
3342, 14
3343, 1
3344, 70
3345, 2
3346, 1
3347, 11
3348, 25
3349, 16
3350, 2
3351, 38
3352, 44
3353, 14
3354, 1
3355, 70
3356, 2
3357, 1
3358, 75
3359, 76
3360, 1
3361, 12
3362, 40
3363, 16
3364, 33
3365, 2
3366, 40
3367, 19
3368, 30
3369, 69
3370, 6
3371, 59
3372, 59
3373, 43
3374, 6
3375, 1
3376, 69
3377, 37
3378, 32
3379, 33
3380, 37
3381, 33
3382, 3
3383, 69
3384, 68
3385, 71
3386, 46
3387, 45
3388, 42
3389, 48
3390, 58
3391, 75
3392, 86
3393, 6
3394, 76
3395, 47
3396, 74
3397, 1
3398, 42
3399, 1
3400, 58
3401, 47
3402, 6
3403, 2
3404, 1
3405, 38
3406, 1
3407, 20
3408, 32
3409, 22
3410, 2
3411, 40
3412, 2
3413, 1
3414, 37
3415, 73
3416, 60
3417, 63
3418, 1
3419, 54
3420, 2
3421, 77
3422, 52
3423, 52
3424, 76
3425, 51
3426, 3
3427, 1
3428, 47
3429, 38
3430, 12
3431, 69
3432, 17
3433, 16
3434, 33
3435, 33
3436, 25
3437, 2
3438, 42
3439, 6
3440, 65
3441, 64
3442, 63
3443, 68
3444, 68
3445, 65
3446, 33
3447, 28
3448, 10
3449, 53
3450, 32
3451, 44
3452, 10
3453, 45
3454, 42
3455, 6
3456, 7
3457, 6
3458, 59
3459, 43
3460, 28
3461, 6
3462, 1
3463, 20
3464, 2
3465, 1
3466, 69
3467, 29
3468, 1
3469, 12
3470, 35
3471, 16
3472, 33
3473, 2
3474, 11
3475, 21
3476, 17
3477, 23
3478, 1
3479, 58
3480, 3
3481, 41
3482, 49
3483, 1
3484, 59
3485, 57
3486, 49
3487, 41
3488, 23
3489, 62
3490, 47
3491, 44
3492, 24
3493, 7
3494, 23
3495, 3
3496, 41
3497, 29
3498, 3
3499, 42
3500, 1
3501, 57
3502, 2
3503, 1
3504, 4
3505, 26
3506, 2
3507, 91
3508, 2
3509, 1
3510, 25
3511, 12
3512, 38
3513, 23
3514, 42
3515, 2
3516, 51
3517, 2
3518, 31
