1, 62
2, 76
3, 57
4, 1
5, 26
6, 1
7, 69
8, 69
9, 69
10, 9
11, 1
12, 71
13, 66
14, 70
15, 18
16, 1
17, 66
18, 65
19, 61
20, 21
21, 1
22, 1
23, 20
24, 20
25, 17
26, 18
27, 25
28, 23
29, 26
30, 19
31, 18
32, 18
33, 22
34, 19
35, 18
36, 20
37, 25
38, 20
39, 20
40, 1
41, 24
42, 28
43, 32
44, 6
45, 32
46, 7
47, 7
48, 1
49, 23
50, 28
51, 32
52, 6
53, 32
54, 7
55, 7
56, 1
57, 70
58, 58
59, 64
60, 46
61, 1
62, 48
63, 74
64, 62
65, 62
66, 51
67, 1
68, 79
69, 1
70, 17
71, 1
72, 30
73, 1
74, 74
75, 41
76, 85
77, 1
78, 67
79, 22
80, 1
81, 23
82, 1
83, 37
84, 30
85, 52
86, 1
87, 22
88, 1
89, 49
90, 61
91, 64
92, 1
93, 5
94, 26
95, 2
96, 19
97, 2
98, 1
99, 5
100, 14
101, 2
102, 19
103, 2
104, 1
105, 41
106, 44
107, 51
108, 52
109, 1
110, 69
111, 67
112, 64
113, 1
114, 4
115, 24
116, 15
117, 2
118, 28
119, 56
120, 27
121, 2
122, 2
123, 59
124, 61
125, 1
126, 4
127, 23
128, 12
129, 2
130, 17
131, 17
132, 28
133, 9
134, 1
135, 50
136, 24
137, 6
138, 70
139, 40
140, 30
141, 37
142, 6
143, 1
144, 33
145, 21
146, 14
147, 22
148, 14
149, 1
150, 56
151, 70
152, 1
153, 62
154, 1
155, 34
156, 6
157, 38
158, 23
159, 8
160, 58
161, 32
162, 1
163, 45
164, 13
165, 6
166, 1
167, 12
168, 2
169, 2
170, 46
171, 1
172, 24
173, 2
174, 14
175, 16
176, 12
177, 11
178, 12
179, 1
180, 26
181, 30
182, 1
183, 28
184, 1
185, 73
186, 75
187, 30
188, 1
189, 77
190, 73
191, 73
192, 24
193, 1
194, 74
195, 73
196, 70
197, 1
198, 76
199, 76
200, 70
201, 51
202, 1
203, 4
204, 45
205, 16
206, 14
207, 13
208, 18
209, 2
210, 18
211, 1
212, 44
213, 14
214, 1
215, 41
216, 14
217, 1
218, 14
219, 1
220, 54
221, 40
222, 6
223, 34
224, 66
225, 58
226, 47
227, 11
228, 27
229, 1
230, 16
231, 34
232, 55
233, 6
234, 1
235, 40
236, 34
237, 34
238, 1
239, 42
240, 6
241, 73
242, 22
243, 58
244, 31
245, 6
246, 1
247, 17
248, 1
249, 77
250, 31
251, 1
252, 16
253, 14
254, 7
255, 34
256, 2
257, 1
258, 78
259, 62
260, 1
261, 4
262, 22
263, 15
264, 2
265, 28
266, 24
267, 73
268, 19
269, 32
270, 34
271, 59
272, 33
273, 65
274, 1
275, 1
276, 77
277, 60
278, 56
279, 33
280, 14
281, 1
282, 76
283, 74
284, 30
285, 24
286, 6
287, 18
288, 1
289, 45
290, 13
291, 1
292, 76
293, 36
294, 36
295, 37
296, 6
297, 1
298, 66
299, 24
300, 6
301, 27
302, 1
303, 36
304, 13
305, 6
306, 1
307, 28
308, 12
309, 2
310, 1
311, 60
312, 4
313, 23
314, 2
315, 22
316, 2
317, 1
318, 70
319, 58
320, 1
321, 4
322, 22
323, 2
324, 9
325, 33
326, 1
327, 79
328, 20
329, 1
330, 70
331, 72
332, 73
333, 64
334, 19
335, 1
336, 36
337, 6
338, 38
339, 1
340, 74
341, 40
342, 51
343, 13
344, 1
345, 36
346, 5
347, 67
348, 14
349, 5
350, 40
351, 5
352, 33
353, 1
354, 66
355, 63
356, 70
357, 66
358, 33
359, 36
360, 73
361, 50
362, 9
363, 21
364, 1
365, 36
366, 36
367, 14
368, 8
369, 15
370, 1
371, 15
372, 40
373, 52
374, 50
375, 56
376, 8
377, 1
378, 66
379, 57
380, 54
381, 63
382, 1
383, 62
384, 69
385, 37
386, 1
387, 65
388, 19
389, 9
390, 66
391, 71
392, 32
393, 17
394, 10
395, 14
396, 5
397, 31
398, 6
399, 1
400, 24
401, 6
402, 22
403, 1
404, 40
405, 25
406, 37
407, 53
408, 28
409, 1
410, 23
411, 16
412, 6
413, 7
414, 6
415, 26
416, 16
417, 6
418, 2
419, 1
420, 65
421, 1
422, 4
423, 25
424, 2
425, 22
426, 2
427, 1
428, 48
429, 1
430, 5
431, 21
432, 14
433, 2
434, 9
435, 1
436, 71
437, 25
438, 43
439, 6
440, 40
441, 68
442, 56
443, 6
444, 21
445, 2
446, 1
447, 73
448, 39
449, 1
450, 12
451, 47
452, 15
453, 27
454, 2
455, 12
456, 19
457, 16
458, 22
459, 41
460, 34
461, 11
462, 1
463, 10
464, 12
465, 1
466, 23
467, 31
468, 21
469, 39
470, 1
471, 76
472, 75
473, 32
474, 1
475, 16
476, 56
477, 40
478, 35
479, 77
480, 32
481, 6
482, 44
483, 14
484, 6
485, 1
486, 63
487, 1
488, 51
489, 6
490, 25
491, 60
492, 30
493, 45
494, 68
495, 6
496, 1
497, 63
498, 35
499, 12
500, 1
501, 75
502, 52
503, 59
504, 39
505, 1
506, 67
507, 48
508, 1
509, 67
510, 65
511, 6
512, 36
513, 64
514, 44
515, 46
516, 37
517, 16
518, 27
519, 6
520, 1
521, 16
522, 6
523, 15
524, 72
525, 52
526, 70
527, 43
528, 68
529, 33
530, 30
531, 62
532, 13
533, 16
534, 46
535, 48
536, 33
537, 30
538, 44
539, 36
540, 48
541, 41
542, 13
543, 22
544, 22
545, 46
546, 5
547, 64
548, 27
549, 65
550, 41
551, 15
552, 57
553, 44
554, 5
555, 13
556, 17
557, 68
558, 69
559, 32
560, 1
561, 57
562, 57
563, 53
564, 15
565, 42
566, 13
567, 23
568, 23
569, 78
570, 78
571, 74
572, 56
573, 1
574, 40
575, 44
576, 44
577, 58
578, 39
579, 5
580, 47
581, 57
582, 37
583, 1
584, 39
585, 9
586, 36
587, 43
588, 43
589, 30
590, 9
591, 44
592, 9
593, 36
594, 42
595, 43
596, 30
597, 9
598, 1
599, 61
600, 33
601, 67
602, 9
603, 43
604, 21
605, 1
606, 62
607, 40
608, 50
609, 15
610, 65
611, 18
612, 1
613, 48
614, 1
615, 72
616, 1
617, 67
618, 60
619, 9
620, 5
621, 1
622, 13
623, 1
624, 13
625, 13
626, 6
627, 2
628, 1
629, 71
630, 66
631, 31
632, 1
633, 4
634, 50
635, 31
636, 2
637, 48
638, 32
639, 2
640, 1
641, 70
642, 74
643, 1
644, 4
645, 38
646, 25
647, 2
648, 60
649, 32
650, 2
651, 1
652, 63
653, 1
654, 5
655, 44
656, 25
657, 2
658, 60
659, 2
660, 1
661, 68
662, 33
663, 2
664, 34
665, 32
666, 68
667, 3
668, 1
669, 12
670, 33
671, 13
672, 17
673, 2
674, 38
675, 49
676, 1
677, 55
678, 2
679, 1
680, 68
681, 18
682, 1
683, 5
684, 44
685, 25
686, 2
687, 38
688, 1
689, 17
690, 13
691, 17
692, 59
693, 2
694, 1
695, 66
696, 28
697, 4
698, 38
699, 25
700, 2
701, 47
702, 32
703, 2
704, 2
705, 16
706, 63
707, 53
708, 37
709, 1
710, 4
711, 37
712, 15
713, 2
714, 35
715, 1
716, 76
717, 17
718, 14
719, 1
720, 40
721, 33
722, 39
723, 54
724, 2
725, 1
726, 60
727, 58
728, 60
729, 1
730, 4
731, 37
732, 15
733, 2
734, 31
735, 1
736, 45
737, 6
738, 40
739, 36
740, 13
741, 35
742, 13
743, 53
744, 13
745, 44
746, 13
747, 55
748, 13
749, 6
750, 12
751, 2
752, 7
753, 7
754, 2
755, 78
756, 70
757, 76
758, 71
759, 1
760, 13
761, 30
762, 15
763, 15
764, 2
765, 16
766, 37
767, 19
768, 20
769, 9
770, 19
771, 1
772, 16
773, 6
774, 20
775, 16
776, 20
777, 21
778, 23
779, 23
780, 18
781, 16
782, 1
783, 14
784, 78
785, 65
786, 69
787, 36
788, 41
789, 38
790, 39
791, 45
792, 53
793, 65
794, 54
795, 55
796, 55
797, 10
798, 1
799, 53
800, 1
801, 14
802, 17
803, 53
804, 1
805, 13
806, 13
807, 6
808, 1
809, 75
810, 64
811, 1
812, 31
813, 51
814, 6
815, 25
816, 5
817, 29
818, 69
819, 49
820, 26
821, 10
822, 61
823, 1
824, 22
825, 29
826, 27
827, 31
828, 17
829, 5
830, 30
831, 5
832, 12
833, 1
834, 47
835, 9
836, 39
837, 35
838, 51
839, 59
840, 25
841, 14
842, 66
843, 1
844, 26
845, 28
846, 31
847, 16
848, 9
849, 5
850, 6
851, 1
852, 17
853, 2
854, 2
855, 68
856, 77
857, 15
858, 1
859, 75
860, 1
861, 79
862, 75
863, 27
864, 1
865, 78
866, 43
867, 1
868, 67
869, 76
870, 72
871, 39
872, 1
873, 6
874, 35
875, 15
876, 15
877, 16
878, 2
879, 12
880, 15
881, 12
882, 1
883, 16
884, 23
885, 6
886, 31
887, 20
888, 67
889, 13
890, 1
891, 58
892, 26
893, 17
894, 21
895, 6
896, 7
897, 1
898, 72
899, 14
900, 1
901, 40
902, 51
903, 40
904, 53
905, 8
906, 62
907, 33
908, 14
909, 1
910, 13
911, 7
912, 59
913, 17
914, 23
915, 22
916, 7
917, 8
918, 1
919, 12
920, 2
921, 2
922, 68
923, 60
924, 66
925, 59
926, 1
927, 76
928, 71
929, 1
930, 69
931, 11
932, 1
933, 68
934, 43
935, 1
936, 67
937, 62
938, 1
939, 4
940, 27
941, 13
942, 29
943, 2
944, 38
945, 1
946, 24
947, 26
948, 1
949, 48
950, 49
951, 52
952, 43
953, 52
954, 14
955, 1
956, 33
957, 26
958, 64
959, 14
960, 1
961, 23
962, 64
963, 29
964, 32
965, 56
966, 7
967, 39
968, 1
969, 70
970, 61
971, 1
972, 29
973, 14
974, 1
975, 22
976, 6
977, 33
978, 1
979, 23
980, 67
981, 65
982, 32
983, 63
984, 13
985, 7
986, 75
987, 74
988, 72
989, 50
990, 1
991, 30
992, 53
993, 31
994, 13
995, 1
996, 77
997, 49
998, 55
999, 72
1000, 13
1001, 1
1002, 16
1003, 28
1004, 6
1005, 1
1006, 19
1007, 71
1008, 48
1009, 52
1010, 1
1011, 19
1012, 6
1013, 28
1014, 1
1015, 48
1016, 13
1017, 1
1018, 37
1019, 13
1020, 1
1021, 65
1022, 28
1023, 47
1024, 6
1025, 1
1026, 65
1027, 49
1028, 25
1029, 14
1030, 1
1031, 12
1032, 1
1033, 6
1034, 12
1035, 2
1036, 2
1037, 67
1038, 17
1039, 1
1040, 68
1041, 47
1042, 1
1043, 4
1044, 27
1045, 13
1046, 29
1047, 2
1048, 38
1049, 2
1050, 1
1051, 56
1052, 55
1053, 1
1054, 68
1055, 43
1056, 1
1057, 64
1058, 67
1059, 68
1060, 65
1061, 65
1062, 65
1063, 72
1064, 1
1065, 4
1066, 28
1067, 13
1068, 29
1069, 2
1070, 49
1071, 14
1072, 1
1073, 31
1074, 6
1075, 33
1076, 1
1077, 77
1078, 54
1079, 47
1080, 63
1081, 66
1082, 32
1083, 55
1084, 38
1085, 1
1086, 32
1087, 32
1088, 44
1089, 69
1090, 60
1091, 63
1092, 13
1093, 7
1094, 1
1095, 77
1096, 48
1097, 55
1098, 72
1099, 13
1100, 1
1101, 16
1102, 6
1103, 1
1104, 65
1105, 58
1106, 34
1107, 14
1108, 1
1109, 56
1110, 35
1111, 31
1112, 45
1113, 55
1114, 2
1115, 1
1116, 65
1117, 1
1118, 4
1119, 34
1120, 13
1121, 46
1122, 2
1123, 39
1124, 2
1125, 1
1126, 73
1127, 27
1128, 1
1129, 4
1130, 27
1131, 13
1132, 29
1133, 2
1134, 49
1135, 14
1136, 1
1137, 35
1138, 30
1139, 50
1140, 2
1141, 1
1142, 62
1143, 1
1144, 68
1145, 47
1146, 1
1147, 4
1148, 29
1149, 13
1150, 29
1151, 2
1152, 48
1153, 49
1154, 52
1155, 43
1156, 52
1157, 14
1158, 1
1159, 33
1160, 26
1161, 64
1162, 14
1163, 1
1164, 62
1165, 61
1166, 32
1167, 39
1168, 14
1169, 1
1170, 26
1171, 51
1172, 39
1173, 32
1174, 54
1175, 7
1176, 37
1177, 2
1178, 1
1179, 58
1180, 1
1181, 4
1182, 29
1183, 13
1184, 29
1185, 2
1186, 34
1187, 14
1188, 1
1189, 23
1190, 64
1191, 14
1192, 1
1193, 12
1194, 2
1195, 1
1196, 72
1197, 30
1198, 1
1199, 4
1200, 32
1201, 13
1202, 29
1203, 2
1204, 48
1205, 49
1206, 52
1207, 43
1208, 52
1209, 14
1210, 1
1211, 72
1212, 51
1213, 41
1214, 2
1215, 1
1216, 77
1217, 1
1218, 4
1219, 32
1220, 13
1221, 29
1222, 2
1223, 60
1224, 2
1225, 1
1226, 79
1227, 1
1228, 4
1229, 29
1230, 13
1231, 29
1232, 2
1233, 23
1234, 6
1235, 52
1236, 48
1237, 56
1238, 42
1239, 51
1240, 13
1241, 1
1242, 37
1243, 25
1244, 63
1245, 13
1246, 1
1247, 66
1248, 31
1249, 32
1250, 58
1251, 7
1252, 41
1253, 6
1254, 1
1255, 49
1256, 14
1257, 1
1258, 31
1259, 6
1260, 77
1261, 54
1262, 47
1263, 63
1264, 66
1265, 32
1266, 67
1267, 38
1268, 28
1269, 6
1270, 1
1271, 56
1272, 35
1273, 31
1274, 45
1275, 55
1276, 2
1277, 1
1278, 63
1279, 38
1280, 1
1281, 68
1282, 47
1283, 1
1284, 4
1285, 24
1286, 13
1287, 29
1288, 2
1289, 52
1290, 1
1291, 21
1292, 47
1293, 7
1294, 1
1295, 28
1296, 14
1297, 1
1298, 49
1299, 14
1300, 1
1301, 21
1302, 1
1303, 44
1304, 6
1305, 44
1306, 13
1307, 6
1308, 7
1309, 6
1310, 38
1311, 40
1312, 47
1313, 55
1314, 28
1315, 64
1316, 6
1317, 56
1318, 7
1319, 7
1320, 13
1321, 6
1322, 1
1323, 44
1324, 2
1325, 1
1326, 63
1327, 37
1328, 1
1329, 68
1330, 47
1331, 1
1332, 4
1333, 23
1334, 13
1335, 29
1336, 2
1337, 28
1338, 14
1339, 1
1340, 49
1341, 14
1342, 1
1343, 21
1344, 1
1345, 39
1346, 14
1347, 1
1348, 44
1349, 2
1350, 1
1351, 65
1352, 1
1353, 4
1354, 30
1355, 46
1356, 15
1357, 2
1358, 36
1359, 14
1360, 1
1361, 46
1362, 12
1363, 1
1364, 6
1365, 12
1366, 2
1367, 1
1368, 62
1369, 30
1370, 1
1371, 68
1372, 47
1373, 1
1374, 4
1375, 26
1376, 13
1377, 29
1378, 2
1379, 13
1380, 1
1381, 26
1382, 74
1383, 71
1384, 63
1385, 1
1386, 49
1387, 14
1388, 1
1389, 14
1390, 34
1391, 32
1392, 1
1393, 66
1394, 2
1395, 1
1396, 71
1397, 71
1398, 1
1399, 4
1400, 28
1401, 13
1402, 29
1403, 2
1404, 78
1405, 25
1406, 71
1407, 6
1408, 37
1409, 35
1410, 1
1411, 53
1412, 13
1413, 1
1414, 74
1415, 71
1416, 66
1417, 17
1418, 1
1419, 72
1420, 48
1421, 61
1422, 57
1423, 65
1424, 6
1425, 1
1426, 31
1427, 34
1428, 48
1429, 2
1430, 1
1431, 70
1432, 57
1433, 1
1434, 4
1435, 31
1436, 12
1437, 28
1438, 2
1439, 54
1440, 47
1441, 2
1442, 2
1443, 51
1444, 70
1445, 28
1446, 1
1447, 4
1448, 21
1449, 15
1450, 2
1451, 27
1452, 6
1453, 23
1454, 66
1455, 47
1456, 14
1457, 53
1458, 74
1459, 58
1460, 11
1461, 14
1462, 19
1463, 49
1464, 67
1465, 5
1466, 66
1467, 81
1468, 12
1469, 17
1470, 1
1471, 74
1472, 45
1473, 9
1474, 57
1475, 13
1476, 61
1477, 17
1478, 9
1479, 1
1480, 53
1481, 17
1482, 1
1483, 41
1484, 54
1485, 56
1486, 34
1487, 9
1488, 41
1489, 36
1490, 17
1491, 55
1492, 17
1493, 75
1494, 51
1495, 52
1496, 68
1497, 17
1498, 9
1499, 72
1500, 19
1501, 5
1502, 64
1503, 5
1504, 38
1505, 65
1506, 12
1507, 1
1508, 73
1509, 49
1510, 55
1511, 20
1512, 1
1513, 62
1514, 5
1515, 11
1516, 14
1517, 13
1518, 17
1519, 6
1520, 2
1521, 1
1522, 57
1523, 71
1524, 79
1525, 58
1526, 47
1527, 34
1528, 1
1529, 57
1530, 33
1531, 1
1532, 13
1533, 71
1534, 15
1535, 20
1536, 25
1537, 31
1538, 31
1539, 2
1540, 9
1541, 17
1542, 28
1543, 1
1544, 75
1545, 6
1546, 34
1547, 78
1548, 1
1549, 57
1550, 1
1551, 38
1552, 5
1553, 23
1554, 61
1555, 19
1556, 56
1557, 22
1558, 70
1559, 16
1560, 58
1561, 5
1562, 1
1563, 35
1564, 54
1565, 20
1566, 34
1567, 24
1568, 39
1569, 23
1570, 60
1571, 17
1572, 42
1573, 48
1574, 6
1575, 44
1576, 6
1577, 24
1578, 62
1579, 1
1580, 53
1581, 1
1582, 69
1583, 67
1584, 38
1585, 5
1586, 23
1587, 57
1588, 19
1589, 52
1590, 22
1591, 66
1592, 16
1593, 54
1594, 5
1595, 48
1596, 6
1597, 39
1598, 48
1599, 68
1600, 6
1601, 50
1602, 67
1603, 51
1604, 59
1605, 1
1606, 54
1607, 1
1608, 38
1609, 58
1610, 38
1611, 5
1612, 53
1613, 39
1614, 1
1615, 19
1616, 54
1617, 23
1618, 59
1619, 22
1620, 66
1621, 16
1622, 62
1623, 13
1624, 5
1625, 1
1626, 32
1627, 5
1628, 23
1629, 64
1630, 19
1631, 59
1632, 22
1633, 73
1634, 16
1635, 61
1636, 5
1637, 1
1638, 48
1639, 6
1640, 39
1641, 58
1642, 6
1643, 44
1644, 1
1645, 40
1646, 51
1647, 1
1648, 32
1649, 5
1650, 23
1651, 57
1652, 19
1653, 52
1654, 22
1655, 66
1656, 16
1657, 54
1658, 5
1659, 1
1660, 48
1661, 6
1662, 1
1663, 19
1664, 2
1665, 1
1666, 53
1667, 58
1668, 1
1669, 4
1670, 32
1671, 13
1672, 29
1673, 2
1674, 18
1675, 1
1676, 46
1677, 24
1678, 14
1679, 1
1680, 22
1681, 6
1682, 30
1683, 17
1684, 5
1685, 13
1686, 13
1687, 13
1688, 13
1689, 13
1690, 13
1691, 13
1692, 13
1693, 13
1694, 12
1695, 1
1696, 53
1697, 53
1698, 62
1699, 63
1700, 61
1701, 26
1702, 35
1703, 21
1704, 18
1705, 12
1706, 1
1707, 13
1708, 41
1709, 17
1710, 12
1711, 1
1712, 13
1713, 35
1714, 40
1715, 17
1716, 12
1717, 1
1718, 31
1719, 46
1720, 17
1721, 12
1722, 1
1723, 13
1724, 71
1725, 68
1726, 72
1727, 33
1728, 1
1729, 72
1730, 1
1731, 30
1732, 15
1733, 46
1734, 49
1735, 17
1736, 12
1737, 1
1738, 13
1739, 30
1740, 15
1741, 46
1742, 49
1743, 17
1744, 12
1745, 1
1746, 13
1747, 13
1748, 39
1749, 43
1750, 65
1751, 17
1752, 12
1753, 1
1754, 13
1755, 39
1756, 52
1757, 17
1758, 12
1759, 13
1760, 39
1761, 52
1762, 17
1763, 12
1764, 1
1765, 13
1766, 36
1767, 43
1768, 39
1769, 14
1770, 20
1771, 1
1772, 13
1773, 25
1774, 32
1775, 58
1776, 7
1777, 11
1778, 17
1779, 12
1780, 1
1781, 13
1782, 36
1783, 43
1784, 39
1785, 17
1786, 12
1787, 1
1788, 13
1789, 36
1790, 54
1791, 17
1792, 12
1793, 13
1794, 36
1795, 54
1796, 17
1797, 12
1798, 13
1799, 36
1800, 54
1801, 17
1802, 12
1803, 13
1804, 36
1805, 54
1806, 17
1807, 12
1808, 13
1809, 36
1810, 54
1811, 17
1812, 12
1813, 13
1814, 36
1815, 54
1816, 17
1817, 12
1818, 13
1819, 36
1820, 54
1821, 17
1822, 12
1823, 13
1824, 36
1825, 54
1826, 17
1827, 12
1828, 1
1829, 13
1830, 15
1831, 1
1832, 13
1833, 41
1834, 17
1835, 12
1836, 1
1837, 12
1838, 68
1839, 49
1840, 47
1841, 9
1842, 17
1843, 39
1844, 13
1845, 46
1846, 16
1847, 9
1848, 24
1849, 35
1850, 17
1851, 38
1852, 9
1853, 61
1854, 44
1855, 21
1856, 9
1857, 39
1858, 9
1859, 62
1860, 45
1861, 21
1862, 9
1863, 7
1864, 12
1865, 5
1866, 6
1867, 1
1868, 17
1869, 2
1870, 2
1871, 72
1872, 74
1873, 41
1874, 1
1875, 6
1876, 27
1877, 13
1878, 2
1879, 12
1880, 38
1881, 1
1882, 59
1883, 1
1884, 67
1885, 24
1886, 14
1887, 1
1888, 59
1889, 1
1890, 29
1891, 14
1892, 1
1893, 66
1894, 1
1895, 48
1896, 52
1897, 14
1898, 1
1899, 71
1900, 1
1901, 25
1902, 6
1903, 52
1904, 20
1905, 15
1906, 6
1907, 1
1908, 25
1909, 6
1910, 52
1911, 20
1912, 15
1913, 6
1914, 1
1915, 12
1916, 2
1917, 2
1918, 40
1919, 42
1920, 40
1921, 39
1922, 40
1923, 1
1924, 69
1925, 1
1926, 57
1927, 35
1928, 1
1929, 4
1930, 26
1931, 13
1932, 2
1933, 33
1934, 65
1935, 2
1936, 1
1937, 56
1938, 57
1939, 1
1940, 4
1941, 36
1942, 13
1943, 2
1944, 33
1945, 65
1946, 2
1947, 1
1948, 68
1949, 67
1950, 36
1951, 1
1952, 69
1953, 52
1954, 1
1955, 63
1956, 40
1957, 1
1958, 4
1959, 41
1960, 18
1961, 29
1962, 12
1963, 2
1964, 38
1965, 9
1966, 14
1967, 11
1968, 54
1969, 60
1970, 47
1971, 1
1972, 30
1973, 14
1974, 1
1975, 76
1976, 30
1977, 1
1978, 36
1979, 14
1980, 1
1981, 69
1982, 69
1983, 67
1984, 40
1985, 20
1986, 49
1987, 1
1988, 49
1989, 68
1990, 1
1991, 62
1992, 6
1993, 16
1994, 1
1995, 16
1996, 46
1997, 77
1998, 71
1999, 38
2000, 1
2001, 58
2002, 16
2003, 19
2004, 6
2005, 1
2006, 36
2007, 14
2008, 1
2009, 64
2010, 67
2011, 61
2012, 72
2013, 55
2014, 29
2015, 25
2016, 63
2017, 51
2018, 52
2019, 7
2020, 40
2021, 1
2022, 73
2023, 72
2024, 34
2025, 2
2026, 1
2027, 66
2028, 54
2029, 1
2030, 68
2031, 64
2032, 1
2033, 4
2034, 32
2035, 80
2036, 2
2037, 44
2038, 12
2039, 75
2040, 29
2041, 12
2042, 2
2043, 1
2044, 39
2045, 62
2046, 1
2047, 4
2048, 36
2049, 29
2050, 13
2051, 2
2052, 12
2053, 1
2054, 36
2055, 14
2056, 1
2057, 28
2058, 14
2059, 1
2060, 23
2061, 45
2062, 12
2063, 76
2064, 30
2065, 12
2066, 2
2067, 2
2068, 76
2069, 78
2070, 76
2071, 48
2072, 5
2073, 27
2074, 15
2075, 2
2076, 56
2077, 12
2078, 23
2079, 26
2080, 2
2081, 74
2082, 29
2083, 5
2084, 37
2085, 15
2086, 2
2087, 30
2088, 30
2089, 49
2090, 33
2091, 2
2092, 64
2093, 4
2094, 35
2095, 15
2096, 2
2097, 31
2098, 40
2099, 7
2100, 14
2101, 2
2102, 2
2103, 44
2104, 1
2105, 5
2106, 20
2107, 15
2108, 2
2109, 9
2110, 13
2111, 17
2112, 29
2113, 1
2114, 26
2115, 29
2116, 33
2117, 25
2118, 26
2119, 1
2120, 27
2121, 6
2122, 14
2123, 18
2124, 20
2125, 19
2126, 24
2127, 14
2128, 1
2129, 14
2130, 53
2131, 18
2132, 11
2133, 21
2134, 19
2135, 50
2136, 68
2137, 57
2138, 18
2139, 11
2140, 21
2141, 23
2142, 14
2143, 64
2144, 26
2145, 5
2146, 49
2147, 1
2148, 75
2149, 41
2150, 17
2151, 1
2152, 72
2153, 52
2154, 40
2155, 40
2156, 42
2157, 24
2158, 9
2159, 53
2160, 40
2161, 20
2162, 50
2163, 9
2164, 12
2165, 5
2166, 35
2167, 1
2168, 13
2169, 17
2170, 72
2171, 33
2172, 1
2173, 37
2174, 21
2175, 32
2176, 1
2177, 71
2178, 67
2179, 51
2180, 1
2181, 27
2182, 1
2183, 38
2184, 5
2185, 73
2186, 68
2187, 71
2188, 49
2189, 70
2190, 5
2191, 6
2192, 34
2193, 31
2194, 54
2195, 53
2196, 14
2197, 1
2198, 58
2199, 14
2200, 2
2201, 1
2202, 73
2203, 68
2204, 53
2205, 5
2206, 26
2207, 2
2208, 9
2209, 1
2210, 49
2211, 46
2212, 6
2213, 13
2214, 42
2215, 49
2216, 1
2217, 32
2218, 1
2219, 54
2220, 5
2221, 32
2222, 31
2223, 29
2224, 29
2225, 1
2226, 34
2227, 9
2228, 36
2229, 19
2230, 9
2231, 1
2232, 14
2233, 9
2234, 24
2235, 23
2236, 9
2237, 18
2238, 37
2239, 36
2240, 13
2241, 1
2242, 20
2243, 8
2244, 46
2245, 46
2246, 36
2247, 46
2248, 46
2249, 55
2250, 15
2251, 1
2252, 16
2253, 31
2254, 15
2255, 16
2256, 33
2257, 15
2258, 16
2259, 36
2260, 15
2261, 1
2262, 56
2263, 56
2264, 10
2265, 21
2266, 57
2267, 58
2268, 19
2269, 10
2270, 15
2271, 1
2272, 16
2273, 33
2274, 15
2275, 16
2276, 33
2277, 15
2278, 16
2279, 33
2280, 15
2281, 16
2282, 36
2283, 15
2284, 16
2285, 33
2286, 15
2287, 16
2288, 35
2289, 15
2290, 1
2291, 16
2292, 34
2293, 68
2294, 50
2295, 15
2296, 1
2297, 26
2298, 89
2299, 15
2300, 1
2301, 15
2302, 41
2303, 12
2304, 37
2305, 19
2306, 12
2307, 42
2308, 12
2309, 38
2310, 72
2311, 54
2312, 19
2313, 12
2314, 1
2315, 118
2316, 15
2317, 8
2318, 9
2319, 5
2320, 6
2321, 2
2322, 1
2323, 72
2324, 35
2325, 73
2326, 70
2327, 1
2328, 62
2329, 72
2330, 24
2331, 1
2332, 44
2333, 61
2334, 63
2335, 48
2336, 74
2337, 1
2338, 73
2339, 52
2340, 1
2341, 69
2342, 66
2343, 77
2344, 77
2345, 74
2346, 74
2347, 79
2348, 78
2349, 1
2350, 19
2351, 2
2352, 19
2353, 3
2354, 1
2355, 4
2356, 28
2357, 17
2358, 2
2359, 47
2360, 45
2361, 40
2362, 9
2363, 1
2364, 54
2365, 25
2366, 1
2367, 25
2368, 68
2369, 14
2370, 1
2371, 46
2372, 6
2373, 50
2374, 33
2375, 6
2376, 1
2377, 5
2378, 6
2379, 16
2380, 20
2381, 29
2382, 1
2383, 59
2384, 5
2385, 40
2386, 45
2387, 40
2388, 21
2389, 18
2390, 14
2391, 1
2392, 29
2393, 1
2394, 66
2395, 52
2396, 47
2397, 26
2398, 1
2399, 34
2400, 9
2401, 47
2402, 60
2403, 61
2404, 49
2405, 39
2406, 37
2407, 31
2408, 9
2409, 1
2410, 49
2411, 55
2412, 31
2413, 16
2414, 1
2415, 37
2416, 18
2417, 11
2418, 51
2419, 30
2420, 13
2421, 1
2422, 19
2423, 51
2424, 47
2425, 30
2426, 13
2427, 13
2428, 1
2429, 19
2430, 30
2431, 13
2432, 1
2433, 63
2434, 63
2435, 8
2436, 60
2437, 65
2438, 52
2439, 1
2440, 65
2441, 1
2442, 60
2443, 45
2444, 1
2445, 19
2446, 19
2447, 1
2448, 43
2449, 17
2450, 1
2451, 24
2452, 19
2453, 13
2454, 12
2455, 49
2456, 48
2457, 1
2458, 66
2459, 61
2460, 55
2461, 30
2462, 55
2463, 30
2464, 1
2465, 47
2466, 12
2467, 1
2468, 41
2469, 41
2470, 1
2471, 22
2472, 19
2473, 1
2474, 60
2475, 59
2476, 58
2477, 36
2478, 12
2479, 56
2480, 60
2481, 12
2482, 8
2483, 13
2484, 1
2485, 19
2486, 64
2487, 66
2488, 68
2489, 31
2490, 22
2491, 70
2492, 25
2493, 17
2494, 13
2495, 1
2496, 49
2497, 42
2498, 19
2499, 68
2500, 64
2501, 21
2502, 38
2503, 34
2504, 33
2505, 49
2506, 64
2507, 17
2508, 13
2509, 1
2510, 19
2511, 60
2512, 60
2513, 23
2514, 15
2515, 13
2516, 1
2517, 19
2518, 54
2519, 33
2520, 32
2521, 10
2522, 25
2523, 53
2524, 38
2525, 19
2526, 26
2527, 61
2528, 19
2529, 19
2530, 10
2531, 66
2532, 46
2533, 17
2534, 44
2535, 58
2536, 50
2537, 17
2538, 13
2539, 1
2540, 19
2541, 31
2542, 49
2543, 50
2544, 17
2545, 13
2546, 1
2547, 19
2548, 31
2549, 49
2550, 50
2551, 17
2552, 13
2553, 1
2554, 19
2555, 19
2556, 40
2557, 44
2558, 66
2559, 17
2560, 13
2561, 1
2562, 19
2563, 19
2564, 40
2565, 51
2566, 17
2567, 13
2568, 1
2569, 19
2570, 37
2571, 44
2572, 40
2573, 15
2574, 19
2575, 27
2576, 17
2577, 13
2578, 1
2579, 19
2580, 37
2581, 44
2582, 40
2583, 17
2584, 13
2585, 1
2586, 19
2587, 19
2588, 19
2589, 19
2590, 19
2591, 19
2592, 19
2593, 19
2594, 37
2595, 53
2596, 17
2597, 13
2598, 1
2599, 19
2600, 31
2601, 58
2602, 24
2603, 60
2604, 32
2605, 39
2606, 56
2607, 17
2608, 13
2609, 1
2610, 19
2611, 52
2612, 66
2613, 63
2614, 25
2615, 55
2616, 48
2617, 57
2618, 50
2619, 17
2620, 13
2621, 1
2622, 18
2623, 8
2624, 30
2625, 1
2626, 71
2627, 30
2628, 12
2629, 27
2630, 27
2631, 39
2632, 55
2633, 56
2634, 36
2635, 63
2636, 23
2637, 12
2638, 24
2639, 43
2640, 19
2641, 1
2642, 41
2643, 12
2644, 64
2645, 52
2646, 18
2647, 4
2648, 72
2649, 47
2650, 18
2651, 1
2652, 50
2653, 59
2654, 51
2655, 18
2656, 12
2657, 42
2658, 12
2659, 65
2660, 28
2661, 23
2662, 12
2663, 7
2664, 15
2665, 8
2666, 11
2667, 1
2668, 28
2669, 45
2670, 36
2671, 16
2672, 17
2673, 5
2674, 52
2675, 67
2676, 18
2677, 5
2678, 22
2679, 1
2680, 66
2681, 21
2682, 1
2683, 21
2684, 63
2685, 56
2686, 58
2687, 65
2688, 33
2689, 56
2690, 59
2691, 56
2692, 57
2693, 29
2694, 63
2695, 50
2696, 51
2697, 60
2698, 47
2699, 67
2700, 49
2701, 20
2702, 1
2703, 17
2704, 9
2705, 42
2706, 8
2707, 65
2708, 69
2709, 8
2710, 1
2711, 19
2712, 9
2713, 5
2714, 1
2715, 27
2716, 6
2717, 57
2718, 1
2719, 26
2720, 70
2721, 71
2722, 19
2723, 36
2724, 7
2725, 14
2726, 2
2727, 1
2728, 50
2729, 67
2730, 29
2731, 73
2732, 1
2733, 4
2734, 48
2735, 18
2736, 27
2737, 17
2738, 29
2739, 2
2740, 31
2741, 36
2742, 61
2743, 30
2744, 6
2745, 14
2746, 23
2747, 52
2748, 20
2749, 61
2750, 26
2751, 12
2752, 22
2753, 6
2754, 1
2755, 12
2756, 2
2757, 2
2758, 70
2759, 76
2760, 32
2761, 1
2762, 11
2763, 18
2764, 15
2765, 2
2766, 61
2767, 32
2768, 50
2769, 1
2770, 20
2771, 21
2772, 1
2773, 54
2774, 25
2775, 31
2776, 47
2777, 1
2778, 65
2779, 66
2780, 41
2781, 6
2782, 33
2783, 15
2784, 5
2785, 25
2786, 40
2787, 24
2788, 14
2789, 32
2790, 5
2791, 6
2792, 15
2793, 2
2794, 1
2795, 78
2796, 1
2797, 5
2798, 27
2799, 19
2800, 2
2801, 18
2802, 16
2803, 18
2804, 1
2805, 45
2806, 25
2807, 19
2808, 1
2809, 27
2810, 6
2811, 22
2812, 27
2813, 1
2814, 51
2815, 5
2816, 64
2817, 52
2818, 30
2819, 33
2820, 24
2821, 9
2822, 38
2823, 1
2824, 65
2825, 61
2826, 63
2827, 38
2828, 8
2829, 64
2830, 65
2831, 58
2832, 62
2833, 34
2834, 30
2835, 12
2836, 63
2837, 46
2838, 60
2839, 11
2840, 40
2841, 27
2842, 11
2843, 64
2844, 42
2845, 12
2846, 8
2847, 14
2848, 8
2849, 38
2850, 18
2851, 12
2852, 63
2853, 58
2854, 28
2855, 1
2856, 47
2857, 34
2858, 41
2859, 28
2860, 12
2861, 8
2862, 9
2863, 5
2864, 6
2865, 1
2866, 15
2867, 6
2868, 51
2869, 1
2870, 43
2871, 1
2872, 64
2873, 58
2874, 6
2875, 1
2876, 27
2877, 59
2878, 47
2879, 1
2880, 23
2881, 23
2882, 7
2883, 1
2884, 25
2885, 2
2886, 1
2887, 67
2888, 46
2889, 1
2890, 5
2891, 26
2892, 2
2893, 18
2894, 1
2895, 47
2896, 6
2897, 31
2898, 25
2899, 5
2900, 61
2901, 62
2902, 64
2903, 34
2904, 34
2905, 9
2906, 65
2907, 61
2908, 54
2909, 58
2910, 26
2911, 1
2912, 67
2913, 31
2914, 36
2915, 9
2916, 10
2917, 26
2918, 5
2919, 6
2920, 2
2921, 2
2922, 22
2923, 23
2924, 2
2925, 12
2926, 22
2927, 3
2928, 1
2929, 72
2930, 26
2931, 1
2932, 60
2933, 66
2934, 41
2935, 27
2936, 1
2937, 74
2938, 74
2939, 32
2940, 1
2941, 4
2942, 20
2943, 12
2944, 2
2945, 36
2946, 14
2947, 1
2948, 22
2949, 36
2950, 34
2951, 1
2952, 44
2953, 21
2954, 34
2955, 2
2956, 1
2957, 61
2958, 24
2959, 1
2960, 4
2961, 32
2962, 14
2963, 16
2964, 2
2965, 38
2966, 14
2967, 1
2968, 24
2969, 38
2970, 36
2971, 1
2972, 45
2973, 14
2974, 1
2975, 70
2976, 2
2977, 1
2978, 28
2979, 1
2980, 4
2981, 28
2982, 14
2983, 14
2984, 2
2985, 16
2986, 1
2987, 38
2988, 14
2989, 1
2990, 24
2991, 38
2992, 36
2993, 1
2994, 45
2995, 14
2996, 1
2997, 23
2998, 48
2999, 19
3000, 71
3001, 16
3002, 12
3003, 2
3004, 1
3005, 76
3006, 75
3007, 77
3008, 75
3009, 24
3010, 75
3011, 1
3012, 72
3013, 71
3014, 17
3015, 1
3016, 4
3017, 62
3018, 19
3019, 28
3020, 29
3021, 28
3022, 2
3023, 25
3024, 24
3025, 21
3026, 9
3027, 1
3028, 72
3029, 14
3030, 1
3031, 25
3032, 39
3033, 37
3034, 23
3035, 37
3036, 35
3037, 1
3038, 46
3039, 14
3040, 69
3041, 1
3042, 21
3043, 6
3044, 30
3045, 1
3046, 45
3047, 13
3048, 50
3049, 13
3050, 78
3051, 42
3052, 6
3053, 1
3054, 46
3055, 47
3056, 1
3057, 46
3058, 6
3059, 40
3060, 1
3061, 64
3062, 34
3063, 46
3064, 39
3065, 23
3066, 42
3067, 6
3068, 25
3069, 7
3070, 1
3071, 45
3072, 29
3073, 13
3074, 59
3075, 66
3076, 13
3077, 47
3078, 46
3079, 13
3080, 61
3081, 62
3082, 13
3083, 68
3084, 80
3085, 54
3086, 13
3087, 1
3088, 19
3089, 64
3090, 5
3091, 49
3092, 49
3093, 9
3094, 22
3095, 16
3096, 9
3097, 5
3098, 19
3099, 5
3100, 63
3101, 47
3102, 1
3103, 58
3104, 47
3105, 22
3106, 29
3107, 1
3108, 39
3109, 5
3110, 6
3111, 1
3112, 18
3113, 19
3114, 2
3115, 1
3116, 48
3117, 1
3118, 5
3119, 31
3120, 39
3121, 2
3122, 49
3123, 18
3124, 15
3125, 9
3126, 18
3127, 34
3128, 18
3129, 16
3130, 7
3131, 31
3132, 39
3133, 1
3134, 52
3135, 48
3136, 71
3137, 43
3138, 1
3139, 34
3140, 45
3141, 25
3142, 19
3143, 6
3144, 41
3145, 7
3146, 1
3147, 27
3148, 6
3149, 40
3150, 1
3151, 73
3152, 48
3153, 39
3154, 1
3155, 67
3156, 61
3157, 43
3158, 1
3159, 35
3160, 51
3161, 77
3162, 1
3163, 34
3164, 65
3165, 6
3166, 80
3167, 7
3168, 1
3169, 42
3170, 5
3171, 30
3172, 24
3173, 9
3174, 33
3175, 24
3176, 19
3177, 32
3178, 1
3179, 34
3180, 34
3181, 43
3182, 53
3183, 41
3184, 74
3185, 1
3186, 36
3187, 67
3188, 26
3189, 8
3190, 67
3191, 66
3192, 39
3193, 41
3194, 12
3195, 19
3196, 42
3197, 1
3198, 35
3199, 46
3200, 39
3201, 48
3202, 50
3203, 19
3204, 29
3205, 1
3206, 28
3207, 41
3208, 11
3209, 49
3210, 20
3211, 44
3212, 11
3213, 1
3214, 38
3215, 19
3216, 1
3217, 48
3218, 48
3219, 1
3220, 46
3221, 18
3222, 35
3223, 39
3224, 13
3225, 30
3226, 28
3227, 35
3228, 34
3229, 58
3230, 37
3231, 44
3232, 20
3233, 49
3234, 20
3235, 13
3236, 1
3237, 67
3238, 37
3239, 11
3240, 34
3241, 45
3242, 43
3243, 47
3244, 49
3245, 23
3246, 11
3247, 19
3248, 12
3249, 1
3250, 39
3251, 42
3252, 40
3253, 1
3254, 55
3255, 41
3256, 1
3257, 54
3258, 67
3259, 61
3260, 39
3261, 59
3262, 1
3263, 46
3264, 64
3265, 12
3266, 26
3267, 1
3268, 45
3269, 44
3270, 62
3271, 18
3272, 1
3273, 64
3274, 39
3275, 42
3276, 40
3277, 57
3278, 13
3279, 23
3280, 29
3281, 53
3282, 39
3283, 39
3284, 1
3285, 42
3286, 17
3287, 29
3288, 23
3289, 1
3290, 40
3291, 36
3292, 46
3293, 43
3294, 43
3295, 56
3296, 28
3297, 1
3298, 54
3299, 30
3300, 54
3301, 1
3302, 66
3303, 34
3304, 49
3305, 28
3306, 7
3307, 28
3308, 28
3309, 17
3310, 13
3311, 1
3312, 68
3313, 51
3314, 53
3315, 12
3316, 1
3317, 34
3318, 61
3319, 61
3320, 60
3321, 60
3322, 61
3323, 37
3324, 24
3325, 1
3326, 54
3327, 46
3328, 57
3329, 6
3330, 60
3331, 39
3332, 44
3333, 17
3334, 61
3335, 1
3336, 61
3337, 17
3338, 11
3339, 12
3340, 28
3341, 11
3342, 24
3343, 38
3344, 40
3345, 40
3346, 64
3347, 11
3348, 31
3349, 12
3350, 27
3351, 1
3352, 59
3353, 44
3354, 1
3355, 27
3356, 7
3357, 1
3358, 61
3359, 60
3360, 58
3361, 41
3362, 14
3363, 45
3364, 16
3365, 14
3366, 8
3367, 9
3368, 1
3369, 27
3370, 14
3371, 5
3372, 1
3373, 39
3374, 6
3375, 1
3376, 48
3377, 51
3378, 23
3379, 1
3380, 30
3381, 40
3382, 1
3383, 74
3384, 70
3385, 20
3386, 22
3387, 6
3388, 23
3389, 75
3390, 6
3391, 34
3392, 7
3393, 6
3394, 47
3395, 70
3396, 6
3397, 25
3398, 7
3399, 2
3400, 28
3401, 1
3402, 53
3403, 1
3404, 71
3405, 66
3406, 72
3407, 20
3408, 1
3409, 4
3410, 40
3411, 28
3412, 2
3413, 23
3414, 1
3415, 33
3416, 16
3417, 14
3418, 1
3419, 43
3420, 18
3421, 1
3422, 35
3423, 15
3424, 6
3425, 67
3426, 17
3427, 6
3428, 7
3429, 6
3430, 19
3431, 13
3432, 1
3433, 36
3434, 42
3435, 13
3436, 1
3437, 49
3438, 5
3439, 40
3440, 1
3441, 36
3442, 17
3443, 1
3444, 32
3445, 17
3446, 1
3447, 62
3448, 21
3449, 5
3450, 6
3451, 1
3452, 15
3453, 2
3454, 1
3455, 78
3456, 80
3457, 80
3458, 60
3459, 1
3460, 4
3461, 37
3462, 28
3463, 2
3464, 23
3465, 1
3466, 33
3467, 16
3468, 6
3469, 78
3470, 17
3471, 16
3472, 6
3473, 1
3474, 51
3475, 18
3476, 29
3477, 1
3478, 35
3479, 15
3480, 6
3481, 65
3482, 64
3483, 17
3484, 6
3485, 7
3486, 6
3487, 19
3488, 13
3489, 1
3490, 36
3491, 42
3492, 13
3493, 1
3494, 49
3495, 5
3496, 40
3497, 1
3498, 36
3499, 17
3500, 1
3501, 32
3502, 17
3503, 1
3504, 64
3505, 68
3506, 21
3507, 5
3508, 6
3509, 1
3510, 15
3511, 2
