1, 70
2, 54
3, 30
4, 0
5, 28
6, 0
7, 62
8, 68
9, 67
10, 18
11, 0
12, 57
13, 62
14, 61
15, 44
16, 0
17, 65
18, 58
19, 58
20, 27
21, 0
22, 69
23, 67
24, 73
25, 0
26, 63
27, 0
28, 19
29, 19
30, 17
31, 17
32, 16
33, 18
34, 17
35, 22
36, 19
37, 25
38, 16
39, 24
40, 18
41, 19
42, 19
43, 16
44, 0
45, 46
46, 39
47, 38
48, 44
49, 47
50, 46
51, 47
52, 43
53, 60
54, 51
55, 50
56, 53
57, 53
58, 51
59, 47
60, 59
61, 44
62, 51
63, 50
64, 58
65, 62
66, 43
67, 70
68, 61
69, 61
70, 44
71, 5
72, 49
73, 44
74, 6
75, 42
76, 51
77, 58
78, 70
79, 42
80, 69
81, 64
82, 48
83, 73
84, 63
85, 13
86, 50
87, 0
88, 37
89, 0
90, 34
91, 32
92, 30
93, 0
94, 65
95, 35
96, 30
97, 0
98, 42
99, 56
100, 47
101, 70
102, 60
103, 56
104, 56
105, 57
106, 55
107, 0
108, 67
109, 71
110, 69
111, 68
112, 73
113, 72
114, 72
115, 69
116, 65
117, 67
118, 63
119, 69
120, 66
121, 69
122, 73
123, 2
124, 0
125, 32
126, 0
127, 54
128, 54
129, 0
130, 49
131, 49
132, 0
133, 18
134, 0
135, 38
136, 21
137, 0
138, 4
139, 22
140, 1
141, 52
142, 53
143, 54
144, 55
145, 52
146, 1
147, 0
148, 4
149, 33
150, 10
151, 1
152, 68
153, 56
154, 0
155, 55
156, 0
157, 25
158, 1
159, 13
160, 69
161, 22
162, 21
163, 20
164, 19
165, 16
166, 12
167, 0
168, 17
169, 69
170, 0
171, 14
172, 66
173, 0
174, 29
175, 17
176, 14
177, 16
178, 14
179, 63
180, 59
181, 0
182, 15
183, 62
184, 73
185, 52
186, 54
187, 0
188, 14
189, 58
190, 37
191, 55
192, 59
193, 29
194, 0
195, 8
196, 75
197, 1
198, 1
199, 0
200, 71
201, 28
202, 0
203, 72
204, 69
205, 45
206, 0
207, 11
208, 20
209, 1
210, 32
211, 30
212, 0
213, 74
214, 71
215, 1
216, 24
217, 24
218, 11
219, 63
220, 1
221, 19
222, 0
223, 32
224, 1
225, 10
226, 30
227, 32
228, 40
229, 27
230, 25
231, 24
232, 0
233, 43
234, 17
235, 37
236, 39
237, 1
238, 1
239, 0
240, 31
241, 41
242, 0
243, 3
244, 18
245, 10
246, 1
247, 12
248, 27
249, 34
250, 69
251, 9
252, 39
253, 10
254, 22
255, 46
256, 9
257, 1
258, 0
259, 4
260, 16
261, 10
262, 1
263, 25
264, 9
265, 1
266, 0
267, 11
268, 18
269, 11
270, 1
271, 30
272, 57
273, 1
274, 27
275, 30
276, 1
277, 17
278, 37
279, 56
280, 4
281, 1
282, 32
283, 55
284, 26
285, 32
286, 19
287, 1
288, 1
289, 0
290, 34
291, 66
292, 20
293, 69
294, 0
295, 4
296, 27
297, 10
298, 16
299, 1
300, 12
301, 7
302, 17
303, 36
304, 27
305, 34
306, 28
307, 1
308, 40
309, 12
310, 1
311, 21
312, 1
313, 54
314, 1
315, 63
316, 12
317, 1
318, 1
319, 36
320, 35
321, 9
322, 49
323, 59
324, 9
325, 70
326, 1
327, 58
328, 9
329, 68
330, 12
331, 42
332, 9
333, 58
334, 53
335, 56
336, 56
337, 28
338, 1
339, 0
340, 71
341, 35
342, 1
343, 53
344, 44
345, 53
346, 11
347, 12
348, 1
349, 12
350, 1
351, 0
352, 34
353, 65
354, 45
355, 0
356, 4
357, 15
358, 10
359, 1
360, 21
361, 35
362, 20
363, 1
364, 22
365, 15
366, 1
367, 12
368, 1
369, 0
370, 65
371, 39
372, 0
373, 3
374, 49
375, 30
376, 1
377, 72
378, 9
379, 0
380, 26
381, 44
382, 38
383, 44
384, 38
385, 0
386, 31
387, 9
388, 4
389, 1
390, 61
391, 1
392, 43
393, 61
394, 1
395, 54
396, 48
397, 51
398, 49
399, 1
400, 53
401, 23
402, 1
403, 53
404, 35
405, 9
406, 1
407, 47
408, 47
409, 31
410, 9
411, 43
412, 43
413, 9
414, 57
415, 1
416, 4
417, 1
418, 45
419, 45
420, 0
421, 66
422, 41
423, 9
424, 0
425, 46
426, 1
427, 60
428, 60
429, 0
430, 55
431, 42
432, 22
433, 26
434, 44
435, 13
436, 9
437, 11
438, 9
439, 1
440, 0
441, 53
442, 1
443, 51
444, 1
445, 34
446, 1
447, 1
448, 1
449, 0
450, 11
451, 16
452, 10
453, 1
454, 23
455, 16
456, 1
457, 24
458, 39
459, 40
460, 27
461, 25
462, 12
463, 1
464, 4
465, 60
466, 1
467, 0
468, 0
469, 48
470, 0
471, 11
472, 22
473, 10
474, 1
475, 17
476, 1
477, 15
478, 0
479, 23
480, 9
481, 0
482, 41
483, 24
484, 1
485, 8
486, 37
487, 9
488, 0
489, 41
490, 1
491, 23
492, 8
493, 1
494, 1
495, 0
496, 66
497, 0
498, 11
499, 18
500, 1
501, 18
502, 9
503, 18
504, 0
505, 21
506, 62
507, 62
508, 47
509, 48
510, 22
511, 9
512, 0
513, 21
514, 51
515, 51
516, 38
517, 52
518, 40
519, 42
520, 42
521, 1
522, 0
523, 11
524, 29
525, 17
526, 1
527, 46
528, 14
529, 18
530, 43
531, 0
532, 21
533, 0
534, 22
535, 26
536, 0
537, 60
538, 1
539, 10
540, 33
541, 26
542, 38
543, 34
544, 24
545, 1
546, 27
547, 42
548, 9
549, 0
550, 33
551, 26
552, 33
553, 26
554, 9
555, 1
556, 29
557, 9
558, 0
559, 27
560, 1
561, 50
562, 50
563, 58
564, 33
565, 1
566, 1
567, 1
568, 0
569, 66
570, 15
571, 0
572, 11
573, 24
574, 10
575, 1
576, 10
577, 0
578, 24
579, 15
580, 30
581, 34
582, 11
583, 29
584, 24
585, 31
586, 1
587, 0
588, 32
589, 0
590, 11
591, 37
592, 25
593, 1
594, 39
595, 36
596, 74
597, 23
598, 21
599, 30
600, 19
601, 50
602, 22
603, 1
604, 0
605, 11
606, 25
607, 14
608, 1
609, 32
610, 1
611, 0
612, 69
613, 0
614, 4
615, 28
616, 10
617, 1
618, 14
619, 1
620, 34
621, 31
622, 32
623, 33
624, 31
625, 32
626, 30
627, 31
628, 26
629, 1
630, 1
631, 0
632, 61
633, 0
634, 3
635, 27
636, 10
637, 1
638, 30
639, 9
640, 32
641, 9
642, 33
643, 9
644, 34
645, 9
646, 32
647, 9
648, 33
649, 9
650, 31
651, 10
652, 32
653, 10
654, 4
655, 9
656, 1
657, 0
658, 48
659, 50
660, 0
661, 11
662, 48
663, 11
664, 1
665, 44
666, 43
667, 47
668, 65
669, 14
670, 1
671, 0
672, 76
673, 72
674, 0
675, 4
676, 37
677, 10
678, 1
679, 29
680, 35
681, 21
682, 0
683, 65
684, 64
685, 65
686, 28
687, 26
688, 39
689, 41
690, 22
691, 0
692, 28
693, 9
694, 0
695, 39
696, 16
697, 31
698, 0
699, 43
700, 42
701, 23
702, 55
703, 34
704, 12
705, 1
706, 0
707, 69
708, 64
709, 40
710, 0
711, 4
712, 34
713, 10
714, 10
715, 1
716, 31
717, 1
718, 10
719, 24
720, 40
721, 60
722, 33
723, 41
724, 22
725, 17
726, 59
727, 1
728, 0
729, 12
730, 1
731, 0
732, 73
733, 0
734, 4
735, 43
736, 10
737, 10
738, 10
739, 1
740, 71
741, 1
742, 0
743, 59
744, 65
745, 56
746, 63
747, 0
748, 4
749, 43
750, 24
751, 1
752, 29
753, 16
754, 9
755, 48
756, 0
757, 22
758, 1
759, 12
760, 46
761, 45
762, 53
763, 43
764, 10
765, 50
766, 41
767, 47
768, 40
769, 6
770, 27
771, 1
772, 53
773, 50
774, 38
775, 31
776, 1
777, 1
778, 0
779, 72
780, 44
781, 23
782, 59
783, 0
784, 65
785, 0
786, 51
787, 43
788, 23
789, 12
790, 0
791, 43
792, 12
793, 1
794, 0
795, 76
796, 70
797, 39
798, 0
799, 4
800, 43
801, 11
802, 12
803, 1
804, 33
805, 38
806, 62
807, 0
808, 37
809, 9
810, 0
811, 49
812, 76
813, 0
814, 41
815, 40
816, 9
817, 0
818, 22
819, 46
820, 0
821, 73
822, 71
823, 72
824, 33
825, 31
826, 43
827, 31
828, 46
829, 0
830, 45
831, 36
832, 34
833, 4
834, 16
835, 0
836, 68
837, 36
838, 1
839, 12
840, 55
841, 54
842, 74
843, 36
844, 34
845, 0
846, 15
847, 36
848, 34
849, 0
850, 21
851, 46
852, 1
853, 0
854, 48
855, 41
856, 45
857, 28
858, 37
859, 11
860, 30
861, 0
862, 13
863, 1
864, 0
865, 68
866, 71
867, 73
868, 68
869, 17
870, 69
871, 0
872, 11
873, 56
874, 16
875, 18
876, 1
877, 14
878, 0
879, 46
880, 9
881, 0
882, 69
883, 0
884, 35
885, 31
886, 0
887, 56
888, 69
889, 25
890, 0
891, 30
892, 9
893, 4
894, 20
895, 1
896, 0
897, 72
898, 73
899, 27
900, 0
901, 4
902, 36
903, 16
904, 12
905, 1
906, 14
907, 0
908, 52
909, 9
910, 35
911, 40
912, 33
913, 0
914, 71
915, 63
916, 42
917, 26
918, 40
919, 4
920, 39
921, 0
922, 45
923, 38
924, 21
925, 9
926, 37
927, 11
928, 1
929, 0
930, 76
931, 20
932, 0
933, 4
934, 36
935, 16
936, 12
937, 1
938, 9
939, 36
940, 25
941, 33
942, 0
943, 45
944, 39
945, 29
946, 51
947, 27
948, 21
949, 11
950, 1
951, 0
952, 53
953, 0
954, 4
955, 30
956, 10
957, 12
958, 1
959, 29
960, 60
961, 4
962, 50
963, 1
964, 0
965, 66
966, 64
967, 53
968, 0
969, 11
970, 45
971, 16
972, 10
973, 1
974, 6
975, 60
976, 0
977, 27
978, 62
979, 0
980, 29
981, 26
982, 44
983, 51
984, 21
985, 31
986, 12
987, 1
988, 0
989, 70
990, 63
991, 66
992, 66
993, 44
994, 0
995, 67
996, 62
997, 70
998, 0
999, 11
1000, 38
1001, 19
1002, 1
1003, 62
1004, 42
1005, 31
1006, 39
1007, 39
1008, 0
1009, 72
1010, 0
1011, 21
1012, 0
1013, 26
1014, 26
1015, 0
1016, 46
1017, 1
1018, 59
1019, 25
1020, 1
1021, 0
1022, 49
1023, 14
1024, 7
1025, 16
1026, 1
1027, 0
1028, 77
1029, 71
1030, 17
1031, 72
1032, 57
1033, 2
1034, 0
1035, 11
1036, 38
1037, 19
1038, 1
1039, 15
1040, 44
1041, 44
1042, 0
1043, 36
1044, 36
1045, 0
1046, 44
1047, 65
1048, 63
1049, 47
1050, 44
1051, 41
1052, 22
1053, 4
1054, 1
1055, 74
1056, 47
1057, 14
1058, 12
1059, 1
1060, 76
1061, 63
1062, 23
1063, 1
1064, 0
1065, 73
1066, 37
1067, 0
1068, 11
1069, 27
1070, 1
1071, 40
1072, 53
1073, 0
1074, 20
1075, 1
1076, 0
1077, 65
1078, 59
1079, 0
1080, 11
1081, 33
1082, 10
1083, 12
1084, 1
1085, 25
1086, 15
1087, 24
1088, 36
1089, 12
1090, 1
1091, 0
1092, 50
1093, 0
1094, 11
1095, 30
1096, 9
1097, 10
1098, 1
1099, 11
1100, 39
1101, 26
1102, 57
1103, 1
1104, 46
1105, 25
1106, 1
1107, 61
1108, 1
1109, 18
1110, 51
1111, 29
1112, 1
1113, 4
1114, 9
1115, 0
1116, 19
1117, 1
1118, 0
1119, 11
1120, 25
1121, 10
1122, 1
1123, 27
1124, 22
1125, 4
1126, 1
1127, 31
1128, 47
1129, 59
1130, 0
1131, 64
1132, 61
1133, 60
1134, 12
1135, 22
1136, 47
1137, 36
1138, 50
1139, 0
1140, 31
1141, 23
1142, 1
1143, 1
1144, 0
1145, 11
1146, 38
1147, 10
1148, 10
1149, 7
1150, 1
1151, 10
1152, 49
1153, 0
1154, 67
1155, 65
1156, 56
1157, 60
1158, 57
1159, 42
1160, 46
1161, 44
1162, 22
1163, 25
1164, 19
1165, 43
1166, 26
1167, 24
1168, 18
1169, 1
1170, 0
1171, 4
1172, 24
1173, 11
1174, 1
1175, 73
1176, 1
1177, 0
1178, 37
1179, 10
1180, 1
1181, 36
1182, 0
1183, 23
1184, 62
1185, 30
1186, 4
1187, 67
1188, 1
1189, 0
1190, 11
1191, 22
1192, 10
1193, 1
1194, 16
1195, 0
1196, 66
1197, 27
1198, 28
1199, 21
1200, 25
1201, 50
1202, 30
1203, 45
1204, 27
1205, 23
1206, 12
1207, 1
1208, 0
1209, 64
1210, 11
1211, 0
1212, 4
1213, 23
1214, 11
1215, 1
1216, 73
1217, 52
1218, 27
1219, 44
1220, 34
1221, 38
1222, 49
1223, 23
1224, 15
1225, 13
1226, 1
1227, 0
1228, 68
1229, 65
1230, 10
1231, 0
1232, 4
1233, 30
1234, 17
1235, 1
1236, 10
1237, 58
1238, 45
1239, 36
1240, 11
1241, 0
1242, 64
1243, 16
1244, 46
1245, 1
1246, 21
1247, 25
1248, 69
1249, 23
1250, 1
1251, 25
1252, 0
1253, 64
1254, 1
1255, 62
1256, 59
1257, 37
1258, 56
1259, 1
1260, 30
1261, 27
1262, 38
1263, 31
1264, 28
1265, 36
1266, 23
1267, 38
1268, 1
1269, 60
1270, 44
1271, 26
1272, 1
1273, 47
1274, 1
1275, 30
1276, 31
1277, 5
1278, 22
1279, 23
1280, 24
1281, 20
1282, 1
1283, 4
1284, 1
1285, 31
1286, 40
1287, 28
1288, 27
1289, 25
1290, 11
1291, 1
1292, 53
1293, 12
1294, 1
1295, 0
1296, 11
1297, 29
1298, 10
1299, 1
1300, 46
1301, 39
1302, 19
1303, 1
1304, 0
1305, 11
1306, 28
1307, 10
1308, 1
1309, 39
1310, 46
1311, 39
1312, 45
1313, 36
1314, 11
1315, 19
1316, 1
1317, 0
1318, 11
1319, 39
1320, 29
1321, 9
1322, 7
1323, 1
1324, 20
1325, 20
1326, 0
1327, 21
1328, 69
1329, 55
1330, 73
1331, 41
1332, 1
1333, 0
1334, 0
1335, 4
1336, 43
1337, 18
1338, 20
1339, 1
1340, 17
1341, 32
1342, 32
1343, 0
1344, 26
1345, 1
1346, 11
1347, 1
1348, 20
1349, 22
1350, 6
1351, 20
1352, 22
1353, 6
1354, 8
1355, 6
1356, 1
1357, 1
1358, 32
1359, 1
1360, 11
1361, 1
1362, 20
1363, 22
1364, 6
1365, 20
1366, 22
1367, 6
1368, 8
1369, 6
1370, 1
1371, 1
1372, 0
1373, 11
1374, 9
1375, 0
1376, 30
1377, 24
1378, 27
1379, 35
1380, 11
1381, 0
1382, 12
1383, 1
1384, 0
1385, 4
1386, 39
1387, 18
1388, 22
1389, 1
1390, 10
1391, 11
1392, 1
1393, 18
1394, 1
1395, 40
1396, 30
1397, 58
1398, 28
1399, 1
1400, 17
1401, 17
1402, 62
1403, 62
1404, 6
1405, 0
1406, 68
1407, 68
1408, 50
1409, 1
1410, 69
1411, 32
1412, 69
1413, 60
1414, 26
1415, 20
1416, 24
1417, 21
1418, 53
1419, 39
1420, 25
1421, 17
1422, 1
1423, 18
1424, 50
1425, 1
1426, 69
1427, 69
1428, 61
1429, 25
1430, 20
1431, 45
1432, 49
1433, 1
1434, 20
1435, 20
1436, 33
1437, 24
1438, 1
1439, 10
1440, 29
1441, 1
1442, 40
1443, 40
1444, 1
1445, 42
1446, 34
1447, 27
1448, 35
1449, 11
1450, 29
1451, 28
1452, 12
1453, 1
1454, 0
1455, 36
1456, 29
1457, 22
1458, 53
1459, 0
1460, 6
1461, 11
1462, 1
1463, 43
1464, 1
1465, 0
1466, 11
1467, 28
1468, 30
1469, 1
1470, 16
1471, 18
1472, 18
1473, 11
1474, 1
1475, 17
1476, 17
1477, 18
1478, 22
1479, 25
1480, 6
1481, 8
1482, 25
1483, 1
1484, 25
1485, 53
1486, 1
1487, 0
1488, 62
1489, 31
1490, 57
1491, 35
1492, 54
1493, 30
1494, 0
1495, 4
1496, 26
1497, 12
1498, 10
1499, 1
1500, 49
1501, 1
1502, 23
1503, 27
1504, 72
1505, 23
1506, 1
1507, 2
1508, 1
1509, 25
1510, 16
1511, 9
1512, 0
1513, 69
1514, 30
1515, 13
1516, 0
1517, 37
1518, 45
1519, 35
1520, 23
1521, 23
1522, 1
1523, 53
1524, 38
1525, 1
1526, 24
1527, 9
1528, 28
1529, 19
1530, 4
1531, 1
1532, 36
1533, 31
1534, 83
1535, 26
1536, 48
1537, 49
1538, 23
1539, 1
1540, 1
1541, 1
1542, 0
1543, 28
1544, 18
1545, 0
1546, 34
1547, 17
1548, 17
1549, 1
1550, 0
1551, 53
1552, 54
1553, 57
1554, 0
1555, 4
1556, 46
1557, 34
1558, 1
1559, 29
1560, 51
1561, 28
1562, 1
1563, 58
1564, 23
1565, 1
1566, 28
1567, 1
1568, 43
1569, 1
1570, 4
1571, 1
1572, 34
1573, 25
1574, 52
1575, 0
1576, 43
1577, 40
1578, 61
1579, 73
1580, 19
1581, 58
1582, 25
1583, 1
1584, 1
1585, 0
1586, 4
1587, 17
1588, 7
1589, 1
1590, 10
1591, 13
1592, 46
1593, 28
1594, 34
1595, 37
1596, 4
1597, 1
1598, 69
1599, 37
1600, 21
1601, 17
1602, 23
1603, 1
1604, 1
1605, 0
1606, 63
1607, 70
1608, 0
1609, 4
1610, 16
1611, 1
1612, 24
1613, 15
1614, 51
1615, 11
1616, 29
1617, 1
1618, 0
1619, 4
1620, 24
1621, 10
1622, 1
1623, 10
1624, 36
1625, 38
1626, 44
1627, 26
1628, 12
1629, 1
1630, 0
1631, 56
1632, 23
1633, 0
1634, 11
1635, 34
1636, 43
1637, 1
1638, 25
1639, 50
1640, 1
1641, 0
1642, 61
1643, 55
1644, 0
1645, 11
1646, 53
1647, 25
1648, 20
1649, 14
1650, 1
1651, 39
1652, 72
1653, 57
1654, 21
1655, 19
1656, 1
1657, 0
1658, 39
1659, 0
1660, 11
1661, 40
1662, 25
1663, 10
1664, 14
1665, 1
1666, 20
1667, 21
1668, 26
1669, 73
1670, 54
1671, 1
1672, 0
1673, 39
1674, 0
1675, 11
1676, 40
1677, 25
1678, 10
1679, 14
1680, 1
1681, 20
1682, 21
1683, 40
1684, 26
1685, 26
1686, 69
1687, 54
1688, 1
1689, 0
1690, 11
1691, 28
1692, 14
1693, 1
1694, 45
1695, 21
1696, 27
1697, 1
1698, 0
1699, 5
1700, 11
1701, 44
1702, 30
1703, 1
1704, 45
1705, 71
1706, 19
1707, 21
1708, 27
1709, 1
1710, 0
1711, 11
1712, 32
1713, 37
1714, 1
1715, 44
1716, 5
1717, 45
1718, 21
1719, 27
1720, 6
1721, 1
1722, 6
1723, 0
1724, 11
1725, 25
1726, 15
1727, 1
1728, 33
1729, 17
1730, 39
1731, 1
1732, 51
1733, 35
1734, 28
1735, 22
1736, 61
1737, 26
1738, 39
1739, 40
1740, 1
1741, 9
1742, 1
1743, 0
1744, 52
1745, 72
1746, 41
1747, 0
1748, 4
1749, 29
1750, 16
1751, 1
1752, 10
1753, 0
1754, 62
1755, 63
1756, 61
1757, 17
1758, 41
1759, 41
1760, 25
1761, 12
1762, 0
1763, 30
1764, 1
1765, 40
1766, 39
1767, 52
1768, 11
1769, 29
1770, 1
1771, 4
1772, 1
1773, 21
1774, 38
1775, 62
1776, 0
1777, 28
1778, 1
1779, 58
1780, 32
1781, 50
1782, 19
1783, 54
1784, 54
1785, 55
1786, 55
1787, 56
1788, 35
1789, 32
1790, 37
1791, 1
1792, 0
1793, 40
1794, 39
1795, 52
1796, 11
1797, 29
1798, 40
1799, 34
1800, 37
1801, 25
1802, 29
1803, 52
1804, 38
1805, 37
1806, 29
1807, 1
1808, 0
1809, 22
1810, 1
1811, 59
1812, 29
1813, 12
1814, 1
1815, 12
1816, 1
1817, 0
1818, 4
1819, 55
1820, 27
1821, 53
1822, 61
1823, 1
1824, 10
1825, 34
1826, 1
1827, 29
1828, 56
1829, 1
1830, 4
1831, 1
1832, 67
1833, 58
1834, 0
1835, 38
1836, 0
1837, 50
1838, 59
1839, 60
1840, 0
1841, 21
1842, 10
1843, 39
1844, 50
1845, 29
1846, 39
1847, 31
1848, 43
1849, 54
1850, 48
1851, 37
1852, 27
1853, 1
1854, 19
1855, 6
1856, 22
1857, 46
1858, 41
1859, 15
1860, 1
1861, 53
1862, 51
1863, 37
1864, 51
1865, 54
1866, 4
1867, 47
1868, 1
1869, 12
1870, 1
1871, 0
1872, 4
1873, 51
1874, 24
1875, 14
1876, 1
1877, 23
1878, 0
1879, 58
1880, 0
1881, 56
1882, 61
1883, 50
1884, 32
1885, 56
1886, 42
1887, 0
1888, 30
1889, 41
1890, 62
1891, 23
1892, 55
1893, 48
1894, 0
1895, 14
1896, 1
1897, 0
1898, 73
1899, 72
1900, 70
1901, 0
1902, 3
1903, 31
1904, 12
1905, 1
1906, 10
1907, 17
1908, 0
1909, 32
1910, 1
1911, 50
1912, 9
1913, 1
1914, 0
1915, 29
1916, 0
1917, 9
1918, 1
1919, 39
1920, 9
1921, 4
1922, 42
1923, 6
1924, 4
1925, 39
1926, 1
1927, 0
1928, 60
1929, 9
1930, 1
1931, 0
1932, 4
1933, 36
1934, 20
1935, 1
1936, 10
1937, 33
1938, 48
1939, 18
1940, 18
1941, 0
1942, 27
1943, 1
1944, 64
1945, 64
1946, 14
1947, 1
1948, 4
1949, 1
1950, 56
1951, 0
1952, 35
1953, 67
1954, 66
1955, 4
1956, 74
1957, 66
1958, 0
1959, 51
1960, 47
1961, 0
1962, 35
1963, 51
1964, 43
1965, 1
1966, 0
1967, 68
1968, 55
1969, 0
1970, 35
1971, 57
1972, 4
1973, 61
1974, 0
1975, 12
1976, 1
1977, 0
1978, 32
1979, 4
1980, 38
1981, 20
1982, 1
1983, 16
1984, 15
1985, 9
1986, 10
1987, 18
1988, 6
1989, 0
1990, 68
1991, 57
1992, 24
1993, 0
1994, 29
1995, 1
1996, 39
1997, 1
1998, 0
1999, 78
2000, 54
2001, 42
2002, 0
2003, 34
2004, 33
2005, 0
2006, 27
2007, 1
2008, 64
2009, 70
2010, 1
2011, 4
2012, 1
2013, 6
2014, 70
2015, 1
2016, 19
2017, 1
2018, 25
2019, 6
2020, 1
2021, 22
2022, 9
2023, 1
2024, 1
2025, 0
2026, 42
2027, 50
2028, 35
2029, 0
2030, 39
2031, 51
2032, 23
2033, 1
2034, 0
2035, 38
2036, 30
2037, 52
2038, 60
2039, 0
2040, 11
2041, 47
2042, 11
2043, 21
2044, 27
2045, 1
2046, 87
2047, 78
2048, 35
2049, 80
2050, 27
2051, 57
2052, 47
2053, 23
2054, 0
2055, 33
2056, 1
2057, 26
2058, 30
2059, 52
2060, 53
2061, 1
2062, 33
2063, 0
2064, 28
2065, 63
2066, 4
2067, 71
2068, 24
2069, 1
2070, 69
2071, 10
2072, 33
2073, 39
2074, 1
2075, 55
2076, 39
2077, 1
2078, 28
2079, 1
2080, 44
2081, 19
2082, 1
2083, 34
2084, 1
2085, 42
2086, 19
2087, 1
2088, 1
2089, 4
2090, 1
2091, 27
2092, 1
2093, 46
2094, 19
2095, 1
2096, 1
2097, 0
2098, 24
2099, 1
2100, 57
2101, 45
2102, 34
2103, 21
2104, 53
2105, 54
2106, 7
2107, 1
2108, 0
2109, 33
2110, 56
2111, 21
2112, 0
2113, 17
2114, 34
2115, 62
2116, 28
2117, 39
2118, 34
2119, 27
2120, 24
2121, 41
2122, 1
2123, 57
2124, 57
2125, 51
2126, 56
2127, 57
2128, 37
2129, 49
2130, 56
2131, 35
2132, 50
2133, 33
2134, 64
2135, 62
2136, 28
2137, 1
2138, 4
2139, 1
2140, 68
2141, 10
2142, 35
2143, 44
2144, 4
2145, 46
2146, 1
2147, 65
2148, 0
2149, 77
2150, 29
2151, 40
2152, 0
2153, 23
2154, 1
2155, 60
2156, 29
2157, 1
2158, 0
2159, 53
2160, 24
2161, 4
2162, 1
2163, 18
2164, 21
2165, 1
2166, 1
2167, 0
2168, 70
2169, 19
2170, 0
2171, 4
2172, 23
2173, 12
2174, 1
2175, 66
2176, 24
2177, 41
2178, 27
2179, 14
2180, 0
2181, 18
2182, 0
2183, 35
2184, 47
2185, 32
2186, 0
2187, 43
2188, 9
2189, 0
2190, 29
2191, 27
2192, 0
2193, 71
2194, 32
2195, 0
2196, 53
2197, 1
2198, 55
2199, 32
2200, 32
2201, 31
2202, 1
2203, 0
2204, 73
2205, 27
2206, 27
2207, 29
2208, 33
2209, 31
2210, 44
2211, 25
2212, 28
2213, 26
2214, 31
2215, 48
2216, 0
2217, 65
2218, 32
2219, 15
2220, 38
2221, 4
2222, 61
2223, 51
2224, 24
2225, 30
2226, 65
2227, 63
2228, 15
2229, 51
2230, 0
2231, 64
2232, 50
2233, 32
2234, 47
2235, 35
2236, 12
2237, 33
2238, 0
2239, 59
2240, 65
2241, 39
2242, 17
2243, 65
2244, 1
2245, 67
2246, 20
2247, 60
2248, 17
2249, 6
2250, 40
2251, 0
2252, 40
2253, 1
2254, 23
2255, 48
2256, 0
2257, 63
2258, 64
2259, 35
2260, 27
2261, 1
2262, 51
2263, 42
2264, 67
2265, 1
2266, 0
2267, 70
2268, 53
2269, 44
2270, 60
2271, 0
2272, 60
2273, 65
2274, 55
2275, 62
2276, 55
2277, 34
2278, 34
2279, 33
2280, 33
2281, 5
2282, 25
2283, 10
2284, 30
2285, 57
2286, 0
2287, 70
2288, 0
2289, 29
2290, 35
2291, 6
2292, 0
2293, 41
2294, 0
2295, 42
2296, 19
2297, 34
2298, 9
2299, 32
2300, 45
2301, 25
2302, 0
2303, 61
2304, 14
2305, 56
2306, 42
2307, 17
2308, 0
2309, 68
2310, 53
2311, 25
2312, 58
2313, 15
2314, 0
2315, 29
2316, 33
2317, 0
2318, 57
2319, 29
2320, 0
2321, 45
2322, 39
2323, 47
2324, 37
2325, 11
2326, 29
2327, 33
2328, 57
2329, 29
2330, 0
2331, 65
2332, 64
2333, 48
2334, 15
2335, 1
2336, 26
2337, 25
2338, 1
2339, 9
2340, 27
2341, 9
2342, 54
2343, 54
2344, 56
2345, 25
2346, 39
2347, 31
2348, 46
2349, 66
2350, 32
2351, 1
2352, 1
2353, 4
2354, 1
2355, 52
2356, 21
2357, 1
2358, 50
2359, 41
2360, 29
2361, 0
2362, 31
2363, 13
2364, 1
2365, 0
2366, 61
2367, 39
2368, 72
2369, 55
2370, 0
2371, 11
2372, 61
2373, 14
2374, 15
2375, 20
2376, 1
2377, 16
2378, 32
2379, 47
2380, 18
2381, 79
2382, 76
2383, 68
2384, 17
2385, 60
2386, 65
2387, 15
2388, 17
2389, 56
2390, 34
2391, 1
2392, 13
2393, 1
2394, 33
2395, 1
2396, 36
2397, 44
2398, 13
2399, 1
2400, 74
2401, 1
2402, 54
2403, 44
2404, 13
2405, 1
2406, 58
2407, 13
2408, 1
2409, 17
2410, 53
2411, 21
2412, 7
2413, 1
2414, 0
2415, 63
2416, 14
2417, 52
2418, 15
2419, 1
2420, 21
2421, 29
2422, 1
2423, 47
2424, 28
2425, 55
2426, 35
2427, 1
2428, 43
2429, 30
2430, 66
2431, 1
2432, 4
2433, 1
2434, 54
2435, 48
2436, 30
2437, 84
2438, 1
2439, 1
2440, 47
2441, 1
2442, 4
2443, 23
2444, 1
2445, 0
2446, 4
2447, 23
2448, 11
2449, 1
2450, 6
2451, 36
2452, 39
2453, 68
2454, 32
2455, 37
2456, 1
2457, 0
2458, 70
2459, 65
2460, 65
2461, 0
2462, 11
2463, 20
2464, 36
2465, 7
2466, 1
2467, 9
2468, 1
2469, 0
2470, 66
2471, 9
2472, 11
2473, 37
2474, 1
2475, 7
2476, 29
2477, 25
2478, 31
2479, 22
2480, 31
2481, 22
2482, 32
2483, 23
2484, 30
2485, 21
2486, 31
2487, 22
2488, 32
2489, 23
2490, 33
2491, 24
2492, 4
2493, 9
2494, 28
2495, 1
2496, 0
2497, 16
2498, 47
2499, 18
2500, 11
2501, 24
2502, 54
2503, 1
2504, 13
2505, 0
2506, 24
2507, 1
2508, 20
2509, 1
2510, 8
2511, 46
2512, 52
2513, 67
2514, 60
2515, 39
2516, 34
2517, 16
2518, 0
2519, 51
2520, 45
2521, 36
2522, 1
2523, 28
2524, 18
2525, 50
2526, 33
2527, 43
2528, 32
2529, 56
2530, 33
2531, 45
2532, 31
2533, 43
2534, 39
2535, 34
2536, 0
2537, 64
2538, 31
2539, 28
2540, 33
2541, 31
2542, 30
2543, 62
2544, 51
2545, 28
2546, 49
2547, 61
2548, 54
2549, 48
2550, 9
2551, 1
2552, 0
2553, 63
2554, 25
2555, 36
2556, 39
2557, 6
2558, 24
2559, 53
2560, 1
2561, 15
2562, 51
2563, 18
2564, 31
2565, 28
2566, 32
2567, 31
2568, 30
2569, 49
2570, 61
2571, 17
2572, 1
2573, 62
2574, 36
2575, 35
2576, 23
2577, 11
2578, 1
2579, 11
2580, 26
2581, 1
2582, 11
2583, 9
2584, 34
2585, 48
2586, 23
2587, 40
2588, 0
2589, 32
2590, 26
2591, 31
2592, 13
2593, 1
2594, 31
2595, 34
2596, 42
2597, 23
2598, 31
2599, 13
2600, 1
2601, 0
2602, 60
2603, 31
2604, 24
2605, 35
2606, 13
2607, 55
2608, 37
2609, 0
2610, 43
2611, 41
2612, 1
2613, 62
2614, 14
2615, 30
2616, 1
2617, 49
2618, 14
2619, 40
2620, 19
2621, 12
2622, 1
2623, 18
2624, 0
2625, 15
2626, 1
2627, 15
2628, 51
2629, 46
2630, 17
2631, 1
2632, 57
2633, 19
2634, 44
2635, 40
2636, 1
2637, 18
2638, 1
2639, 0
2640, 18
2641, 23
2642, 53
2643, 18
2644, 0
2645, 17
2646, 70
2647, 41
2648, 40
2649, 18
2650, 0
2651, 14
2652, 35
2653, 0
2654, 26
2655, 26
2656, 41
2657, 26
2658, 0
2659, 44
2660, 46
2661, 31
2662, 1
2663, 39
2664, 37
2665, 62
2666, 0
2667, 26
2668, 45
2669, 20
2670, 1
2671, 24
2672, 18
2673, 0
2674, 23
2675, 65
2676, 25
2677, 0
2678, 16
2679, 46
2680, 37
2681, 18
2682, 0
2683, 8
2684, 69
2685, 1
2686, 1
2687, 0
2688, 59
2689, 23
2690, 0
2691, 4
2692, 31
2693, 9
2694, 12
2695, 1
2696, 7
2697, 24
2698, 40
2699, 0
2700, 14
2701, 14
2702, 0
2703, 46
2704, 64
2705, 10
2706, 22
2707, 37
2708, 39
2709, 35
2710, 37
2711, 37
2712, 35
2713, 39
2714, 41
2715, 37
2716, 51
2717, 51
2718, 49
2719, 49
2720, 0
2721, 74
2722, 0
2723, 42
2724, 25
2725, 59
2726, 41
2727, 0
2728, 65
2729, 26
2730, 1
2731, 46
2732, 50
2733, 23
2734, 1
2735, 69
2736, 14
2737, 44
2738, 6
2739, 0
2740, 44
2741, 0
2742, 69
2743, 68
2744, 69
2745, 60
2746, 59
2747, 60
2748, 62
2749, 63
2750, 0
2751, 48
2752, 39
2753, 40
2754, 42
2755, 47
2756, 46
2757, 47
2758, 47
2759, 0
2760, 36
2761, 34
2762, 3
2763, 37
2764, 37
2765, 3
2766, 54
2767, 54
2768, 3
2769, 6
2770, 3
2771, 54
2772, 3
2773, 1
2774, 0
2775, 48
2776, 0
2777, 62
2778, 0
2779, 61
2780, 40
2781, 31
2782, 42
2783, 43
2784, 44
2785, 48
2786, 47
2787, 47
2788, 70
2789, 0
2790, 77
2791, 77
2792, 49
2793, 45
2794, 46
2795, 46
2796, 45
2797, 18
2798, 46
2799, 0
2800, 67
2801, 0
2802, 51
2803, 53
2804, 0
2805, 32
2806, 68
2807, 40
2808, 24
2809, 30
2810, 47
2811, 33
2812, 34
2813, 1
2814, 0
2815, 29
2816, 41
2817, 52
2818, 38
2819, 22
2820, 28
2821, 31
2822, 32
2823, 1
2824, 0
2825, 65
2826, 66
2827, 48
2828, 23
2829, 49
2830, 0
2831, 21
2832, 13
2833, 1
2834, 11
2835, 1
2836, 0
2837, 4
2838, 30
2839, 9
2840, 12
2841, 1
2842, 7
2843, 6
2844, 40
2845, 25
2846, 24
2847, 40
2848, 0
2849, 18
2850, 42
2851, 25
2852, 0
2853, 60
2854, 58
2855, 38
2856, 38
2857, 1
2858, 37
2859, 24
2860, 17
2861, 44
2862, 4
2863, 1
2864, 55
2865, 52
2866, 45
2867, 1
2868, 1
2869, 0
2870, 54
2871, 7
2872, 0
2873, 46
2874, 38
2875, 26
2876, 1
2877, 59
2878, 1
2879, 31
2880, 21
2881, 48
2882, 21
2883, 38
2884, 24
2885, 1
2886, 0
2887, 47
2888, 1
2889, 26
2890, 1
2891, 58
2892, 54
2893, 49
2894, 38
2895, 21
2896, 1
2897, 0
2898, 37
2899, 19
2900, 1
2901, 4
2902, 1
2903, 26
2904, 1
2905, 59
2906, 53
2907, 21
2908, 21
2909, 1
2910, 1
2911, 0
2912, 49
2913, 0
2914, 63
2915, 56
2916, 25
2917, 55
2918, 1
2919, 61
2920, 37
2921, 38
2922, 68
2923, 1
2924, 37
2925, 24
2926, 13
2927, 1
2928, 41
2929, 40
2930, 58
2931, 6
2932, 1
2933, 1
2934, 1
2935, 22
2936, 52
2937, 21
2938, 11
2939, 0
2940, 26
2941, 1
2942, 59
2943, 65
2944, 17
2945, 1
2946, 1
2947, 0
2948, 11
2949, 41
2950, 9
2951, 10
2952, 1
2953, 7
2954, 46
2955, 1
2956, 10
2957, 59
2958, 52
2959, 41
2960, 48
2961, 1
2962, 4
2963, 30
2964, 15
2965, 1
2966, 0
2967, 3
2968, 46
2969, 7
2970, 30
2971, 29
2972, 1
2973, 39
2974, 46
2975, 0
2976, 65
2977, 64
2978, 51
2979, 1
2980, 37
2981, 45
2982, 1
2983, 0
2984, 23
2985, 1
2986, 69
2987, 14
2988, 19
2989, 38
2990, 6
2991, 0
2992, 46
2993, 11
2994, 26
2995, 36
2996, 69
2997, 1
2998, 0
2999, 42
3000, 12
3001, 49
3002, 35
3003, 43
3004, 1
3005, 0
3006, 37
3007, 44
3008, 51
3009, 66
3010, 58
3011, 0
3012, 51
3013, 40
3014, 57
3015, 0
3016, 48
3017, 43
3018, 3
3019, 65
3020, 30
3021, 51
3022, 1
3023, 0
3024, 45
3025, 45
3026, 0
3027, 31
3028, 44
3029, 66
3030, 0
3031, 34
3032, 54
3033, 0
3034, 39
3035, 76
3036, 0
3037, 39
3038, 76
3039, 0
3040, 45
3041, 37
3042, 0
3043, 36
3044, 40
3045, 0
3046, 36
3047, 47
3048, 0
3049, 5
3050, 38
3051, 3
3052, 39
3053, 64
3054, 26
3055, 1
3056, 6
3057, 0
3058, 47
3059, 46
3060, 39
3061, 34
3062, 46
3063, 39
3064, 0
3065, 61
3066, 0
3067, 49
3068, 0
3069, 47
3070, 0
3071, 43
3072, 0
3073, 50
3074, 52
3075, 52
3076, 0
3077, 47
3078, 47
3079, 0
3080, 23
3081, 68
3082, 44
3083, 24
3084, 35
3085, 23
3086, 59
3087, 23
3088, 3
3089, 56
3090, 55
3091, 27
3092, 57
3093, 47
3094, 36
3095, 3
3096, 57
3097, 45
3098, 44
3099, 29
3100, 1
3101, 0
3102, 22
3103, 39
3104, 52
3105, 44
3106, 24
3107, 35
3108, 23
3109, 59
3110, 28
3111, 3
3112, 29
3113, 51
3114, 27
3115, 57
3116, 47
3117, 36
3118, 3
3119, 57
3120, 45
3121, 44
3122, 29
3123, 1
3124, 0
3125, 44
3126, 32
3127, 38
3128, 12
3129, 67
3130, 18
3131, 50
3132, 1
3133, 0
3134, 39
3135, 26
3136, 65
3137, 0
3138, 62
3139, 0
3140, 37
3141, 9
3142, 52
3143, 1
3144, 0
3145, 37
3146, 9
3147, 53
3148, 1
3149, 0
3150, 62
3151, 58
3152, 31
3153, 63
3154, 16
3155, 28
3156, 28
3157, 8
3158, 29
3159, 64
3160, 1
3161, 31
3162, 10
3163, 63
3164, 32
3165, 47
3166, 1
3167, 0
3168, 43
3169, 66
3170, 40
3171, 0
3172, 43
3173, 12
3174, 49
3175, 35
3176, 40
3177, 1
3178, 0
3179, 40
3180, 10
3181, 59
3182, 38
3183, 1
3184, 0
3185, 48
3186, 47
3187, 43
3188, 9
3189, 23
3190, 24
3191, 25
3192, 30
3193, 30
3194, 48
3195, 32
3196, 41
3197, 1
3198, 0
3199, 44
3200, 3
3201, 65
3202, 30
3203, 52
3204, 1
3205, 0
3206, 44
3207, 35
3208, 0
3209, 73
3210, 72
3211, 0
3212, 35
3213, 8
3214, 38
3215, 13
3216, 25
3217, 36
3218, 30
3219, 25
3220, 1
3221, 0
3222, 31
3223, 3
3224, 46
3225, 26
3226, 44
3227, 1
3228, 0
3229, 31
3230, 3
3231, 37
3232, 46
3233, 26
3234, 3
3235, 19
3236, 3
3237, 26
3238, 45
3239, 8
3240, 3
3241, 20
3242, 20
3243, 20
3244, 20
3245, 20
3246, 3
3247, 38
3248, 64
3249, 8
3250, 3
3251, 21
3252, 21
3253, 21
3254, 21
3255, 21
3256, 3
3257, 65
3258, 8
3259, 3
3260, 10
3261, 45
3262, 3
3263, 1
3264, 0
3265, 32
3266, 51
3267, 0
3268, 31
3269, 30
3270, 0
3271, 21
3272, 13
3273, 8
3274, 61
3275, 1
3276, 10
3277, 1
3278, 0
3279, 60
3280, 16
3281, 0
3282, 20
3283, 40
3284, 9
3285, 20
3286, 1
3287, 21
3288, 44
3289, 0
3290, 28
3291, 28
3292, 32
3293, 14
3294, 1
3295, 0
3296, 67
3297, 30
3298, 0
3299, 17
3300, 8
3301, 0
3302, 30
3303, 35
3304, 0
3305, 66
3306, 56
3307, 0
3308, 67
3309, 66
3310, 33
3311, 0
3312, 64
3313, 63
3314, 63
3315, 35
3316, 0
3317, 73
3318, 39
3319, 0
3320, 3
3321, 56
3322, 16
3323, 32
3324, 1
3325, 25
3326, 16
3327, 19
3328, 0
3329, 14
3330, 16
3331, 0
3332, 19
3333, 0
3334, 52
3335, 31
3336, 52
3337, 6
3338, 13
3339, 0
3340, 46
3341, 58
3342, 26
3343, 1
3344, 15
3345, 58
3346, 1
3347, 0
3348, 15
3349, 1
3350, 21
3351, 21
3352, 21
3353, 21
3354, 24
3355, 6
3356, 0
3357, 21
3358, 21
3359, 21
3360, 21
3361, 24
3362, 6
3363, 0
3364, 21
3365, 21
3366, 21
3367, 21
3368, 24
3369, 6
3370, 0
3371, 21
3372, 21
3373, 21
3374, 21
3375, 24
3376, 6
3377, 0
3378, 21
3379, 21
3380, 21
3381, 21
3382, 24
3383, 6
3384, 0
3385, 19
3386, 19
3387, 19
3388, 19
3389, 19
3390, 49
3391, 15
3392, 1
3393, 55
3394, 29
3395, 1
3396, 6
3397, 1
3398, 0
3399, 65
3400, 28
3401, 74
3402, 19
3403, 0
3404, 16
3405, 1
3406, 0
3407, 75
3408, 51
3409, 0
3410, 71
3411, 67
3412, 71
3413, 63
3414, 67
3415, 29
3416, 0
3417, 66
3418, 37
3419, 0
3420, 56
3421, 62
3422, 67
3423, 2
3424, 0
3425, 4
3426, 29
3427, 11
3428, 1
3429, 21
3430, 12
3431, 46
3432, 1
3433, 47
3434, 60
3435, 1
3436, 38
3437, 37
3438, 37
3439, 50
3440, 52
3441, 1
3442, 14
3443, 0
3444, 28
3445, 12
3446, 0
3447, 11
3448, 0
3449, 62
3450, 38
3451, 29
3452, 0
3453, 28
3454, 0
3455, 53
3456, 33
3457, 9
3458, 0
3459, 67
3460, 50
3461, 1
3462, 67
3463, 33
3464, 51
3465, 25
3466, 1
3467, 0
3468, 44
3469, 28
3470, 0
3471, 8
3472, 1
3473, 69
3474, 59
3475, 28
3476, 11
3477, 1
3478, 1
3479, 12
3480, 1
3481, 0
3482, 65
3483, 67
3484, 0
3485, 10
3486, 40
3487, 15
3488, 26
3489, 1
3490, 70
3491, 40
3492, 9
3493, 0
3494, 58
3495, 55
3496, 13
3497, 51
3498, 24
3499, 68
3500, 57
3501, 60
3502, 57
3503, 4
3504, 40
3505, 37
3506, 46
3507, 31
3508, 27
3509, 32
3510, 0
3511, 56
3512, 18
3513, 12
3514, 1
3515, 0
3516, 25
3517, 0
