1, 62
2, 76
3, 57
4, 1
5, 26
6, 1
7, 69
8, 69
9, 69
10, 9
11, 1
12, 71
13, 66
14, 70
15, 18
16, 1
17, 66
18, 65
19, 61
20, 21
21, 1
22, 1
23, 20
24, 20
25, 17
26, 18
27, 25
28, 23
29, 26
30, 19
31, 18
32, 18
33, 22
34, 19
35, 18
36, 20
37, 25
38, 20
39, 20
40, 1
41, 24
42, 28
43, 32
44, 6
45, 32
46, 7
47, 7
48, 1
49, 23
50, 28
51, 32
52, 6
53, 32
54, 7
55, 7
56, 1
57, 75
58, 68
59, 69
60, 61
61, 1
62, 48
63, 74
64, 62
65, 62
66, 51
67, 1
68, 79
69, 1
70, 17
71, 1
72, 30
73, 1
74, 74
75, 41
76, 85
77, 1
78, 67
79, 22
80, 1
81, 23
82, 1
83, 37
84, 30
85, 52
86, 1
87, 22
88, 1
89, 49
90, 61
91, 64
92, 1
93, 5
94, 26
95, 2
96, 19
97, 2
98, 1
99, 5
100, 14
101, 2
102, 19
103, 2
104, 1
105, 41
106, 44
107, 51
108, 52
109, 1
110, 69
111, 67
112, 64
113, 1
114, 4
115, 24
116, 15
117, 2
118, 28
119, 56
120, 27
121, 2
122, 2
123, 59
124, 61
125, 1
126, 4
127, 23
128, 12
129, 2
130, 17
131, 17
132, 28
133, 9
134, 1
135, 50
136, 24
137, 6
138, 70
139, 40
140, 30
141, 37
142, 6
143, 1
144, 33
145, 21
146, 14
147, 22
148, 14
149, 1
150, 56
151, 70
152, 1
153, 62
154, 1
155, 34
156, 6
157, 38
158, 23
159, 13
160, 58
161, 37
162, 1
163, 45
164, 18
165, 6
166, 1
167, 12
168, 2
169, 2
170, 46
171, 1
172, 24
173, 2
174, 14
175, 16
176, 12
177, 11
178, 12
179, 1
180, 26
181, 30
182, 1
183, 28
184, 1
185, 73
186, 75
187, 30
188, 1
189, 77
190, 73
191, 73
192, 24
193, 1
194, 74
195, 73
196, 70
197, 1
198, 76
199, 76
200, 70
201, 51
202, 1
203, 4
204, 45
205, 16
206, 14
207, 13
208, 18
209, 2
210, 18
211, 1
212, 44
213, 14
214, 1
215, 41
216, 14
217, 1
218, 14
219, 1
220, 54
221, 40
222, 6
223, 34
224, 71
225, 63
226, 52
227, 11
228, 32
229, 1
230, 16
231, 39
232, 70
233, 6
234, 1
235, 40
236, 34
237, 34
238, 1
239, 42
240, 6
241, 73
242, 27
243, 58
244, 31
245, 6
246, 1
247, 17
248, 1
249, 77
250, 31
251, 1
252, 16
253, 14
254, 7
255, 34
256, 2
257, 1
258, 78
259, 62
260, 1
261, 4
262, 22
263, 15
264, 2
265, 28
266, 24
267, 73
268, 19
269, 32
270, 44
271, 69
272, 43
273, 65
274, 1
275, 1
276, 77
277, 60
278, 56
279, 33
280, 14
281, 1
282, 76
283, 74
284, 30
285, 24
286, 6
287, 18
288, 1
289, 45
290, 18
291, 1
292, 76
293, 36
294, 36
295, 37
296, 6
297, 1
298, 66
299, 24
300, 6
301, 27
302, 1
303, 36
304, 18
305, 6
306, 1
307, 28
308, 12
309, 2
310, 1
311, 60
312, 4
313, 23
314, 2
315, 22
316, 2
317, 1
318, 70
319, 58
320, 1
321, 4
322, 22
323, 2
324, 9
325, 33
326, 1
327, 79
328, 20
329, 1
330, 70
331, 72
332, 73
333, 64
334, 19
335, 1
336, 36
337, 6
338, 38
339, 1
340, 74
341, 40
342, 51
343, 18
344, 1
345, 36
346, 10
347, 72
348, 19
349, 10
350, 40
351, 10
352, 38
353, 1
354, 71
355, 68
356, 75
357, 71
358, 38
359, 41
360, 78
361, 55
362, 14
363, 26
364, 1
365, 41
366, 46
367, 19
368, 18
369, 25
370, 1
371, 25
372, 50
373, 77
374, 60
375, 66
376, 18
377, 1
378, 71
379, 67
380, 64
381, 73
382, 1
383, 72
384, 79
385, 47
386, 1
387, 70
388, 24
389, 14
390, 71
391, 76
392, 37
393, 22
394, 15
395, 19
396, 10
397, 31
398, 6
399, 1
400, 24
401, 6
402, 22
403, 1
404, 40
405, 30
406, 42
407, 58
408, 33
409, 1
410, 23
411, 16
412, 6
413, 7
414, 6
415, 26
416, 16
417, 6
418, 2
419, 1
420, 65
421, 1
422, 4
423, 25
424, 2
425, 22
426, 2
427, 1
428, 48
429, 1
430, 5
431, 21
432, 14
433, 2
434, 9
435, 1
436, 71
437, 25
438, 43
439, 6
440, 40
441, 68
442, 61
443, 6
444, 21
445, 2
446, 1
447, 73
448, 39
449, 1
450, 12
451, 47
452, 15
453, 27
454, 2
455, 12
456, 19
457, 16
458, 22
459, 41
460, 34
461, 11
462, 1
463, 10
464, 12
465, 1
466, 23
467, 31
468, 21
469, 39
470, 1
471, 76
472, 75
473, 32
474, 1
475, 16
476, 56
477, 45
478, 40
479, 77
480, 37
481, 6
482, 44
483, 14
484, 6
485, 1
486, 63
487, 1
488, 51
489, 6
490, 25
491, 65
492, 30
493, 50
494, 73
495, 6
496, 1
497, 63
498, 35
499, 12
500, 1
501, 75
502, 52
503, 59
504, 39
505, 1
506, 67
507, 48
508, 1
509, 67
510, 65
511, 6
512, 36
513, 74
514, 64
515, 66
516, 57
517, 16
518, 27
519, 6
520, 1
521, 16
522, 6
523, 15
524, 72
525, 52
526, 70
527, 43
528, 68
529, 38
530, 45
531, 77
532, 13
533, 16
534, 46
535, 53
536, 38
537, 45
538, 59
539, 51
540, 73
541, 66
542, 13
543, 22
544, 22
545, 46
546, 10
547, 69
548, 47
549, 70
550, 46
551, 20
552, 62
553, 49
554, 10
555, 13
556, 17
557, 68
558, 69
559, 47
560, 1
561, 57
562, 57
563, 58
564, 15
565, 47
566, 13
567, 23
568, 23
569, 78
570, 78
571, 74
572, 56
573, 1
574, 40
575, 49
576, 49
577, 63
578, 44
579, 10
580, 52
581, 62
582, 42
583, 1
584, 44
585, 14
586, 41
587, 53
588, 48
589, 40
590, 14
591, 49
592, 14
593, 41
594, 52
595, 48
596, 40
597, 14
598, 1
599, 66
600, 38
601, 72
602, 14
603, 48
604, 26
605, 1
606, 67
607, 45
608, 55
609, 25
610, 75
611, 28
612, 1
613, 53
614, 1
615, 77
616, 1
617, 72
618, 65
619, 14
620, 10
621, 1
622, 13
623, 1
624, 13
625, 13
626, 6
627, 2
628, 1
629, 71
630, 66
631, 31
632, 1
633, 4
634, 50
635, 31
636, 2
637, 48
638, 32
639, 2
640, 1
641, 70
642, 74
643, 1
644, 4
645, 38
646, 25
647, 2
648, 60
649, 32
650, 2
651, 1
652, 63
653, 1
654, 5
655, 44
656, 25
657, 2
658, 60
659, 2
660, 1
661, 68
662, 33
663, 2
664, 49
665, 47
666, 83
667, 3
668, 1
669, 12
670, 33
671, 13
672, 17
673, 2
674, 38
675, 49
676, 1
677, 55
678, 2
679, 1
680, 68
681, 18
682, 1
683, 5
684, 44
685, 25
686, 2
687, 38
688, 1
689, 17
690, 13
691, 17
692, 59
693, 2
694, 1
695, 66
696, 28
697, 4
698, 38
699, 25
700, 2
701, 47
702, 32
703, 2
704, 2
705, 16
706, 63
707, 53
708, 37
709, 1
710, 4
711, 37
712, 15
713, 2
714, 35
715, 1
716, 76
717, 17
718, 14
719, 1
720, 40
721, 38
722, 44
723, 59
724, 2
725, 1
726, 60
727, 63
728, 60
729, 1
730, 4
731, 37
732, 15
733, 2
734, 31
735, 1
736, 45
737, 6
738, 40
739, 41
740, 18
741, 35
742, 18
743, 53
744, 18
745, 44
746, 18
747, 55
748, 18
749, 6
750, 12
751, 2
752, 7
753, 7
754, 2
755, 78
756, 70
757, 76
758, 71
759, 1
760, 13
761, 30
762, 15
763, 15
764, 2
765, 16
766, 37
767, 19
768, 20
769, 9
770, 19
771, 1
772, 16
773, 6
774, 20
775, 16
776, 20
777, 21
778, 23
779, 23
780, 18
781, 16
782, 1
783, 14
784, 78
785, 70
786, 74
787, 41
788, 41
789, 43
790, 44
791, 50
792, 63
793, 75
794, 64
795, 65
796, 70
797, 15
798, 1
799, 53
800, 1
801, 14
802, 17
803, 53
804, 1
805, 13
806, 13
807, 6
808, 1
809, 75
810, 64
811, 1
812, 31
813, 51
814, 6
815, 25
816, 10
817, 34
818, 74
819, 59
820, 31
821, 15
822, 66
823, 1
824, 27
825, 34
826, 32
827, 36
828, 22
829, 10
830, 30
831, 10
832, 17
833, 1
834, 52
835, 14
836, 44
837, 45
838, 61
839, 69
840, 35
841, 19
842, 76
843, 1
844, 31
845, 38
846, 36
847, 26
848, 14
849, 10
850, 6
851, 1
852, 17
853, 2
854, 2
855, 68
856, 77
857, 15
858, 1
859, 75
860, 1
861, 79
862, 75
863, 27
864, 1
865, 78
866, 43
867, 1
868, 67
869, 76
870, 72
871, 39
872, 1
873, 6
874, 35
875, 15
876, 15
877, 16
878, 2
879, 12
880, 15
881, 12
882, 1
883, 16
884, 23
885, 6
886, 31
887, 20
888, 72
889, 18
890, 1
891, 58
892, 26
893, 22
894, 21
895, 6
896, 7
897, 1
898, 72
899, 14
900, 1
901, 40
902, 51
903, 40
904, 53
905, 8
906, 67
907, 38
908, 19
909, 1
910, 18
911, 12
912, 64
913, 22
914, 28
915, 27
916, 12
917, 8
918, 1
919, 12
920, 2
921, 2
922, 68
923, 60
924, 66
925, 59
926, 1
927, 76
928, 71
929, 1
930, 69
931, 11
932, 1
933, 68
934, 43
935, 1
936, 67
937, 62
938, 1
939, 4
940, 27
941, 13
942, 29
943, 2
944, 38
945, 1
946, 24
947, 26
948, 1
949, 48
950, 49
951, 52
952, 43
953, 52
954, 14
955, 1
956, 33
957, 26
958, 64
959, 14
960, 1
961, 23
962, 64
963, 34
964, 32
965, 61
966, 7
967, 44
968, 1
969, 70
970, 61
971, 1
972, 29
973, 14
974, 1
975, 22
976, 6
977, 33
978, 1
979, 23
980, 67
981, 70
982, 32
983, 68
984, 18
985, 7
986, 75
987, 74
988, 72
989, 55
990, 1
991, 35
992, 53
993, 36
994, 18
995, 1
996, 77
997, 54
998, 55
999, 77
1000, 18
1001, 1
1002, 16
1003, 28
1004, 6
1005, 1
1006, 19
1007, 71
1008, 48
1009, 57
1010, 1
1011, 19
1012, 6
1013, 28
1014, 1
1015, 48
1016, 18
1017, 1
1018, 37
1019, 18
1020, 1
1021, 65
1022, 28
1023, 47
1024, 6
1025, 1
1026, 65
1027, 49
1028, 25
1029, 14
1030, 1
1031, 12
1032, 1
1033, 6
1034, 12
1035, 2
1036, 2
1037, 67
1038, 17
1039, 1
1040, 68
1041, 47
1042, 1
1043, 4
1044, 27
1045, 13
1046, 29
1047, 2
1048, 38
1049, 2
1050, 1
1051, 56
1052, 55
1053, 1
1054, 68
1055, 43
1056, 1
1057, 64
1058, 67
1059, 68
1060, 65
1061, 65
1062, 65
1063, 72
1064, 1
1065, 4
1066, 28
1067, 13
1068, 29
1069, 2
1070, 49
1071, 14
1072, 1
1073, 31
1074, 6
1075, 33
1076, 1
1077, 77
1078, 59
1079, 52
1080, 68
1081, 71
1082, 37
1083, 55
1084, 43
1085, 1
1086, 32
1087, 32
1088, 49
1089, 74
1090, 65
1091, 68
1092, 18
1093, 7
1094, 1
1095, 77
1096, 53
1097, 55
1098, 77
1099, 18
1100, 1
1101, 16
1102, 6
1103, 1
1104, 65
1105, 58
1106, 34
1107, 14
1108, 1
1109, 56
1110, 35
1111, 31
1112, 50
1113, 60
1114, 2
1115, 1
1116, 65
1117, 1
1118, 4
1119, 34
1120, 13
1121, 46
1122, 2
1123, 39
1124, 2
1125, 1
1126, 73
1127, 27
1128, 1
1129, 4
1130, 27
1131, 13
1132, 29
1133, 2
1134, 49
1135, 14
1136, 1
1137, 35
1138, 35
1139, 55
1140, 2
1141, 1
1142, 62
1143, 1
1144, 68
1145, 47
1146, 1
1147, 4
1148, 29
1149, 13
1150, 29
1151, 2
1152, 48
1153, 49
1154, 52
1155, 43
1156, 52
1157, 14
1158, 1
1159, 33
1160, 26
1161, 64
1162, 14
1163, 1
1164, 62
1165, 61
1166, 32
1167, 39
1168, 14
1169, 1
1170, 26
1171, 56
1172, 44
1173, 32
1174, 59
1175, 7
1176, 42
1177, 2
1178, 1
1179, 58
1180, 1
1181, 4
1182, 29
1183, 13
1184, 29
1185, 2
1186, 34
1187, 14
1188, 1
1189, 23
1190, 64
1191, 14
1192, 1
1193, 12
1194, 2
1195, 1
1196, 72
1197, 30
1198, 1
1199, 4
1200, 32
1201, 13
1202, 29
1203, 2
1204, 48
1205, 49
1206, 52
1207, 43
1208, 52
1209, 14
1210, 1
1211, 72
1212, 56
1213, 46
1214, 2
1215, 1
1216, 77
1217, 1
1218, 4
1219, 32
1220, 13
1221, 29
1222, 2
1223, 60
1224, 2
1225, 1
1226, 79
1227, 1
1228, 4
1229, 29
1230, 13
1231, 29
1232, 2
1233, 23
1234, 6
1235, 52
1236, 53
1237, 56
1238, 47
1239, 56
1240, 18
1241, 1
1242, 37
1243, 30
1244, 68
1245, 18
1246, 1
1247, 66
1248, 36
1249, 32
1250, 63
1251, 7
1252, 46
1253, 6
1254, 1
1255, 49
1256, 14
1257, 1
1258, 31
1259, 6
1260, 77
1261, 59
1262, 52
1263, 68
1264, 71
1265, 37
1266, 67
1267, 43
1268, 28
1269, 6
1270, 1
1271, 56
1272, 35
1273, 31
1274, 50
1275, 60
1276, 2
1277, 1
1278, 63
1279, 38
1280, 1
1281, 68
1282, 47
1283, 1
1284, 4
1285, 24
1286, 13
1287, 29
1288, 2
1289, 52
1290, 1
1291, 21
1292, 47
1293, 7
1294, 1
1295, 28
1296, 14
1297, 1
1298, 49
1299, 14
1300, 1
1301, 21
1302, 1
1303, 44
1304, 6
1305, 44
1306, 18
1307, 6
1308, 7
1309, 6
1310, 38
1311, 45
1312, 52
1313, 60
1314, 28
1315, 69
1316, 6
1317, 61
1318, 7
1319, 12
1320, 18
1321, 6
1322, 1
1323, 44
1324, 2
1325, 1
1326, 63
1327, 37
1328, 1
1329, 68
1330, 47
1331, 1
1332, 4
1333, 23
1334, 13
1335, 29
1336, 2
1337, 28
1338, 14
1339, 1
1340, 49
1341, 14
1342, 1
1343, 21
1344, 1
1345, 39
1346, 14
1347, 1
1348, 44
1349, 2
1350, 1
1351, 65
1352, 1
1353, 4
1354, 30
1355, 46
1356, 15
1357, 2
1358, 36
1359, 14
1360, 1
1361, 46
1362, 12
1363, 1
1364, 6
1365, 12
1366, 2
1367, 1
1368, 62
1369, 30
1370, 1
1371, 68
1372, 47
1373, 1
1374, 4
1375, 26
1376, 13
1377, 29
1378, 2
1379, 13
1380, 1
1381, 26
1382, 74
1383, 71
1384, 63
1385, 1
1386, 49
1387, 14
1388, 1
1389, 14
1390, 34
1391, 32
1392, 1
1393, 66
1394, 2
1395, 1
1396, 71
1397, 71
1398, 1
1399, 4
1400, 28
1401, 13
1402, 29
1403, 2
1404, 78
1405, 25
1406, 71
1407, 6
1408, 37
1409, 35
1410, 1
1411, 53
1412, 18
1413, 1
1414, 74
1415, 76
1416, 71
1417, 22
1418, 1
1419, 72
1420, 53
1421, 71
1422, 67
1423, 75
1424, 6
1425, 1
1426, 31
1427, 39
1428, 53
1429, 2
1430, 1
1431, 70
1432, 57
1433, 1
1434, 4
1435, 31
1436, 12
1437, 28
1438, 2
1439, 54
1440, 52
1441, 2
1442, 2
1443, 51
1444, 70
1445, 28
1446, 1
1447, 4
1448, 21
1449, 15
1450, 2
1451, 27
1452, 6
1453, 23
1454, 66
1455, 47
1456, 14
1457, 53
1458, 79
1459, 63
1460, 11
1461, 19
1462, 19
1463, 49
1464, 72
1465, 10
1466, 71
1467, 86
1468, 17
1469, 22
1470, 1
1471, 79
1472, 50
1473, 14
1474, 62
1475, 23
1476, 66
1477, 27
1478, 14
1479, 1
1480, 58
1481, 22
1482, 1
1483, 46
1484, 59
1485, 61
1486, 39
1487, 14
1488, 46
1489, 41
1490, 27
1491, 60
1492, 27
1493, 80
1494, 56
1495, 57
1496, 78
1497, 27
1498, 14
1499, 77
1500, 29
1501, 10
1502, 64
1503, 10
1504, 43
1505, 70
1506, 17
1507, 1
1508, 78
1509, 54
1510, 60
1511, 25
1512, 1
1513, 67
1514, 10
1515, 11
1516, 19
1517, 13
1518, 17
1519, 6
1520, 2
1521, 1
1522, 57
1523, 71
1524, 79
1525, 58
1526, 47
1527, 34
1528, 1
1529, 57
1530, 33
1531, 1
1532, 13
1533, 71
1534, 15
1535, 20
1536, 25
1537, 31
1538, 31
1539, 2
1540, 9
1541, 17
1542, 28
1543, 1
1544, 75
1545, 6
1546, 34
1547, 78
1548, 1
1549, 57
1550, 1
1551, 38
1552, 10
1553, 28
1554, 66
1555, 24
1556, 61
1557, 27
1558, 75
1559, 21
1560, 63
1561, 10
1562, 1
1563, 35
1564, 59
1565, 20
1566, 39
1567, 24
1568, 44
1569, 23
1570, 65
1571, 17
1572, 47
1573, 48
1574, 6
1575, 44
1576, 6
1577, 24
1578, 62
1579, 1
1580, 53
1581, 1
1582, 69
1583, 67
1584, 38
1585, 10
1586, 28
1587, 62
1588, 24
1589, 57
1590, 27
1591, 71
1592, 21
1593, 59
1594, 10
1595, 48
1596, 6
1597, 39
1598, 53
1599, 73
1600, 6
1601, 50
1602, 67
1603, 51
1604, 69
1605, 1
1606, 54
1607, 1
1608, 38
1609, 63
1610, 38
1611, 10
1612, 58
1613, 54
1614, 1
1615, 24
1616, 59
1617, 28
1618, 64
1619, 27
1620, 71
1621, 21
1622, 67
1623, 18
1624, 10
1625, 1
1626, 32
1627, 10
1628, 28
1629, 69
1630, 24
1631, 64
1632, 27
1633, 78
1634, 21
1635, 66
1636, 10
1637, 1
1638, 48
1639, 6
1640, 39
1641, 63
1642, 6
1643, 44
1644, 1
1645, 40
1646, 51
1647, 1
1648, 32
1649, 10
1650, 28
1651, 62
1652, 24
1653, 57
1654, 27
1655, 71
1656, 21
1657, 59
1658, 10
1659, 1
1660, 48
1661, 6
1662, 1
1663, 19
1664, 2
1665, 1
1666, 53
1667, 58
1668, 1
1669, 4
1670, 32
1671, 13
1672, 29
1673, 2
1674, 18
1675, 1
1676, 46
1677, 24
1678, 14
1679, 1
1680, 22
1681, 6
1682, 30
1683, 17
1684, 10
1685, 18
1686, 18
1687, 18
1688, 18
1689, 18
1690, 18
1691, 18
1692, 18
1693, 18
1694, 17
1695, 1
1696, 58
1697, 58
1698, 67
1699, 68
1700, 66
1701, 31
1702, 40
1703, 26
1704, 23
1705, 17
1706, 1
1707, 18
1708, 46
1709, 22
1710, 17
1711, 1
1712, 18
1713, 40
1714, 45
1715, 22
1716, 17
1717, 1
1718, 36
1719, 51
1720, 22
1721, 17
1722, 1
1723, 18
1724, 76
1725, 73
1726, 77
1727, 38
1728, 1
1729, 77
1730, 1
1731, 35
1732, 20
1733, 56
1734, 59
1735, 22
1736, 17
1737, 1
1738, 18
1739, 35
1740, 20
1741, 56
1742, 59
1743, 22
1744, 17
1745, 1
1746, 18
1747, 18
1748, 44
1749, 48
1750, 75
1751, 22
1752, 17
1753, 1
1754, 18
1755, 44
1756, 57
1757, 22
1758, 17
1759, 18
1760, 44
1761, 57
1762, 22
1763, 17
1764, 1
1765, 18
1766, 41
1767, 48
1768, 49
1769, 19
1770, 25
1771, 1
1772, 18
1773, 30
1774, 32
1775, 63
1776, 7
1777, 16
1778, 22
1779, 17
1780, 1
1781, 18
1782, 41
1783, 48
1784, 49
1785, 22
1786, 17
1787, 1
1788, 18
1789, 41
1790, 59
1791, 22
1792, 17
1793, 18
1794, 41
1795, 59
1796, 22
1797, 17
1798, 18
1799, 41
1800, 59
1801, 22
1802, 17
1803, 18
1804, 41
1805, 59
1806, 22
1807, 17
1808, 18
1809, 41
1810, 59
1811, 22
1812, 17
1813, 18
1814, 41
1815, 59
1816, 22
1817, 17
1818, 18
1819, 41
1820, 59
1821, 22
1822, 17
1823, 18
1824, 41
1825, 59
1826, 22
1827, 17
1828, 1
1829, 18
1830, 20
1831, 1
1832, 18
1833, 46
1834, 22
1835, 17
1836, 1
1837, 17
1838, 73
1839, 54
1840, 52
1841, 14
1842, 22
1843, 44
1844, 23
1845, 51
1846, 26
1847, 14
1848, 24
1849, 40
1850, 22
1851, 43
1852, 14
1853, 66
1854, 49
1855, 26
1856, 14
1857, 44
1858, 14
1859, 67
1860, 50
1861, 26
1862, 14
1863, 7
1864, 17
1865, 10
1866, 6
1867, 1
1868, 17
1869, 2
1870, 2
1871, 72
1872, 74
1873, 41
1874, 1
1875, 6
1876, 27
1877, 13
1878, 2
1879, 12
1880, 38
1881, 1
1882, 59
1883, 1
1884, 67
1885, 24
1886, 14
1887, 1
1888, 59
1889, 1
1890, 29
1891, 14
1892, 1
1893, 66
1894, 1
1895, 48
1896, 52
1897, 14
1898, 1
1899, 71
1900, 1
1901, 25
1902, 6
1903, 52
1904, 20
1905, 20
1906, 6
1907, 1
1908, 25
1909, 6
1910, 52
1911, 20
1912, 20
1913, 6
1914, 1
1915, 12
1916, 2
1917, 2
1918, 40
1919, 42
1920, 40
1921, 39
1922, 40
1923, 1
1924, 69
1925, 1
1926, 57
1927, 35
1928, 1
1929, 4
1930, 26
1931, 13
1932, 2
1933, 33
1934, 70
1935, 2
1936, 1
1937, 56
1938, 57
1939, 1
1940, 4
1941, 36
1942, 13
1943, 2
1944, 33
1945, 70
1946, 2
1947, 1
1948, 68
1949, 67
1950, 36
1951, 1
1952, 69
1953, 52
1954, 1
1955, 63
1956, 40
1957, 1
1958, 4
1959, 41
1960, 18
1961, 29
1962, 12
1963, 2
1964, 38
1965, 9
1966, 14
1967, 11
1968, 54
1969, 60
1970, 47
1971, 1
1972, 30
1973, 14
1974, 1
1975, 76
1976, 30
1977, 1
1978, 36
1979, 14
1980, 1
1981, 69
1982, 69
1983, 67
1984, 40
1985, 20
1986, 49
1987, 1
1988, 49
1989, 68
1990, 1
1991, 62
1992, 6
1993, 16
1994, 1
1995, 16
1996, 46
1997, 77
1998, 76
1999, 38
2000, 1
2001, 58
2002, 16
2003, 19
2004, 6
2005, 1
2006, 36
2007, 14
2008, 1
2009, 64
2010, 67
2011, 61
2012, 72
2013, 55
2014, 29
2015, 25
2016, 63
2017, 51
2018, 67
2019, 7
2020, 40
2021, 1
2022, 73
2023, 72
2024, 34
2025, 2
2026, 1
2027, 66
2028, 54
2029, 1
2030, 68
2031, 64
2032, 1
2033, 4
2034, 32
2035, 80
2036, 2
2037, 44
2038, 12
2039, 75
2040, 29
2041, 12
2042, 2
2043, 1
2044, 39
2045, 62
2046, 1
2047, 4
2048, 36
2049, 29
2050, 13
2051, 2
2052, 12
2053, 1
2054, 36
2055, 14
2056, 1
2057, 28
2058, 14
2059, 1
2060, 23
2061, 45
2062, 12
2063, 76
2064, 30
2065, 12
2066, 2
2067, 2
2068, 76
2069, 78
2070, 76
2071, 48
2072, 5
2073, 27
2074, 15
2075, 2
2076, 56
2077, 12
2078, 23
2079, 26
2080, 2
2081, 74
2082, 29
2083, 5
2084, 37
2085, 15
2086, 2
2087, 30
2088, 30
2089, 49
2090, 33
2091, 2
2092, 64
2093, 4
2094, 35
2095, 20
2096, 2
2097, 31
2098, 40
2099, 7
2100, 14
2101, 2
2102, 2
2103, 44
2104, 1
2105, 5
2106, 20
2107, 15
2108, 2
2109, 9
2110, 13
2111, 17
2112, 29
2113, 1
2114, 26
2115, 29
2116, 33
2117, 25
2118, 26
2119, 1
2120, 27
2121, 6
2122, 14
2123, 18
2124, 20
2125, 19
2126, 24
2127, 14
2128, 1
2129, 14
2130, 53
2131, 23
2132, 11
2133, 26
2134, 19
2135, 50
2136, 73
2137, 62
2138, 23
2139, 11
2140, 26
2141, 23
2142, 14
2143, 64
2144, 26
2145, 10
2146, 54
2147, 1
2148, 80
2149, 46
2150, 22
2151, 1
2152, 77
2153, 57
2154, 55
2155, 55
2156, 57
2157, 29
2158, 14
2159, 58
2160, 45
2161, 25
2162, 60
2163, 14
2164, 17
2165, 10
2166, 35
2167, 1
2168, 13
2169, 17
2170, 72
2171, 38
2172, 1
2173, 37
2174, 21
2175, 37
2176, 1
2177, 71
2178, 67
2179, 51
2180, 1
2181, 27
2182, 1
2183, 38
2184, 10
2185, 78
2186, 73
2187, 76
2188, 54
2189, 75
2190, 10
2191, 6
2192, 34
2193, 31
2194, 54
2195, 58
2196, 19
2197, 1
2198, 58
2199, 14
2200, 2
2201, 1
2202, 73
2203, 68
2204, 53
2205, 5
2206, 26
2207, 2
2208, 9
2209, 1
2210, 49
2211, 46
2212, 6
2213, 13
2214, 42
2215, 49
2216, 1
2217, 32
2218, 1
2219, 54
2220, 10
2221, 37
2222, 36
2223, 34
2224, 34
2225, 1
2226, 39
2227, 14
2228, 41
2229, 24
2230, 14
2231, 1
2232, 19
2233, 14
2234, 29
2235, 28
2236, 19
2237, 28
2238, 47
2239, 41
2240, 23
2241, 1
2242, 25
2243, 18
2244, 56
2245, 56
2246, 46
2247, 56
2248, 56
2249, 65
2250, 25
2251, 1
2252, 26
2253, 41
2254, 25
2255, 26
2256, 43
2257, 25
2258, 26
2259, 46
2260, 25
2261, 1
2262, 66
2263, 66
2264, 20
2265, 31
2266, 67
2267, 68
2268, 29
2269, 20
2270, 25
2271, 1
2272, 26
2273, 43
2274, 25
2275, 26
2276, 43
2277, 25
2278, 26
2279, 43
2280, 25
2281, 26
2282, 46
2283, 25
2284, 26
2285, 43
2286, 25
2287, 26
2288, 45
2289, 25
2290, 1
2291, 26
2292, 44
2293, 78
2294, 60
2295, 25
2296, 1
2297, 36
2298, 99
2299, 25
2300, 1
2301, 25
2302, 51
2303, 22
2304, 47
2305, 29
2306, 22
2307, 52
2308, 22
2309, 48
2310, 82
2311, 64
2312, 29
2313, 22
2314, 1
2315, 128
2316, 25
2317, 18
2318, 14
2319, 10
2320, 6
2321, 2
2322, 1
2323, 72
2324, 35
2325, 73
2326, 70
2327, 1
2328, 62
2329, 72
2330, 24
2331, 1
2332, 44
2333, 61
2334, 63
2335, 48
2336, 74
2337, 1
2338, 73
2339, 52
2340, 1
2341, 69
2342, 66
2343, 77
2344, 77
2345, 74
2346, 74
2347, 79
2348, 78
2349, 1
2350, 19
2351, 2
2352, 19
2353, 3
2354, 1
2355, 4
2356, 28
2357, 17
2358, 2
2359, 47
2360, 45
2361, 40
2362, 9
2363, 1
2364, 54
2365, 25
2366, 1
2367, 25
2368, 68
2369, 14
2370, 1
2371, 46
2372, 6
2373, 50
2374, 33
2375, 6
2376, 1
2377, 5
2378, 6
2379, 16
2380, 20
2381, 29
2382, 1
2383, 59
2384, 10
2385, 45
2386, 50
2387, 45
2388, 26
2389, 23
2390, 19
2391, 1
2392, 34
2393, 1
2394, 71
2395, 57
2396, 52
2397, 31
2398, 1
2399, 39
2400, 14
2401, 52
2402, 70
2403, 71
2404, 74
2405, 64
2406, 62
2407, 36
2408, 14
2409, 1
2410, 54
2411, 60
2412, 36
2413, 21
2414, 1
2415, 42
2416, 23
2417, 16
2418, 56
2419, 35
2420, 23
2421, 1
2422, 24
2423, 61
2424, 57
2425, 40
2426, 23
2427, 23
2428, 1
2429, 24
2430, 40
2431, 23
2432, 1
2433, 68
2434, 68
2435, 18
2436, 70
2437, 75
2438, 62
2439, 1
2440, 75
2441, 1
2442, 70
2443, 55
2444, 1
2445, 29
2446, 29
2447, 1
2448, 53
2449, 27
2450, 1
2451, 34
2452, 29
2453, 23
2454, 22
2455, 59
2456, 58
2457, 1
2458, 76
2459, 76
2460, 65
2461, 45
2462, 65
2463, 45
2464, 1
2465, 57
2466, 22
2467, 1
2468, 51
2469, 51
2470, 1
2471, 32
2472, 29
2473, 1
2474, 70
2475, 69
2476, 68
2477, 46
2478, 22
2479, 66
2480, 70
2481, 22
2482, 18
2483, 23
2484, 1
2485, 24
2486, 74
2487, 76
2488, 78
2489, 41
2490, 32
2491, 80
2492, 55
2493, 27
2494, 23
2495, 1
2496, 59
2497, 52
2498, 24
2499, 78
2500, 74
2501, 31
2502, 48
2503, 44
2504, 43
2505, 64
2506, 74
2507, 27
2508, 23
2509, 1
2510, 24
2511, 70
2512, 70
2513, 33
2514, 25
2515, 23
2516, 1
2517, 24
2518, 64
2519, 43
2520, 42
2521, 20
2522, 35
2523, 68
2524, 68
2525, 29
2526, 36
2527, 76
2528, 29
2529, 29
2530, 20
2531, 76
2532, 56
2533, 27
2534, 54
2535, 68
2536, 65
2537, 27
2538, 23
2539, 1
2540, 24
2541, 41
2542, 59
2543, 65
2544, 27
2545, 23
2546, 1
2547, 24
2548, 41
2549, 59
2550, 65
2551, 27
2552, 23
2553, 1
2554, 24
2555, 24
2556, 50
2557, 54
2558, 81
2559, 27
2560, 23
2561, 1
2562, 24
2563, 24
2564, 50
2565, 61
2566, 27
2567, 23
2568, 1
2569, 24
2570, 47
2571, 54
2572, 55
2573, 25
2574, 24
2575, 37
2576, 27
2577, 23
2578, 1
2579, 24
2580, 47
2581, 54
2582, 55
2583, 27
2584, 23
2585, 1
2586, 24
2587, 24
2588, 24
2589, 24
2590, 24
2591, 24
2592, 24
2593, 24
2594, 47
2595, 63
2596, 27
2597, 23
2598, 1
2599, 24
2600, 41
2601, 68
2602, 39
2603, 75
2604, 47
2605, 54
2606, 76
2607, 27
2608, 23
2609, 1
2610, 24
2611, 62
2612, 76
2613, 73
2614, 35
2615, 70
2616, 58
2617, 67
2618, 65
2619, 27
2620, 23
2621, 1
2622, 23
2623, 18
2624, 40
2625, 1
2626, 81
2627, 40
2628, 22
2629, 37
2630, 42
2631, 54
2632, 70
2633, 71
2634, 51
2635, 78
2636, 33
2637, 22
2638, 24
2639, 53
2640, 29
2641, 1
2642, 51
2643, 22
2644, 74
2645, 62
2646, 33
2647, 9
2648, 82
2649, 57
2650, 33
2651, 1
2652, 60
2653, 69
2654, 66
2655, 33
2656, 22
2657, 52
2658, 22
2659, 75
2660, 38
2661, 33
2662, 22
2663, 7
2664, 25
2665, 18
2666, 16
2667, 1
2668, 33
2669, 50
2670, 41
2671, 21
2672, 22
2673, 10
2674, 52
2675, 72
2676, 18
2677, 10
2678, 27
2679, 1
2680, 71
2681, 26
2682, 1
2683, 26
2684, 68
2685, 61
2686, 68
2687, 75
2688, 38
2689, 66
2690, 69
2691, 66
2692, 67
2693, 39
2694, 73
2695, 60
2696, 61
2697, 75
2698, 77
2699, 77
2700, 79
2701, 30
2702, 1
2703, 22
2704, 14
2705, 47
2706, 18
2707, 75
2708, 79
2709, 18
2710, 1
2711, 24
2712, 14
2713, 10
2714, 1
2715, 27
2716, 6
2717, 57
2718, 1
2719, 26
2720, 70
2721, 71
2722, 19
2723, 36
2724, 7
2725, 14
2726, 2
2727, 1
2728, 50
2729, 67
2730, 29
2731, 73
2732, 1
2733, 4
2734, 48
2735, 18
2736, 27
2737, 17
2738, 29
2739, 2
2740, 31
2741, 36
2742, 61
2743, 45
2744, 6
2745, 14
2746, 23
2747, 52
2748, 25
2749, 66
2750, 46
2751, 17
2752, 22
2753, 6
2754, 1
2755, 12
2756, 2
2757, 2
2758, 70
2759, 76
2760, 32
2761, 1
2762, 11
2763, 18
2764, 15
2765, 2
2766, 61
2767, 32
2768, 50
2769, 1
2770, 20
2771, 21
2772, 1
2773, 54
2774, 25
2775, 31
2776, 47
2777, 1
2778, 65
2779, 66
2780, 41
2781, 6
2782, 33
2783, 15
2784, 10
2785, 30
2786, 45
2787, 29
2788, 19
2789, 37
2790, 10
2791, 6
2792, 15
2793, 2
2794, 1
2795, 78
2796, 1
2797, 5
2798, 27
2799, 19
2800, 2
2801, 18
2802, 16
2803, 18
2804, 1
2805, 45
2806, 25
2807, 19
2808, 1
2809, 27
2810, 6
2811, 22
2812, 27
2813, 1
2814, 51
2815, 10
2816, 69
2817, 57
2818, 35
2819, 38
2820, 29
2821, 14
2822, 43
2823, 1
2824, 70
2825, 71
2826, 73
2827, 43
2828, 18
2829, 74
2830, 75
2831, 68
2832, 72
2833, 44
2834, 40
2835, 22
2836, 73
2837, 61
2838, 70
2839, 26
2840, 55
2841, 42
2842, 26
2843, 74
2844, 52
2845, 22
2846, 18
2847, 19
2848, 18
2849, 48
2850, 28
2851, 22
2852, 73
2853, 73
2854, 43
2855, 1
2856, 57
2857, 49
2858, 51
2859, 38
2860, 22
2861, 18
2862, 14
2863, 10
2864, 6
2865, 1
2866, 15
2867, 6
2868, 51
2869, 1
2870, 43
2871, 1
2872, 64
2873, 63
2874, 6
2875, 1
2876, 27
2877, 59
2878, 57
2879, 1
2880, 23
2881, 23
2882, 7
2883, 1
2884, 25
2885, 2
2886, 1
2887, 67
2888, 46
2889, 1
2890, 5
2891, 26
2892, 2
2893, 18
2894, 1
2895, 47
2896, 6
2897, 31
2898, 25
2899, 10
2900, 66
2901, 67
2902, 69
2903, 39
2904, 39
2905, 14
2906, 70
2907, 71
2908, 64
2909, 68
2910, 36
2911, 1
2912, 77
2913, 36
2914, 46
2915, 14
2916, 15
2917, 31
2918, 10
2919, 6
2920, 2
2921, 2
2922, 22
2923, 23
2924, 2
2925, 12
2926, 22
2927, 3
2928, 1
2929, 72
2930, 26
2931, 1
2932, 60
2933, 66
2934, 41
2935, 32
2936, 1
2937, 74
2938, 74
2939, 32
2940, 1
2941, 4
2942, 20
2943, 12
2944, 2
2945, 36
2946, 14
2947, 1
2948, 22
2949, 36
2950, 34
2951, 1
2952, 44
2953, 21
2954, 34
2955, 2
2956, 1
2957, 61
2958, 24
2959, 1
2960, 4
2961, 32
2962, 14
2963, 16
2964, 2
2965, 38
2966, 14
2967, 1
2968, 24
2969, 38
2970, 36
2971, 1
2972, 45
2973, 14
2974, 1
2975, 70
2976, 2
2977, 1
2978, 28
2979, 1
2980, 4
2981, 28
2982, 14
2983, 14
2984, 2
2985, 16
2986, 1
2987, 38
2988, 14
2989, 1
2990, 24
2991, 38
2992, 36
2993, 1
2994, 45
2995, 14
2996, 1
2997, 23
2998, 48
2999, 19
3000, 71
3001, 16
3002, 12
3003, 2
3004, 1
3005, 76
3006, 75
3007, 77
3008, 75
3009, 24
3010, 75
3011, 1
3012, 72
3013, 71
3014, 17
3015, 1
3016, 4
3017, 62
3018, 19
3019, 28
3020, 29
3021, 28
3022, 2
3023, 25
3024, 24
3025, 21
3026, 9
3027, 1
3028, 72
3029, 14
3030, 1
3031, 25
3032, 39
3033, 37
3034, 23
3035, 37
3036, 35
3037, 1
3038, 46
3039, 14
3040, 69
3041, 1
3042, 21
3043, 6
3044, 30
3045, 1
3046, 45
3047, 18
3048, 50
3049, 18
3050, 78
3051, 42
3052, 6
3053, 1
3054, 46
3055, 52
3056, 1
3057, 46
3058, 6
3059, 40
3060, 1
3061, 64
3062, 34
3063, 46
3064, 44
3065, 23
3066, 42
3067, 6
3068, 25
3069, 7
3070, 1
3071, 45
3072, 29
3073, 18
3074, 59
3075, 66
3076, 18
3077, 47
3078, 46
3079, 18
3080, 61
3081, 62
3082, 18
3083, 68
3084, 80
3085, 59
3086, 18
3087, 1
3088, 19
3089, 64
3090, 10
3091, 54
3092, 54
3093, 14
3094, 27
3095, 21
3096, 14
3097, 10
3098, 19
3099, 10
3100, 68
3101, 52
3102, 1
3103, 63
3104, 52
3105, 27
3106, 34
3107, 1
3108, 44
3109, 10
3110, 6
3111, 1
3112, 18
3113, 19
3114, 2
3115, 1
3116, 48
3117, 1
3118, 5
3119, 31
3120, 39
3121, 2
3122, 49
3123, 18
3124, 15
3125, 9
3126, 18
3127, 34
3128, 18
3129, 16
3130, 7
3131, 31
3132, 39
3133, 1
3134, 52
3135, 48
3136, 71
3137, 43
3138, 1
3139, 34
3140, 45
3141, 25
3142, 19
3143, 6
3144, 41
3145, 7
3146, 1
3147, 27
3148, 6
3149, 40
3150, 1
3151, 73
3152, 48
3153, 44
3154, 1
3155, 67
3156, 61
3157, 43
3158, 1
3159, 35
3160, 51
3161, 77
3162, 1
3163, 34
3164, 65
3165, 6
3166, 80
3167, 7
3168, 1
3169, 42
3170, 10
3171, 35
3172, 29
3173, 14
3174, 38
3175, 29
3176, 24
3177, 37
3178, 1
3179, 39
3180, 39
3181, 53
3182, 58
3183, 46
3184, 79
3185, 1
3186, 41
3187, 72
3188, 31
3189, 18
3190, 77
3191, 76
3192, 49
3193, 51
3194, 22
3195, 29
3196, 52
3197, 1
3198, 45
3199, 56
3200, 54
3201, 58
3202, 60
3203, 34
3204, 39
3205, 1
3206, 38
3207, 51
3208, 26
3209, 64
3210, 35
3211, 59
3212, 26
3213, 1
3214, 48
3215, 34
3216, 1
3217, 58
3218, 63
3219, 1
3220, 56
3221, 33
3222, 50
3223, 54
3224, 28
3225, 45
3226, 43
3227, 50
3228, 49
3229, 73
3230, 67
3231, 74
3232, 35
3233, 64
3234, 35
3235, 28
3236, 1
3237, 77
3238, 47
3239, 26
3240, 49
3241, 60
3242, 58
3243, 62
3244, 64
3245, 38
3246, 26
3247, 29
3248, 22
3249, 1
3250, 49
3251, 52
3252, 50
3253, 1
3254, 65
3255, 66
3256, 1
3257, 64
3258, 77
3259, 86
3260, 49
3261, 69
3262, 1
3263, 56
3264, 74
3265, 22
3266, 36
3267, 1
3268, 55
3269, 59
3270, 77
3271, 33
3272, 1
3273, 74
3274, 54
3275, 57
3276, 60
3277, 77
3278, 28
3279, 38
3280, 44
3281, 68
3282, 69
3283, 69
3284, 1
3285, 57
3286, 32
3287, 49
3288, 43
3289, 1
3290, 60
3291, 56
3292, 71
3293, 63
3294, 63
3295, 76
3296, 58
3297, 1
3298, 74
3299, 50
3300, 74
3301, 1
3302, 81
3303, 34
3304, 69
3305, 48
3306, 7
3307, 48
3308, 48
3309, 32
3310, 28
3311, 1
3312, 78
3313, 66
3314, 63
3315, 22
3316, 1
3317, 34
3318, 71
3319, 71
3320, 70
3321, 70
3322, 71
3323, 47
3324, 34
3325, 1
3326, 64
3327, 56
3328, 67
3329, 6
3330, 70
3331, 49
3332, 54
3333, 27
3334, 71
3335, 1
3336, 71
3337, 27
3338, 21
3339, 22
3340, 38
3341, 26
3342, 39
3343, 53
3344, 55
3345, 55
3346, 79
3347, 26
3348, 41
3349, 22
3350, 37
3351, 1
3352, 69
3353, 54
3354, 1
3355, 37
3356, 7
3357, 1
3358, 71
3359, 70
3360, 68
3361, 51
3362, 24
3363, 55
3364, 31
3365, 24
3366, 18
3367, 14
3368, 1
3369, 32
3370, 19
3371, 10
3372, 1
3373, 39
3374, 6
3375, 1
3376, 48
3377, 51
3378, 23
3379, 1
3380, 30
3381, 40
3382, 1
3383, 74
3384, 70
3385, 20
3386, 22
3387, 6
3388, 23
3389, 75
3390, 6
3391, 34
3392, 7
3393, 6
3394, 47
3395, 70
3396, 6
3397, 25
3398, 7
3399, 2
3400, 28
3401, 1
3402, 53
3403, 1
3404, 71
3405, 66
3406, 72
3407, 20
3408, 1
3409, 4
3410, 40
3411, 28
3412, 2
3413, 23
3414, 1
3415, 33
3416, 16
3417, 14
3418, 1
3419, 43
3420, 18
3421, 1
3422, 35
3423, 15
3424, 6
3425, 67
3426, 22
3427, 6
3428, 7
3429, 6
3430, 19
3431, 13
3432, 1
3433, 36
3434, 42
3435, 18
3436, 1
3437, 49
3438, 10
3439, 45
3440, 1
3441, 41
3442, 22
3443, 1
3444, 37
3445, 22
3446, 1
3447, 67
3448, 26
3449, 10
3450, 6
3451, 1
3452, 15
3453, 2
3454, 1
3455, 78
3456, 80
3457, 80
3458, 60
3459, 1
3460, 4
3461, 37
3462, 28
3463, 2
3464, 23
3465, 1
3466, 33
3467, 16
3468, 6
3469, 78
3470, 22
3471, 16
3472, 6
3473, 1
3474, 51
3475, 18
3476, 29
3477, 1
3478, 35
3479, 15
3480, 6
3481, 65
3482, 69
3483, 22
3484, 6
3485, 7
3486, 6
3487, 19
3488, 13
3489, 1
3490, 36
3491, 42
3492, 18
3493, 1
3494, 49
3495, 10
3496, 45
3497, 1
3498, 41
3499, 22
3500, 1
3501, 37
3502, 22
3503, 1
3504, 69
3505, 73
3506, 26
3507, 10
3508, 6
3509, 1
3510, 15
3511, 2
