1, 56
2, 69
3, 41
4, 0
5, 34
6, 0
7, 68
8, 68
9, 65
10, 35
11, 0
12, 63
13, 62
14, 61
15, 44
16, 0
17, 65
18, 59
19, 62
20, 20
21, 0
22, 0
23, 65
24, 64
25, 16
26, 0
27, 67
28, 54
29, 70
30, 40
31, 0
32, 61
33, 58
34, 20
35, 0
36, 56
37, 67
38, 71
39, 24
40, 0
41, 57
42, 0
43, 0
44, 24
45, 36
46, 0
47, 27
48, 36
49, 0
50, 39
51, 47
52, 58
53, 45
54, 44
55, 71
56, 25
57, 0
58, 63
59, 62
60, 75
61, 63
62, 68
63, 52
64, 0
65, 20
66, 57
67, 0
68, 59
69, 57
70, 48
71, 25
72, 0
73, 19
74, 35
75, 40
76, 51
77, 51
78, 8
79, 0
80, 0
81, 59
82, 54
83, 15
84, 0
85, 0
86, 0
87, 59
88, 64
89, 18
90, 0
91, 60
92, 66
93, 63
94, 0
95, 0
96, 0
97, 8
98, 0
99, 8
100, 26
101, 32
102, 0
103, 20
104, 1
105, 38
106, 1
107, 0
108, 20
109, 1
110, 64
111, 1
112, 0
113, 8
114, 26
115, 32
116, 32
117, 0
118, 20
119, 1
120, 38
121, 1
122, 0
123, 20
124, 1
125, 64
126, 1
127, 0
128, 17
129, 1
130, 9
131, 1
132, 0
133, 10
134, 15
135, 1
136, 8
137, 9
138, 1
139, 0
140, 10
141, 0
142, 14
143, 24
144, 17
145, 16
146, 0
147, 26
148, 16
149, 0
150, 49
151, 0
152, 32
153, 0
154, 46
155, 51
156, 28
157, 0
158, 33
159, 16
160, 0
161, 64
162, 49
163, 71
164, 0
165, 68
166, 0
167, 53
168, 0
169, 35
170, 0
171, 45
172, 0
173, 37
174, 0
175, 66
176, 0
177, 49
178, 0
179, 32
180, 0
181, 70
182, 0
183, 48
184, 0
185, 70
186, 18
187, 0
188, 72
189, 0
190, 69
191, 52
192, 0
193, 73
194, 0
195, 58
196, 0
197, 47
198, 0
199, 29
200, 0
201, 70
202, 75
203, 71
204, 0
205, 33
206, 37
207, 0
208, 51
209, 50
210, 50
211, 53
212, 51
213, 0
214, 47
215, 0
216, 30
217, 48
218, 68
219, 30
220, 0
221, 31
222, 48
223, 68
224, 30
225, 72
226, 71
227, 9
228, 0
229, 26
230, 68
231, 45
232, 0
233, 65
234, 0
235, 59
236, 16
237, 12
238, 14
239, 6
240, 6
241, 0
242, 23
243, 0
244, 22
245, 30
246, 16
247, 22
248, 19
249, 19
250, 21
251, 23
252, 20
253, 23
254, 0
255, 17
256, 21
257, 19
258, 19
259, 0
260, 18
261, 21
262, 26
263, 6
264, 0
265, 26
266, 61
267, 40
268, 0
269, 24
270, 46
271, 42
272, 6
273, 0
274, 22
275, 21
276, 29
277, 48
278, 17
279, 40
280, 6
281, 19
282, 67
283, 6
284, 16
285, 32
286, 6
287, 19
288, 42
289, 6
290, 56
291, 17
292, 40
293, 6
294, 19
295, 66
296, 6
297, 16
298, 32
299, 6
300, 19
301, 44
302, 6
303, 57
304, 30
305, 0
306, 55
307, 0
308, 59
309, 66
310, 64
311, 63
312, 64
313, 65
314, 22
315, 0
316, 57
317, 63
318, 67
319, 69
320, 0
321, 21
322, 1
323, 62
324, 78
325, 20
326, 12
327, 0
328, 21
329, 1
330, 63
331, 60
332, 55
333, 55
334, 54
335, 12
336, 0
337, 70
338, 27
339, 0
340, 37
341, 0
342, 28
343, 28
344, 0
345, 24
346, 0
347, 21
348, 21
349, 22
350, 22
351, 24
352, 26
353, 22
354, 0
355, 28
356, 30
357, 38
358, 28
359, 0
360, 67
361, 59
362, 38
363, 0
364, 65
365, 26
366, 46
367, 0
368, 65
369, 78
370, 0
371, 72
372, 41
373, 40
374, 0
375, 22
376, 0
377, 27
378, 0
379, 19
380, 18
381, 29
382, 36
383, 19
384, 24
385, 23
386, 0
387, 18
388, 23
389, 38
390, 5
391, 33
392, 6
393, 6
394, 0
395, 19
396, 34
397, 6
398, 0
399, 18
400, 33
401, 6
402, 0
403, 17
404, 32
405, 6
406, 0
407, 19
408, 34
409, 6
410, 0
411, 20
412, 39
413, 6
414, 0
415, 24
416, 40
417, 40
418, 40
419, 44
420, 0
421, 108
422, 6
423, 0
424, 28
425, 39
426, 6
427, 0
428, 39
429, 19
430, 0
431, 49
432, 31
433, 0
434, 18
435, 21
436, 21
437, 21
438, 21
439, 19
440, 0
441, 47
442, 52
443, 52
444, 52
445, 52
446, 46
447, 0
448, 43
449, 40
450, 1
451, 46
452, 2
453, 0
454, 39
455, 1
456, 43
457, 43
458, 19
459, 2
460, 0
461, 49
462, 1
463, 43
464, 43
465, 43
466, 19
467, 2
468, 0
469, 41
470, 1
471, 45
472, 45
473, 45
474, 45
475, 45
476, 45
477, 19
478, 2
479, 0
480, 44
481, 1
482, 43
483, 43
484, 43
485, 43
486, 43
487, 2
488, 0
489, 44
490, 1
491, 43
492, 43
493, 43
494, 43
495, 43
496, 2
497, 0
498, 55
499, 53
500, 53
501, 52
502, 13
503, 39
504, 1
505, 57
506, 33
507, 57
508, 57
509, 57
510, 57
511, 57
512, 2
513, 0
514, 18
515, 57
516, 35
517, 42
518, 6
519, 0
520, 10
521, 1
522, 17
523, 21
524, 22
525, 21
526, 22
527, 24
528, 21
529, 23
530, 22
531, 28
532, 27
533, 36
534, 27
535, 35
536, 30
537, 49
538, 75
539, 2
540, 0
541, 23
542, 10
543, 1
544, 1
545, 14
546, 49
547, 40
548, 58
549, 30
550, 30
551, 1
552, 1
553, 1
554, 14
555, 50
556, 58
557, 24
558, 32
559, 1
560, 1
561, 1
562, 14
563, 49
564, 58
565, 32
566, 30
567, 1
568, 1
569, 1
570, 16
571, 51
572, 89
573, 66
574, 30
575, 35
576, 1
577, 1
578, 24
579, 1
580, 59
581, 50
582, 66
583, 30
584, 51
585, 1
586, 1
587, 1
588, 19
589, 55
590, 58
591, 49
592, 31
593, 40
594, 1
595, 1
596, 1
597, 19
598, 55
599, 58
600, 52
601, 34
602, 40
603, 1
604, 1
605, 1
606, 20
607, 59
608, 58
609, 49
610, 34
611, 40
612, 1
613, 1
614, 1
615, 23
616, 59
617, 58
618, 52
619, 37
620, 40
621, 1
622, 1
623, 1
624, 19
625, 54
626, 40
627, 49
628, 35
629, 30
630, 1
631, 1
632, 53
633, 2
634, 0
635, 20
636, 1
637, 11
638, 19
639, 1
640, 11
641, 0
642, 21
643, 1
644, 17
645, 26
646, 24
647, 12
648, 13
649, 49
650, 54
651, 9
652, 9
653, 64
654, 20
655, 1
656, 12
657, 0
658, 52
659, 0
660, 18
661, 1
662, 25
663, 13
664, 2
665, 0
666, 36
667, 0
668, 34
669, 35
670, 50
671, 44
672, 35
673, 60
674, 39
675, 41
676, 70
677, 40
678, 48
679, 40
680, 63
681, 37
682, 39
683, 41
684, 35
685, 46
686, 50
687, 32
688, 42
689, 55
690, 32
691, 40
692, 53
693, 57
694, 51
695, 29
696, 29
697, 32
698, 46
699, 46
700, 47
701, 48
702, 43
703, 31
704, 32
705, 58
706, 49
707, 0
708, 13
709, 42
710, 1
711, 53
712, 20
713, 8
714, 20
715, 23
716, 2
717, 36
718, 38
719, 10
720, 11
721, 1
722, 0
723, 13
724, 36
725, 1
726, 10
727, 1
728, 41
729, 32
730, 1
731, 12
732, 1
733, 0
734, 11
735, 44
736, 1
737, 24
738, 42
739, 0
740, 13
741, 7
742, 0
743, 23
744, 0
745, 16
746, 1
747, 0
748, 19
749, 22
750, 1
751, 16
752, 1
753, 10
754, 10
755, 10
756, 12
757, 20
758, 15
759, 15
760, 16
761, 19
762, 15
763, 6
764, 8
765, 23
766, 63
767, 6
768, 1
769, 10
770, 1
771, 0
772, 19
773, 23
774, 1
775, 16
776, 1
777, 10
778, 10
779, 10
780, 12
781, 20
782, 15
783, 15
784, 16
785, 19
786, 15
787, 16
788, 8
789, 23
790, 63
791, 6
792, 1
793, 10
794, 1
795, 0
796, 19
797, 42
798, 1
799, 16
800, 1
801, 10
802, 10
803, 12
804, 20
805, 15
806, 15
807, 16
808, 19
809, 15
810, 6
811, 10
812, 68
813, 25
814, 6
815, 4
816, 11
817, 8
818, 23
819, 63
820, 6
821, 1
822, 10
823, 1
824, 0
825, 42
826, 44
827, 42
828, 43
829, 43
830, 42
831, 46
832, 44
833, 56
834, 43
835, 41
836, 53
837, 55
838, 53
839, 59
840, 50
841, 42
842, 52
843, 52
844, 61
845, 0
846, 18
847, 0
848, 11
849, 35
850, 1
851, 33
852, 0
853, 7
854, 23
855, 43
856, 0
857, 9
858, 0
859, 23
860, 44
861, 0
862, 11
863, 0
864, 33
865, 1
866, 0
867, 72
868, 0
869, 38
870, 0
871, 58
872, 69
873, 51
874, 53
875, 65
876, 94
877, 47
878, 60
879, 63
880, 0
881, 20
882, 20
883, 0
884, 3
885, 43
886, 1
887, 23
888, 70
889, 0
890, 9
891, 1
892, 0
893, 4
894, 70
895, 48
896, 1
897, 59
898, 0
899, 15
900, 56
901, 22
902, 21
903, 23
904, 19
905, 21
906, 15
907, 20
908, 14
909, 11
910, 0
911, 27
912, 41
913, 27
914, 4
915, 32
916, 1
917, 0
918, 11
919, 41
920, 1
921, 46
922, 27
923, 68
924, 16
925, 36
926, 1
927, 0
928, 4
929, 37
930, 1
931, 23
932, 44
933, 0
934, 13
935, 45
936, 0
937, 58
938, 47
939, 15
940, 29
941, 13
942, 1
943, 0
944, 4
945, 40
946, 1
947, 23
948, 47
949, 0
950, 13
951, 45
952, 0
953, 62
954, 15
955, 29
956, 13
957, 1
958, 0
959, 4
960, 34
961, 1
962, 61
963, 25
964, 17
965, 11
966, 1
967, 0
968, 11
969, 25
970, 1
971, 61
972, 24
973, 17
974, 11
975, 1
976, 0
977, 4
978, 38
979, 1
980, 12
981, 15
982, 49
983, 4
984, 36
985, 28
986, 1
987, 0
988, 4
989, 39
990, 1
991, 12
992, 15
993, 50
994, 4
995, 37
996, 28
997, 1
998, 0
999, 70
1000, 43
1001, 0
1002, 11
1003, 79
1004, 1
1005, 15
1006, 13
1007, 0
1008, 55
1009, 1
1010, 43
1011, 1
1012, 8
1013, 49
1014, 32
1015, 33
1016, 42
1017, 25
1018, 12
1019, 7
1020, 1
1021, 1
1022, 0
1023, 33
1024, 32
1025, 14
1026, 43
1027, 26
1028, 15
1029, 42
1030, 33
1031, 25
1032, 0
1033, 8
1034, 1
1035, 0
1036, 61
1037, 57
1038, 61
1039, 66
1040, 65
1041, 12
1042, 0
1043, 36
1044, 64
1045, 31
1046, 50
1047, 40
1048, 29
1049, 19
1050, 65
1051, 61
1052, 66
1053, 65
1054, 17
1055, 0
1056, 32
1057, 58
1058, 32
1059, 69
1060, 69
1061, 68
1062, 68
1063, 53
1064, 29
1065, 0
1066, 4
1067, 73
1068, 31
1069, 1
1070, 29
1071, 10
1072, 0
1073, 18
1074, 25
1075, 4
1076, 1
1077, 21
1078, 28
1079, 4
1080, 22
1081, 1
1082, 0
1083, 19
1084, 1
1085, 62
1086, 39
1087, 13
1088, 1
1089, 0
1090, 50
1091, 1
1092, 0
1093, 4
1094, 34
1095, 1
1096, 41
1097, 1
1098, 0
1099, 4
1100, 40
1101, 1
1102, 14
1103, 13
1104, 15
1105, 13
1106, 11
1107, 0
1108, 13
1109, 11
1110, 13
1111, 11
1112, 13
1113, 11
1114, 9
1115, 41
1116, 30
1117, 1
1118, 0
1119, 4
1120, 19
1121, 1
1122, 0
1123, 27
1124, 1
1125, 0
1126, 4
1127, 19
1128, 1
1129, 27
1130, 1
1131, 0
1132, 72
1133, 0
1134, 11
1135, 34
1136, 1
1137, 8
1138, 21
1139, 6
1140, 18
1141, 30
1142, 44
1143, 38
1144, 5
1145, 23
1146, 6
1147, 0
1148, 34
1149, 0
1150, 20
1151, 6
1152, 23
1153, 14
1154, 4
1155, 4
1156, 42
1157, 6
1158, 17
1159, 9
1160, 9
1161, 1
1162, 17
1163, 4
1164, 14
1165, 28
1166, 4
1167, 12
1168, 6
1169, 9
1170, 1
1171, 17
1172, 0
1173, 72
1174, 58
1175, 0
1176, 14
1177, 1
1178, 26
1179, 0
1180, 31
1181, 1
1182, 0
1183, 36
1184, 0
1185, 14
1186, 1
1187, 23
1188, 40
1189, 1
1190, 35
1191, 1
1192, 23
1193, 68
1194, 1
1195, 33
1196, 1
1197, 35
1198, 23
1199, 41
1200, 33
1201, 1
1202, 4
1203, 9
1204, 1
1205, 0
1206, 66
1207, 40
1208, 0
1209, 11
1210, 32
1211, 1
1212, 13
1213, 16
1214, 15
1215, 13
1216, 13
1217, 0
1218, 25
1219, 57
1220, 0
1221, 14
1222, 7
1223, 0
1224, 32
1225, 22
1226, 0
1227, 49
1228, 0
1229, 23
1230, 51
1231, 47
1232, 0
1233, 67
1234, 64
1235, 41
1236, 8
1237, 15
1238, 13
1239, 1
1240, 15
1241, 35
1242, 1
1243, 12
1244, 9
1245, 30
1246, 0
1247, 7
1248, 9
1249, 52
1250, 4
1251, 27
1252, 27
1253, 16
1254, 52
1255, 1
1256, 22
1257, 39
1258, 4
1259, 40
1260, 23
1261, 1
1262, 0
1263, 50
1264, 54
1265, 21
1266, 58
1267, 0
1268, 41
1269, 1
1270, 27
1271, 44
1272, 42
1273, 14
1274, 53
1275, 57
1276, 1
1277, 1
1278, 4
1279, 4
1280, 1
1281, 11
1282, 1
1283, 0
1284, 68
1285, 22
1286, 0
1287, 11
1288, 64
1289, 18
1290, 1
1291, 15
1292, 25
1293, 0
1294, 37
1295, 18
1296, 36
1297, 0
1298, 29
1299, 33
1300, 36
1301, 1
1302, 13
1303, 24
1304, 0
1305, 58
1306, 16
1307, 36
1308, 0
1309, 37
1310, 57
1311, 14
1312, 0
1313, 49
1314, 34
1315, 0
1316, 51
1317, 1
1318, 36
1319, 54
1320, 42
1321, 14
1322, 53
1323, 67
1324, 1
1325, 1
1326, 1
1327, 0
1328, 40
1329, 0
1330, 11
1331, 39
1332, 1
1333, 17
1334, 21
1335, 0
1336, 36
1337, 0
1338, 43
1339, 60
1340, 1
1341, 32
1342, 0
1343, 37
1344, 39
1345, 69
1346, 59
1347, 27
1348, 52
1349, 4
1350, 53
1351, 29
1352, 23
1353, 0
1354, 23
1355, 51
1356, 1
1357, 0
1358, 18
1359, 1
1360, 0
1361, 58
1362, 0
1363, 18
1364, 34
1365, 1
1366, 30
1367, 0
1368, 66
1369, 44
1370, 12
1371, 13
1372, 1
1373, 0
1374, 50
1375, 0
1376, 11
1377, 27
1378, 1
1379, 32
1380, 1
1381, 0
1382, 38
1383, 0
1384, 11
1385, 76
1386, 1
1387, 30
1388, 15
1389, 0
1390, 37
1391, 18
1392, 36
1393, 0
1394, 29
1395, 33
1396, 27
1397, 0
1398, 36
1399, 1
1400, 13
1401, 13
1402, 0
1403, 73
1404, 16
1405, 36
1406, 0
1407, 51
1408, 39
1409, 31
1410, 37
1411, 40
1412, 0
1413, 43
1414, 0
1415, 9
1416, 1
1417, 24
1418, 11
1419, 1
1420, 1
1421, 0
1422, 43
1423, 1
1424, 0
1425, 66
1426, 11
1427, 0
1428, 11
1429, 28
1430, 1
1431, 14
1432, 15
1433, 18
1434, 0
1435, 67
1436, 62
1437, 49
1438, 47
1439, 7
1440, 0
1441, 45
1442, 1
1443, 23
1444, 57
1445, 7
1446, 1
1447, 0
1448, 64
1449, 17
1450, 36
1451, 0
1452, 18
1453, 1
1454, 23
1455, 57
1456, 7
1457, 1
1458, 0
1459, 67
1460, 44
1461, 0
1462, 59
1463, 55
1464, 0
1465, 16
1466, 1
1467, 0
1468, 65
1469, 0
1470, 11
1471, 30
1472, 1
1473, 23
1474, 24
1475, 4
1476, 28
1477, 0
1478, 69
1479, 0
1480, 23
1481, 55
1482, 1
1483, 0
1484, 11
1485, 36
1486, 1
1487, 34
1488, 0
1489, 7
1490, 23
1491, 54
1492, 0
1493, 23
1494, 48
1495, 0
1496, 38
1497, 1
1498, 50
1499, 14
1500, 1
1501, 42
1502, 28
1503, 19
1504, 50
1505, 1
1506, 0
1507, 24
1508, 23
1509, 75
1510, 6
1511, 1
1512, 42
1513, 1
1514, 23
1515, 0
1516, 24
1517, 23
1518, 45
1519, 6
1520, 1
1521, 0
1522, 14
1523, 1
1524, 0
1525, 72
1526, 0
1527, 11
1528, 23
1529, 1
1530, 6
1531, 17
1532, 26
1533, 24
1534, 27
1535, 18
1536, 55
1537, 1
1538, 45
1539, 6
1540, 2
1541, 10
1542, 19
1543, 13
1544, 29
1545, 31
1546, 32
1547, 25
1548, 1
1549, 1
1550, 0
1551, 30
1552, 0
1553, 10
1554, 36
1555, 1
1556, 45
1557, 1
1558, 0
1559, 11
1560, 60
1561, 1
1562, 6
1563, 0
1564, 23
1565, 56
1566, 9
1567, 10
1568, 7
1569, 45
1570, 9
1571, 38
1572, 7
1573, 0
1574, 29
1575, 1
1576, 22
1577, 0
1578, 11
1579, 50
1580, 0
1581, 48
1582, 1
1583, 0
1584, 17
1585, 16
1586, 51
1587, 1
1588, 0
1589, 11
1590, 19
1591, 1
1592, 6
1593, 17
1594, 0
1595, 44
1596, 0
1597, 26
1598, 24
1599, 36
1600, 0
1601, 36
1602, 0
1603, 55
1604, 1
1605, 50
1606, 73
1607, 0
1608, 8
1609, 1
1610, 36
1611, 11
1612, 1
1613, 0
1614, 48
1615, 1
1616, 45
1617, 6
1618, 10
1619, 6
1620, 13
1621, 29
1622, 31
1623, 26
1624, 1
1625, 4
1626, 1
1627, 61
1628, 20
1629, 54
1630, 6
1631, 10
1632, 6
1633, 7
1634, 19
1635, 7
1636, 13
1637, 29
1638, 31
1639, 26
1640, 1
1641, 1
1642, 0
1643, 43
1644, 1
1645, 0
1646, 67
1647, 65
1648, 13
1649, 0
1650, 11
1651, 35
1652, 1
1653, 19
1654, 19
1655, 21
1656, 21
1657, 16
1658, 0
1659, 24
1660, 7
1661, 0
1662, 53
1663, 45
1664, 50
1665, 33
1666, 0
1667, 11
1668, 69
1669, 1
1670, 44
1671, 38
1672, 25
1673, 40
1674, 40
1675, 37
1676, 39
1677, 39
1678, 39
1679, 9
1680, 1
1681, 0
1682, 61
1683, 61
1684, 61
1685, 40
1686, 40
1687, 0
1688, 45
1689, 14
1690, 69
1691, 1
1692, 44
1693, 63
1694, 40
1695, 53
1696, 67
1697, 12
1698, 1
1699, 0
1700, 45
1701, 14
1702, 69
1703, 1
1704, 44
1705, 63
1706, 40
1707, 53
1708, 68
1709, 12
1710, 1
1711, 0
1712, 45
1713, 14
1714, 69
1715, 1
1716, 14
1717, 50
1718, 24
1719, 1
1720, 57
1721, 40
1722, 27
1723, 59
1724, 39
1725, 12
1726, 1
1727, 12
1728, 1
1729, 0
1730, 45
1731, 14
1732, 69
1733, 1
1734, 43
1735, 62
1736, 39
1737, 12
1738, 1
1739, 1
1740, 0
1741, 35
1742, 11
1743, 54
1744, 1
1745, 11
1746, 0
1747, 64
1748, 40
1749, 0
1750, 70
1751, 0
1752, 19
1753, 1
1754, 0
1755, 11
1756, 19
1757, 1
1758, 8
1759, 6
1760, 17
1761, 15
1762, 0
1763, 23
1764, 51
1765, 0
1766, 30
1767, 7
1768, 23
1769, 66
1770, 0
1771, 23
1772, 49
1773, 0
1774, 18
1775, 0
1776, 14
1777, 1
1778, 37
1779, 54
1780, 70
1781, 7
1782, 68
1783, 88
1784, 84
1785, 0
1786, 0
1787, 93
1788, 59
1789, 6
1790, 39
1791, 53
1792, 68
1793, 93
1794, 0
1795, 62
1796, 38
1797, 0
1798, 91
1799, 0
1800, 53
1801, 0
1802, 0
1803, 46
1804, 36
1805, 25
1806, 14
1807, 0
1808, 43
1809, 1
1810, 22
1811, 1
1812, 24
1813, 1
1814, 33
1815, 4
1816, 1
1817, 1
1818, 0
1819, 22
1820, 1
1821, 33
1822, 48
1823, 56
1824, 4
1825, 50
1826, 32
1827, 56
1828, 1
1829, 4
1830, 49
1831, 50
1832, 4
1833, 1
1834, 0
1835, 52
1836, 25
1837, 0
1838, 48
1839, 1
1840, 34
1841, 26
1842, 45
1843, 1
1844, 0
1845, 48
1846, 25
1847, 48
1848, 1
1849, 34
1850, 62
1851, 1
1852, 0
1853, 43
1854, 48
1855, 1
1856, 34
1857, 31
1858, 43
1859, 22
1860, 31
1861, 44
1862, 1
1863, 0
1864, 11
1865, 1
1866, 53
1867, 36
1868, 1
1869, 50
1870, 1
1871, 1
1872, 0
1873, 11
1874, 1
1875, 35
1876, 36
1877, 1
1878, 8
1879, 6
1880, 0
1881, 45
1882, 38
1883, 6
1884, 27
1885, 1
1886, 11
1887, 32
1888, 4
1889, 17
1890, 22
1891, 14
1892, 1
1893, 20
1894, 6
1895, 1
1896, 14
1897, 1
1898, 18
1899, 6
1900, 1
1901, 1
1902, 1
1903, 1
1904, 1
1905, 0
1906, 0
1907, 64
1908, 37
1909, 17
1910, 1
1911, 36
1912, 55
1913, 34
1914, 1
1915, 57
1916, 53
1917, 20
1918, 25
1919, 55
1920, 55
1921, 25
1922, 38
1923, 38
1924, 47
1925, 1
1926, 1
1927, 0
1928, 57
1929, 14
1930, 1
1931, 9
1932, 21
1933, 15
1934, 13
1935, 16
1936, 11
1937, 6
1938, 12
1939, 35
1940, 22
1941, 0
1942, 31
1943, 29
1944, 31
1945, 26
1946, 37
1947, 39
1948, 0
1949, 0
1950, 36
1951, 16
1952, 1
1953, 8
1954, 12
1955, 14
1956, 48
1957, 23
1958, 39
1959, 1
1960, 22
1961, 31
1962, 1
1963, 18
1964, 15
1965, 59
1966, 12
1967, 33
1968, 1
1969, 15
1970, 36
1971, 1
1972, 41
1973, 12
1974, 29
1975, 1
1976, 23
1977, 1
1978, 41
1979, 0
1980, 59
1981, 1
1982, 1
1983, 0
1984, 25
1985, 0
1986, 11
1987, 0
1988, 25
1989, 34
1990, 0
1991, 22
1992, 17
1993, 0
1994, 37
1995, 1
1996, 0
1997, 19
1998, 24
1999, 1
2000, 29
2001, 0
2002, 31
2003, 26
2004, 24
2005, 1
2006, 41
2007, 0
2008, 14
2009, 24
2010, 12
2011, 1
2012, 0
2013, 11
2014, 1
2015, 8
2016, 0
2017, 16
2018, 23
2019, 6
2020, 7
2021, 1
2022, 12
2023, 1
2024, 0
2025, 14
2026, 1
2027, 7
2028, 17
2029, 10
2030, 10
2031, 14
2032, 13
2033, 16
2034, 9
2035, 20
2036, 8
2037, 0
2038, 19
2039, 0
2040, 14
2041, 14
2042, 13
2043, 16
2044, 16
2045, 16
2046, 16
2047, 0
2048, 15
2049, 0
2050, 26
2051, 67
2052, 58
2053, 35
2054, 0
2055, 47
2056, 53
2057, 29
2058, 1
2059, 56
2060, 56
2061, 56
2062, 56
2063, 56
2064, 56
2065, 55
2066, 2
2067, 0
2068, 5
2069, 0
2070, 67
2071, 71
2072, 16
2073, 16
2074, 16
2075, 16
2076, 16
2077, 16
2078, 16
2079, 16
2080, 16
2081, 0
2082, 15
2083, 0
2084, 29
2085, 1
2086, 54
2087, 54
2088, 54
2089, 54
2090, 54
2091, 54
2092, 54
2093, 54
2094, 53
2095, 2
2096, 0
2097, 6
2098, 0
2099, 71
2100, 54
2101, 0
2102, 5
2103, 34
2104, 39
2105, 27
2106, 37
2107, 44
2108, 22
2109, 22
2110, 17
2111, 32
2112, 8
2113, 0
2114, 21
2115, 17
2116, 8
2117, 17
2118, 17
2119, 13
2120, 32
2121, 0
2122, 0
2123, 58
2124, 0
2125, 67
2126, 13
2127, 5
2128, 37
2129, 58
2130, 14
2131, 12
2132, 9
2133, 13
2134, 8
2135, 0
2136, 13
2137, 49
2138, 1
2139, 71
2140, 31
2141, 0
2142, 33
2143, 22
2144, 20
2145, 12
2146, 1
2147, 0
2148, 13
2149, 53
2150, 1
2151, 8
2152, 11
2153, 0
2154, 19
2155, 1
2156, 38
2157, 25
2158, 22
2159, 20
2160, 1
2161, 4
2162, 1
2163, 67
2164, 25
2165, 22
2166, 33
2167, 20
2168, 1
2169, 12
2170, 1
2171, 0
2172, 12
2173, 43
2174, 1
2175, 16
2176, 21
2177, 21
2178, 18
2179, 21
2180, 24
2181, 20
2182, 18
2183, 17
2184, 18
2185, 16
2186, 6
2187, 13
2188, 18
2189, 6
2190, 39
2191, 22
2192, 54
2193, 20
2194, 0
2195, 0
2196, 43
2197, 0
2198, 49
2199, 0
2200, 10
2201, 23
2202, 57
2203, 0
2204, 23
2205, 46
2206, 0
2207, 34
2208, 42
2209, 0
2210, 18
2211, 51
2212, 42
2213, 6
2214, 0
2215, 49
2216, 0
2217, 43
2218, 27
2219, 1
2220, 24
2221, 0
2222, 16
2223, 8
2224, 52
2225, 28
2226, 8
2227, 24
2228, 0
2229, 52
2230, 34
2231, 38
2232, 30
2233, 27
2234, 27
2235, 19
2236, 21
2237, 24
2238, 13
2239, 16
2240, 0
2241, 7
2242, 1
2243, 0
2244, 16
2245, 1
2246, 41
2247, 49
2248, 0
2249, 58
2250, 50
2251, 53
2252, 23
2253, 18
2254, 20
2255, 40
2256, 4
2257, 6
2258, 39
2259, 0
2260, 30
2261, 21
2262, 0
2263, 18
2264, 22
2265, 60
2266, 6
2267, 25
2268, 1
2269, 0
2270, 57
2271, 52
2272, 46
2273, 25
2274, 1
2275, 37
2276, 51
2277, 37
2278, 26
2279, 17
2280, 1
2281, 0
2282, 38
2283, 52
2284, 38
2285, 27
2286, 18
2287, 0
2288, 41
2289, 0
2290, 29
2291, 51
2292, 21
2293, 21
2294, 0
2295, 23
2296, 25
2297, 21
2298, 22
2299, 0
2300, 27
2301, 25
2302, 0
2303, 18
2304, 48
2305, 1
2306, 23
2307, 0
2308, 44
2309, 51
2310, 43
2311, 34
2312, 25
2313, 0
2314, 20
2315, 29
2316, 1
2317, 0
2318, 23
2319, 1
2320, 20
2321, 0
2322, 42
2323, 43
2324, 51
2325, 31
2326, 22
2327, 0
2328, 21
2329, 26
2330, 1
2331, 6
2332, 0
2333, 15
2334, 0
2335, 27
2336, 1
2337, 24
2338, 24
2339, 13
2340, 14
2341, 0
2342, 10
2343, 1
2344, 10
2345, 16
2346, 1
2347, 25
2348, 35
2349, 43
2350, 0
2351, 32
2352, 33
2353, 0
2354, 39
2355, 13
2356, 11
2357, 0
2358, 29
2359, 16
2360, 0
2361, 20
2362, 1
2363, 41
2364, 21
2365, 28
2366, 1
2367, 4
2368, 1
2369, 56
2370, 41
2371, 1
2372, 23
2373, 21
2374, 1
2375, 6
2376, 12
2377, 12
2378, 53
2379, 19
2380, 0
2381, 23
2382, 13
2383, 0
2384, 16
2385, 1
2386, 28
2387, 32
2388, 33
2389, 19
2390, 1
2391, 4
2392, 1
2393, 21
2394, 31
2395, 33
2396, 39
2397, 13
2398, 11
2399, 17
2400, 16
2401, 57
2402, 41
2403, 23
2404, 1
2405, 0
2406, 6
2407, 0
2408, 12
2409, 17
2410, 1
2411, 49
2412, 49
2413, 43
2414, 20
2415, 49
2416, 30
2417, 25
2418, 23
2419, 57
2420, 1
2421, 6
2422, 12
2423, 13
2424, 23
2425, 31
2426, 33
2427, 39
2428, 13
2429, 17
2430, 16
2431, 57
2432, 32
2433, 23
2434, 21
2435, 6
2436, 0
2437, 18
2438, 11
2439, 1
2440, 38
2441, 15
2442, 6
2443, 1
2444, 32
2445, 24
2446, 24
2447, 24
2448, 24
2449, 6
2450, 0
2451, 60
2452, 57
2453, 14
2454, 0
2455, 57
2456, 47
2457, 18
2458, 55
2459, 49
2460, 49
2461, 51
2462, 0
2463, 60
2464, 32
2465, 44
2466, 0
2467, 60
2468, 40
2469, 0
2470, 17
2471, 30
2472, 31
2473, 39
2474, 46
2475, 46
2476, 46
2477, 46
2478, 11
2479, 0
2480, 58
2481, 59
2482, 0
2483, 19
2484, 44
2485, 21
2486, 28
2487, 0
2488, 20
2489, 19
2490, 59
2491, 28
2492, 0
2493, 41
2494, 20
2495, 19
2496, 59
2497, 28
2498, 0
2499, 23
2500, 41
2501, 0
2502, 35
2503, 41
2504, 24
2505, 20
2506, 60
2507, 29
2508, 0
2509, 23
2510, 21
2511, 6
2512, 1
2513, 11
2514, 61
2515, 25
2516, 27
2517, 38
2518, 32
2519, 13
2520, 23
2521, 31
2522, 0
2523, 39
2524, 42
2525, 36
2526, 11
2527, 0
2528, 17
2529, 16
2530, 56
2531, 25
2532, 0
2533, 13
2534, 0
2535, 17
2536, 16
2537, 56
2538, 26
2539, 0
2540, 23
2541, 21
2542, 6
2543, 24
2544, 1
2545, 1
2546, 0
2547, 1
2548, 16
2549, 32
2550, 27
2551, 1
2552, 24
2553, 0
2554, 47
2555, 41
2556, 1
2557, 1
2558, 22
2559, 27
2560, 1
2561, 24
2562, 0
2563, 29
2564, 9
2565, 0
2566, 29
2567, 9
2568, 0
2569, 40
2570, 12
2571, 10
2572, 1
2573, 0
2574, 34
2575, 17
2576, 48
2577, 12
2578, 1
2579, 0
2580, 12
2581, 16
2582, 1
2583, 39
2584, 0
2585, 14
2586, 1
2587, 64
2588, 12
2589, 1
2590, 0
2591, 51
2592, 37
2593, 0
2594, 47
2595, 0
2596, 33
2597, 0
2598, 64
2599, 38
2600, 0
2601, 75
2602, 64
2603, 58
2604, 62
2605, 57
2606, 15
2607, 13
2608, 14
2609, 7
2610, 55
2611, 15
2612, 22
2613, 0
2614, 50
2615, 0
2616, 15
2617, 1
2618, 38
2619, 35
2620, 25
2621, 1
2622, 0
2623, 15
2624, 1
2625, 38
2626, 0
2627, 35
2628, 37
2629, 24
2630, 1
2631, 0
2632, 11
2633, 0
2634, 39
2635, 0
2636, 51
2637, 1
2638, 0
2639, 12
2640, 16
2641, 1
2642, 39
2643, 0
2644, 14
2645, 1
2646, 64
2647, 12
2648, 1
2649, 0
2650, 15
2651, 1
2652, 37
2653, 35
2654, 1
2655, 0
2656, 15
2657, 1
2658, 37
2659, 35
2660, 1
2661, 0
2662, 18
2663, 65
2664, 61
2665, 60
2666, 64
2667, 66
2668, 10
2669, 0
2670, 37
2671, 35
2672, 35
2673, 35
2674, 35
2675, 35
2676, 6
2677, 0
2678, 18
2679, 63
2680, 26
2681, 37
2682, 5
2683, 37
2684, 6
2685, 0
2686, 60
2687, 40
2688, 34
2689, 0
2690, 11
2691, 0
2692, 39
2693, 0
2694, 51
2695, 1
2696, 0
2697, 11
2698, 19
2699, 1
2700, 6
2701, 17
2702, 13
2703, 13
2704, 13
2705, 16
2706, 0
2707, 18
2708, 0
2709, 53
2710, 0
2711, 13
2712, 23
2713, 48
2714, 0
2715, 23
2716, 50
2717, 0
2718, 38
2719, 23
2720, 0
2721, 65
2722, 23
2723, 22
2724, 0
2725, 39
2726, 7
2727, 0
2728, 48
2729, 1
2730, 7
2731, 47
2732, 17
2733, 9
2734, 31
2735, 15
2736, 9
2737, 21
2738, 1
2739, 22
2740, 0
2741, 31
2742, 62
2743, 45
2744, 34
2745, 33
2746, 35
2747, 31
2748, 33
2749, 27
2750, 27
2751, 33
2752, 27
2753, 58
2754, 15
2755, 9
2756, 1
2757, 1
2758, 0
2759, 43
2760, 21
2761, 24
2762, 15
2763, 0
2764, 43
2765, 35
2766, 0
2767, 26
2768, 21
2769, 0
2770, 20
2771, 1
2772, 20
2773, 17
2774, 9
2775, 1
2776, 0
2777, 33
2778, 22
2779, 1
2780, 20
2781, 20
2782, 20
2783, 20
2784, 1
2785, 0
2786, 21
2787, 1
2788, 11
2789, 0
2790, 48
2791, 48
2792, 1
2793, 59
2794, 17
2795, 9
2796, 40
2797, 22
2798, 23
2799, 62
2800, 21
2801, 1
2802, 60
2803, 22
2804, 23
2805, 62
2806, 1
2807, 1
2808, 1
2809, 0
2810, 31
2811, 1
2812, 0
2813, 65
2814, 42
2815, 0
2816, 10
2817, 36
2818, 1
2819, 38
2820, 38
2821, 31
2822, 9
2823, 0
2824, 39
2825, 22
2826, 9
2827, 22
2828, 10
2829, 35
2830, 1
2831, 0
2832, 10
2833, 36
2834, 1
2835, 38
2836, 38
2837, 26
2838, 26
2839, 0
2840, 11
2841, 1
2842, 34
2843, 34
2844, 1
2845, 0
2846, 25
2847, 1
2848, 0
2849, 11
2850, 37
2851, 1
2852, 8
2853, 8
2854, 0
2855, 42
2856, 1
2857, 13
2858, 1
2859, 20
2860, 6
2861, 1
2862, 1
2863, 15
2864, 1
2865, 0
2866, 11
2867, 47
2868, 1
2869, 13
2870, 6
2871, 0
2872, 12
2873, 1
2874, 9
2875, 25
2876, 62
2877, 0
2878, 34
2879, 1
2880, 34
2881, 32
2882, 1
2883, 33
2884, 37
2885, 0
2886, 9
2887, 0
2888, 23
2889, 57
2890, 33
2891, 0
2892, 20
2893, 20
2894, 23
2895, 55
2896, 9
2897, 0
2898, 24
2899, 54
2900, 27
2901, 23
2902, 19
2903, 20
2904, 1
2905, 0
2906, 33
2907, 1
2908, 1
2909, 0
2910, 23
2911, 30
2912, 29
2913, 17
2914, 1
2915, 0
2916, 11
2917, 42
2918, 1
2919, 16
2920, 6
2921, 10
2922, 17
2923, 0
2924, 62
2925, 0
2926, 59
2927, 30
2928, 0
2929, 22
2930, 0
2931, 63
2932, 30
2933, 1
2934, 35
2935, 1
2936, 34
2937, 0
2938, 54
2939, 34
2940, 1
2941, 1
2942, 0
2943, 54
2944, 17
2945, 11
2946, 0
2947, 62
2948, 30
2949, 1
2950, 35
2951, 1
2952, 6
2953, 0
2954, 57
2955, 31
2956, 16
2957, 1
2958, 11
2959, 29
2960, 10
2961, 1
2962, 0
2963, 33
2964, 27
2965, 16
2966, 1
2967, 11
2968, 29
2969, 10
2970, 1
2971, 6
2972, 1
2973, 1
2974, 0
2975, 11
2976, 0
2977, 18
2978, 62
2979, 0
2980, 55
2981, 13
2982, 1
2983, 20
2984, 37
2985, 29
2986, 47
2987, 1
2988, 1
2989, 0
2990, 11
2991, 18
2992, 1
2993, 49
2994, 17
2995, 0
2996, 6
2997, 13
2998, 73
2999, 0
3000, 37
3001, 0
3002, 55
3003, 22
3004, 0
3005, 34
3006, 29
3007, 0
3008, 42
3009, 14
3010, 35
3011, 1
3012, 34
3013, 28
3014, 1
3015, 0
3016, 33
3017, 38
3018, 50
3019, 0
3020, 55
3021, 29
3022, 0
3023, 27
3024, 0
3025, 62
3026, 0
3027, 47
3028, 30
3029, 53
3030, 38
3031, 0
3032, 36
3033, 1
3034, 0
3035, 11
3036, 30
3037, 1
3038, 22
3039, 75
3040, 22
3041, 103
3042, 107
3043, 77
3044, 83
3045, 86
3046, 97
3047, 85
3048, 85
3049, 79
3050, 81
3051, 74
3052, 82
3053, 85
3054, 84
3055, 84
3056, 105
3057, 111
3058, 83
3059, 78
3060, 84
3061, 78
3062, 83
3063, 95
3064, 101
3065, 95
3066, 64
3067, 81
3068, 78
3069, 78
3070, 24
3071, 99
3072, 78
3073, 80
3074, 6
3075, 14
3076, 1
3077, 0
3078, 35
3079, 62
3080, 60
3081, 60
3082, 70
3083, 0
3084, 43
3085, 1
3086, 38
3087, 42
3088, 38
3089, 38
3090, 45
3091, 45
3092, 66
3093, 72
3094, 66
3095, 71
3096, 45
3097, 82
3098, 44
3099, 43
3100, 77
3101, 36
3102, 46
3103, 51
3104, 36
3105, 36
3106, 33
3107, 42
3108, 41
3109, 44
3110, 37
3111, 43
3112, 44
3113, 42
3114, 46
3115, 15
3116, 2
3117, 0
3118, 24
3119, 0
3120, 3
3121, 24
3122, 1
3123, 6
3124, 6
3125, 19
3126, 21
3127, 9
3128, 0
3129, 58
3130, 28
3131, 6
3132, 28
3133, 25
3134, 6
3135, 36
3136, 21
3137, 0
3138, 22
3139, 0
3140, 32
3141, 24
3142, 42
3143, 5
3144, 36
3145, 6
3146, 17
3147, 7
3148, 1
3149, 10
3150, 1
3151, 28
3152, 26
3153, 6
3154, 31
3155, 27
3156, 6
3157, 25
3158, 22
3159, 6
3160, 32
3161, 28
3162, 6
3163, 35
3164, 27
3165, 6
3166, 9
3167, 14
3168, 6
3169, 9
3170, 14
3171, 6
3172, 9
3173, 17
3174, 6
3175, 9
3176, 20
3177, 6
3178, 9
3179, 18
3180, 6
3181, 0
3182, 33
3183, 9
3184, 6
3185, 9
3186, 17
3187, 6
3188, 9
3189, 38
3190, 6
3191, 9
3192, 38
3193, 23
3194, 61
3195, 8
3196, 6
3197, 9
3198, 18
3199, 6
3200, 9
3201, 18
3202, 6
3203, 9
3204, 9
3205, 18
3206, 6
3207, 9
3208, 15
3209, 6
3210, 9
3211, 12
3212, 6
3213, 9
3214, 29
3215, 6
3216, 9
3217, 19
3218, 6
3219, 9
3220, 11
3221, 6
3222, 9
3223, 22
3224, 6
3225, 9
3226, 26
3227, 6
3228, 9
3229, 18
3230, 6
3231, 9
3232, 15
3233, 6
3234, 9
3235, 37
3236, 0
3237, 15
3238, 23
3239, 50
3240, 0
3241, 6
3242, 24
3243, 9
3244, 28
3245, 6
3246, 9
3247, 26
3248, 6
3249, 9
3250, 32
3251, 6
3252, 6
3253, 9
3254, 25
3255, 6
3256, 8
3257, 18
3258, 6
3259, 1
3260, 1
3261, 0
3262, 16
3263, 44
3264, 0
3265, 32
3266, 40
3267, 6
3268, 0
3269, 20
3270, 23
3271, 47
3272, 0
3273, 12
3274, 0
3275, 26
3276, 1
3277, 46
3278, 47
3279, 14
3280, 48
3281, 42
3282, 25
3283, 32
3284, 26
3285, 1
3286, 0
3287, 20
3288, 29
3289, 0
3290, 63
3291, 64
3292, 63
3293, 25
3294, 28
3295, 0
3296, 24
3297, 24
3298, 0
3299, 13
3300, 28
3301, 0
3302, 19
3303, 1
3304, 14
3305, 22
3306, 27
3307, 9
3308, 1
3309, 0
3310, 15
3311, 0
3312, 13
3313, 16
3314, 0
3315, 13
3316, 1
3317, 45
3318, 8
3319, 0
3320, 34
3321, 31
3322, 1
3323, 18
3324, 9
3325, 1
3326, 48
3327, 16
3328, 1
3329, 0
3330, 15
3331, 16
3332, 0
3333, 24
3334, 23
3335, 26
3336, 6
3337, 0
3338, 9
3339, 1
3340, 0
3341, 65
3342, 62
3343, 63
3344, 16
3345, 0
3346, 13
3347, 73
3348, 1
3349, 14
3350, 10
3351, 0
3352, 30
3353, 20
3354, 29
3355, 28
3356, 6
3357, 6
3358, 21
3359, 0
3360, 44
3361, 0
3362, 30
3363, 1
3364, 10
3365, 0
3366, 28
3367, 29
3368, 50
3369, 6
3370, 2
3371, 0
3372, 12
3373, 1
3374, 23
3375, 34
3376, 11
3377, 12
3378, 1
3379, 1
3380, 0
3381, 23
3382, 34
3383, 0
3384, 11
3385, 1
3386, 0
3387, 56
3388, 58
3389, 58
3390, 32
3391, 0
3392, 63
3393, 62
3394, 0
3395, 54
3396, 50
3397, 0
3398, 31
3399, 17
3400, 2
3401, 0
3402, 65
3403, 56
3404, 0
3405, 65
3406, 52
3407, 0
3408, 52
3409, 0
3410, 43
3411, 0
3412, 13
3413, 35
3414, 1
3415, 10
3416, 24
3417, 0
3418, 12
3419, 13
3420, 42
3421, 1
3422, 15
3423, 10
3424, 4
3425, 68
3426, 28
3427, 6
3428, 11
3429, 1
3430, 11
3431, 12
3432, 1
3433, 1
3434, 0
3435, 11
3436, 0
3437, 17
3438, 1
3439, 53
3440, 65
3441, 71
3442, 1
3443, 0
3444, 33
3445, 1
3446, 61
3447, 25
3448, 72
3449, 1
3450, 0
3451, 16
3452, 1
3453, 35
3454, 26
3455, 1
3456, 0
3457, 11
3458, 1
3459, 0
3460, 24
3461, 26
3462, 1
3463, 30
3464, 26
3465, 1
3466, 12
3467, 0
3468, 26
3469, 0
3470, 11
3471, 42
3472, 1
3473, 18
3474, 0
3475, 15
3476, 0
3477, 25
3478, 16
3479, 0
3480, 25
3481, 62
3482, 22
3483, 23
3484, 1
3485, 0
3486, 38
3487, 40
3488, 40
3489, 0
3490, 11
3491, 29
3492, 1
3493, 18
3494, 16
3495, 0
3496, 71
3497, 70
3498, 15
3499, 0
3500, 26
3501, 35
3502, 0
3503, 35
3504, 52
3505, 0
3506, 25
3507, 1
3508, 43
3509, 33
3510, 0
3511, 16
3512, 1
3513, 0
3514, 35
3515, 47
3516, 0
3517, 29
3518, 38
3519, 0
3520, 30
3521, 0
3522, 23
3523, 0
3524, 72
3525, 46
3526, 26
3527, 0
3528, 35
3529, 37
3530, 0
3531, 36
3532, 47
3533, 36
3534, 47
3535, 34
3536, 47
3537, 0
3538, 12
3539, 35
3540, 0
3541, 17
3542, 1
3543, 35
3544, 0
3545, 21
3546, 35
3547, 1
3548, 0
3549, 74
3550, 26
3551, 0
3552, 23
3553, 0
3554, 81
3555, 26
3556, 0
3557, 40
3558, 0
3559, 27
3560, 52
3561, 0
3562, 33
3563, 47
3564, 33
3565, 47
3566, 36
3567, 48
3568, 0
3569, 30
3570, 0
3571, 23
3572, 0
3573, 22
3574, 27
3575, 0
3576, 21
3577, 27
3578, 1
3579, 30
