1, 56
2, 65
3, 76
4, 50
5, 1
6, 26
7, 1
8, 60
9, 69
10, 68
11, 19
12, 1
13, 55
14, 63
15, 62
16, 45
17, 1
18, 66
19, 56
20, 63
21, 32
22, 1
23, 1
24, 61
25, 71
26, 74
27, 1
28, 61
29, 68
30, 1
31, 20
32, 20
33, 23
34, 16
35, 18
36, 17
37, 18
38, 19
39, 21
40, 18
41, 20
42, 20
43, 20
44, 21
45, 20
46, 20
47, 22
48, 26
49, 20
50, 25
51, 22
52, 23
53, 18
54, 1
55, 29
56, 1
57, 65
58, 69
59, 33
60, 69
61, 42
62, 25
63, 66
64, 42
65, 22
66, 18
67, 1
68, 40
69, 39
70, 41
71, 38
72, 45
73, 63
74, 60
75, 46
76, 66
77, 73
78, 70
79, 75
80, 18
81, 59
82, 35
83, 40
84, 35
85, 58
86, 1
87, 64
88, 66
89, 76
90, 46
91, 1
92, 64
93, 40
94, 43
95, 1
96, 70
97, 1
98, 12
99, 1
100, 77
101, 1
102, 19
103, 19
104, 1
105, 2
106, 1
107, 66
108, 68
109, 36
110, 1
111, 5
112, 62
113, 2
114, 15
115, 18
116, 1
117, 61
118, 28
119, 1
120, 44
121, 55
122, 66
123, 46
124, 44
125, 34
126, 44
127, 14
128, 55
129, 1
130, 17
131, 2
132, 1
133, 63
134, 22
135, 1
136, 5
137, 42
138, 2
139, 50
140, 71
141, 25
142, 33
143, 50
144, 15
145, 2
146, 1
147, 71
148, 23
149, 1
150, 5
151, 45
152, 2
153, 47
154, 30
155, 69
156, 22
157, 28
158, 15
159, 2
160, 1
161, 76
162, 72
163, 75
164, 76
165, 35
166, 1
167, 68
168, 59
169, 50
170, 1
171, 75
172, 55
173, 1
174, 5
175, 33
176, 2
177, 49
178, 1
179, 73
180, 38
181, 12
182, 1
183, 69
184, 54
185, 32
186, 12
187, 1
188, 70
189, 29
190, 30
191, 54
192, 12
193, 1
194, 47
195, 49
196, 38
197, 1
198, 44
199, 1
200, 71
201, 39
202, 50
203, 6
204, 73
205, 1
206, 80
207, 33
208, 20
209, 1
210, 44
211, 62
212, 1
213, 36
214, 6
215, 1
216, 60
217, 74
218, 29
219, 16
220, 62
221, 1
222, 52
223, 44
224, 1
225, 40
226, 77
227, 23
228, 47
229, 46
230, 52
231, 27
232, 1
233, 48
234, 38
235, 2
236, 1
237, 68
238, 59
239, 63
240, 65
241, 24
242, 1
243, 55
244, 1
245, 69
246, 1
247, 59
248, 48
249, 1
250, 73
251, 71
252, 74
253, 48
254, 1
255, 54
256, 1
257, 5
258, 67
259, 2
260, 39
261, 1
262, 70
263, 33
264, 48
265, 1
266, 28
267, 6
268, 50
269, 48
270, 38
271, 6
272, 1
273, 35
274, 1
275, 26
276, 38
277, 1
278, 59
279, 39
280, 2
281, 1
282, 69
283, 22
284, 1
285, 5
286, 50
287, 2
288, 13
289, 13
290, 37
291, 35
292, 1
293, 67
294, 28
295, 1
296, 32
297, 6
298, 51
299, 47
300, 56
301, 31
302, 58
303, 56
304, 6
305, 1
306, 33
307, 21
308, 31
309, 1
310, 49
311, 67
312, 51
313, 38
314, 28
315, 7
316, 6
317, 27
318, 1
319, 69
320, 64
321, 62
322, 14
323, 42
324, 18
325, 11
326, 68
327, 1
328, 59
329, 17
330, 11
331, 67
332, 1
333, 73
334, 19
335, 72
336, 19
337, 1
338, 36
339, 53
340, 1
341, 20
342, 34
343, 25
344, 34
345, 11
346, 3
347, 58
348, 33
349, 27
350, 3
351, 1
352, 73
353, 53
354, 1
355, 54
356, 6
357, 59
358, 80
359, 32
360, 15
361, 2
362, 1
363, 77
364, 74
365, 69
366, 71
367, 30
368, 63
369, 1
370, 5
371, 75
372, 2
373, 16
374, 1
375, 30
376, 16
377, 1
378, 32
379, 6
380, 62
381, 54
382, 43
383, 33
384, 16
385, 6
386, 1
387, 65
388, 34
389, 52
390, 45
391, 1
392, 60
393, 1
394, 46
395, 6
396, 73
397, 24
398, 30
399, 6
400, 1
401, 24
402, 1
403, 64
404, 1
405, 37
406, 53
407, 6
408, 71
409, 40
410, 30
411, 6
412, 1
413, 69
414, 49
415, 6
416, 54
417, 21
418, 6
419, 1
420, 76
421, 25
422, 49
423, 1
424, 17
425, 56
426, 33
427, 28
428, 7
429, 59
430, 39
431, 2
432, 1
433, 68
434, 55
435, 1
436, 5
437, 34
438, 2
439, 13
440, 1
441, 50
442, 38
443, 1
444, 40
445, 40
446, 40
447, 6
448, 72
449, 43
450, 75
451, 54
452, 34
453, 1
454, 71
455, 29
456, 33
457, 6
458, 7
459, 50
460, 2
461, 1
462, 70
463, 1
464, 12
465, 33
466, 2
467, 31
468, 18
469, 1
470, 61
471, 17
472, 78
473, 6
474, 31
475, 43
476, 3
477, 22
478, 31
479, 19
480, 41
481, 18
482, 36
483, 31
484, 20
485, 7
486, 38
487, 45
488, 27
489, 35
490, 16
491, 7
492, 16
493, 3
494, 6
495, 16
496, 2
497, 1
498, 54
499, 56
500, 70
501, 1
502, 5
503, 32
504, 2
505, 21
506, 56
507, 50
508, 1
509, 40
510, 6
511, 61
512, 25
513, 19
514, 6
515, 1
516, 38
517, 42
518, 40
519, 36
520, 40
521, 1
522, 69
523, 6
524, 42
525, 40
526, 3
527, 39
528, 63
529, 20
530, 16
531, 3
532, 6
533, 16
534, 2
535, 1
536, 63
537, 69
538, 73
539, 75
540, 71
541, 72
542, 17
543, 70
544, 63
545, 1
546, 5
547, 63
548, 2
549, 10
550, 20
551, 21
552, 3
553, 35
554, 49
555, 48
556, 63
557, 60
558, 61
559, 24
560, 1
561, 49
562, 30
563, 1
564, 59
565, 68
566, 51
567, 22
568, 1
569, 74
570, 78
571, 45
572, 6
573, 34
574, 44
575, 41
576, 55
577, 6
578, 1
579, 56
580, 47
581, 1
582, 68
583, 68
584, 46
585, 37
586, 68
587, 15
588, 6
589, 60
590, 32
591, 23
592, 33
593, 1
594, 52
595, 43
596, 3
597, 16
598, 1
599, 35
600, 47
601, 45
602, 1
603, 61
604, 62
605, 64
606, 27
607, 1
608, 62
609, 19
610, 39
611, 59
612, 27
613, 1
614, 66
615, 23
616, 61
617, 15
618, 1
619, 54
620, 38
621, 29
622, 24
623, 44
624, 38
625, 51
626, 46
627, 52
628, 36
629, 40
630, 12
631, 3
632, 19
633, 3
634, 21
635, 31
636, 33
637, 3
638, 7
639, 67
640, 24
641, 44
642, 1
643, 22
644, 39
645, 47
646, 22
647, 3
648, 35
649, 33
650, 1
651, 31
652, 7
653, 55
654, 4
655, 45
656, 49
657, 8
658, 29
659, 28
660, 8
661, 4
662, 12
663, 22
664, 7
665, 15
666, 38
667, 21
668, 42
669, 8
670, 40
671, 27
672, 3
673, 6
674, 37
675, 49
676, 7
677, 60
678, 22
679, 1
680, 65
681, 68
682, 69
683, 36
684, 31
685, 45
686, 3
687, 20
688, 30
689, 20
690, 2
691, 1
692, 70
693, 68
694, 11
695, 1
696, 5
697, 34
698, 2
699, 32
700, 6
701, 35
702, 36
703, 52
704, 6
705, 2
706, 1
707, 67
708, 55
709, 1
710, 5
711, 43
712, 39
713, 23
714, 15
715, 2
716, 44
717, 1
718, 66
719, 70
720, 70
721, 1
722, 34
723, 53
724, 1
725, 42
726, 72
727, 33
728, 1
729, 72
730, 71
731, 6
732, 32
733, 1
734, 72
735, 22
736, 3
737, 59
738, 18
739, 3
740, 24
741, 6
742, 67
743, 31
744, 55
745, 26
746, 30
747, 29
748, 1
749, 71
750, 2
751, 1
752, 69
753, 66
754, 30
755, 1
756, 5
757, 44
758, 38
759, 39
760, 23
761, 19
762, 2
763, 14
764, 27
765, 37
766, 1
767, 11
768, 39
769, 46
770, 41
771, 22
772, 1
773, 79
774, 42
775, 43
776, 28
777, 1
778, 46
779, 6
780, 76
781, 24
782, 6
783, 1
784, 37
785, 31
786, 18
787, 1
788, 33
789, 42
790, 46
791, 53
792, 18
793, 1
794, 37
795, 58
796, 69
797, 74
798, 12
799, 1
800, 39
801, 38
802, 6
803, 33
804, 49
805, 1
806, 36
807, 37
808, 1
809, 20
810, 3
811, 55
812, 46
813, 34
814, 46
815, 60
816, 78
817, 8
818, 50
819, 3
820, 1
821, 20
822, 6
823, 1
824, 30
825, 6
826, 76
827, 29
828, 6
829, 1
830, 55
831, 50
832, 1
833, 12
834, 6
835, 46
836, 3
837, 67
838, 68
839, 53
840, 7
841, 68
842, 40
843, 7
844, 8
845, 7
846, 68
847, 70
848, 15
849, 7
850, 3
851, 58
852, 46
853, 19
854, 42
855, 3
856, 40
857, 51
858, 8
859, 44
860, 1
861, 57
862, 7
863, 65
864, 53
865, 16
866, 59
867, 32
868, 59
869, 4
870, 49
871, 28
872, 4
873, 7
874, 3
875, 6
876, 1
877, 31
878, 80
879, 6
880, 42
881, 35
882, 25
883, 6
884, 1
885, 16
886, 49
887, 1
888, 29
889, 6
890, 19
891, 70
892, 32
893, 20
894, 1
895, 21
896, 19
897, 76
898, 51
899, 25
900, 64
901, 27
902, 35
903, 34
904, 20
905, 1
906, 25
907, 19
908, 43
909, 1
910, 29
911, 28
912, 37
913, 30
914, 1
915, 41
916, 33
917, 24
918, 1
919, 34
920, 20
921, 1
922, 13
923, 26
924, 6
925, 20
926, 2
927, 1
928, 40
929, 74
930, 1
931, 5
932, 47
933, 53
934, 2
935, 74
936, 1
937, 33
938, 47
939, 1
940, 37
941, 38
942, 27
943, 1
944, 43
945, 33
946, 53
947, 6
948, 61
949, 30
950, 6
951, 1
952, 38
953, 6
954, 66
955, 24
956, 6
957, 1
958, 68
959, 66
960, 67
961, 21
962, 42
963, 6
964, 64
965, 26
966, 24
967, 6
968, 1
969, 30
970, 6
971, 63
972, 29
973, 29
974, 6
975, 1
976, 27
977, 6
978, 64
979, 24
980, 6
981, 45
982, 1
983, 32
984, 6
985, 43
986, 36
987, 36
988, 6
989, 1
990, 30
991, 16
992, 2
993, 1
994, 2
995, 5
996, 63
997, 2
998, 52
999, 35
1000, 12
1001, 1
1002, 42
1003, 42
1004, 1
1005, 45
1006, 1
1007, 38
1008, 70
1009, 2
1010, 2
1011, 66
1012, 68
1013, 62
1014, 1
1015, 12
1016, 47
1017, 2
1018, 30
1019, 14
1020, 1
1021, 62
1022, 29
1023, 38
1024, 54
1025, 1
1026, 35
1027, 27
1028, 35
1029, 6
1030, 17
1031, 16
1032, 1
1033, 35
1034, 11
1035, 43
1036, 3
1037, 58
1038, 45
1039, 13
1040, 3
1041, 1
1042, 32
1043, 61
1044, 39
1045, 63
1046, 1
1047, 36
1048, 44
1049, 38
1050, 11
1051, 65
1052, 19
1053, 1
1054, 29
1055, 3
1056, 14
1057, 1
1058, 71
1059, 37
1060, 1
1061, 37
1062, 44
1063, 44
1064, 48
1065, 1
1066, 36
1067, 37
1068, 1
1069, 27
1070, 3
1071, 53
1072, 56
1073, 11
1074, 11
1075, 1
1076, 34
1077, 19
1078, 6
1079, 1
1080, 20
1081, 2
1082, 1
1083, 76
1084, 74
1085, 56
1086, 1
1087, 5
1088, 41
1089, 2
1090, 13
1091, 18
1092, 17
1093, 1
1094, 42
1095, 12
1096, 1
1097, 38
1098, 44
1099, 1
1100, 67
1101, 68
1102, 1
1103, 39
1104, 12
1105, 1
1106, 16
1107, 6
1108, 69
1109, 14
1110, 6
1111, 1
1112, 61
1113, 36
1114, 12
1115, 30
1116, 6
1117, 54
1118, 14
1119, 6
1120, 1
1121, 33
1122, 6
1123, 52
1124, 59
1125, 37
1126, 47
1127, 6
1128, 1
1129, 30
1130, 28
1131, 33
1132, 37
1133, 38
1134, 47
1135, 42
1136, 2
1137, 2
1138, 51
1139, 54
1140, 40
1141, 1
1142, 5
1143, 28
1144, 2
1145, 13
1146, 37
1147, 1
1148, 50
1149, 1
1150, 54
1151, 6
1152, 13
1153, 70
1154, 6
1155, 1
1156, 38
1157, 59
1158, 6
1159, 13
1160, 42
1161, 27
1162, 63
1163, 47
1164, 6
1165, 13
1166, 4
1167, 12
1168, 58
1169, 27
1170, 12
1171, 37
1172, 51
1173, 40
1174, 27
1175, 14
1176, 4
1177, 15
1178, 2
1179, 1
1180, 5
1181, 31
1182, 2
1183, 13
1184, 37
1185, 1
1186, 50
1187, 1
1188, 55
1189, 6
1190, 13
1191, 74
1192, 6
1193, 1
1194, 38
1195, 58
1196, 6
1197, 13
1198, 42
1199, 27
1200, 70
1201, 22
1202, 6
1203, 13
1204, 4
1205, 12
1206, 57
1207, 27
1208, 12
1209, 37
1210, 52
1211, 40
1212, 27
1213, 14
1214, 4
1215, 1
1216, 15
1217, 2
1218, 2
1219, 12
1220, 32
1221, 2
1222, 15
1223, 30
1224, 1
1225, 70
1226, 22
1227, 6
1228, 15
1229, 1
1230, 27
1231, 1
1232, 42
1233, 40
1234, 60
1235, 50
1236, 11
1237, 1
1238, 37
1239, 33
1240, 69
1241, 64
1242, 59
1243, 53
1244, 29
1245, 31
1246, 22
1247, 6
1248, 2
1249, 1
1250, 73
1251, 26
1252, 1
1253, 5
1254, 27
1255, 2
1256, 17
1257, 31
1258, 45
1259, 65
1260, 66
1261, 70
1262, 25
1263, 1
1264, 67
1265, 66
1266, 63
1267, 71
1268, 62
1269, 1
1270, 66
1271, 70
1272, 67
1273, 69
1274, 66
1275, 23
1276, 28
1277, 7
1278, 6
1279, 69
1280, 28
1281, 35
1282, 46
1283, 25
1284, 58
1285, 3
1286, 27
1287, 42
1288, 3
1289, 52
1290, 3
1291, 59
1292, 25
1293, 29
1294, 38
1295, 3
1296, 6
1297, 1
1298, 33
1299, 28
1300, 2
1301, 1
1302, 60
1303, 64
1304, 61
1305, 59
1306, 17
1307, 1
1308, 5
1309, 32
1310, 2
1311, 77
1312, 77
1313, 78
1314, 62
1315, 73
1316, 39
1317, 19
1318, 12
1319, 1
1320, 73
1321, 74
1322, 72
1323, 72
1324, 1
1325, 38
1326, 47
1327, 46
1328, 6
1329, 33
1330, 1
1331, 40
1332, 3
1333, 27
1334, 56
1335, 32
1336, 3
1337, 6
1338, 2
1339, 1
1340, 76
1341, 33
1342, 1
1343, 12
1344, 33
1345, 2
1346, 42
1347, 25
1348, 1
1349, 70
1350, 69
1351, 67
1352, 69
1353, 43
1354, 23
1355, 1
1356, 41
1357, 12
1358, 1
1359, 70
1360, 55
1361, 73
1362, 68
1363, 67
1364, 40
1365, 12
1366, 1
1367, 63
1368, 24
1369, 68
1370, 23
1371, 52
1372, 33
1373, 69
1374, 61
1375, 66
1376, 15
1377, 60
1378, 39
1379, 6
1380, 65
1381, 59
1382, 50
1383, 66
1384, 58
1385, 57
1386, 60
1387, 57
1388, 47
1389, 70
1390, 57
1391, 6
1392, 1
1393, 67
1394, 37
1395, 53
1396, 23
1397, 1
1398, 61
1399, 39
1400, 76
1401, 1
1402, 21
1403, 6
1404, 45
1405, 62
1406, 6
1407, 2
1408, 1
1409, 73
1410, 65
1411, 12
1412, 27
1413, 2
1414, 47
1415, 2
1416, 1
1417, 67
1418, 67
1419, 1
1420, 5
1421, 24
1422, 2
1423, 49
1424, 59
1425, 19
1426, 59
1427, 31
1428, 2
1429, 1
1430, 64
1431, 69
1432, 69
1433, 64
1434, 43
1435, 1
1436, 5
1437, 26
1438, 2
1439, 43
1440, 46
1441, 71
1442, 66
1443, 34
1444, 23
1445, 1
1446, 70
1447, 67
1448, 49
1449, 17
1450, 70
1451, 57
1452, 23
1453, 43
1454, 60
1455, 19
1456, 71
1457, 63
1458, 16
1459, 2
1460, 1
1461, 68
1462, 49
1463, 1
1464, 12
1465, 32
1466, 2
1467, 13
1468, 21
1469, 18
1470, 1
1471, 70
1472, 29
1473, 44
1474, 38
1475, 18
1476, 55
1477, 50
1478, 18
1479, 1
1480, 71
1481, 63
1482, 17
1483, 48
1484, 34
1485, 1
1486, 47
1487, 73
1488, 6
1489, 33
1490, 65
1491, 13
1492, 6
1493, 15
1494, 6
1495, 70
1496, 57
1497, 22
1498, 37
1499, 41
1500, 33
1501, 20
1502, 6
1503, 1
1504, 69
1505, 18
1506, 73
1507, 6
1508, 70
1509, 34
1510, 1
1511, 48
1512, 3
1513, 61
1514, 1
1515, 53
1516, 23
1517, 3
1518, 1
1519, 27
1520, 32
1521, 45
1522, 1
1523, 70
1524, 48
1525, 28
1526, 30
1527, 6
1528, 1
1529, 67
1530, 15
1531, 34
1532, 1
1533, 15
1534, 2
1535, 1
1536, 64
1537, 16
1538, 1
1539, 50
1540, 1
1541, 54
1542, 1
1543, 12
1544, 53
1545, 2
1546, 28
1547, 22
1548, 6
1549, 26
1550, 6
1551, 31
1552, 6
1553, 47
1554, 3
1555, 29
1556, 15
1557, 3
1558, 52
1559, 38
1560, 6
1561, 15
1562, 2
1563, 1
1564, 74
1565, 24
1566, 1
1567, 11
1568, 28
1569, 2
1570, 32
1571, 57
1572, 14
1573, 2
1574, 1
1575, 65
1576, 47
1577, 1
1578, 12
1579, 49
1580, 2
1581, 37
1582, 6
1583, 66
1584, 17
1585, 35
1586, 3
1587, 27
1588, 36
1589, 34
1590, 40
1591, 3
1592, 6
1593, 47
1594, 42
1595, 6
1596, 43
1597, 19
1598, 6
1599, 16
1600, 2
1601, 1
1602, 76
1603, 18
1604, 1
1605, 12
1606, 58
1607, 2
1608, 62
1609, 67
1610, 46
1611, 47
1612, 9
1613, 47
1614, 6
1615, 19
1616, 1
1617, 43
1618, 24
1619, 30
1620, 68
1621, 3
1622, 21
1623, 37
1624, 34
1625, 35
1626, 44
1627, 7
1628, 32
1629, 25
1630, 12
1631, 31
1632, 7
1633, 3
1634, 15
1635, 35
1636, 6
1637, 2
1638, 1
1639, 65
1640, 13
1641, 1
1642, 73
1643, 42
1644, 1
1645, 76
1646, 38
1647, 1
1648, 71
1649, 74
1650, 66
1651, 1
1652, 71
1653, 49
1654, 1
1655, 5
1656, 33
1657, 2
1658, 31
1659, 21
1660, 1
1661, 68
1662, 1
1663, 56
1664, 27
1665, 12
1666, 1
1667, 68
1668, 56
1669, 27
1670, 47
1671, 1
1672, 37
1673, 6
1674, 43
1675, 59
1676, 54
1677, 19
1678, 11
1679, 19
1680, 6
1681, 38
1682, 45
1683, 7
1684, 22
1685, 1
1686, 65
1687, 39
1688, 40
1689, 36
1690, 43
1691, 33
1692, 6
1693, 51
1694, 44
1695, 6
1696, 1
1697, 66
1698, 57
1699, 33
1700, 38
1701, 40
1702, 27
1703, 52
1704, 47
1705, 7
1706, 6
1707, 33
1708, 1
1709, 73
1710, 47
1711, 47
1712, 38
1713, 1
1714, 78
1715, 3
1716, 60
1717, 50
1718, 59
1719, 34
1720, 68
1721, 7
1722, 54
1723, 43
1724, 34
1725, 7
1726, 8
1727, 64
1728, 1
1729, 66
1730, 63
1731, 21
1732, 3
1733, 68
1734, 3
1735, 58
1736, 24
1737, 61
1738, 3
1739, 29
1740, 69
1741, 70
1742, 51
1743, 3
1744, 64
1745, 70
1746, 48
1747, 67
1748, 3
1749, 6
1750, 1
1751, 20
1752, 6
1753, 67
1754, 36
1755, 50
1756, 46
1757, 36
1758, 35
1759, 7
1760, 35
1761, 3
1762, 39
1763, 62
1764, 1
1765, 42
1766, 7
1767, 59
1768, 40
1769, 41
1770, 7
1771, 1
1772, 70
1773, 58
1774, 62
1775, 53
1776, 3
1777, 6
1778, 1
1779, 18
1780, 56
1781, 1
1782, 33
1783, 61
1784, 55
1785, 50
1786, 42
1787, 6
1788, 52
1789, 53
1790, 35
1791, 36
1792, 6
1793, 2
1794, 1
1795, 64
1796, 49
1797, 1
1798, 12
1799, 61
1800, 2
1801, 40
1802, 74
1803, 55
1804, 68
1805, 35
1806, 44
1807, 43
1808, 39
1809, 38
1810, 45
1811, 48
1812, 46
1813, 6
1814, 46
1815, 66
1816, 39
1817, 48
1818, 6
1819, 1
1820, 68
1821, 20
1822, 35
1823, 30
1824, 35
1825, 63
1826, 55
1827, 50
1828, 47
1829, 28
1830, 36
1831, 43
1832, 55
1833, 56
1834, 2
1835, 1
1836, 75
1837, 67
1838, 1
1839, 5
1840, 39
1841, 2
1842, 14
1843, 10
1844, 9
1845, 1
1846, 36
1847, 1
1848, 29
1849, 56
1850, 12
1851, 1
1852, 75
1853, 45
1854, 31
1855, 1
1856, 54
1857, 73
1858, 8
1859, 49
1860, 39
1861, 1
1862, 32
1863, 18
1864, 62
1865, 15
1866, 31
1867, 30
1868, 35
1869, 32
1870, 70
1871, 15
1872, 8
1873, 1
1874, 29
1875, 53
1876, 6
1877, 52
1878, 1
1879, 37
1880, 16
1881, 61
1882, 25
1883, 39
1884, 40
1885, 30
1886, 57
1887, 25
1888, 6
1889, 2
1890, 1
1891, 68
1892, 66
1893, 67
1894, 68
1895, 44
1896, 1
1897, 65
1898, 71
1899, 69
1900, 71
1901, 17
1902, 1
1903, 5
1904, 31
1905, 2
1906, 14
1907, 17
1908, 17
1909, 31
1910, 1
1911, 35
1912, 12
1913, 1
1914, 70
1915, 70
1916, 66
1917, 71
1918, 68
1919, 65
1920, 69
1921, 70
1922, 23
1923, 67
1924, 69
1925, 49
1926, 1
1927, 70
1928, 56
1929, 1
1930, 53
1931, 1
1932, 23
1933, 1
1934, 63
1935, 17
1936, 1
1937, 22
1938, 1
1939, 24
1940, 1
1941, 65
1942, 52
1943, 1
1944, 58
1945, 48
1946, 41
1947, 68
1948, 40
1949, 35
1950, 41
1951, 51
1952, 54
1953, 37
1954, 7
1955, 51
1956, 33
1957, 27
1958, 70
1959, 15
1960, 43
1961, 1
1962, 56
1963, 20
1964, 65
1965, 15
1966, 20
1967, 1
1968, 67
1969, 32
1970, 31
1971, 19
1972, 21
1973, 24
1974, 6
1975, 69
1976, 57
1977, 40
1978, 21
1979, 57
1980, 53
1981, 3
1982, 15
1983, 32
1984, 26
1985, 3
1986, 11
1987, 21
1988, 69
1989, 32
1990, 39
1991, 14
1992, 6
1993, 1
1994, 16
1995, 70
1996, 43
1997, 6
1998, 72
1999, 6
2000, 40
2001, 40
2002, 38
2003, 18
2004, 54
2005, 50
2006, 18
2007, 62
2008, 48
2009, 45
2010, 72
2011, 61
2012, 62
2013, 56
2014, 58
2015, 63
2016, 62
2017, 62
2018, 60
2019, 62
2020, 60
2021, 27
2022, 55
2023, 3
2024, 63
2025, 42
2026, 68
2027, 60
2028, 63
2029, 62
2030, 63
2031, 55
2032, 64
2033, 19
2034, 31
2035, 8
2036, 7
2037, 61
2038, 50
2039, 54
2040, 54
2041, 56
2042, 57
2043, 37
2044, 42
2045, 46
2046, 66
2047, 48
2048, 4
2049, 54
2050, 53
2051, 53
2052, 26
2053, 21
2054, 24
2055, 4
2056, 7
2057, 3
2058, 40
2059, 58
2060, 18
2061, 11
2062, 18
2063, 6
2064, 64
2065, 6
2066, 48
2067, 31
2068, 3
2069, 22
2070, 31
2071, 40
2072, 36
2073, 42
2074, 61
2075, 50
2076, 50
2077, 28
2078, 21
2079, 22
2080, 8
2081, 7
2082, 44
2083, 41
2084, 4
2085, 56
2086, 41
2087, 65
2088, 24
2089, 20
2090, 8
2091, 26
2092, 34
2093, 8
2094, 4
2095, 12
2096, 19
2097, 7
2098, 3
2099, 11
2100, 18
2101, 6
2102, 46
2103, 57
2104, 6
2105, 67
2106, 19
2107, 34
2108, 38
2109, 44
2110, 42
2111, 18
2112, 11
2113, 61
2114, 59
2115, 18
2116, 6
2117, 42
2118, 6
2119, 42
2120, 3
2121, 37
2122, 32
2123, 42
2124, 7
2125, 37
2126, 40
2127, 41
2128, 32
2129, 30
2130, 1
2131, 43
2132, 28
2133, 1
2134, 44
2135, 48
2136, 19
2137, 12
2138, 30
2139, 7
2140, 3
2141, 11
2142, 18
2143, 6
2144, 7
2145, 21
2146, 1
2147, 16
2148, 6
2149, 70
2150, 25
2151, 32
2152, 41
2153, 6
2154, 21
2155, 6
2156, 69
2157, 18
2158, 29
2159, 6
2160, 1
2161, 35
2162, 2
2163, 1
2164, 69
2165, 69
2166, 74
2167, 1
2168, 5
2169, 26
2170, 2
2171, 13
2172, 32
2173, 1
2174, 70
2175, 27
2176, 52
2177, 1
2178, 71
2179, 32
2180, 20
2181, 1
2182, 38
2183, 17
2184, 7
2185, 6
2186, 35
2187, 66
2188, 6
2189, 47
2190, 34
2191, 64
2192, 15
2193, 2
2194, 1
2195, 68
2196, 42
2197, 1
2198, 5
2199, 22
2200, 2
2201, 14
2202, 14
2203, 1
2204, 40
2205, 43
2206, 15
2207, 6
2208, 23
2209, 1
2210, 69
2211, 29
2212, 46
2213, 56
2214, 1
2215, 71
2216, 48
2217, 48
2218, 48
2219, 52
2220, 30
2221, 39
2222, 1
2223, 35
2224, 34
2225, 29
2226, 56
2227, 6
2228, 16
2229, 2
2230, 1
2231, 71
2232, 47
2233, 1
2234, 12
2235, 28
2236, 2
2237, 38
2238, 6
2239, 73
2240, 42
2241, 33
2242, 48
2243, 16
2244, 32
2245, 45
2246, 16
2247, 60
2248, 6
2249, 1
2250, 16
2251, 2
2252, 1
2253, 66
2254, 46
2255, 1
2256, 5
2257, 28
2258, 2
2259, 20
2260, 1
2261, 44
2262, 34
2263, 1
2264, 39
2265, 37
2266, 6
2267, 38
2268, 69
2269, 57
2270, 64
2271, 6
2272, 1
2273, 35
2274, 65
2275, 60
2276, 59
2277, 2
2278, 1
2279, 71
2280, 56
2281, 1
2282, 5
2283, 23
2284, 2
2285, 19
2286, 1
2287, 31
2288, 34
2289, 33
2290, 64
2291, 58
2292, 58
2293, 2
2294, 1
2295, 72
2296, 51
2297, 1
2298, 12
2299, 43
2300, 2
2301, 13
2302, 15
2303, 17
2304, 1
2305, 69
2306, 1
2307, 38
2308, 6
2309, 19
2310, 1
2311, 14
2312, 23
2313, 6
2314, 20
2315, 7
2316, 1
2317, 62
2318, 6
2319, 7
2320, 39
2321, 1
2322, 43
2323, 43
2324, 44
2325, 25
2326, 73
2327, 1
2328, 67
2329, 64
2330, 68
2331, 1
2332, 67
2333, 41
2334, 1
2335, 67
2336, 26
2337, 52
2338, 7
2339, 52
2340, 68
2341, 1
2342, 44
2343, 1
2344, 71
2345, 64
2346, 69
2347, 21
2348, 43
2349, 48
2350, 1
2351, 15
2352, 2
2353, 1
2354, 73
2355, 51
2356, 1
2357, 12
2358, 55
2359, 2
2360, 11
2361, 1
2362, 20
2363, 31
2364, 28
2365, 27
2366, 1
2367, 66
2368, 69
2369, 52
2370, 24
2371, 12
2372, 1
2373, 32
2374, 6
2375, 43
2376, 50
2377, 30
2378, 49
2379, 11
2380, 48
2381, 6
2382, 2
2383, 1
2384, 65
2385, 68
2386, 17
2387, 49
2388, 41
2389, 1
2390, 68
2391, 62
2392, 66
2393, 1
2394, 56
2395, 39
2396, 1
2397, 52
2398, 35
2399, 1
2400, 65
2401, 31
2402, 1
2403, 61
2404, 25
2405, 41
2406, 1
2407, 65
2408, 65
2409, 18
2410, 37
2411, 1
2412, 62
2413, 65
2414, 66
2415, 63
2416, 65
2417, 60
2418, 71
2419, 21
2420, 1
2421, 65
2422, 25
2423, 1
2424, 12
2425, 56
2426, 2
2427, 19
2428, 13
2429, 13
2430, 57
2431, 1
2432, 70
2433, 35
2434, 49
2435, 1
2436, 32
2437, 31
2438, 69
2439, 69
2440, 59
2441, 1
2442, 42
2443, 46
2444, 31
2445, 17
2446, 31
2447, 35
2448, 1
2449, 70
2450, 46
2451, 19
2452, 6
2453, 45
2454, 1
2455, 67
2456, 56
2457, 67
2458, 28
2459, 28
2460, 44
2461, 1
2462, 54
2463, 64
2464, 46
2465, 29
2466, 49
2467, 6
2468, 1
2469, 51
2470, 1
2471, 35
2472, 41
2473, 67
2474, 48
2475, 37
2476, 37
2477, 63
2478, 44
2479, 33
2480, 1
2481, 50
2482, 50
2483, 1
2484, 47
2485, 24
2486, 1
2487, 69
2488, 18
2489, 1
2490, 67
2491, 1
2492, 70
2493, 71
2494, 39
2495, 28
2496, 23
2497, 1
2498, 66
2499, 44
2500, 1
2501, 68
2502, 68
2503, 31
2504, 36
2505, 1
2506, 15
2507, 2
2508, 1
2509, 71
2510, 67
2511, 56
2512, 1
2513, 12
2514, 52
2515, 2
2516, 33
2517, 31
2518, 44
2519, 2
2520, 1
2521, 69
2522, 66
2523, 29
2524, 1
2525, 21
2526, 33
2527, 2
2528, 20
2529, 21
2530, 1
2531, 44
2532, 32
2533, 10
2534, 6
2535, 68
2536, 20
2537, 42
2538, 33
2539, 30
2540, 44
2541, 31
2542, 28
2543, 6
2544, 7
2545, 35
2546, 1
2547, 13
2548, 2
2549, 1
2550, 56
2551, 1
2552, 54
2553, 73
2554, 55
2555, 1
2556, 63
2557, 23
2558, 1
2559, 78
2560, 36
2561, 32
2562, 1
2563, 67
2564, 70
2565, 26
2566, 1
2567, 12
2568, 76
2569, 2
2570, 34
2571, 14
2572, 1
2573, 70
2574, 33
2575, 13
2576, 57
2577, 12
2578, 1
2579, 66
2580, 71
2581, 65
2582, 22
2583, 48
2584, 1
2585, 17
2586, 1
2587, 27
2588, 1
2589, 62
2590, 61
2591, 63
2592, 60
2593, 14
2594, 1
2595, 67
2596, 37
2597, 23
2598, 6
2599, 66
2600, 58
2601, 6
2602, 1
2603, 39
2604, 21
2605, 69
2606, 67
2607, 69
2608, 24
2609, 28
2610, 6
2611, 23
2612, 1
2613, 32
2614, 1
2615, 70
2616, 26
2617, 31
2618, 3
2619, 55
2620, 45
2621, 23
2622, 40
2623, 3
2624, 64
2625, 62
2626, 64
2627, 60
2628, 63
2629, 61
2630, 36
2631, 22
2632, 12
2633, 34
2634, 39
2635, 13
2636, 24
2637, 23
2638, 11
2639, 12
2640, 34
2641, 39
2642, 13
2643, 24
2644, 24
2645, 1
2646, 40
2647, 55
2648, 6
2649, 1
2650, 1
2651, 69
2652, 31
2653, 45
2654, 42
2655, 1
2656, 52
2657, 13
2658, 6
2659, 16
2660, 26
2661, 1
2662, 73
2663, 33
2664, 31
2665, 45
2666, 6
2667, 7
2668, 45
2669, 1
2670, 49
2671, 13
2672, 6
2673, 42
2674, 38
2675, 6
2676, 1
2677, 68
2678, 41
2679, 52
2680, 54
2681, 2
2682, 1
2683, 79
2684, 57
2685, 81
2686, 1
2687, 12
2688, 64
2689, 2
2690, 33
2691, 1
2692, 77
2693, 35
2694, 55
2695, 38
2696, 25
2697, 13
2698, 44
2699, 1
2700, 15
2701, 7
2702, 35
2703, 27
2704, 18
2705, 22
2706, 1
2707, 68
2708, 46
2709, 66
2710, 8
2711, 27
2712, 11
2713, 8
2714, 1
2715, 70
2716, 21
2717, 52
2718, 39
2719, 15
2720, 33
2721, 9
2722, 30
2723, 1
2724, 73
2725, 60
2726, 41
2727, 40
2728, 25
2729, 48
2730, 50
2731, 1
2732, 52
2733, 16
2734, 69
2735, 28
2736, 51
2737, 67
2738, 35
2739, 1
2740, 48
2741, 43
2742, 39
2743, 1
2744, 18
2745, 1
2746, 51
2747, 37
2748, 33
2749, 2
2750, 1
2751, 70
2752, 68
2753, 69
2754, 67
2755, 71
2756, 67
2757, 61
2758, 1
2759, 12
2760, 50
2761, 2
2762, 20
2763, 27
2764, 1
2765, 15
2766, 6
2767, 21
2768, 34
2769, 36
2770, 1
2771, 41
2772, 35
2773, 3
2774, 26
2775, 13
2776, 3
2777, 1
2778, 68
2779, 49
2780, 1
2781, 69
2782, 12
2783, 32
2784, 3
2785, 26
2786, 13
2787, 3
2788, 1
2789, 71
2790, 15
2791, 48
2792, 44
2793, 3
2794, 26
2795, 13
2796, 3
2797, 1
2798, 62
2799, 46
2800, 29
2801, 31
2802, 18
2803, 6
2804, 1
2805, 17
2806, 2
2807, 1
2808, 66
2809, 13
2810, 1
2811, 12
2812, 27
2813, 2
2814, 10
2815, 1
2816, 40
2817, 6
2818, 33
2819, 34
2820, 3
2821, 29
2822, 41
2823, 3
2824, 6
2825, 2
2826, 1
2827, 66
2828, 66
2829, 55
2830, 1
2831, 12
2832, 66
2833, 23
2834, 2
2835, 21
2836, 18
2837, 15
2838, 13
2839, 12
2840, 1
2841, 27
2842, 27
2843, 12
2844, 6
2845, 17
2846, 7
2847, 1
2848, 63
2849, 22
2850, 44
2851, 1
2852, 60
2853, 46
2854, 20
2855, 1
2856, 81
2857, 70
2858, 63
2859, 56
2860, 6
2861, 53
2862, 68
2863, 6
2864, 1
2865, 64
2866, 20
2867, 62
2868, 6
2869, 70
2870, 73
2871, 3
2872, 15
2873, 52
2874, 1
2875, 37
2876, 42
2877, 17
2878, 37
2879, 47
2880, 17
2881, 63
2882, 3
2883, 6
2884, 1
2885, 70
2886, 67
2887, 71
2888, 41
2889, 6
2890, 16
2891, 1
2892, 62
2893, 9
2894, 28
2895, 3
2896, 30
2897, 1
2898, 64
2899, 70
2900, 7
2901, 19
2902, 49
2903, 67
2904, 7
2905, 3
2906, 6
2907, 1
2908, 33
2909, 12
2910, 51
2911, 2
2912, 1
2913, 66
2914, 23
2915, 1
2916, 11
2917, 79
2918, 2
2919, 43
2920, 31
2921, 47
2922, 1
2923, 68
2924, 17
2925, 28
2926, 62
2927, 78
2928, 25
2929, 62
2930, 79
2931, 1
2932, 25
2933, 12
2934, 2
2935, 1
2936, 71
2937, 73
2938, 42
2939, 1
2940, 47
2941, 1
2942, 5
2943, 75
2944, 35
2945, 2
2946, 16
2947, 1
2948, 25
2949, 6
2950, 21
2951, 45
2952, 64
2953, 13
2954, 19
2955, 63
2956, 65
2957, 13
2958, 19
2959, 36
2960, 3
2961, 58
2962, 35
2963, 14
2964, 53
2965, 14
2966, 34
2967, 34
2968, 3
2969, 32
2970, 58
2971, 56
2972, 38
2973, 42
2974, 13
2975, 13
2976, 13
2977, 6
2978, 1
2979, 15
2980, 2
2981, 1
2982, 68
2983, 70
2984, 70
2985, 1
2986, 12
2987, 33
2988, 2
2989, 28
2990, 1
2991, 24
2992, 10
2993, 7
2994, 1
2995, 54
2996, 6
2997, 32
2998, 1
2999, 36
3000, 28
3001, 37
3002, 44
3003, 47
3004, 3
3005, 65
3006, 49
3007, 25
3008, 22
3009, 16
3010, 1
3011, 39
3012, 37
3013, 52
3014, 46
3015, 33
3016, 1
3017, 41
3018, 28
3019, 48
3020, 1
3021, 32
3022, 3
3023, 6
3024, 2
3025, 1
3026, 60
3027, 62
3028, 57
3029, 69
3030, 1
3031, 5
3032, 22
3033, 2
3034, 13
3035, 19
3036, 12
3037, 20
3038, 27
3039, 19
3040, 13
3041, 1
3042, 26
3043, 14
3044, 1
3045, 50
3046, 75
3047, 12
3048, 1
3049, 16
3050, 27
3051, 1
3052, 27
3053, 21
3054, 6
3055, 60
3056, 42
3057, 19
3058, 7
3059, 1
3060, 68
3061, 20
3062, 1
3063, 69
3064, 24
3065, 67
3066, 63
3067, 62
3068, 34
3069, 34
3070, 1
3071, 63
3072, 68
3073, 72
3074, 34
3075, 1
3076, 30
3077, 1
3078, 26
3079, 1
3080, 5
3081, 6
3082, 14
3083, 17
3084, 1
3085, 26
3086, 1
3087, 69
3088, 16
3089, 47
3090, 22
3091, 1
3092, 70
3093, 55
3094, 59
3095, 61
3096, 32
3097, 1
3098, 40
3099, 58
3100, 3
3101, 22
3102, 47
3103, 3
3104, 1
3105, 25
3106, 26
3107, 3
3108, 31
3109, 1
3110, 16
3111, 7
3112, 51
3113, 4
3114, 23
3115, 40
3116, 4
3117, 12
3118, 12
3119, 1
3120, 30
3121, 7
3122, 3
3123, 1
3124, 70
3125, 63
3126, 59
3127, 62
3128, 19
3129, 57
3130, 56
3131, 26
3132, 5
3133, 24
3134, 60
3135, 5
3136, 1
3137, 70
3138, 64
3139, 62
3140, 64
3141, 12
3142, 72
3143, 1
3144, 16
3145, 3
3146, 63
3147, 62
3148, 63
3149, 63
3150, 63
3151, 61
3152, 59
3153, 19
3154, 1
3155, 62
3156, 27
3157, 27
3158, 68
3159, 1
3160, 64
3161, 26
3162, 1
3163, 61
3164, 13
3165, 69
3166, 1
3167, 64
3168, 61
3169, 55
3170, 61
3171, 60
3172, 25
3173, 37
3174, 7
3175, 31
3176, 72
3177, 7
3178, 8
3179, 23
3180, 1
3181, 62
3182, 17
3183, 27
3184, 56
3185, 1
3186, 62
3187, 54
3188, 31
3189, 22
3190, 17
3191, 27
3192, 13
3193, 6
3194, 17
3195, 7
3196, 3
3197, 1
3198, 70
3199, 62
3200, 31
3201, 66
3202, 3
3203, 37
3204, 55
3205, 63
3206, 7
3207, 62
3208, 56
3209, 52
3210, 55
3211, 42
3212, 29
3213, 59
3214, 56
3215, 50
3216, 53
3217, 33
3218, 30
3219, 26
3220, 7
3221, 1
3222, 32
3223, 15
3224, 1
3225, 61
3226, 62
3227, 64
3228, 63
3229, 60
3230, 53
3231, 63
3232, 60
3233, 50
3234, 1
3235, 60
3236, 57
3237, 45
3238, 58
3239, 56
3240, 30
3241, 37
3242, 30
3243, 32
3244, 31
3245, 1
3246, 61
3247, 60
3248, 61
3249, 46
3250, 29
3251, 31
3252, 35
3253, 48
3254, 7
3255, 69
3256, 13
3257, 37
3258, 61
3259, 16
3260, 34
3261, 61
3262, 57
3263, 24
3264, 29
3265, 31
3266, 26
3267, 7
3268, 3
3269, 1
3270, 70
3271, 20
3272, 1
3273, 72
3274, 69
3275, 3
3276, 60
3277, 15
3278, 30
3279, 62
3280, 20
3281, 62
3282, 31
3283, 3
3284, 50
3285, 71
3286, 43
3287, 20
3288, 1
3289, 17
3290, 6
3291, 22
3292, 1
3293, 73
3294, 62
3295, 6
3296, 72
3297, 53
3298, 62
3299, 63
3300, 58
3301, 58
3302, 27
3303, 27
3304, 55
3305, 53
3306, 51
3307, 43
3308, 3
3309, 69
3310, 69
3311, 31
3312, 3
3313, 6
3314, 1
3315, 67
3316, 35
3317, 1
3318, 63
3319, 49
3320, 25
3321, 43
3322, 50
3323, 21
3324, 7
3325, 6
3326, 73
3327, 43
3328, 79
3329, 57
3330, 37
3331, 24
3332, 58
3333, 37
3334, 6
3335, 1
3336, 45
3337, 25
3338, 43
3339, 1
3340, 39
3341, 39
3342, 1
3343, 69
3344, 22
3345, 23
3346, 1
3347, 39
3348, 22
3349, 1
3350, 67
3351, 47
3352, 72
3353, 47
3354, 6
3355, 70
3356, 42
3357, 75
3358, 47
3359, 6
3360, 1
3361, 43
3362, 32
3363, 1
3364, 18
3365, 1
3366, 69
3367, 20
3368, 4
3369, 15
3370, 48
3371, 1
3372, 16
3373, 8
3374, 58
3375, 28
3376, 8
3377, 4
3378, 1
3379, 29
3380, 1
3381, 32
3382, 6
3383, 31
3384, 31
3385, 6
3386, 26
3387, 1
3388, 23
3389, 34
3390, 29
3391, 2
3392, 1
3393, 66
3394, 60
3395, 67
3396, 53
3397, 1
3398, 5
3399, 53
3400, 2
3401, 16
3402, 18
3403, 13
3404, 15
3405, 1
3406, 16
3407, 20
3408, 33
3409, 1
3410, 32
3411, 6
3412, 49
3413, 38
3414, 43
3415, 45
3416, 55
3417, 1
3418, 61
3419, 61
3420, 43
3421, 46
3422, 42
3423, 49
3424, 50
3425, 50
3426, 60
3427, 42
3428, 6
3429, 1
3430, 68
3431, 35
3432, 1
3433, 25
3434, 17
3435, 35
3436, 36
3437, 6
3438, 64
3439, 33
3440, 64
3441, 55
3442, 6
3443, 1
3444, 41
3445, 59
3446, 79
3447, 15
3448, 2
3449, 1
3450, 1
3451, 5
3452, 28
3453, 2
3454, 45
3455, 24
3456, 58
3457, 68
3458, 6
3459, 30
3460, 17
3461, 24
3462, 3
3463, 71
3464, 41
3465, 3
3466, 6
3467, 2
3468, 1
3469, 70
3470, 68
3471, 39
3472, 1
3473, 5
3474, 22
3475, 2
3476, 52
3477, 1
3478, 69
3479, 68
3480, 66
3481, 56
3482, 36
3483, 6
3484, 40
3485, 39
3486, 9
3487, 33
3488, 6
3489, 1
3490, 24
3491, 37
3492, 49
3493, 74
3494, 23
3495, 12
3496, 66
3497, 70
3498, 68
3499, 52
3500, 35
3501, 58
3502, 36
3503, 6
3504, 66
3505, 62
3506, 62
3507, 60
3508, 23
3509, 58
3510, 69
3511, 9
3512, 67
3513, 65
3514, 65
3515, 36
3516, 6
3517, 1
3518, 32
3519, 12
3520, 1
3521, 73
3522, 35
3523, 56
3524, 6
3525, 35
3526, 9
3527, 1
3528, 69
3529, 58
3530, 37
3531, 76
3532, 28
3533, 47
3534, 1
3535, 36
3536, 6
3537, 1
3538, 28
3539, 1
3540, 66
3541, 40
3542, 49
3543, 32
3544, 30
3545, 31
3546, 72
3547, 62
3548, 58
3549, 38
3550, 32
3551, 6
3552, 32
3553, 66
3554, 39
3555, 6
3556, 78
3557, 62
3558, 44
3559, 46
3560, 42
3561, 44
3562, 68
3563, 52
3564, 21
3565, 41
3566, 60
3567, 69
3568, 66
3569, 60
3570, 70
3571, 1
3572, 70
3573, 69
3574, 67
3575, 67
3576, 47
3577, 42
3578, 1
3579, 61
3580, 2
3581, 1
3582, 25
