1, 11
2, 3
3, 80
4, 78
5, 3
6, 74
7, 72
8, 3
9, 4
10, 1
11, 3
12, 40
13, 37
14, 35
15, 3
16, 73
17, 4
18, 1
19, 4
20, 35
21, 1
22, 71
23, 74
24, 70
25, 76
26, 71
27, 30
28, 1
29, 5
30, 1
31, 3
32, 1
33, 20
34, 21
35, 34
36, 18
37, 1
38, 92
39, 1
40, 35
41, 52
42, 1
43, 14
44, 1
45, 45
46, 37
47, 1
48, 6
49, 1
50, 11
51, 15
52, 2
53, 10
54, 12
55, 52
56, 1
57, 16
58, 65
59, 22
60, 16
61, 24
62, 15
63, 2
64, 1
65, 26
66, 20
67, 19
68, 48
69, 33
70, 15
71, 1
72, 1
73, 1
74, 7
75, 1
76, 13
77, 64
78, 2
79, 49
80, 13
81, 14
82, 1
83, 37
84, 1
85, 43
86, 19
87, 40
88, 27
89, 24
90, 26
91, 67
92, 1
93, 31
94, 16
95, 16
96, 2
97, 1
98, 68
99, 22
100, 1
101, 5
102, 29
103, 2
104, 10
105, 33
106, 17
107, 22
108, 26
109, 18
110, 14
111, 6
112, 31
113, 2
114, 1
115, 26
116, 6
117, 53
118, 2
119, 17
120, 1
121, 30
122, 28
123, 1
124, 17
125, 14
126, 1
127, 58
128, 18
129, 41
130, 30
131, 6
132, 11
133, 8
134, 57
135, 47
136, 48
137, 6
138, 19
139, 2
140, 1
141, 5
142, 65
143, 2
144, 13
145, 1
146, 29
147, 1
148, 12
149, 14
150, 41
151, 49
152, 13
153, 13
154, 1
155, 46
156, 20
157, 43
158, 1
159, 51
160, 34
161, 10
162, 51
163, 27
164, 49
165, 6
166, 23
167, 67
168, 17
169, 36
170, 60
171, 1
172, 15
173, 45
174, 34
175, 3
176, 8
177, 12
178, 54
179, 44
180, 52
181, 3
182, 26
183, 6
184, 9
185, 65
186, 54
187, 46
188, 16
189, 2
190, 26
191, 1
192, 12
193, 60
194, 19
195, 2
196, 36
197, 1
198, 36
199, 1
200, 36
201, 27
202, 6
203, 11
204, 57
205, 64
206, 36
207, 6
208, 30
209, 16
210, 6
211, 39
212, 2
213, 1
214, 75
215, 22
216, 1
217, 3
218, 21
219, 1
220, 69
221, 67
222, 65
223, 68
224, 22
225, 1
226, 25
227, 73
228, 74
229, 69
230, 75
231, 74
232, 75
233, 75
234, 72
235, 76
236, 71
237, 73
238, 70
239, 14
240, 1
241, 77
242, 56
243, 1
244, 25
245, 1
246, 76
247, 70
248, 76
249, 73
250, 71
251, 69
252, 66
253, 64
254, 73
255, 66
256, 75
257, 72
258, 76
259, 76
260, 75
261, 77
262, 78
263, 71
264, 40
265, 1
266, 77
267, 56
268, 1
269, 22
270, 1
271, 73
272, 67
273, 60
274, 1
275, 21
276, 1
277, 67
278, 71
279, 64
280, 75
281, 73
282, 73
283, 40
284, 63
285, 1
286, 77
287, 56
288, 1
289, 26
290, 1
291, 37
292, 40
293, 64
294, 10
295, 1
296, 5
297, 3
298, 1
299, 56
300, 64
301, 3
302, 25
303, 1
304, 75
305, 75
306, 74
307, 72
308, 76
309, 75
310, 20
311, 1
312, 77
313, 56
314, 1
315, 5
316, 3
317, 1
318, 69
319, 7
320, 68
321, 52
322, 2
323, 17
324, 15
325, 1
326, 40
327, 1
328, 24
329, 19
330, 21
331, 13
332, 18
333, 12
334, 6
335, 69
336, 2
337, 1
338, 7
339, 70
340, 50
341, 2
342, 10
343, 16
344, 15
345, 17
346, 12
347, 18
348, 22
349, 54
350, 1
351, 13
352, 14
353, 42
354, 14
355, 1
356, 36
357, 1
358, 80
359, 12
360, 56
361, 61
362, 31
363, 24
364, 1
365, 16
366, 51
367, 30
368, 27
369, 4
370, 3
371, 45
372, 48
373, 37
374, 53
375, 20
376, 1
377, 61
378, 44
379, 12
380, 7
381, 3
382, 6
383, 17
384, 28
385, 20
386, 32
387, 33
388, 35
389, 62
390, 10
391, 39
392, 3
393, 13
394, 50
395, 6
396, 1
397, 30
398, 56
399, 28
400, 6
401, 1
402, 29
403, 25
404, 75
405, 50
406, 33
407, 7
408, 59
409, 35
410, 16
411, 49
412, 13
413, 30
414, 4
415, 37
416, 71
417, 1
418, 64
419, 30
420, 13
421, 42
422, 9
423, 15
424, 24
425, 56
426, 34
427, 4
428, 24
429, 29
430, 21
431, 28
432, 20
433, 46
434, 34
435, 1
436, 34
437, 29
438, 21
439, 1
440, 20
441, 52
442, 4
443, 25
444, 7
445, 23
446, 57
447, 9
448, 29
449, 29
450, 50
451, 54
452, 56
453, 55
454, 59
455, 50
456, 38
457, 30
458, 30
459, 21
460, 28
461, 30
462, 48
463, 48
464, 55
465, 29
466, 55
467, 29
468, 35
469, 26
470, 29
471, 12
472, 34
473, 19
474, 5
475, 18
476, 8
477, 7
478, 7
479, 17
480, 60
481, 50
482, 35
483, 60
484, 41
485, 37
486, 23
487, 1
488, 26
489, 20
490, 43
491, 15
492, 27
493, 8
494, 73
495, 11
496, 46
497, 4
498, 29
499, 21
500, 61
501, 57
502, 44
503, 36
504, 44
505, 4
506, 23
507, 57
508, 41
509, 44
510, 54
511, 27
512, 41
513, 19
514, 12
515, 13
516, 1
517, 31
518, 25
519, 4
520, 26
521, 7
522, 7
523, 18
524, 39
525, 22
526, 23
527, 53
528, 23
529, 37
530, 26
531, 20
532, 43
533, 8
534, 24
535, 32
536, 42
537, 61
538, 11
539, 47
540, 4
541, 1
542, 24
543, 24
544, 45
545, 7
546, 22
547, 33
548, 18
549, 19
550, 4
551, 23
552, 54
553, 45
554, 33
555, 58
556, 31
557, 45
558, 23
559, 16
560, 17
561, 1
562, 35
563, 22
564, 8
565, 30
566, 4
567, 7
568, 7
569, 17
570, 22
571, 1
572, 24
573, 53
574, 81
575, 34
576, 51
577, 7
578, 14
579, 18
580, 18
581, 64
582, 10
583, 32
584, 3
585, 25
586, 40
587, 67
588, 65
589, 3
590, 7
591, 8
592, 37
593, 39
594, 31
595, 1
596, 18
597, 3
598, 6
599, 1
600, 52
601, 37
602, 58
603, 21
604, 26
605, 6
606, 27
607, 30
608, 32
609, 21
610, 52
611, 67
612, 71
613, 72
614, 46
615, 15
616, 3
617, 6
618, 1
619, 17
620, 51
621, 41
622, 13
623, 40
624, 6
625, 1
626, 41
627, 1
628, 25
629, 36
630, 9
631, 7
632, 6
633, 48
634, 6
635, 43
636, 58
637, 15
638, 33
639, 15
640, 76
641, 15
642, 52
643, 15
644, 1
645, 59
646, 44
647, 60
648, 64
649, 63
650, 48
651, 25
652, 66
653, 61
654, 65
655, 61
656, 24
657, 38
658, 34
659, 4
660, 30
661, 65
662, 48
663, 33
664, 18
665, 39
666, 57
667, 4
668, 7
669, 38
670, 43
671, 26
672, 7
673, 47
674, 45
675, 34
676, 27
677, 53
678, 56
679, 54
680, 42
681, 1
682, 59
683, 55
684, 58
685, 56
686, 10
687, 8
688, 54
689, 22
690, 28
691, 11
692, 18
693, 37
694, 25
695, 4
696, 22
697, 45
698, 30
699, 22
700, 7
701, 50
702, 62
703, 20
704, 12
705, 3
706, 28
707, 20
708, 19
709, 51
710, 3
711, 15
712, 6
713, 80
714, 38
715, 31
716, 47
717, 20
718, 59
719, 12
720, 29
721, 23
722, 51
723, 58
724, 19
725, 3
726, 6
727, 7
728, 1
729, 69
730, 33
731, 50
732, 26
733, 6
734, 58
735, 57
736, 28
737, 20
738, 14
739, 6
740, 36
741, 53
742, 22
743, 68
744, 72
745, 32
746, 55
747, 70
748, 70
749, 68
750, 67
751, 72
752, 69
753, 51
754, 58
755, 20
756, 65
757, 36
758, 3
759, 6
760, 1
761, 34
762, 1
763, 24
764, 72
765, 72
766, 41
767, 14
768, 14
769, 67
770, 13
771, 28
772, 6
773, 1
774, 56
775, 1
776, 22
777, 74
778, 27
779, 25
780, 61
781, 32
782, 71
783, 32
784, 28
785, 20
786, 34
787, 52
788, 6
789, 77
790, 60
791, 24
792, 1
793, 32
794, 64
795, 65
796, 64
797, 54
798, 8
799, 49
800, 29
801, 57
802, 39
803, 45
804, 37
805, 17
806, 37
807, 29
808, 10
809, 11
810, 7
811, 6
812, 33
813, 25
814, 6
815, 32
816, 21
817, 69
818, 68
819, 42
820, 60
821, 117
822, 42
823, 43
824, 10
825, 11
826, 41
827, 48
828, 98
829, 61
830, 10
831, 53
832, 6
833, 7
834, 1
835, 35
836, 23
837, 45
838, 21
839, 1
840, 45
841, 28
842, 49
843, 55
844, 1
845, 47
846, 69
847, 71
848, 76
849, 73
850, 77
851, 77
852, 81
853, 77
854, 75
855, 76
856, 59
857, 43
858, 32
859, 50
860, 15
861, 46
862, 6
863, 1
864, 22
865, 47
866, 6
867, 27
868, 2
869, 1
870, 12
871, 62
872, 2
873, 35
874, 1
875, 37
876, 1
877, 25
878, 25
879, 17
880, 29
881, 25
882, 43
883, 24
884, 47
885, 7
886, 3
887, 24
888, 6
889, 2
890, 1
891, 3
892, 22
893, 1
894, 98
895, 1
896, 5
897, 3
898, 1
899, 5
900, 29
901, 2
902, 12
903, 1
904, 32
905, 1
906, 26
907, 62
908, 9
909, 38
910, 6
911, 1
912, 25
913, 38
914, 44
915, 56
916, 9
917, 25
918, 5
919, 15
920, 2
921, 1
922, 3
923, 22
924, 1
925, 70
926, 65
927, 71
928, 67
929, 71
930, 52
931, 1
932, 26
933, 1
934, 78
935, 78
936, 73
937, 75
938, 42
939, 1
940, 5
941, 3
942, 1
943, 12
944, 74
945, 41
946, 2
947, 10
948, 16
949, 15
950, 17
951, 58
952, 22
953, 1
954, 26
955, 18
956, 19
957, 49
958, 1
959, 19
960, 13
961, 52
962, 35
963, 47
964, 22
965, 39
966, 15
967, 23
968, 20
969, 4
970, 22
971, 46
972, 30
973, 40
974, 14
975, 10
976, 52
977, 4
978, 23
979, 54
980, 45
981, 51
982, 37
983, 18
984, 8
985, 34
986, 19
987, 19
988, 16
989, 4
990, 7
991, 7
992, 3
993, 6
994, 29
995, 22
996, 14
997, 1
998, 54
999, 35
1000, 58
1001, 1
1002, 21
1003, 35
1004, 6
1005, 36
1006, 30
1007, 36
1008, 62
1009, 41
1010, 21
1011, 7
1012, 47
1013, 3
1014, 40
1015, 6
1016, 1
1017, 17
1018, 51
1019, 41
1020, 13
1021, 40
1022, 6
1023, 1
1024, 43
1025, 1
1026, 53
1027, 21
1028, 62
1029, 9
1030, 54
1031, 16
1032, 19
1033, 1
1034, 58
1035, 15
1036, 33
1037, 15
1038, 76
1039, 15
1040, 52
1041, 15
1042, 1
1043, 24
1044, 34
1045, 17
1046, 49
1047, 3
1048, 1
1049, 61
1050, 43
1051, 34
1052, 17
1053, 18
1054, 3
1055, 64
1056, 31
1057, 39
1058, 54
1059, 30
1060, 3
1061, 37
1062, 27
1063, 1
1064, 66
1065, 24
1066, 5
1067, 40
1068, 27
1069, 38
1070, 8
1071, 62
1072, 11
1073, 36
1074, 8
1075, 62
1076, 57
1077, 28
1078, 55
1079, 55
1080, 51
1081, 53
1082, 43
1083, 20
1084, 34
1085, 32
1086, 25
1087, 6
1088, 4
1089, 47
1090, 23
1091, 3
1092, 1
1093, 69
1094, 36
1095, 11
1096, 41
1097, 51
1098, 26
1099, 29
1100, 3
1101, 1
1102, 4
1103, 69
1104, 68
1105, 68
1106, 14
1107, 5
1108, 21
1109, 67
1110, 64
1111, 27
1112, 8
1113, 30
1114, 71
1115, 20
1116, 12
1117, 36
1118, 45
1119, 52
1120, 26
1121, 7
1122, 46
1123, 29
1124, 30
1125, 3
1126, 1
1127, 28
1128, 23
1129, 16
1130, 3
1131, 1
1132, 47
1133, 28
1134, 44
1135, 1
1136, 12
1137, 6
1138, 26
1139, 35
1140, 52
1141, 26
1142, 6
1143, 1
1144, 33
1145, 16
1146, 17
1147, 2
1148, 1
1149, 12
1150, 61
1151, 2
1152, 10
1153, 18
1154, 35
1155, 14
1156, 1
1157, 29
1158, 1
1159, 76
1160, 35
1161, 1
1162, 23
1163, 48
1164, 56
1165, 14
1166, 26
1167, 14
1168, 6
1169, 32
1170, 85
1171, 87
1172, 85
1173, 85
1174, 85
1175, 37
1176, 44
1177, 52
1178, 58
1179, 6
1180, 7
1181, 1
1182, 21
1183, 37
1184, 61
1185, 68
1186, 91
1187, 32
1188, 49
1189, 7
1190, 6
1191, 1
1192, 24
1193, 95
1194, 27
1195, 28
1196, 1
1197, 62
1198, 16
1199, 1
1200, 19
1201, 9
1202, 24
1203, 21
1204, 1
1205, 35
1206, 15
1207, 6
1208, 47
1209, 24
1210, 27
1211, 32
1212, 85
1213, 74
1214, 74
1215, 75
1216, 59
1217, 68
1218, 69
1219, 49
1220, 55
1221, 47
1222, 29
1223, 83
1224, 86
1225, 66
1226, 48
1227, 40
1228, 22
1229, 23
1230, 7
1231, 18
1232, 66
1233, 44
1234, 36
1235, 18
1236, 7
1237, 12
1238, 27
1239, 7
1240, 22
1241, 18
1242, 29
1243, 2
1244, 1
1245, 5
1246, 40
1247, 2
1248, 10
1249, 36
1250, 71
1251, 17
1252, 13
1253, 1
1254, 32
1255, 1
1256, 61
1257, 48
1258, 9
1259, 52
1260, 69
1261, 6
1262, 26
1263, 15
1264, 26
1265, 38
1266, 1
1267, 30
1268, 13
1269, 38
1270, 13
1271, 60
1272, 34
1273, 33
1274, 6
1275, 2
1276, 1
1277, 74
1278, 71
1279, 72
1280, 70
1281, 70
1282, 70
1283, 70
1284, 70
1285, 80
1286, 70
1287, 70
1288, 70
1289, 11
1290, 1
1291, 1
1292, 5
1293, 28
1294, 2
1295, 10
1296, 29
1297, 19
1298, 1
1299, 68
1300, 12
1301, 25
1302, 1
1303, 39
1304, 60
1305, 11
1306, 41
1307, 50
1308, 10
1309, 53
1310, 17
1311, 1
1312, 25
1313, 33
1314, 22
1315, 26
1316, 1
1317, 18
1318, 18
1319, 12
1320, 7
1321, 1
1322, 44
1323, 41
1324, 35
1325, 40
1326, 35
1327, 37
1328, 31
1329, 34
1330, 1
1331, 53
1332, 17
1333, 70
1334, 71
1335, 12
1336, 26
1337, 7
1338, 21
1339, 14
1340, 22
1341, 7
1342, 3
1343, 1
1344, 23
1345, 38
1346, 21
1347, 24
1348, 11
1349, 64
1350, 12
1351, 37
1352, 38
1353, 43
1354, 1
1355, 57
1356, 1
1357, 19
1358, 47
1359, 38
1360, 40
1361, 49
1362, 16
1363, 41
1364, 10
1365, 68
1366, 38
1367, 3
1368, 26
1369, 26
1370, 6
1371, 1
1372, 15
1373, 2
1374, 1
1375, 3
1376, 45
1377, 1
1378, 73
1379, 74
1380, 70
1381, 71
1382, 53
1383, 1
1384, 5
1385, 3
1386, 1
1387, 5
1388, 43
1389, 2
1390, 29
1391, 1
1392, 15
1393, 29
1394, 43
1395, 12
1396, 37
1397, 38
1398, 1
1399, 8
1400, 17
1401, 1
1402, 57
1403, 1
1404, 19
1405, 47
1406, 52
1407, 33
1408, 59
1409, 54
1410, 34
1411, 34
1412, 40
1413, 12
1414, 58
1415, 77
1416, 26
1417, 7
1418, 3
1419, 26
1420, 26
1421, 1
1422, 34
1423, 8
1424, 6
1425, 42
1426, 15
1427, 2
1428, 36
1429, 1
1430, 66
1431, 11
1432, 43
1433, 2
1434, 10
1435, 13
1436, 1
1437, 38
1438, 1
1439, 24
1440, 38
1441, 32
1442, 29
1443, 6
1444, 30
1445, 32
1446, 9
1447, 29
1448, 19
1449, 16
1450, 2
1451, 1
1452, 1
1453, 5
1454, 42
1455, 2
1456, 10
1457, 13
1458, 1
1459, 34
1460, 1
1461, 16
1462, 9
1463, 38
1464, 23
1465, 2
1466, 1
1467, 1
1468, 5
1469, 47
1470, 2
1471, 10
1472, 1
1473, 39
1474, 1
1475, 16
1476, 9
1477, 67
1478, 74
1479, 38
1480, 44
1481, 6
1482, 28
1483, 2
1484, 1
1485, 3
1486, 21
1487, 1
1488, 56
1489, 60
1490, 1
1491, 64
1492, 10
1493, 1
1494, 5
1495, 3
1496, 1
1497, 5
1498, 28
1499, 2
1500, 10
1501, 16
1502, 13
1503, 9
1504, 1
1505, 39
1506, 1
1507, 29
1508, 1
1509, 11
1510, 44
1511, 49
1512, 57
1513, 11
1514, 39
1515, 35
1516, 44
1517, 32
1518, 44
1519, 26
1520, 61
1521, 46
1522, 29
1523, 70
1524, 19
1525, 5
1526, 34
1527, 8
1528, 41
1529, 28
1530, 4
1531, 7
1532, 3
1533, 6
1534, 11
1535, 19
1536, 28
1537, 1
1538, 21
1539, 31
1540, 1
1541, 22
1542, 6
1543, 21
1544, 28
1545, 36
1546, 24
1547, 6
1548, 11
1549, 2
1550, 1
1551, 3
1552, 34
1553, 1
1554, 79
1555, 80
1556, 80
1557, 79
1558, 76
1559, 77
1560, 55
1561, 1
1562, 5
1563, 3
1564, 1
1565, 5
1566, 41
1567, 2
1568, 10
1569, 51
1570, 1
1571, 44
1572, 1
1573, 15
1574, 32
1575, 2
1576, 1
1577, 12
1578, 46
1579, 2
1580, 10
1581, 11
1582, 1
1583, 41
1584, 1
1585, 20
1586, 9
1587, 1
1588, 19
1589, 9
1590, 40
1591, 34
1592, 12
1593, 1
1594, 29
1595, 47
1596, 27
1597, 32
1598, 24
1599, 9
1600, 40
1601, 42
1602, 49
1603, 30
1604, 4
1605, 1
1606, 22
1607, 23
1608, 53
1609, 31
1610, 24
1611, 33
1612, 14
1613, 4
1614, 14
1615, 27
1616, 7
1617, 3
1618, 24
1619, 67
1620, 25
1621, 16
1622, 2
1623, 1
1624, 12
1625, 29
1626, 2
1627, 22
1628, 43
1629, 12
1630, 1
1631, 35
1632, 1
1633, 76
1634, 19
1635, 6
1636, 2
1637, 1
1638, 1
1639, 22
1640, 52
1641, 70
1642, 67
1643, 69
1644, 15
1645, 75
1646, 64
1647, 1
1648, 4
1649, 52
1650, 2
1651, 28
1652, 15
1653, 17
1654, 17
1655, 33
1656, 7
1657, 1
1658, 39
1659, 1
1660, 42
1661, 34
1662, 6
1663, 48
1664, 43
1665, 58
1666, 24
1667, 29
1668, 53
1669, 43
1670, 3
1671, 47
1672, 50
1673, 32
1674, 46
1675, 7
1676, 6
1677, 1
1678, 40
1679, 14
1680, 1
1681, 25
1682, 19
1683, 45
1684, 31
1685, 18
1686, 32
1687, 6
1688, 36
1689, 38
1690, 1
1691, 58
1692, 39
1693, 54
1694, 8
1695, 14
1696, 44
1697, 56
1698, 37
1699, 24
1700, 32
1701, 28
1702, 8
1703, 3
1704, 6
1705, 39
1706, 2
1707, 1
1708, 1
1709, 3
1710, 21
1711, 1
1712, 59
1713, 1
1714, 72
1715, 68
1716, 1
1717, 64
1718, 10
1719, 1
1720, 23
1721, 1
1722, 5
1723, 3
1724, 1
1725, 5
1726, 45
1727, 2
1728, 10
1729, 16
1730, 22
1731, 15
1732, 1
1733, 13
1734, 9
1735, 39
1736, 29
1737, 27
1738, 1
1739, 74
1740, 72
1741, 72
1742, 73
1743, 74
1744, 74
1745, 76
1746, 40
1747, 72
1748, 67
1749, 66
1750, 29
1751, 82
1752, 58
1753, 42
1754, 95
1755, 38
1756, 30
1757, 10
1758, 30
1759, 6
1760, 16
1761, 8
1762, 41
1763, 6
1764, 22
1765, 21
1766, 48
1767, 29
1768, 1
1769, 38
1770, 38
1771, 29
1772, 29
1773, 97
1774, 59
1775, 22
1776, 34
1777, 90
1778, 30
1779, 14
1780, 10
1781, 8
1782, 1
1783, 71
1784, 74
1785, 25
1786, 79
1787, 37
1788, 87
1789, 58
1790, 123
1791, 10
1792, 34
1793, 8
1794, 39
1795, 29
1796, 44
1797, 65
1798, 28
1799, 3
1800, 6
1801, 63
1802, 9
1803, 45
1804, 37
1805, 26
1806, 17
1807, 27
1808, 8
1809, 36
1810, 71
1811, 26
1812, 6
1813, 22
1814, 24
1815, 96
1816, 18
1817, 6
1818, 70
1819, 70
1820, 22
1821, 28
1822, 1
1823, 24
1824, 27
1825, 21
1826, 2
1827, 1
1828, 3
1829, 20
1830, 1
1831, 78
1832, 32
1833, 1
1834, 72
1835, 22
1836, 1
1837, 5
1838, 3
1839, 1
1840, 7
1841, 39
1842, 2
1843, 22
1844, 29
1845, 1
1846, 30
1847, 1
1848, 16
1849, 43
1850, 26
1851, 1
1852, 6
1853, 17
1854, 11
1855, 27
1856, 6
1857, 18
1858, 2
1859, 1
1860, 70
1861, 39
1862, 3
1863, 70
1864, 4
1865, 1
1866, 44
1867, 17
1868, 7
1869, 77
1870, 58
1871, 8
1872, 26
1873, 23
1874, 16
1875, 23
1876, 22
1877, 23
1878, 6
1879, 7
1880, 70
1881, 59
1882, 8
1883, 38
1884, 38
1885, 37
1886, 37
1887, 37
1888, 38
1889, 7
1890, 19
1891, 2
1892, 1
1893, 1
1894, 25
1895, 29
1896, 28
1897, 17
1898, 1
1899, 33
1900, 1
1901, 22
1902, 28
1903, 66
1904, 51
1905, 17
1906, 42
1907, 66
1908, 53
1909, 10
1910, 35
1911, 22
1912, 26
1913, 32
1914, 41
1915, 95
1916, 48
1917, 60
1918, 62
1919, 10
1920, 49
1921, 7
1922, 13
1923, 26
1924, 6
1925, 1
1926, 50
1927, 53
1928, 32
1929, 42
1930, 7
1931, 40
1932, 30
1933, 34
1934, 31
1935, 28
1936, 17
1937, 2
1938, 1
1939, 3
1940, 24
1941, 1
1942, 75
1943, 76
1944, 56
1945, 1
1946, 75
1947, 72
1948, 55
1949, 1
1950, 1
1951, 5
1952, 3
1953, 1
1954, 4
1955, 31
1956, 2
1957, 34
1958, 1
1959, 66
1960, 1
1961, 13
1962, 31
1963, 1
1964, 21
1965, 44
1966, 55
1967, 58
1968, 24
1969, 29
1970, 3
1971, 47
1972, 50
1973, 32
1974, 46
1975, 7
1976, 13
1977, 17
1978, 6
1979, 1
1980, 51
1981, 28
1982, 2
1983, 1
1984, 6
1985, 32
1986, 28
1987, 1
1988, 33
1989, 1
1990, 13
1991, 31
1992, 1
1993, 51
1994, 31
1995, 2
1996, 1
1997, 6
1998, 32
1999, 28
2000, 1
2001, 33
2002, 1
2003, 13
2004, 31
2005, 1
2006, 51
2007, 31
2008, 2
2009, 1
2010, 5
2011, 45
2012, 28
2013, 1
2014, 35
2015, 1
2016, 13
2017, 31
2018, 1
2019, 21
2020, 19
2021, 13
2022, 18
2023, 13
2024, 1
2025, 24
2026, 6
2027, 29
2028, 2
2029, 1
2030, 5
2031, 51
2032, 28
2033, 1
2034, 34
2035, 1
2036, 32
2037, 13
2038, 38
2039, 1
2040, 21
2041, 26
2042, 13
2043, 31
2044, 6
2045, 35
2046, 6
2047, 142
2048, 7
2049, 2
2050, 1
2051, 5
2052, 45
2053, 28
2054, 1
2055, 35
2056, 1
2057, 13
2058, 31
2059, 1
2060, 21
2061, 19
2062, 13
2063, 69
2064, 16
2065, 13
2066, 13
2067, 1
2068, 24
2069, 6
2070, 29
2071, 2
2072, 1
2073, 5
2074, 69
2075, 2
2076, 10
2077, 28
2078, 14
2079, 16
2080, 1
2081, 34
2082, 1
2083, 23
2084, 66
2085, 1
2086, 21
2087, 19
2088, 39
2089, 32
2090, 36
2091, 60
2092, 24
2093, 31
2094, 31
2095, 31
2096, 8
2097, 26
2098, 42
2099, 36
2100, 48
2101, 18
2102, 42
2103, 28
2104, 9
2105, 14
2106, 33
2107, 35
2108, 13
2109, 72
2110, 9
2111, 46
2112, 44
2113, 25
2114, 58
2115, 4
2116, 55
2117, 42
2118, 4
2119, 9
2120, 7
2121, 40
2122, 63
2123, 42
2124, 7
2125, 12
2126, 62
2127, 51
2128, 29
2129, 42
2130, 27
2131, 7
2132, 3
2133, 76
2134, 13
2135, 16
2136, 13
2137, 1
2138, 24
2139, 41
2140, 6
2141, 32
2142, 90
2143, 2
2144, 1
2145, 3
2146, 64
2147, 20
2148, 3
2149, 1
2150, 11
2151, 91
2152, 67
2153, 30
2154, 36
2155, 63
2156, 39
2157, 13
2158, 36
2159, 46
2160, 56
2161, 6
2162, 9
2163, 62
2164, 56
2165, 2
2166, 1
2167, 3
2168, 25
2169, 1
2170, 64
2171, 20
2172, 1
2173, 72
2174, 7
2175, 1
2176, 5
2177, 3
2178, 1
2179, 5
2180, 70
2181, 2
2182, 10
2183, 68
2184, 14
2185, 1
2186, 35
2187, 1
2188, 23
2189, 66
2190, 1
2191, 32
2192, 1
2193, 31
2194, 57
2195, 34
2196, 55
2197, 27
2198, 10
2199, 58
2200, 75
2201, 80
2202, 19
2203, 37
2204, 36
2205, 10
2206, 7
2207, 55
2208, 29
2209, 58
2210, 109
2211, 6
2212, 11
2213, 53
2214, 6
2215, 24
2216, 61
2217, 79
2218, 92
2219, 7
2220, 11
2221, 49
2222, 47
2223, 50
2224, 105
2225, 6
2226, 2
2227, 1
2228, 3
2229, 28
2230, 1
2231, 76
2232, 73
2233, 36
2234, 1
2235, 62
2236, 1
2237, 5
2238, 3
2239, 1
2240, 5
2241, 73
2242, 2
2243, 10
2244, 27
2245, 1
2246, 38
2247, 1
2248, 23
2249, 66
2250, 1
2251, 28
2252, 1
2253, 21
2254, 48
2255, 1
2256, 31
2257, 54
2258, 40
2259, 54
2260, 30
2261, 10
2262, 56
2263, 73
2264, 80
2265, 9
2266, 40
2267, 40
2268, 30
2269, 7
2270, 62
2271, 14
2272, 36
2273, 23
2274, 45
2275, 31
2276, 4
2277, 9
2278, 59
2279, 52
2280, 61
2281, 4
2282, 10
2283, 7
2284, 6
2285, 60
2286, 72
2287, 78
2288, 5
2289, 35
2290, 3
2291, 6
2292, 13
2293, 73
2294, 95
2295, 66
2296, 86
2297, 8
2298, 54
2299, 49
2300, 44
2301, 27
2302, 6
2303, 2
2304, 1
2305, 6
2306, 41
2307, 76
2308, 1
2309, 42
2310, 25
2311, 1
2312, 40
2313, 2
2314, 1
2315, 5
2316, 38
2317, 12
2318, 1
2319, 39
2320, 1
2321, 20
2322, 9
2323, 1
2324, 40
2325, 1
2326, 14
2327, 36
2328, 50
2329, 29
2330, 26
2331, 6
2332, 2
2333, 1
2334, 3
2335, 46
2336, 1
2337, 24
2338, 1
2339, 59
2340, 1
2341, 73
2342, 77
2343, 77
2344, 79
2345, 78
2346, 76
2347, 35
2348, 1
2349, 30
2350, 1
2351, 78
2352, 77
2353, 79
2354, 72
2355, 60
2356, 73
2357, 66
2358, 53
2359, 1
2360, 5
2361, 3
2362, 1
2363, 5
2364, 48
2365, 2
2366, 10
2367, 16
2368, 15
2369, 18
2370, 15
2371, 28
2372, 1
2373, 40
2374, 1
2375, 13
2376, 31
2377, 1
2378, 29
2379, 1
2380, 22
2381, 73
2382, 72
2383, 17
2384, 18
2385, 6
2386, 22
2387, 1
2388, 58
2389, 43
2390, 60
2391, 45
2392, 25
2393, 53
2394, 82
2395, 28
2396, 14
2397, 19
2398, 25
2399, 26
2400, 1
2401, 46
2402, 81
2403, 53
2404, 36
2405, 67
2406, 31
2407, 40
2408, 43
2409, 14
2410, 51
2411, 29
2412, 63
2413, 65
2414, 78
2415, 14
2416, 40
2417, 40
2418, 27
2419, 61
2420, 24
2421, 25
2422, 10
2423, 6
2424, 88
2425, 45
2426, 47
2427, 19
2428, 11
2429, 63
2430, 67
2431, 5
2432, 18
2433, 19
2434, 55
2435, 7
2436, 6
2437, 7
2438, 1
2439, 41
2440, 26
2441, 1
2442, 44
2443, 15
2444, 6
2445, 24
2446, 55
2447, 15
2448, 75
2449, 30
2450, 16
2451, 66
2452, 39
2453, 14
2454, 3
2455, 6
2456, 1
2457, 32
2458, 49
2459, 37
2460, 60
2461, 131
2462, 42
2463, 43
2464, 10
2465, 46
2466, 6
2467, 7
2468, 1
2469, 55
2470, 47
2471, 39
2472, 18
2473, 73
2474, 1
2475, 44
2476, 78
2477, 49
2478, 47
2479, 32
2480, 122
2481, 7
2482, 9
2483, 7
2484, 81
2485, 1
2486, 52
2487, 66
2488, 23
2489, 54
2490, 29
2491, 7
2492, 56
2493, 43
2494, 64
2495, 3
2496, 6
2497, 11
2498, 30
2499, 32
2500, 46
2501, 7
2502, 6
2503, 1
2504, 65
2505, 20
2506, 28
2507, 6
2508, 1
2509, 55
2510, 18
2511, 2
2512, 1
2513, 3
2514, 23
2515, 1
2516, 69
2517, 16
2518, 1
2519, 5
2520, 3
2521, 1
2522, 7
2523, 46
2524, 2
2525, 33
2526, 1
2527, 38
2528, 13
2529, 46
2530, 16
2531, 11
2532, 6
2533, 11
2534, 26
2535, 22
2536, 6
2537, 2
2538, 1
2539, 72
2540, 3
2541, 25
2542, 1
2543, 67
2544, 75
2545, 20
2546, 1
2547, 5
2548, 3
2549, 1
2550, 5
2551, 35
2552, 2
2553, 35
2554, 1
2555, 51
2556, 2
2557, 1
2558, 3
2559, 23
2560, 1
2561, 71
2562, 15
2563, 1
2564, 5
2565, 3
2566, 1
2567, 5
2568, 41
2569, 2
2570, 33
2571, 1
2572, 26
2573, 49
2574, 36
2575, 37
2576, 66
2577, 10
2578, 60
2579, 16
2580, 3
2581, 6
2582, 25
2583, 2
2584, 1
2585, 3
2586, 26
2587, 1
2588, 68
2589, 11
2590, 1
2591, 5
2592, 3
2593, 1
2594, 5
2595, 58
2596, 2
2597, 46
2598, 1
2599, 36
2600, 1
2601, 13
2602, 14
2603, 35
2604, 31
2605, 2
2606, 1
2607, 3
2608, 1
2609, 20
2610, 1
2611, 21
2612, 1
2613, 40
2614, 1
2615, 5
2616, 3
2617, 1
2618, 60
2619, 44
2620, 4
2621, 5
2622, 58
2623, 2
2624, 47
2625, 2
2626, 1
2627, 1
2628, 5
2629, 33
2630, 2
2631, 17
2632, 41
2633, 2
2634, 1
2635, 60
2636, 75
2637, 62
2638, 4
2639, 12
2640, 79
2641, 2
2642, 10
2643, 16
2644, 15
2645, 17
2646, 26
2647, 21
2648, 35
2649, 33
2650, 1
2651, 15
2652, 62
2653, 41
2654, 40
2655, 25
2656, 1
2657, 72
2658, 19
2659, 44
2660, 1
2661, 51
2662, 47
2663, 13
2664, 3
2665, 1
2666, 30
2667, 26
2668, 30
2669, 24
2670, 48
2671, 67
2672, 22
2673, 21
2674, 34
2675, 25
2676, 54
2677, 6
2678, 1
2679, 49
2680, 59
2681, 21
2682, 54
2683, 9
2684, 36
2685, 33
2686, 67
2687, 14
2688, 46
2689, 81
2690, 32
2691, 23
2692, 10
2693, 13
2694, 55
2695, 81
2696, 69
2697, 26
2698, 38
2699, 26
2700, 86
2701, 26
2702, 49
2703, 26
2704, 19
2705, 10
2706, 6
2707, 1
2708, 17
2709, 51
2710, 37
2711, 29
2712, 53
2713, 10
2714, 6
2715, 1
2716, 16
2717, 49
2718, 55
2719, 18
2720, 30
2721, 60
2722, 33
2723, 16
2724, 2
2725, 1
2726, 60
2727, 53
2728, 44
2729, 4
2730, 6
2731, 57
2732, 2
2733, 26
2734, 19
2735, 35
2736, 1
2737, 32
2738, 1
2739, 19
2740, 28
2741, 22
2742, 46
2743, 65
2744, 20
2745, 80
2746, 72
2747, 19
2748, 30
2749, 73
2750, 76
2751, 62
2752, 25
2753, 16
2754, 37
2755, 50
2756, 8
2757, 6
2758, 1
2759, 52
2760, 2
2761, 1
2762, 13
2763, 71
2764, 2
2765, 10
2766, 15
2767, 49
2768, 54
2769, 50
2770, 1
2771, 38
2772, 1
2773, 48
2774, 1
2775, 55
2776, 44
2777, 1
2778, 65
2779, 51
2780, 7
2781, 1
2782, 33
2783, 42
2784, 42
2785, 58
2786, 15
2787, 27
2788, 15
2789, 75
2790, 15
2791, 38
2792, 15
2793, 8
2794, 6
2795, 1
2796, 18
2797, 38
2798, 69
2799, 40
2800, 30
2801, 11
2802, 10
2803, 48
2804, 25
2805, 1
2806, 67
2807, 65
2808, 68
2809, 30
2810, 4
2811, 1
2812, 41
2813, 48
2814, 36
2815, 37
2816, 36
2817, 1
2818, 37
2819, 24
2820, 21
2821, 23
2822, 47
2823, 1
2824, 68
2825, 21
2826, 25
2827, 35
2828, 23
2829, 16
2830, 1
2831, 42
2832, 37
2833, 32
2834, 53
2835, 53
2836, 3
2837, 6
2838, 1
2839, 36
2840, 1
2841, 31
2842, 16
2843, 1
2844, 29
2845, 2
2846, 1
2847, 6
2848, 37
2849, 2
2850, 10
2851, 59
2852, 1
2853, 40
2854, 1
2855, 15
2856, 65
2857, 1
2858, 12
2859, 49
2860, 3
2861, 6
2862, 26
2863, 2
2864, 1
2865, 1
2866, 4
2867, 45
2868, 2
2869, 10
2870, 66
2871, 1
2872, 42
2873, 1
2874, 32
2875, 2
2876, 1
2877, 5
2878, 47
2879, 2
2880, 10
2881, 66
2882, 1
2883, 42
2884, 1
2885, 14
2886, 18
2887, 21
2888, 66
2889, 51
2890, 6
2891, 69
2892, 2
2893, 1
2894, 12
2895, 60
2896, 2
2897, 10
2898, 15
2899, 1
2900, 42
2901, 1
2902, 58
2903, 23
2904, 19
2905, 8
2906, 24
2907, 29
2908, 8
2909, 20
2910, 60
2911, 8
2912, 20
2913, 60
2914, 8
2915, 20
2916, 25
2917, 64
2918, 19
2919, 29
2920, 55
2921, 62
2922, 46
2923, 22
2924, 18
2925, 23
2926, 70
2927, 23
2928, 8
2929, 13
2930, 64
2931, 37
2932, 6
2933, 18
2934, 2
2935, 1
2936, 3
2937, 83
2938, 1
2939, 62
2940, 24
2941, 47
2942, 1
2943, 5
2944, 3
2945, 5
2946, 81
2947, 2
2948, 10
2949, 12
2950, 27
2951, 1
2952, 15
2953, 68
2954, 17
2955, 1
2956, 75
2957, 74
2958, 50
2959, 18
2960, 21
2961, 24
2962, 14
2963, 57
2964, 28
2965, 6
2966, 1
2967, 22
2968, 20
2969, 20
2970, 39
2971, 6
2972, 48
2973, 7
2974, 45
2975, 22
2976, 12
2977, 1
2978, 40
2979, 34
2980, 64
2981, 64
2982, 38
2983, 20
2984, 37
2985, 40
2986, 42
2987, 27
2988, 53
2989, 46
2990, 24
2991, 6
2992, 52
2993, 24
2994, 57
2995, 62
2996, 64
2997, 24
2998, 24
2999, 7
3000, 7
3001, 3
3002, 18
3003, 19
3004, 1
3005, 20
3006, 18
3007, 42
3008, 38
3009, 36
3010, 39
3011, 42
3012, 6
3013, 61
3014, 7
3015, 37
3016, 34
3017, 21
3018, 23
3019, 1
3020, 32
3021, 26
3022, 18
3023, 1
3024, 20
3025, 1
3026, 17
3027, 36
3028, 6
3029, 1
3030, 24
3031, 39
3032, 34
3033, 6
3034, 1
3035, 75
3036, 76
3037, 69
3038, 24
3039, 39
3040, 1
3041, 15
3042, 2
3043, 1
3044, 3
3045, 128
3046, 1
3047, 74
3048, 74
3049, 65
3050, 70
3051, 73
3052, 73
3053, 46
3054, 1
3055, 5
3056, 3
3057, 1
3058, 5
3059, 70
3060, 59
3061, 2
3062, 10
3063, 18
3064, 46
3065, 1
3066, 64
3067, 68
3068, 17
3069, 16
3070, 28
3071, 42
3072, 71
3073, 42
3074, 28
3075, 37
3076, 20
3077, 21
3078, 47
3079, 35
3080, 30
3081, 20
3082, 7
3083, 3
3084, 23
3085, 14
3086, 54
3087, 31
3088, 28
3089, 20
3090, 16
3091, 37
3092, 17
3093, 14
3094, 66
3095, 7
3096, 3
3097, 35
3098, 22
3099, 6
3100, 67
3101, 15
3102, 33
3103, 1
3104, 55
3105, 6
3106, 20
3107, 42
3108, 46
3109, 48
3110, 62
3111, 6
3112, 51
3113, 60
3114, 64
3115, 69
3116, 7
3117, 5
3118, 39
3119, 58
3120, 23
3121, 27
3122, 52
3123, 3
3124, 6
3125, 69
3126, 2
3127, 1
3128, 3
3129, 111
3130, 1
3131, 68
3132, 33
3133, 1
3134, 5
3135, 3
3136, 1
3137, 5
3138, 69
3139, 42
3140, 2
3141, 45
3142, 74
3143, 2
3144, 1
3145, 3
3146, 103
3147, 1
3148, 71
3149, 20
3150, 1
3151, 5
3152, 3
3153, 1
3154, 5
3155, 69
3156, 34
3157, 2
3158, 23
3159, 19
3160, 45
3161, 40
3162, 67
3163, 17
3164, 37
3165, 21
3166, 34
3167, 43
3168, 28
3169, 71
3170, 2
3171, 1
3172, 3
3173, 149
3174, 1
3175, 69
3176, 70
3177, 72
3178, 72
3179, 25
3180, 1
3181, 69
3182, 70
3183, 65
3184, 65
3185, 13
3186, 1
3187, 72
3188, 70
3189, 68
3190, 73
3191, 70
3192, 73
3193, 74
3194, 73
3195, 11
3196, 1
3197, 65
3198, 69
3199, 68
3200, 18
3201, 1
3202, 5
3203, 3
3204, 1
3205, 23
3206, 63
3207, 67
3208, 2
3209, 10
3210, 26
3211, 32
3212, 16
3213, 21
3214, 19
3215, 27
3216, 30
3217, 44
3218, 1
3219, 49
3220, 29
3221, 31
3222, 25
3223, 31
3224, 64
3225, 31
3226, 28
3227, 13
3228, 25
3229, 6
3230, 37
3231, 17
3232, 72
3233, 73
3234, 41
3235, 20
3236, 34
3237, 29
3238, 6
3239, 27
3240, 1
3241, 42
3242, 47
3243, 42
3244, 28
3245, 37
3246, 20
3247, 21
3248, 47
3249, 35
3250, 30
3251, 20
3252, 7
3253, 3
3254, 23
3255, 14
3256, 54
3257, 31
3258, 28
3259, 20
3260, 16
3261, 37
3262, 17
3263, 14
3264, 66
3265, 7
3266, 3
3267, 35
3268, 22
3269, 6
3270, 40
3271, 25
3272, 15
3273, 33
3274, 1
3275, 20
3276, 33
3277, 55
3278, 17
3279, 23
3280, 6
3281, 33
3282, 55
3283, 23
3284, 7
3285, 1
3286, 37
3287, 1
3288, 17
3289, 65
3290, 56
3291, 42
3292, 58
3293, 42
3294, 58
3295, 6
3296, 1
3297, 20
3298, 35
3299, 39
3300, 68
3301, 6
3302, 76
3303, 7
3304, 1
3305, 42
3306, 34
3307, 1
3308, 15
3309, 2
3310, 1
3311, 3
3312, 132
3313, 1
3314, 74
3315, 25
3316, 1
3317, 5
3318, 3
3319, 1
3320, 23
3321, 62
3322, 50
3323, 2
3324, 43
3325, 80
3326, 2
3327, 1
3328, 3
3329, 124
3330, 1
3331, 69
3332, 20
3333, 1
3334, 5
3335, 3
3336, 1
3337, 23
3338, 62
3339, 42
3340, 2
3341, 23
3342, 19
3343, 43
3344, 40
3345, 65
3346, 17
3347, 37
3348, 21
3349, 34
3350, 43
3351, 28
3352, 77
3353, 2
3354, 1
3355, 3
3356, 63
3357, 1
3358, 69
3359, 68
3360, 66
3361, 70
3362, 31
3363, 1
3364, 5
3365, 3
3366, 1
3367, 5
3368, 58
3369, 10
3370, 25
3371, 1
3372, 17
3373, 29
3374, 16
3375, 1
3376, 20
3377, 41
3378, 22
3379, 2
3380, 18
3381, 13
3382, 3
3383, 1
3384, 21
3385, 54
3386, 7
3387, 12
3388, 30
3389, 27
3390, 6
3391, 2
3392, 1
3393, 3
3394, 80
3395, 1
3396, 73
3397, 70
3398, 67
3399, 1
3400, 5
3401, 3
3402, 1
3403, 23
3404, 55
3405, 2
3406, 10
3407, 14
3408, 20
3409, 29
3410, 22
3411, 6
3412, 15
3413, 2
3414, 1
3415, 3
3416, 28
3417, 1
3418, 37
3419, 50
3420, 1
3421, 5
3422, 3
3423, 1
3424, 77
3425, 24
3426, 13
3427, 70
3428, 61
3429, 1
3430, 38
3431, 1
3432, 16
3433, 14
3434, 20
3435, 42
3436, 14
3437, 35
3438, 14
3439, 6
3440, 56
3441, 14
3442, 51
3443, 14
3444, 7
3445, 77
3446, 24
3447, 70
3448, 72
3449, 14
3450, 1
3451, 13
3452, 54
3453, 17
3454, 60
3455, 39
3456, 6
3457, 42
3458, 2
3459, 1
3460, 3
3461, 28
3462, 1
3463, 76
3464, 19
3465, 1
3466, 5
3467, 3
3468, 1
3469, 5
3470, 74
3471, 18
3472, 2
3473, 17
3474, 38
3475, 1
3476, 29
3477, 71
3478, 17
3479, 52
3480, 26
3481, 21
3482, 24
3483, 64
3484, 2
3485, 1
3486, 3
3487, 22
3488, 1
3489, 56
3490, 1
3491, 5
3492, 3
3493, 1
3494, 17
3495, 1
3496, 5
3497, 29
3498, 2
3499, 10
3500, 15
3501, 23
3502, 26
3503, 18
3504, 17
3505, 39
3506, 33
3507, 1
3508, 32
3509, 1
3510, 27
3511, 1
3512, 76
3513, 31
3514, 41
3515, 21
3516, 6
3517, 13
3518, 29
3519, 23
3520, 57
3521, 30
3522, 18
3523, 30
3524, 32
3525, 55
3526, 44
3527, 11
3528, 7
3529, 31
3530, 18
3531, 6
3532, 55
3533, 74
3534, 39
3535, 55
3536, 1
3537, 26
3538, 73
3539, 14
3540, 3
3541, 42
3542, 96
3543, 14
3544, 3
3545, 6
3546, 42
3547, 31
3548, 67
3549, 18
3550, 10
3551, 6
3552, 15
3553, 26
3554, 6
3555, 63
3556, 28
3557, 2
3558, 1
3559, 7
3560, 1
3561, 3
3562, 20
3563, 28
3564, 21
3565, 25
3566, 8
3567, 3
3568, 31
3569, 4
