1, 39
2, 26
3, 1
4, 49
5, 1
6, 21
7, 21
8, 30
9, 25
10, 23
11, 26
12, 23
13, 25
14, 21
15, 24
16, 24
17, 24
18, 26
19, 25
20, 25
21, 23
22, 23
23, 28
24, 30
25, 33
26, 26
27, 26
28, 23
29, 31
30, 26
31, 26
32, 25
33, 23
34, 25
35, 28
36, 29
37, 23
38, 27
39, 24
40, 28
41, 23
42, 23
43, 23
44, 22
45, 22
46, 26
47, 33
48, 26
49, 22
50, 24
51, 26
52, 27
53, 23
54, 25
55, 24
56, 22
57, 26
58, 30
59, 27
60, 30
61, 24
62, 29
63, 29
64, 29
65, 32
66, 31
67, 27
68, 24
69, 26
70, 29
71, 37
72, 34
73, 23
74, 23
75, 26
76, 23
77, 22
78, 24
79, 25
80, 28
81, 29
82, 21
83, 30
84, 24
85, 24
86, 29
87, 31
88, 21
89, 1
90, 20
91, 45
92, 85
93, 48
94, 1
95, 38
96, 1
97, 72
98, 72
99, 69
100, 39
101, 1
102, 67
103, 66
104, 65
105, 48
106, 1
107, 69
108, 63
109, 61
110, 24
111, 1
112, 69
113, 57
114, 1
115, 17
116, 20
117, 23
118, 21
119, 24
120, 1
121, 29
122, 1
123, 32
124, 1
125, 56
126, 1
127, 41
128, 1
129, 69
130, 17
131, 1
132, 29
133, 1
134, 62
135, 30
136, 1
137, 28
138, 1
139, 70
140, 23
141, 1
142, 33
143, 36
144, 28
145, 37
146, 1
147, 57
148, 64
149, 61
150, 1
151, 1
152, 21
153, 16
154, 14
155, 2
156, 26
157, 28
158, 41
159, 29
160, 9
161, 4
162, 31
163, 30
164, 12
165, 35
166, 40
167, 36
168, 28
169, 36
170, 30
171, 20
172, 32
173, 9
174, 4
175, 23
176, 24
177, 14
178, 9
179, 4
180, 23
181, 68
182, 15
183, 7
184, 20
185, 21
186, 17
187, 9
188, 4
189, 26
190, 19
191, 8
192, 11
193, 25
194, 30
195, 7
196, 16
197, 19
198, 7
199, 1
200, 1
201, 1
202, 27
203, 29
204, 24
205, 1
206, 71
207, 69
208, 1
209, 71
210, 34
211, 2
212, 73
213, 73
214, 73
215, 73
216, 73
217, 73
218, 73
219, 73
220, 73
221, 73
222, 73
223, 73
224, 73
225, 73
226, 73
227, 73
228, 73
229, 73
230, 73
231, 73
232, 73
233, 73
234, 73
235, 73
236, 73
237, 73
238, 73
239, 73
240, 73
241, 73
242, 73
243, 73
244, 73
245, 72
246, 3
247, 1
248, 12
249, 30
250, 2
251, 73
252, 73
253, 73
254, 73
255, 73
256, 73
257, 73
258, 73
259, 73
260, 73
261, 73
262, 73
263, 73
264, 73
265, 73
266, 73
267, 73
268, 73
269, 73
270, 73
271, 73
272, 73
273, 73
274, 73
275, 44
276, 3
277, 29
278, 2
279, 73
280, 73
281, 73
282, 73
283, 73
284, 73
285, 73
286, 73
287, 73
288, 73
289, 73
290, 73
291, 73
292, 73
293, 73
294, 73
295, 73
296, 73
297, 73
298, 73
299, 73
300, 73
301, 73
302, 73
303, 73
304, 73
305, 73
306, 73
307, 73
308, 73
309, 73
310, 73
311, 73
312, 73
313, 73
314, 73
315, 73
316, 73
317, 73
318, 73
319, 73
320, 73
321, 73
322, 73
323, 73
324, 73
325, 73
326, 73
327, 73
328, 73
329, 73
330, 73
331, 73
332, 73
333, 73
334, 73
335, 73
336, 73
337, 73
338, 73
339, 73
340, 73
341, 73
342, 73
343, 73
344, 73
345, 73
346, 73
347, 73
348, 73
349, 73
350, 73
351, 73
352, 73
353, 73
354, 73
355, 73
356, 73
357, 73
358, 73
359, 73
360, 73
361, 73
362, 73
363, 73
364, 73
365, 73
366, 73
367, 73
368, 73
369, 73
370, 73
371, 73
372, 9
373, 3
374, 1
375, 7
376, 1
377, 12
378, 69
379, 31
380, 2
381, 73
382, 73
383, 73
384, 73
385, 73
386, 73
387, 73
388, 73
389, 73
390, 73
391, 73
392, 73
393, 73
394, 73
395, 73
396, 73
397, 73
398, 73
399, 73
400, 73
401, 73
402, 73
403, 73
404, 73
405, 44
406, 3
407, 7
408, 1
409, 1
410, 41
411, 1
412, 64
413, 37
414, 2
415, 73
416, 71
417, 65
418, 76
419, 73
420, 75
421, 72
422, 64
423, 66
424, 73
425, 68
426, 76
427, 70
428, 76
429, 76
430, 73
431, 75
432, 74
433, 71
434, 70
435, 59
436, 75
437, 70
438, 64
439, 63
440, 68
441, 62
442, 70
443, 67
444, 69
445, 69
446, 68
447, 3
448, 7
449, 1
450, 66
451, 28
452, 2
453, 73
454, 73
455, 73
456, 73
457, 73
458, 73
459, 73
460, 73
461, 73
462, 73
463, 73
464, 73
465, 73
466, 73
467, 73
468, 73
469, 73
470, 73
471, 73
472, 73
473, 73
474, 73
475, 73
476, 73
477, 44
478, 3
479, 1
480, 76
481, 28
482, 2
483, 73
484, 73
485, 73
486, 73
487, 73
488, 73
489, 73
490, 73
491, 73
492, 73
493, 73
494, 73
495, 73
496, 73
497, 73
498, 73
499, 73
500, 73
501, 73
502, 73
503, 73
504, 73
505, 73
506, 73
507, 44
508, 3
509, 1
510, 70
511, 71
512, 13
513, 32
514, 2
515, 73
516, 73
517, 73
518, 73
519, 73
520, 73
521, 73
522, 73
523, 73
524, 73
525, 73
526, 73
527, 73
528, 73
529, 73
530, 73
531, 73
532, 73
533, 73
534, 73
535, 73
536, 73
537, 73
538, 73
539, 73
540, 73
541, 73
542, 73
543, 73
544, 73
545, 73
546, 73
547, 73
548, 73
549, 73
550, 73
551, 73
552, 73
553, 73
554, 73
555, 73
556, 73
557, 73
558, 73
559, 73
560, 73
561, 73
562, 73
563, 73
564, 72
565, 3
566, 1
567, 33
568, 2
569, 73
570, 73
571, 73
572, 73
573, 73
574, 73
575, 73
576, 73
577, 72
578, 3
579, 1
580, 30
581, 2
582, 73
583, 73
584, 73
585, 73
586, 73
587, 73
588, 73
589, 73
590, 73
591, 73
592, 73
593, 73
594, 73
595, 73
596, 73
597, 73
598, 73
599, 73
600, 73
601, 73
602, 73
603, 73
604, 73
605, 73
606, 73
607, 73
608, 73
609, 73
610, 73
611, 73
612, 73
613, 73
614, 73
615, 73
616, 73
617, 73
618, 73
619, 73
620, 73
621, 73
622, 73
623, 73
624, 73
625, 73
626, 73
627, 73
628, 73
629, 73
630, 73
631, 72
632, 3
633, 1
634, 31
635, 2
636, 73
637, 73
638, 73
639, 73
640, 73
641, 73
642, 73
643, 73
644, 72
645, 3
646, 1
647, 1
648, 26
649, 1
650, 1
651, 31
652, 2
653, 73
654, 73
655, 73
656, 73
657, 73
658, 73
659, 73
660, 73
661, 73
662, 73
663, 73
664, 73
665, 73
666, 73
667, 73
668, 73
669, 73
670, 73
671, 73
672, 73
673, 73
674, 73
675, 73
676, 73
677, 73
678, 73
679, 73
680, 73
681, 73
682, 73
683, 73
684, 73
685, 73
686, 73
687, 73
688, 73
689, 73
690, 73
691, 73
692, 73
693, 73
694, 73
695, 73
696, 73
697, 73
698, 73
699, 73
700, 73
701, 73
702, 73
703, 73
704, 73
705, 73
706, 73
707, 73
708, 73
709, 73
710, 73
711, 73
712, 73
713, 73
714, 73
715, 73
716, 73
717, 73
718, 73
719, 73
720, 73
721, 73
722, 73
723, 73
724, 73
725, 73
726, 73
727, 73
728, 73
729, 73
730, 73
731, 73
732, 73
733, 37
734, 3
735, 1
736, 31
737, 2
738, 73
739, 73
740, 73
741, 73
742, 73
743, 73
744, 73
745, 73
746, 73
747, 73
748, 73
749, 73
750, 73
751, 73
752, 73
753, 73
754, 73
755, 73
756, 73
757, 73
758, 73
759, 73
760, 73
761, 73
762, 73
763, 73
764, 73
765, 73
766, 73
767, 73
768, 73
769, 73
770, 73
771, 73
772, 73
773, 73
774, 73
775, 73
776, 73
777, 73
778, 73
779, 73
780, 73
781, 73
782, 73
783, 73
784, 73
785, 73
786, 73
787, 73
788, 73
789, 73
790, 73
791, 73
792, 73
793, 73
794, 73
795, 73
796, 73
797, 73
798, 73
799, 73
800, 73
801, 73
802, 73
803, 73
804, 73
805, 73
806, 73
807, 73
808, 73
809, 73
810, 73
811, 73
812, 73
813, 73
814, 73
815, 73
816, 73
817, 73
818, 37
819, 3
820, 72
821, 45
822, 1
823, 37
824, 1
825, 66
826, 20
827, 1
828, 72
829, 72
830, 71
831, 22
832, 1
833, 67
834, 66
835, 65
836, 48
837, 1
838, 69
839, 63
840, 50
841, 35
842, 1
843, 68
844, 72
845, 68
846, 33
847, 1
848, 71
849, 69
850, 70
851, 48
852, 1
853, 66
854, 70
855, 66
856, 65
857, 66
858, 31
859, 1
860, 56
861, 1
862, 74
863, 1
864, 24
865, 31
866, 7
867, 29
868, 47
869, 33
870, 9
871, 20
872, 44
873, 11
874, 10
875, 9
876, 8
877, 1
878, 22
879, 47
880, 58
881, 7
882, 50
883, 58
884, 27
885, 9
886, 31
887, 28
888, 8
889, 65
890, 1
891, 1
892, 30
893, 35
894, 52
895, 1
896, 61
897, 14
898, 2
899, 14
900, 16
901, 18
902, 16
903, 8
904, 3
905, 1
906, 75
907, 54
908, 1
909, 70
910, 19
911, 18
912, 29
913, 71
914, 29
915, 7
916, 29
917, 61
918, 25
919, 8
920, 1
921, 70
922, 20
923, 16
924, 19
925, 37
926, 62
927, 8
928, 42
929, 25
930, 21
931, 35
932, 45
933, 39
934, 21
935, 16
936, 9
937, 8
938, 1
939, 61
940, 73
941, 66
942, 69
943, 14
944, 49
945, 35
946, 36
947, 43
948, 55
949, 45
950, 69
951, 55
952, 36
953, 14
954, 1
955, 7
956, 1
957, 1
958, 52
959, 32
960, 7
961, 45
962, 25
963, 7
964, 25
965, 49
966, 57
967, 26
968, 8
969, 7
970, 25
971, 31
972, 7
973, 1
974, 39
975, 39
976, 24
977, 21
978, 36
979, 35
980, 36
981, 71
982, 66
983, 65
984, 34
985, 40
986, 47
987, 28
988, 52
989, 31
990, 43
991, 43
992, 51
993, 37
994, 40
995, 31
996, 32
997, 32
998, 58
999, 37
1000, 31
1001, 10
1002, 1
1003, 21
1004, 24
1005, 1
1006, 1
1007, 70
1008, 13
1009, 1
1010, 66
1011, 69
1012, 37
1013, 1
1014, 23
1015, 52
1016, 47
1017, 45
1018, 7
1019, 1
1020, 1
1021, 58
1022, 1
1023, 11
1024, 18
1025, 21
1026, 60
1027, 8
1028, 47
1029, 9
1030, 27
1031, 21
1032, 51
1033, 8
1034, 38
1035, 9
1036, 28
1037, 20
1038, 32
1039, 21
1040, 1
1041, 1
1042, 38
1043, 12
1044, 1
1045, 19
1046, 56
1047, 28
1048, 8
1049, 1
1050, 35
1051, 24
1052, 31
1053, 33
1054, 12
1055, 70
1056, 37
1057, 13
1058, 21
1059, 25
1060, 22
1061, 1
1062, 59
1063, 22
1064, 25
1065, 7
1066, 1
1067, 69
1068, 52
1069, 1
1070, 66
1071, 41
1072, 61
1073, 1
1074, 20
1075, 19
1076, 7
1077, 1
1078, 19
1079, 26
1080, 7
1081, 2
1082, 23
1083, 1
1084, 18
1085, 49
1086, 27
1087, 8
1088, 35
1089, 16
1090, 51
1091, 29
1092, 9
1093, 17
1094, 24
1095, 10
1096, 2
1097, 36
1098, 1
1099, 25
1100, 14
1101, 1
1102, 26
1103, 2
1104, 9
1105, 8
1106, 1
1107, 18
1108, 74
1109, 27
1110, 8
1111, 74
1112, 15
1113, 14
1114, 51
1115, 43
1116, 9
1117, 25
1118, 19
1119, 24
1120, 10
1121, 2
1122, 31
1123, 36
1124, 1
1125, 36
1126, 14
1127, 1
1128, 18
1129, 2
1130, 9
1131, 8
1132, 7
1133, 2
1134, 47
1135, 1
1136, 1
1137, 77
1138, 56
1139, 42
1140, 57
1141, 35
1142, 1
1143, 21
1144, 49
1145, 48
1146, 29
1147, 7
1148, 42
1149, 50
1150, 8
1151, 27
1152, 27
1153, 28
1154, 28
1155, 1
1156, 47
1157, 16
1158, 22
1159, 22
1160, 7
1161, 20
1162, 8
1163, 7
1164, 1
1165, 64
1166, 50
1167, 1
1168, 44
1169, 42
1170, 31
1171, 23
1172, 54
1173, 35
1174, 23
1175, 48
1176, 13
1177, 1
1178, 17
1179, 37
1180, 36
1181, 20
1182, 51
1183, 16
1184, 6
1185, 37
1186, 26
1187, 7
1188, 1
1189, 1
1190, 52
1191, 1
1192, 12
1193, 18
1194, 22
1195, 1
1196, 4
1197, 28
1198, 24
1199, 2
1200, 51
1201, 11
1202, 20
1203, 22
1204, 1
1205, 24
1206, 20
1207, 16
1208, 66
1209, 19
1210, 67
1211, 19
1212, 1
1213, 35
1214, 32
1215, 41
1216, 35
1217, 1
1218, 69
1219, 39
1220, 1
1221, 25
1222, 30
1223, 23
1224, 25
1225, 1
1226, 35
1227, 30
1228, 25
1229, 27
1230, 1
1231, 17
1232, 29
1233, 30
1234, 25
1235, 18
1236, 7
1237, 1
1238, 17
1239, 50
1240, 6
1241, 41
1242, 7
1243, 1
1244, 38
1245, 1
1246, 1
1247, 71
1248, 26
1249, 17
1250, 17
1251, 17
1252, 7
1253, 1
1254, 68
1255, 14
1256, 13
1257, 1
1258, 44
1259, 1
1260, 15
1261, 19
1262, 15
1263, 58
1264, 1
1265, 32
1266, 51
1267, 61
1268, 52
1269, 1
1270, 16
1271, 16
1272, 17
1273, 16
1274, 7
1275, 19
1276, 1
1277, 64
1278, 64
1279, 64
1280, 13
1281, 68
1282, 70
1283, 8
1284, 11
1285, 1
1286, 13
1287, 20
1288, 1
1289, 39
1290, 6
1291, 73
1292, 42
1293, 1
1294, 18
1295, 8
1296, 64
1297, 59
1298, 18
1299, 26
1300, 24
1301, 1
1302, 64
1303, 47
1304, 18
1305, 26
1306, 68
1307, 64
1308, 40
1309, 44
1310, 44
1311, 44
1312, 25
1313, 17
1314, 7
1315, 40
1316, 44
1317, 44
1318, 25
1319, 8
1320, 17
1321, 17
1322, 8
1323, 26
1324, 26
1325, 26
1326, 7
1327, 43
1328, 37
1329, 23
1330, 24
1331, 36
1332, 29
1333, 1
1334, 8
1335, 24
1336, 26
1337, 68
1338, 16
1339, 25
1340, 28
1341, 28
1342, 18
1343, 28
1344, 8
1345, 25
1346, 23
1347, 27
1348, 8
1349, 8
1350, 27
1351, 1
1352, 33
1353, 33
1354, 17
1355, 33
1356, 7
1357, 1
1358, 59
1359, 43
1360, 1
1361, 43
1362, 12
1363, 6
1364, 1
1365, 56
1366, 1
1367, 17
1368, 1
1369, 1
1370, 15
1371, 15
1372, 15
1373, 10
1374, 1
1375, 58
1376, 73
1377, 16
1378, 1
1379, 78
1380, 1
1381, 25
1382, 21
1383, 20
1384, 1
1385, 71
1386, 1
1387, 39
1388, 44
1389, 1
1390, 25
1391, 6
1392, 49
1393, 22
1394, 6
1395, 1
1396, 77
1397, 1
1398, 55
1399, 6
1400, 19
1401, 59
1402, 1
1403, 54
1404, 6
1405, 7
1406, 6
1407, 38
1408, 1
1409, 12
1410, 67
1411, 51
1412, 19
1413, 5
1414, 48
1415, 38
1416, 62
1417, 60
1418, 16
1419, 39
1420, 8
1421, 32
1422, 5
1423, 7
1424, 6
1425, 1
1426, 18
1427, 58
1428, 20
1429, 1
1430, 22
1431, 1
1432, 58
1433, 46
1434, 42
1435, 58
1436, 28
1437, 46
1438, 1
1439, 15
1440, 6
1441, 25
1442, 18
1443, 18
1444, 21
1445, 6
1446, 21
1447, 19
1448, 1
1449, 22
1450, 14
1451, 1
1452, 36
1453, 50
1454, 37
1455, 1
1456, 59
1457, 23
1458, 22
1459, 1
1460, 21
1461, 17
1462, 21
1463, 7
1464, 1
1465, 67
1466, 17
1467, 19
1468, 19
1469, 1
1470, 17
1471, 19
1472, 1
1473, 1
1474, 63
1475, 63
1476, 63
1477, 11
1478, 27
1479, 16
1480, 19
1481, 17
1482, 1
1483, 1
1484, 33
1485, 33
1486, 33
1487, 10
1488, 53
1489, 21
1490, 1
1491, 69
1492, 16
1493, 1
1494, 71
1495, 67
1496, 56
1497, 69
1498, 59
1499, 26
1500, 1
1501, 17
1502, 70
1503, 56
1504, 26
1505, 50
1506, 7
1507, 1
1508, 12
1509, 70
1510, 47
1511, 15
1512, 6
1513, 15
1514, 1
1515, 61
1516, 27
1517, 1
1518, 64
1519, 53
1520, 51
1521, 58
1522, 6
1523, 7
1524, 1
1525, 17
1526, 1
1527, 9
1528, 22
1529, 2
1530, 79
1531, 30
1532, 18
1533, 35
1534, 7
1535, 11
1536, 9
1537, 22
1538, 2
1539, 26
1540, 7
1541, 11
1542, 9
1543, 22
1544, 2
1545, 30
1546, 1
1547, 57
1548, 26
1549, 35
1550, 25
1551, 12
1552, 11
1553, 31
1554, 1
1555, 71
1556, 10
1557, 15
1558, 35
1559, 11
1560, 7
1561, 11
1562, 9
1563, 22
1564, 2
1565, 34
1566, 35
1567, 7
1568, 11
1569, 9
1570, 22
1571, 2
1572, 34
1573, 36
1574, 39
1575, 48
1576, 61
1577, 73
1578, 7
1579, 11
1580, 9
1581, 22
1582, 2
1583, 35
1584, 16
1585, 1
1586, 30
1587, 25
1588, 16
1589, 22
1590, 30
1591, 12
1592, 11
1593, 51
1594, 11
1595, 15
1596, 25
1597, 11
1598, 27
1599, 25
1600, 74
1601, 7
1602, 11
1603, 9
1604, 22
1605, 2
1606, 30
1607, 28
1608, 25
1609, 36
1610, 7
1611, 11
1612, 9
1613, 22
1614, 2
1615, 31
1616, 7
1617, 11
1618, 9
1619, 22
1620, 2
1621, 46
1622, 7
1623, 11
1624, 9
1625, 22
1626, 2
1627, 46
1628, 7
1629, 11
1630, 9
1631, 22
1632, 2
1633, 31
1634, 7
1635, 11
1636, 9
1637, 22
1638, 2
1639, 51
1640, 21
1641, 7
1642, 11
1643, 9
1644, 22
1645, 2
1646, 32
1647, 7
1648, 11
1649, 9
1650, 22
1651, 2
1652, 29
1653, 7
1654, 11
1655, 9
1656, 22
1657, 2
1658, 31
1659, 7
1660, 11
1661, 9
1662, 22
1663, 2
1664, 27
1665, 7
1666, 11
1667, 9
1668, 22
1669, 2
1670, 70
1671, 30
1672, 18
1673, 35
1674, 7
1675, 11
1676, 9
1677, 22
1678, 2
1679, 70
1680, 30
1681, 18
1682, 35
1683, 7
1684, 11
1685, 9
1686, 22
1687, 2
1688, 45
1689, 34
1690, 34
1691, 38
1692, 38
1693, 59
1694, 40
1695, 32
1696, 33
1697, 29
1698, 27
1699, 33
1700, 44
1701, 20
1702, 9
1703, 11
1704, 9
1705, 22
1706, 2
1707, 62
1708, 30
1709, 18
1710, 35
1711, 7
1712, 11
1713, 9
1714, 22
1715, 2
1716, 45
1717, 34
1718, 34
1719, 38
1720, 38
1721, 59
1722, 40
1723, 32
1724, 33
1725, 29
1726, 43
1727, 52
1728, 59
1729, 33
1730, 44
1731, 20
1732, 9
1733, 11
1734, 9
1735, 22
1736, 2
1737, 62
1738, 30
1739, 18
1740, 35
1741, 7
1742, 11
1743, 9
1744, 22
1745, 2
1746, 45
1747, 34
1748, 34
1749, 38
1750, 39
1751, 59
1752, 40
1753, 32
1754, 33
1755, 29
1756, 43
1757, 52
1758, 59
1759, 40
1760, 33
1761, 44
1762, 20
1763, 9
1764, 11
1765, 9
1766, 22
1767, 2
1768, 62
1769, 30
1770, 18
1771, 35
1772, 7
1773, 11
1774, 9
1775, 22
1776, 2
1777, 21
1778, 7
1779, 11
1780, 9
1781, 22
1782, 2
1783, 31
1784, 7
1785, 11
1786, 9
1787, 22
1788, 2
1789, 35
1790, 28
1791, 71
1792, 7
1793, 11
1794, 9
1795, 22
1796, 2
1797, 35
1798, 7
1799, 11
1800, 9
1801, 22
1802, 2
1803, 29
1804, 7
1805, 11
1806, 9
1807, 22
1808, 2
1809, 37
1810, 7
1811, 11
1812, 9
1813, 22
1814, 2
1815, 54
1816, 7
1817, 11
1818, 9
1819, 22
1820, 2
1821, 35
1822, 28
1823, 40
1824, 68
1825, 30
1826, 11
1827, 29
1828, 29
1829, 30
1830, 11
1831, 7
1832, 11
1833, 9
1834, 22
1835, 2
1836, 35
1837, 28
1838, 40
1839, 69
1840, 30
1841, 65
1842, 12
1843, 11
1844, 39
1845, 29
1846, 30
1847, 11
1848, 7
1849, 11
1850, 9
1851, 22
1852, 2
1853, 35
1854, 28
1855, 40
1856, 69
1857, 30
1858, 65
1859, 12
1860, 11
1861, 40
1862, 39
1863, 30
1864, 11
1865, 7
1866, 11
1867, 9
1868, 22
1869, 2
1870, 35
1871, 28
1872, 40
1873, 69
1874, 30
1875, 65
1876, 12
1877, 11
1878, 40
1879, 40
1880, 40
1881, 11
1882, 7
1883, 11
1884, 9
1885, 22
1886, 2
1887, 34
1888, 7
1889, 11
1890, 9
1891, 22
1892, 2
1893, 51
1894, 7
1895, 11
1896, 9
1897, 22
1898, 2
1899, 78
1900, 7
1901, 11
1902, 9
1903, 22
1904, 2
1905, 43
1906, 7
1907, 11
1908, 9
1909, 22
1910, 2
1911, 35
1912, 1
1913, 67
1914, 11
1915, 38
1916, 7
1917, 11
1918, 9
1919, 22
1920, 2
1921, 53
1922, 37
1923, 29
1924, 42
1925, 9
1926, 11
1927, 9
1928, 22
1929, 2
1930, 55
1931, 7
1932, 11
1933, 9
1934, 22
1935, 2
1936, 55
1937, 39
1938, 29
1939, 42
1940, 9
1941, 11
1942, 9
1943, 22
1944, 2
1945, 55
1946, 7
1947, 11
1948, 9
1949, 22
1950, 2
1951, 58
1952, 42
1953, 29
1954, 42
1955, 9
1956, 11
1957, 9
1958, 22
1959, 2
1960, 55
1961, 7
1962, 11
1963, 9
1964, 22
1965, 2
1966, 59
1967, 56
1968, 27
1969, 42
1970, 9
1971, 11
1972, 9
1973, 22
1974, 2
1975, 55
1976, 30
1977, 57
1978, 65
1979, 7
1980, 11
1981, 9
1982, 22
1983, 2
1984, 51
1985, 48
1986, 29
1987, 42
1988, 9
1989, 11
1990, 9
1991, 22
1992, 2
1993, 55
1994, 7
1995, 11
1996, 9
1997, 22
1998, 2
1999, 64
2000, 60
2001, 50
2002, 25
2003, 31
2004, 44
2005, 9
2006, 11
2007, 9
2008, 22
2009, 2
2010, 55
2011, 7
2012, 11
2013, 9
2014, 22
2015, 2
2016, 166
2017, 41
2018, 11
2019, 29
2020, 63
2021, 57
2022, 11
2023, 7
2024, 11
2025, 9
2026, 22
2027, 2
2028, 167
2029, 30
2030, 59
2031, 50
2032, 58
2033, 7
2034, 11
2035, 9
2036, 22
2037, 2
2038, 156
2039, 41
2040, 11
2041, 29
2042, 60
2043, 57
2044, 11
2045, 46
2046, 123
2047, 7
2048, 11
2049, 9
2050, 22
2051, 2
2052, 157
2053, 30
2054, 56
2055, 50
2056, 58
2057, 46
2058, 123
2059, 7
2060, 11
2061, 9
2062, 22
2063, 2
2064, 47
2065, 33
2066, 29
2067, 42
2068, 9
2069, 11
2070, 9
2071, 22
2072, 2
2073, 55
2074, 7
2075, 11
2076, 9
2077, 22
2078, 2
2079, 56
2080, 53
2081, 29
2082, 42
2083, 9
2084, 11
2085, 9
2086, 22
2087, 2
2088, 55
2089, 7
2090, 11
2091, 9
2092, 22
2093, 2
2094, 59
2095, 56
2096, 27
2097, 44
2098, 9
2099, 11
2100, 9
2101, 22
2102, 2
2103, 55
2104, 7
2105, 11
2106, 9
2107, 22
2108, 2
2109, 38
2110, 35
2111, 29
2112, 42
2113, 9
2114, 11
2115, 9
2116, 22
2117, 2
2118, 55
2119, 7
2120, 11
2121, 9
2122, 22
2123, 2
2124, 59
2125, 56
2126, 27
2127, 42
2128, 9
2129, 11
2130, 9
2131, 22
2132, 2
2133, 55
2134, 30
2135, 57
2136, 65
2137, 7
2138, 11
2139, 9
2140, 22
2141, 2
2142, 138
2143, 30
2144, 12
2145, 11
2146, 9
2147, 22
2148, 2
2149, 138
2150, 30
2151, 12
2152, 11
2153, 9
2154, 22
2155, 2
2156, 153
2157, 30
2158, 12
2159, 11
2160, 9
2161, 22
2162, 2
2163, 164
2164, 30
2165, 12
2166, 11
2167, 9
2168, 22
2169, 2
2170, 59
2171, 56
2172, 27
2173, 42
2174, 9
2175, 11
2176, 9
2177, 22
2178, 2
2179, 55
2180, 30
2181, 57
2182, 65
2183, 7
2184, 11
2185, 9
2186, 22
2187, 2
2188, 49
2189, 46
2190, 30
2191, 44
2192, 9
2193, 11
2194, 9
2195, 22
2196, 2
2197, 55
2198, 7
2199, 11
2200, 9
2201, 22
2202, 2
2203, 45
2204, 31
2205, 29
2206, 42
2207, 9
2208, 11
2209, 9
2210, 22
2211, 2
2212, 55
2213, 7
2214, 11
2215, 9
2216, 22
2217, 2
2218, 50
2219, 34
2220, 29
2221, 9
2222, 11
2223, 9
2224, 22
2225, 2
2226, 55
2227, 7
2228, 11
2229, 9
2230, 22
2231, 2
2232, 53
2233, 50
2234, 29
2235, 42
2236, 9
2237, 11
2238, 9
2239, 22
2240, 2
2241, 55
2242, 7
2243, 11
2244, 9
2245, 22
2246, 2
2247, 54
2248, 38
2249, 29
2250, 42
2251, 9
2252, 11
2253, 10
2254, 22
2255, 2
2256, 55
2257, 7
2258, 11
2259, 10
2260, 22
2261, 2
2262, 46
2263, 32
2264, 29
2265, 42
2266, 9
2267, 11
2268, 10
2269, 22
2270, 2
2271, 55
2272, 7
2273, 11
2274, 10
2275, 22
2276, 2
2277, 35
2278, 25
2279, 32
2280, 44
2281, 9
2282, 11
2283, 10
2284, 22
2285, 2
2286, 55
2287, 7
2288, 11
2289, 10
2290, 22
2291, 2
2292, 49
2293, 33
2294, 29
2295, 42
2296, 9
2297, 11
2298, 10
2299, 22
2300, 2
2301, 55
2302, 7
2303, 11
2304, 10
2305, 22
2306, 35
2307, 11
2308, 10
2309, 22
2310, 2
2311, 145
2312, 34
2313, 7
2314, 11
2315, 10
2316, 22
2317, 2
2318, 139
2319, 56
2320, 41
2321, 11
2322, 29
2323, 63
2324, 57
2325, 11
2326, 7
2327, 11
2328, 10
2329, 22
2330, 2
2331, 161
2332, 41
2333, 11
2334, 29
2335, 63
2336, 57
2337, 11
2338, 7
2339, 11
2340, 10
2341, 22
2342, 2
2343, 161
2344, 30
2345, 59
2346, 50
2347, 58
2348, 7
2349, 11
2350, 10
2351, 22
2352, 2
2353, 41
2354, 7
2355, 11
2356, 10
2357, 22
2358, 2
2359, 27
2360, 37
2361, 7
2362, 11
2363, 10
2364, 22
2365, 2
2366, 49
2367, 7
2368, 11
2369, 10
2370, 22
2371, 2
2372, 50
2373, 7
2374, 11
2375, 10
2376, 22
2377, 2
2378, 33
2379, 7
2380, 11
2381, 10
2382, 22
2383, 2
2384, 51
2385, 7
2386, 11
2387, 10
2388, 22
2389, 35
2390, 11
2391, 10
2392, 22
2393, 45
2394, 11
2395, 10
2396, 22
2397, 48
2398, 11
2399, 10
2400, 22
2401, 2
2402, 68
2403, 30
2404, 18
2405, 35
2406, 7
2407, 11
2408, 10
2409, 22
2410, 2
2411, 68
2412, 30
2413, 18
2414, 35
2415, 7
2416, 11
2417, 10
2418, 22
2419, 2
2420, 65
2421, 7
2422, 11
2423, 10
2424, 22
2425, 2
2426, 76
2427, 30
2428, 18
2429, 35
2430, 7
2431, 11
2432, 10
2433, 22
2434, 2
2435, 30
2436, 7
2437, 11
2438, 10
2439, 22
2440, 2
2441, 39
2442, 45
2443, 12
2444, 11
2445, 28
2446, 1
2447, 75
2448, 10
2449, 31
2450, 43
2451, 11
2452, 7
2453, 11
2454, 10
2455, 23
2456, 2
2457, 94
2458, 7
2459, 11
2460, 10
2461, 23
2462, 2
2463, 66
2464, 7
2465, 11
2466, 10
2467, 23
2468, 2
2469, 98
2470, 7
2471, 11
2472, 10
2473, 23
2474, 2
2475, 21
2476, 7
2477, 11
2478, 10
2479, 23
2480, 2
2481, 46
2482, 7
2483, 11
2484, 10
2485, 23
2486, 2
2487, 46
2488, 7
2489, 11
2490, 10
2491, 23
2492, 2
2493, 36
2494, 7
2495, 11
2496, 10
2497, 23
2498, 2
2499, 35
2500, 7
2501, 11
2502, 10
2503, 23
2504, 2
2505, 33
2506, 7
2507, 11
2508, 10
2509, 23
2510, 2
2511, 37
2512, 7
2513, 11
2514, 10
2515, 23
2516, 2
2517, 41
2518, 7
2519, 11
2520, 10
2521, 23
2522, 2
2523, 38
2524, 7
2525, 11
2526, 10
2527, 23
2528, 2
2529, 76
2530, 30
2531, 18
2532, 35
2533, 7
2534, 11
2535, 10
2536, 23
2537, 2
2538, 30
2539, 7
2540, 11
2541, 10
2542, 23
2543, 2
2544, 39
2545, 45
2546, 12
2547, 11
2548, 28
2549, 1
2550, 75
2551, 10
2552, 31
2553, 43
2554, 11
2555, 7
2556, 11
2557, 10
2558, 23
2559, 2
2560, 72
2561, 7
2562, 11
2563, 10
2564, 23
2565, 2
2566, 83
2567, 7
2568, 11
2569, 10
2570, 23
2571, 2
2572, 105
2573, 7
2574, 11
2575, 10
2576, 23
2577, 2
2578, 67
2579, 8
2580, 11
2581, 10
2582, 23
2583, 2
2584, 87
2585, 7
2586, 11
2587, 10
2588, 23
2589, 2
2590, 98
2591, 7
2592, 11
2593, 10
2594, 23
2595, 2
2596, 109
2597, 7
2598, 11
2599, 10
2600, 23
2601, 2
2602, 131
2603, 7
2604, 11
2605, 10
2606, 23
2607, 2
2608, 76
2609, 30
2610, 18
2611, 35
2612, 7
2613, 11
2614, 10
2615, 23
2616, 2
2617, 82
2618, 30
2619, 18
2620, 35
2621, 7
2622, 11
2623, 10
2624, 23
2625, 2
2626, 26
2627, 7
2628, 11
2629, 10
2630, 23
2631, 2
2632, 26
2633, 39
2634, 7
2635, 11
2636, 10
2637, 23
2638, 2
2639, 34
2640, 33
2641, 7
2642, 11
2643, 10
2644, 23
2645, 2
2646, 39
2647, 7
2648, 11
2649, 10
2650, 23
2651, 2
2652, 31
2653, 1
2654, 70
2655, 32
2656, 31
2657, 7
2658, 11
2659, 10
2660, 23
2661, 2
2662, 31
2663, 1
2664, 69
2665, 32
2666, 31
2667, 7
2668, 11
2669, 10
2670, 23
2671, 2
2672, 31
2673, 1
2674, 70
2675, 52
2676, 41
2677, 31
2678, 7
2679, 11
2680, 10
2681, 23
2682, 2
2683, 31
2684, 1
2685, 69
2686, 52
2687, 41
2688, 31
2689, 7
2690, 11
2691, 10
2692, 23
2693, 39
2694, 11
2695, 10
2696, 23
2697, 2
2698, 69
2699, 30
2700, 18
2701, 35
2702, 7
2703, 11
2704, 10
2705, 23
2706, 2
2707, 69
2708, 30
2709, 18
2710, 35
2711, 7
2712, 11
2713, 10
2714, 23
2715, 2
2716, 99
2717, 30
2718, 18
2719, 35
2720, 7
2721, 11
2722, 10
2723, 23
2724, 2
2725, 87
2726, 30
2727, 18
2728, 35
2729, 7
2730, 11
2731, 10
2732, 23
2733, 2
2734, 89
2735, 30
2736, 18
2737, 35
2738, 7
2739, 11
2740, 10
2741, 23
2742, 2
2743, 52
2744, 56
2745, 68
2746, 7
2747, 11
2748, 10
2749, 23
2750, 2
2751, 80
2752, 79
2753, 40
2754, 7
2755, 11
2756, 10
2757, 23
2758, 2
2759, 83
2760, 82
2761, 40
2762, 7
2763, 11
2764, 10
2765, 23
2766, 2
2767, 56
2768, 40
2769, 7
2770, 11
2771, 10
2772, 23
2773, 2
2774, 51
2775, 40
2776, 7
2777, 11
2778, 10
2779, 23
2780, 2
2781, 48
2782, 40
2783, 7
2784, 11
2785, 10
2786, 23
2787, 2
2788, 50
2789, 40
2790, 7
2791, 11
2792, 10
2793, 23
2794, 2
2795, 53
2796, 40
2797, 7
2798, 11
2799, 10
2800, 23
2801, 2
2802, 29
2803, 7
2804, 11
2805, 10
2806, 23
2807, 2
2808, 104
2809, 7
2810, 11
2811, 10
2812, 23
2813, 2
2814, 98
2815, 7
2816, 11
2817, 10
2818, 23
2819, 2
2820, 31
2821, 7
2822, 11
2823, 10
2824, 23
2825, 2
2826, 87
2827, 7
2828, 11
2829, 10
2830, 23
2831, 2
2832, 28
2833, 7
2834, 11
2835, 10
2836, 23
2837, 2
2838, 85
2839, 7
2840, 11
2841, 10
2842, 23
2843, 2
2844, 27
2845, 36
2846, 7
2847, 11
2848, 10
2849, 23
2850, 2
2851, 23
2852, 1
2853, 68
2854, 36
2855, 39
2856, 28
2857, 43
2858, 20
2859, 7
2860, 11
2861, 10
2862, 23
2863, 2
2864, 29
2865, 7
2866, 11
2867, 10
2868, 23
2869, 2
2870, 30
2871, 7
2872, 11
2873, 10
2874, 23
2875, 2
2876, 30
2877, 7
2878, 11
2879, 10
2880, 23
2881, 2
2882, 27
2883, 37
2884, 7
2885, 11
2886, 10
2887, 23
2888, 2
2889, 23
2890, 1
2891, 68
2892, 36
2893, 39
2894, 28
2895, 43
2896, 20
2897, 7
2898, 11
2899, 10
2900, 23
2901, 2
2902, 66
2903, 43
2904, 48
2905, 88
2906, 7
2907, 11
2908, 10
2909, 23
2910, 2
2911, 44
2912, 56
2913, 58
2914, 7
2915, 11
2916, 10
2917, 23
2918, 2
2919, 44
2920, 53
2921, 7
2922, 11
2923, 10
2924, 23
2925, 2
2926, 44
2927, 80
2928, 7
2929, 11
2930, 10
2931, 23
2932, 2
2933, 44
2934, 45
2935, 7
2936, 11
2937, 10
2938, 23
2939, 2
2940, 66
2941, 43
2942, 73
2943, 7
2944, 11
2945, 10
2946, 23
2947, 2
2948, 44
2949, 56
2950, 58
2951, 7
2952, 11
2953, 10
2954, 23
2955, 2
2956, 66
2957, 43
2958, 88
2959, 7
2960, 11
2961, 10
2962, 23
2963, 2
2964, 44
2965, 56
2966, 58
2967, 7
2968, 11
2969, 10
2970, 23
2971, 2
2972, 45
2973, 31
2974, 7
2975, 11
2976, 10
2977, 23
2978, 2
2979, 30
2980, 46
2981, 7
2982, 11
2983, 10
2984, 23
2985, 2
2986, 41
2987, 31
2988, 7
2989, 11
2990, 10
2991, 23
2992, 2
2993, 30
2994, 42
2995, 7
2996, 11
2997, 10
2998, 23
2999, 2
3000, 44
3001, 31
3002, 7
3003, 11
3004, 10
3005, 23
3006, 2
3007, 30
3008, 45
3009, 7
3010, 11
3011, 10
3012, 23
3013, 2
3014, 48
3015, 31
3016, 7
3017, 11
3018, 10
3019, 23
3020, 2
3021, 29
3022, 7
3023, 11
3024, 10
3025, 23
3026, 2
3027, 29
3028, 7
3029, 11
3030, 10
3031, 23
3032, 2
3033, 29
3034, 7
3035, 11
3036, 10
3037, 23
3038, 2
3039, 30
3040, 7
3041, 11
3042, 10
3043, 23
3044, 2
3045, 29
3046, 7
3047, 11
3048, 10
3049, 23
3050, 2
3051, 30
3052, 7
3053, 11
3054, 10
3055, 23
3056, 2
3057, 34
3058, 7
3059, 11
3060, 10
3061, 23
3062, 2
3063, 32
3064, 7
3065, 11
3066, 10
3067, 23
3068, 2
3069, 21
3070, 7
3071, 11
3072, 10
3073, 23
3074, 2
3075, 31
3076, 7
3077, 11
3078, 10
3079, 23
3080, 2
3081, 31
3082, 7
3083, 11
3084, 10
3085, 23
3086, 2
3087, 34
3088, 7
3089, 11
3090, 10
3091, 23
3092, 2
3093, 29
3094, 7
3095, 11
3096, 10
3097, 23
3098, 2
3099, 30
3100, 7
3101, 11
3102, 10
3103, 23
3104, 2
3105, 39
3106, 41
3107, 7
3108, 11
3109, 10
3110, 23
3111, 2
3112, 39
3113, 41
3114, 7
3115, 11
3116, 10
3117, 23
3118, 2
3119, 55
3120, 62
3121, 7
3122, 11
3123, 10
3124, 23
3125, 2
3126, 55
3127, 62
3128, 7
3129, 11
3130, 10
3131, 23
3132, 2
3133, 55
3134, 62
3135, 7
3136, 11
3137, 10
3138, 23
3139, 2
3140, 55
3141, 62
3142, 7
3143, 11
3144, 10
3145, 23
3146, 2
3147, 55
3148, 62
3149, 7
3150, 11
3151, 10
3152, 23
3153, 2
3154, 55
3155, 62
3156, 7
3157, 11
3158, 10
3159, 23
3160, 2
3161, 55
3162, 62
3163, 7
3164, 11
3165, 10
3166, 23
3167, 2
3168, 55
3169, 62
3170, 7
3171, 11
3172, 10
3173, 23
3174, 2
3175, 31
3176, 7
3177, 11
3178, 10
3179, 23
3180, 2
3181, 34
3182, 7
3183, 11
3184, 10
3185, 23
3186, 2
3187, 29
3188, 7
3189, 11
3190, 10
3191, 23
3192, 2
3193, 30
3194, 7
3195, 11
3196, 10
3197, 23
3198, 2
3199, 39
3200, 41
3201, 7
3202, 11
3203, 10
3204, 23
3205, 2
3206, 55
3207, 62
3208, 7
3209, 11
3210, 10
3211, 23
3212, 2
3213, 55
3214, 62
3215, 7
3216, 11
3217, 10
3218, 23
3219, 2
3220, 55
3221, 62
3222, 7
3223, 11
3224, 10
3225, 23
3226, 2
3227, 55
3228, 62
3229, 7
3230, 11
3231, 10
3232, 23
3233, 2
3234, 55
3235, 62
3236, 7
3237, 11
3238, 10
3239, 23
3240, 2
3241, 55
3242, 62
3243, 7
3244, 11
3245, 10
3246, 23
3247, 2
3248, 55
3249, 62
3250, 7
3251, 11
3252, 10
3253, 23
3254, 2
3255, 55
3256, 62
3257, 7
3258, 11
3259, 2
3260, 1
3261, 47
3262, 1
3263, 2
3264, 18
3265, 18
3266, 17
3267, 18
3268, 7
3269, 1
3270, 12
3271, 15
3272, 6
3273, 32
3274, 45
3275, 30
3276, 41
3277, 32
3278, 6
3279, 7
3280, 1
3281, 20
3282, 17
3283, 20
3284, 7
3285, 1
3286, 68
3287, 69
3288, 28
3289, 1
3290, 19
3291, 1
3292, 46
3293, 71
3294, 32
3295, 7
3296, 41
3297, 1
3298, 19
3299, 1
3300, 1
3301, 40
3302, 40
3303, 40
3304, 10
3305, 69
3306, 20
3307, 6
3308, 17
3309, 1
3310, 23
3311, 29
3312, 1
3313, 40
3314, 5
3315, 26
3316, 18
3317, 23
3318, 1
3319, 18
3320, 67
3321, 21
3322, 36
3323, 67
3324, 38
3325, 60
3326, 58
3327, 57
3328, 46
3329, 21
3330, 9
3331, 67
3332, 62
3333, 1
3334, 26
3335, 8
3336, 21
3337, 39
3338, 63
3339, 20
3340, 41
3341, 14
3342, 64
3343, 36
3344, 45
3345, 20
3346, 14
3347, 8
3348, 26
3349, 31
3350, 9
3351, 10
3352, 63
3353, 5
3354, 11
3355, 39
3356, 28
3357, 6
3358, 18
3359, 1
3360, 1
3361, 54
3362, 54
3363, 54
3364, 11
3365, 24
3366, 6
3367, 68
3368, 27
3369, 1
3370, 46
3371, 27
3372, 12
3373, 57
3374, 36
3375, 24
3376, 6
3377, 1
3378, 69
3379, 16
3380, 1
3381, 70
3382, 1
3383, 20
3384, 1
3385, 1
3386, 71
3387, 71
3388, 71
3389, 71
3390, 14
3391, 6
3392, 66
3393, 28
3394, 1
3395, 71
3396, 27
3397, 11
3398, 20
3399, 7
3400, 1
3401, 1
3402, 67
3403, 67
3404, 67
3405, 67
3406, 10
3407, 21
3408, 13
3409, 11
3410, 22
3411, 17
3412, 11
3413, 7
3414, 1
3415, 12
3416, 15
3417, 6
3418, 32
3419, 52
3420, 30
3421, 41
3422, 32
3423, 6
3424, 7
3425, 1
3426, 18
3427, 18
3428, 18
3429, 13
3430, 25
3431, 21
3432, 23
3433, 1
3434, 19
3435, 59
3436, 23
3437, 1
3438, 22
3439, 15
3440, 6
3441, 25
3442, 18
3443, 18
3444, 21
3445, 6
3446, 21
3447, 19
3448, 1
3449, 22
3450, 14
3451, 1
3452, 50
3453, 1
3454, 21
3455, 17
3456, 21
3457, 7
3458, 1
3459, 17
3460, 19
3461, 1
3462, 1
3463, 41
3464, 41
3465, 41
3466, 13
3467, 16
3468, 17
3469, 1
3470, 39
3471, 39
3472, 39
3473, 12
3474, 16
3475, 17
3476, 1
3477, 49
3478, 49
3479, 49
3480, 15
3481, 37
3482, 16
3483, 23
3484, 1
3485, 10
3486, 19
3487, 21
3488, 25
3489, 7
3490, 19
3491, 2
3492, 23
3493, 1
3494, 1
3495, 47
3496, 1
3497, 5
3498, 32
3499, 2
3500, 19
3501, 2
