1, 39
2, 26
3, 1
4, 49
5, 1
6, 31
7, 31
8, 40
9, 35
10, 33
11, 36
12, 33
13, 35
14, 31
15, 34
16, 34
17, 34
18, 36
19, 35
20, 35
21, 33
22, 33
23, 38
24, 40
25, 43
26, 36
27, 36
28, 33
29, 41
30, 36
31, 36
32, 35
33, 33
34, 35
35, 38
36, 39
37, 33
38, 37
39, 34
40, 38
41, 33
42, 33
43, 33
44, 32
45, 32
46, 36
47, 43
48, 36
49, 32
50, 34
51, 36
52, 37
53, 33
54, 35
55, 34
56, 32
57, 36
58, 40
59, 37
60, 40
61, 34
62, 39
63, 39
64, 39
65, 42
66, 41
67, 37
68, 34
69, 36
70, 39
71, 47
72, 44
73, 33
74, 33
75, 36
76, 33
77, 32
78, 34
79, 35
80, 38
81, 39
82, 31
83, 40
84, 34
85, 34
86, 39
87, 41
88, 31
89, 1
90, 20
91, 45
92, 85
93, 48
94, 1
95, 38
96, 1
97, 72
98, 72
99, 69
100, 39
101, 1
102, 67
103, 66
104, 65
105, 48
106, 1
107, 69
108, 63
109, 61
110, 24
111, 1
112, 69
113, 57
114, 1
115, 17
116, 20
117, 23
118, 21
119, 24
120, 1
121, 29
122, 1
123, 32
124, 1
125, 56
126, 1
127, 41
128, 1
129, 69
130, 17
131, 1
132, 29
133, 1
134, 62
135, 30
136, 1
137, 28
138, 1
139, 70
140, 23
141, 1
142, 33
143, 36
144, 28
145, 37
146, 1
147, 57
148, 64
149, 61
150, 1
151, 1
152, 21
153, 16
154, 14
155, 2
156, 26
157, 28
158, 41
159, 29
160, 9
161, 4
162, 31
163, 30
164, 12
165, 35
166, 40
167, 36
168, 28
169, 36
170, 30
171, 20
172, 32
173, 9
174, 4
175, 23
176, 24
177, 14
178, 9
179, 4
180, 23
181, 68
182, 15
183, 7
184, 20
185, 21
186, 17
187, 9
188, 4
189, 26
190, 19
191, 8
192, 11
193, 25
194, 30
195, 7
196, 16
197, 19
198, 7
199, 1
200, 1
201, 1
202, 42
203, 44
204, 34
205, 1
206, 71
207, 69
208, 1
209, 71
210, 34
211, 2
212, 73
213, 73
214, 73
215, 73
216, 73
217, 73
218, 73
219, 73
220, 73
221, 73
222, 73
223, 73
224, 73
225, 73
226, 73
227, 73
228, 73
229, 73
230, 73
231, 73
232, 73
233, 73
234, 73
235, 73
236, 73
237, 73
238, 73
239, 73
240, 73
241, 73
242, 73
243, 73
244, 73
245, 72
246, 3
247, 1
248, 12
249, 30
250, 2
251, 73
252, 73
253, 73
254, 73
255, 73
256, 73
257, 73
258, 73
259, 73
260, 73
261, 73
262, 73
263, 73
264, 73
265, 73
266, 73
267, 73
268, 73
269, 73
270, 73
271, 73
272, 73
273, 73
274, 73
275, 44
276, 3
277, 29
278, 2
279, 73
280, 73
281, 73
282, 73
283, 73
284, 73
285, 73
286, 73
287, 73
288, 73
289, 73
290, 73
291, 73
292, 73
293, 73
294, 73
295, 73
296, 73
297, 73
298, 73
299, 73
300, 73
301, 73
302, 73
303, 73
304, 73
305, 73
306, 73
307, 73
308, 73
309, 73
310, 73
311, 73
312, 73
313, 73
314, 73
315, 73
316, 73
317, 73
318, 73
319, 73
320, 73
321, 73
322, 73
323, 73
324, 73
325, 73
326, 73
327, 73
328, 73
329, 73
330, 73
331, 73
332, 73
333, 73
334, 73
335, 73
336, 73
337, 73
338, 73
339, 73
340, 73
341, 73
342, 73
343, 73
344, 73
345, 73
346, 73
347, 73
348, 73
349, 73
350, 73
351, 73
352, 73
353, 73
354, 73
355, 73
356, 73
357, 73
358, 73
359, 73
360, 73
361, 73
362, 73
363, 73
364, 73
365, 73
366, 73
367, 73
368, 73
369, 73
370, 73
371, 73
372, 9
373, 3
374, 1
375, 7
376, 1
377, 12
378, 69
379, 31
380, 2
381, 73
382, 73
383, 73
384, 73
385, 73
386, 73
387, 73
388, 73
389, 73
390, 73
391, 73
392, 73
393, 73
394, 73
395, 73
396, 73
397, 73
398, 73
399, 73
400, 73
401, 73
402, 73
403, 73
404, 73
405, 44
406, 3
407, 7
408, 1
409, 1
410, 41
411, 1
412, 64
413, 37
414, 2
415, 73
416, 71
417, 65
418, 76
419, 73
420, 75
421, 72
422, 64
423, 66
424, 73
425, 68
426, 76
427, 70
428, 76
429, 76
430, 73
431, 75
432, 74
433, 71
434, 70
435, 59
436, 75
437, 70
438, 64
439, 63
440, 68
441, 62
442, 70
443, 67
444, 69
445, 69
446, 68
447, 3
448, 7
449, 1
450, 66
451, 28
452, 2
453, 73
454, 73
455, 73
456, 73
457, 73
458, 73
459, 73
460, 73
461, 73
462, 73
463, 73
464, 73
465, 73
466, 73
467, 73
468, 73
469, 73
470, 73
471, 73
472, 73
473, 73
474, 73
475, 73
476, 73
477, 44
478, 3
479, 1
480, 76
481, 28
482, 2
483, 73
484, 73
485, 73
486, 73
487, 73
488, 73
489, 73
490, 73
491, 73
492, 73
493, 73
494, 73
495, 73
496, 73
497, 73
498, 73
499, 73
500, 73
501, 73
502, 73
503, 73
504, 73
505, 73
506, 73
507, 44
508, 3
509, 1
510, 70
511, 71
512, 13
513, 32
514, 2
515, 73
516, 73
517, 73
518, 73
519, 73
520, 73
521, 73
522, 73
523, 73
524, 73
525, 73
526, 73
527, 73
528, 73
529, 73
530, 73
531, 73
532, 73
533, 73
534, 73
535, 73
536, 73
537, 73
538, 73
539, 73
540, 73
541, 73
542, 73
543, 73
544, 73
545, 73
546, 73
547, 73
548, 73
549, 73
550, 73
551, 73
552, 73
553, 73
554, 73
555, 73
556, 73
557, 73
558, 73
559, 73
560, 73
561, 73
562, 73
563, 73
564, 72
565, 3
566, 1
567, 33
568, 2
569, 73
570, 73
571, 73
572, 73
573, 73
574, 73
575, 73
576, 73
577, 72
578, 3
579, 1
580, 30
581, 2
582, 73
583, 73
584, 73
585, 73
586, 73
587, 73
588, 73
589, 73
590, 73
591, 73
592, 73
593, 73
594, 73
595, 73
596, 73
597, 73
598, 73
599, 73
600, 73
601, 73
602, 73
603, 73
604, 73
605, 73
606, 73
607, 73
608, 73
609, 73
610, 73
611, 73
612, 73
613, 73
614, 73
615, 73
616, 73
617, 73
618, 73
619, 73
620, 73
621, 73
622, 73
623, 73
624, 73
625, 73
626, 73
627, 73
628, 73
629, 73
630, 73
631, 72
632, 3
633, 1
634, 31
635, 2
636, 73
637, 73
638, 73
639, 73
640, 73
641, 73
642, 73
643, 73
644, 72
645, 3
646, 1
647, 1
648, 41
649, 1
650, 1
651, 31
652, 2
653, 73
654, 73
655, 73
656, 73
657, 73
658, 73
659, 73
660, 73
661, 73
662, 73
663, 73
664, 73
665, 73
666, 73
667, 73
668, 73
669, 73
670, 73
671, 73
672, 73
673, 73
674, 73
675, 73
676, 73
677, 73
678, 73
679, 73
680, 73
681, 73
682, 73
683, 73
684, 73
685, 73
686, 73
687, 73
688, 73
689, 73
690, 73
691, 73
692, 73
693, 73
694, 73
695, 73
696, 73
697, 73
698, 73
699, 73
700, 73
701, 73
702, 73
703, 73
704, 73
705, 73
706, 73
707, 73
708, 73
709, 73
710, 73
711, 73
712, 73
713, 73
714, 73
715, 73
716, 73
717, 73
718, 73
719, 73
720, 73
721, 73
722, 73
723, 73
724, 73
725, 73
726, 73
727, 73
728, 73
729, 73
730, 73
731, 73
732, 73
733, 37
734, 3
735, 1
736, 31
737, 2
738, 73
739, 73
740, 73
741, 73
742, 73
743, 73
744, 73
745, 73
746, 73
747, 73
748, 73
749, 73
750, 73
751, 73
752, 73
753, 73
754, 73
755, 73
756, 73
757, 73
758, 73
759, 73
760, 73
761, 73
762, 73
763, 73
764, 73
765, 73
766, 73
767, 73
768, 73
769, 73
770, 73
771, 73
772, 73
773, 73
774, 73
775, 73
776, 73
777, 73
778, 73
779, 73
780, 73
781, 73
782, 73
783, 73
784, 73
785, 73
786, 73
787, 73
788, 73
789, 73
790, 73
791, 73
792, 73
793, 73
794, 73
795, 73
796, 73
797, 73
798, 73
799, 73
800, 73
801, 73
802, 73
803, 73
804, 73
805, 73
806, 73
807, 73
808, 73
809, 73
810, 73
811, 73
812, 73
813, 73
814, 73
815, 73
816, 73
817, 73
818, 37
819, 3
820, 72
821, 45
822, 1
823, 37
824, 1
825, 66
826, 20
827, 1
828, 72
829, 72
830, 71
831, 22
832, 1
833, 67
834, 66
835, 65
836, 48
837, 1
838, 69
839, 63
840, 50
841, 35
842, 1
843, 68
844, 72
845, 68
846, 33
847, 1
848, 71
849, 69
850, 70
851, 48
852, 1
853, 66
854, 70
855, 66
856, 65
857, 66
858, 31
859, 1
860, 56
861, 1
862, 74
863, 1
864, 24
865, 31
866, 7
867, 29
868, 47
869, 33
870, 9
871, 20
872, 44
873, 11
874, 10
875, 9
876, 8
877, 1
878, 22
879, 47
880, 58
881, 7
882, 50
883, 58
884, 27
885, 9
886, 31
887, 28
888, 8
889, 65
890, 1
891, 1
892, 30
893, 35
894, 57
895, 1
896, 61
897, 14
898, 2
899, 14
900, 16
901, 18
902, 16
903, 8
904, 3
905, 1
906, 75
907, 54
908, 1
909, 70
910, 19
911, 18
912, 29
913, 76
914, 29
915, 7
916, 29
917, 81
918, 25
919, 8
920, 1
921, 70
922, 20
923, 16
924, 19
925, 37
926, 62
927, 8
928, 52
929, 50
930, 51
931, 50
932, 55
933, 54
934, 51
935, 16
936, 9
937, 8
938, 1
939, 61
940, 73
941, 66
942, 69
943, 14
944, 74
945, 80
946, 81
947, 78
948, 80
949, 80
950, 79
951, 80
952, 81
953, 14
954, 1
955, 7
956, 1
957, 1
958, 52
959, 32
960, 7
961, 45
962, 25
963, 7
964, 25
965, 49
966, 57
967, 26
968, 8
969, 7
970, 25
971, 31
972, 7
973, 1
974, 49
975, 44
976, 34
977, 31
978, 41
979, 40
980, 46
981, 71
982, 66
983, 65
984, 44
985, 40
986, 72
987, 68
988, 72
989, 71
990, 73
991, 73
992, 71
993, 67
994, 70
995, 71
996, 72
997, 72
998, 73
999, 72
1000, 71
1001, 10
1002, 1
1003, 26
1004, 29
1005, 1
1006, 1
1007, 70
1008, 13
1009, 1
1010, 66
1011, 69
1012, 37
1013, 1
1014, 23
1015, 57
1016, 52
1017, 45
1018, 7
1019, 1
1020, 1
1021, 58
1022, 1
1023, 11
1024, 18
1025, 21
1026, 70
1027, 8
1028, 57
1029, 9
1030, 27
1031, 21
1032, 61
1033, 8
1034, 48
1035, 9
1036, 28
1037, 20
1038, 47
1039, 21
1040, 1
1041, 1
1042, 38
1043, 12
1044, 1
1045, 19
1046, 56
1047, 28
1048, 8
1049, 1
1050, 50
1051, 54
1052, 56
1053, 53
1054, 12
1055, 70
1056, 37
1057, 13
1058, 21
1059, 25
1060, 22
1061, 1
1062, 59
1063, 27
1064, 25
1065, 7
1066, 1
1067, 69
1068, 52
1069, 1
1070, 66
1071, 41
1072, 61
1073, 1
1074, 20
1075, 19
1076, 7
1077, 1
1078, 19
1079, 26
1080, 7
1081, 2
1082, 23
1083, 1
1084, 18
1085, 49
1086, 27
1087, 8
1088, 35
1089, 16
1090, 51
1091, 29
1092, 9
1093, 17
1094, 24
1095, 10
1096, 2
1097, 36
1098, 1
1099, 25
1100, 14
1101, 1
1102, 26
1103, 2
1104, 9
1105, 8
1106, 1
1107, 18
1108, 74
1109, 27
1110, 8
1111, 74
1112, 15
1113, 14
1114, 51
1115, 43
1116, 9
1117, 25
1118, 19
1119, 24
1120, 10
1121, 2
1122, 31
1123, 36
1124, 1
1125, 36
1126, 14
1127, 1
1128, 18
1129, 2
1130, 9
1131, 8
1132, 7
1133, 2
1134, 47
1135, 1
1136, 1
1137, 77
1138, 56
1139, 42
1140, 57
1141, 35
1142, 1
1143, 21
1144, 49
1145, 48
1146, 29
1147, 7
1148, 42
1149, 50
1150, 8
1151, 27
1152, 27
1153, 28
1154, 28
1155, 1
1156, 47
1157, 16
1158, 22
1159, 22
1160, 7
1161, 20
1162, 8
1163, 7
1164, 1
1165, 64
1166, 50
1167, 1
1168, 59
1169, 62
1170, 61
1171, 58
1172, 59
1173, 65
1174, 58
1175, 63
1176, 13
1177, 1
1178, 17
1179, 52
1180, 51
1181, 50
1182, 56
1183, 16
1184, 6
1185, 52
1186, 26
1187, 7
1188, 1
1189, 1
1190, 52
1191, 1
1192, 12
1193, 18
1194, 22
1195, 1
1196, 4
1197, 28
1198, 24
1199, 2
1200, 51
1201, 11
1202, 20
1203, 22
1204, 1
1205, 24
1206, 20
1207, 16
1208, 66
1209, 19
1210, 67
1211, 19
1212, 1
1213, 35
1214, 32
1215, 41
1216, 35
1217, 1
1218, 69
1219, 39
1220, 1
1221, 25
1222, 35
1223, 23
1224, 25
1225, 1
1226, 35
1227, 30
1228, 25
1229, 27
1230, 1
1231, 17
1232, 29
1233, 30
1234, 25
1235, 18
1236, 7
1237, 1
1238, 17
1239, 50
1240, 6
1241, 41
1242, 7
1243, 1
1244, 38
1245, 1
1246, 1
1247, 71
1248, 26
1249, 17
1250, 17
1251, 17
1252, 7
1253, 1
1254, 68
1255, 14
1256, 13
1257, 1
1258, 44
1259, 1
1260, 15
1261, 19
1262, 15
1263, 68
1264, 1
1265, 32
1266, 51
1267, 61
1268, 52
1269, 1
1270, 16
1271, 16
1272, 17
1273, 16
1274, 7
1275, 19
1276, 1
1277, 64
1278, 64
1279, 64
1280, 13
1281, 68
1282, 70
1283, 8
1284, 11
1285, 1
1286, 13
1287, 20
1288, 1
1289, 39
1290, 6
1291, 73
1292, 42
1293, 1
1294, 18
1295, 8
1296, 69
1297, 64
1298, 23
1299, 31
1300, 29
1301, 1
1302, 69
1303, 52
1304, 18
1305, 31
1306, 73
1307, 69
1308, 45
1309, 54
1310, 54
1311, 54
1312, 35
1313, 22
1314, 7
1315, 45
1316, 54
1317, 54
1318, 35
1319, 8
1320, 22
1321, 22
1322, 8
1323, 26
1324, 26
1325, 26
1326, 7
1327, 43
1328, 37
1329, 28
1330, 24
1331, 36
1332, 34
1333, 1
1334, 8
1335, 29
1336, 31
1337, 73
1338, 21
1339, 30
1340, 33
1341, 33
1342, 18
1343, 33
1344, 8
1345, 25
1346, 28
1347, 32
1348, 8
1349, 8
1350, 27
1351, 1
1352, 33
1353, 33
1354, 17
1355, 33
1356, 7
1357, 1
1358, 59
1359, 53
1360, 1
1361, 43
1362, 17
1363, 6
1364, 1
1365, 56
1366, 1
1367, 17
1368, 1
1369, 1
1370, 15
1371, 15
1372, 15
1373, 10
1374, 1
1375, 58
1376, 73
1377, 16
1378, 1
1379, 78
1380, 1
1381, 25
1382, 21
1383, 20
1384, 1
1385, 71
1386, 1
1387, 39
1388, 44
1389, 1
1390, 25
1391, 6
1392, 49
1393, 22
1394, 6
1395, 1
1396, 77
1397, 1
1398, 65
1399, 6
1400, 19
1401, 69
1402, 1
1403, 54
1404, 6
1405, 7
1406, 6
1407, 38
1408, 1
1409, 12
1410, 67
1411, 56
1412, 19
1413, 10
1414, 53
1415, 48
1416, 67
1417, 65
1418, 16
1419, 44
1420, 8
1421, 37
1422, 10
1423, 7
1424, 6
1425, 1
1426, 18
1427, 58
1428, 20
1429, 1
1430, 22
1431, 1
1432, 58
1433, 46
1434, 42
1435, 58
1436, 28
1437, 46
1438, 1
1439, 15
1440, 6
1441, 25
1442, 23
1443, 18
1444, 21
1445, 6
1446, 21
1447, 19
1448, 1
1449, 22
1450, 14
1451, 1
1452, 36
1453, 50
1454, 42
1455, 1
1456, 59
1457, 23
1458, 22
1459, 1
1460, 21
1461, 17
1462, 21
1463, 7
1464, 1
1465, 67
1466, 17
1467, 19
1468, 19
1469, 1
1470, 17
1471, 19
1472, 1
1473, 1
1474, 63
1475, 63
1476, 63
1477, 11
1478, 27
1479, 16
1480, 19
1481, 17
1482, 1
1483, 1
1484, 33
1485, 33
1486, 33
1487, 10
1488, 53
1489, 21
1490, 1
1491, 69
1492, 16
1493, 1
1494, 71
1495, 67
1496, 56
1497, 69
1498, 59
1499, 26
1500, 1
1501, 17
1502, 70
1503, 56
1504, 26
1505, 50
1506, 7
1507, 1
1508, 12
1509, 70
1510, 47
1511, 15
1512, 6
1513, 15
1514, 1
1515, 61
1516, 37
1517, 1
1518, 64
1519, 53
1520, 56
1521, 58
1522, 6
1523, 7
1524, 1
1525, 17
1526, 1
1527, 9
1528, 22
1529, 2
1530, 84
1531, 35
1532, 23
1533, 40
1534, 12
1535, 11
1536, 9
1537, 22
1538, 2
1539, 31
1540, 12
1541, 11
1542, 9
1543, 22
1544, 2
1545, 35
1546, 1
1547, 62
1548, 31
1549, 40
1550, 30
1551, 17
1552, 16
1553, 41
1554, 1
1555, 81
1556, 20
1557, 25
1558, 45
1559, 16
1560, 12
1561, 11
1562, 9
1563, 22
1564, 2
1565, 39
1566, 40
1567, 12
1568, 11
1569, 9
1570, 22
1571, 2
1572, 39
1573, 41
1574, 44
1575, 53
1576, 71
1577, 78
1578, 12
1579, 11
1580, 9
1581, 22
1582, 2
1583, 40
1584, 21
1585, 1
1586, 35
1587, 30
1588, 21
1589, 27
1590, 35
1591, 17
1592, 16
1593, 61
1594, 21
1595, 25
1596, 35
1597, 16
1598, 32
1599, 30
1600, 79
1601, 12
1602, 11
1603, 9
1604, 22
1605, 2
1606, 35
1607, 33
1608, 30
1609, 41
1610, 12
1611, 11
1612, 9
1613, 22
1614, 2
1615, 36
1616, 12
1617, 11
1618, 9
1619, 22
1620, 2
1621, 51
1622, 12
1623, 11
1624, 9
1625, 22
1626, 2
1627, 51
1628, 12
1629, 11
1630, 9
1631, 22
1632, 2
1633, 36
1634, 12
1635, 11
1636, 9
1637, 22
1638, 2
1639, 56
1640, 26
1641, 12
1642, 11
1643, 9
1644, 22
1645, 2
1646, 37
1647, 12
1648, 11
1649, 9
1650, 22
1651, 2
1652, 34
1653, 12
1654, 11
1655, 9
1656, 22
1657, 2
1658, 36
1659, 12
1660, 11
1661, 9
1662, 22
1663, 2
1664, 32
1665, 12
1666, 11
1667, 9
1668, 22
1669, 2
1670, 75
1671, 35
1672, 23
1673, 40
1674, 12
1675, 11
1676, 9
1677, 22
1678, 2
1679, 75
1680, 35
1681, 23
1682, 40
1683, 12
1684, 11
1685, 9
1686, 22
1687, 2
1688, 50
1689, 39
1690, 39
1691, 43
1692, 43
1693, 64
1694, 45
1695, 37
1696, 38
1697, 34
1698, 32
1699, 38
1700, 49
1701, 25
1702, 14
1703, 11
1704, 9
1705, 22
1706, 2
1707, 67
1708, 35
1709, 23
1710, 40
1711, 12
1712, 11
1713, 9
1714, 22
1715, 2
1716, 50
1717, 39
1718, 39
1719, 43
1720, 43
1721, 64
1722, 45
1723, 37
1724, 38
1725, 34
1726, 48
1727, 67
1728, 64
1729, 38
1730, 49
1731, 25
1732, 14
1733, 11
1734, 9
1735, 22
1736, 2
1737, 67
1738, 35
1739, 23
1740, 40
1741, 12
1742, 11
1743, 9
1744, 22
1745, 2
1746, 50
1747, 39
1748, 39
1749, 43
1750, 44
1751, 64
1752, 45
1753, 37
1754, 38
1755, 34
1756, 48
1757, 67
1758, 64
1759, 45
1760, 38
1761, 49
1762, 25
1763, 14
1764, 11
1765, 9
1766, 22
1767, 2
1768, 67
1769, 35
1770, 23
1771, 40
1772, 12
1773, 11
1774, 9
1775, 22
1776, 2
1777, 26
1778, 12
1779, 11
1780, 9
1781, 22
1782, 2
1783, 36
1784, 12
1785, 11
1786, 9
1787, 22
1788, 2
1789, 40
1790, 33
1791, 76
1792, 12
1793, 11
1794, 9
1795, 22
1796, 2
1797, 40
1798, 12
1799, 11
1800, 9
1801, 22
1802, 2
1803, 34
1804, 12
1805, 11
1806, 9
1807, 22
1808, 2
1809, 42
1810, 12
1811, 11
1812, 9
1813, 22
1814, 2
1815, 59
1816, 12
1817, 11
1818, 9
1819, 22
1820, 2
1821, 40
1822, 33
1823, 45
1824, 73
1825, 35
1826, 16
1827, 39
1828, 39
1829, 40
1830, 16
1831, 12
1832, 11
1833, 9
1834, 22
1835, 2
1836, 40
1837, 33
1838, 45
1839, 74
1840, 35
1841, 70
1842, 17
1843, 16
1844, 49
1845, 39
1846, 40
1847, 16
1848, 12
1849, 11
1850, 9
1851, 22
1852, 2
1853, 40
1854, 33
1855, 45
1856, 74
1857, 35
1858, 70
1859, 17
1860, 16
1861, 50
1862, 49
1863, 40
1864, 16
1865, 12
1866, 11
1867, 9
1868, 22
1869, 2
1870, 40
1871, 33
1872, 45
1873, 74
1874, 35
1875, 70
1876, 17
1877, 16
1878, 50
1879, 50
1880, 50
1881, 16
1882, 12
1883, 11
1884, 9
1885, 22
1886, 2
1887, 39
1888, 12
1889, 11
1890, 9
1891, 22
1892, 2
1893, 56
1894, 12
1895, 11
1896, 9
1897, 22
1898, 2
1899, 83
1900, 12
1901, 11
1902, 9
1903, 22
1904, 2
1905, 48
1906, 12
1907, 11
1908, 9
1909, 22
1910, 2
1911, 40
1912, 1
1913, 72
1914, 16
1915, 43
1916, 12
1917, 11
1918, 9
1919, 22
1920, 2
1921, 58
1922, 42
1923, 34
1924, 52
1925, 14
1926, 11
1927, 9
1928, 22
1929, 2
1930, 60
1931, 12
1932, 11
1933, 9
1934, 22
1935, 2
1936, 60
1937, 44
1938, 34
1939, 52
1940, 14
1941, 11
1942, 9
1943, 22
1944, 2
1945, 60
1946, 12
1947, 11
1948, 9
1949, 22
1950, 2
1951, 63
1952, 47
1953, 34
1954, 52
1955, 14
1956, 11
1957, 9
1958, 22
1959, 2
1960, 60
1961, 12
1962, 11
1963, 9
1964, 22
1965, 2
1966, 64
1967, 61
1968, 32
1969, 52
1970, 14
1971, 11
1972, 9
1973, 22
1974, 2
1975, 60
1976, 35
1977, 62
1978, 70
1979, 12
1980, 11
1981, 9
1982, 22
1983, 2
1984, 56
1985, 53
1986, 34
1987, 52
1988, 14
1989, 11
1990, 9
1991, 22
1992, 2
1993, 60
1994, 12
1995, 11
1996, 9
1997, 22
1998, 2
1999, 69
2000, 70
2001, 55
2002, 30
2003, 36
2004, 54
2005, 14
2006, 11
2007, 9
2008, 22
2009, 2
2010, 60
2011, 12
2012, 11
2013, 9
2014, 22
2015, 2
2016, 171
2017, 46
2018, 16
2019, 39
2020, 73
2021, 67
2022, 16
2023, 12
2024, 11
2025, 9
2026, 22
2027, 2
2028, 172
2029, 35
2030, 64
2031, 55
2032, 63
2033, 12
2034, 11
2035, 9
2036, 22
2037, 2
2038, 161
2039, 46
2040, 16
2041, 39
2042, 70
2043, 67
2044, 16
2045, 51
2046, 128
2047, 12
2048, 11
2049, 9
2050, 22
2051, 2
2052, 162
2053, 35
2054, 61
2055, 55
2056, 63
2057, 51
2058, 128
2059, 12
2060, 11
2061, 9
2062, 22
2063, 2
2064, 52
2065, 38
2066, 34
2067, 52
2068, 14
2069, 11
2070, 9
2071, 22
2072, 2
2073, 60
2074, 12
2075, 11
2076, 9
2077, 22
2078, 2
2079, 61
2080, 58
2081, 34
2082, 52
2083, 14
2084, 11
2085, 9
2086, 22
2087, 2
2088, 60
2089, 12
2090, 11
2091, 9
2092, 22
2093, 2
2094, 64
2095, 61
2096, 32
2097, 54
2098, 14
2099, 11
2100, 9
2101, 22
2102, 2
2103, 60
2104, 12
2105, 11
2106, 9
2107, 22
2108, 2
2109, 43
2110, 40
2111, 34
2112, 52
2113, 14
2114, 11
2115, 9
2116, 22
2117, 2
2118, 60
2119, 12
2120, 11
2121, 9
2122, 22
2123, 2
2124, 64
2125, 61
2126, 32
2127, 52
2128, 14
2129, 11
2130, 9
2131, 22
2132, 2
2133, 60
2134, 35
2135, 62
2136, 70
2137, 12
2138, 11
2139, 9
2140, 22
2141, 2
2142, 143
2143, 50
2144, 12
2145, 11
2146, 9
2147, 22
2148, 2
2149, 143
2150, 50
2151, 12
2152, 11
2153, 9
2154, 22
2155, 2
2156, 158
2157, 50
2158, 12
2159, 11
2160, 9
2161, 22
2162, 2
2163, 169
2164, 50
2165, 12
2166, 11
2167, 9
2168, 22
2169, 2
2170, 64
2171, 61
2172, 32
2173, 52
2174, 14
2175, 11
2176, 9
2177, 22
2178, 2
2179, 60
2180, 35
2181, 62
2182, 70
2183, 12
2184, 11
2185, 9
2186, 22
2187, 2
2188, 54
2189, 51
2190, 35
2191, 54
2192, 14
2193, 11
2194, 9
2195, 22
2196, 2
2197, 60
2198, 12
2199, 11
2200, 9
2201, 22
2202, 2
2203, 50
2204, 36
2205, 34
2206, 52
2207, 14
2208, 11
2209, 9
2210, 22
2211, 2
2212, 60
2213, 12
2214, 11
2215, 9
2216, 22
2217, 2
2218, 55
2219, 39
2220, 34
2221, 14
2222, 11
2223, 9
2224, 22
2225, 2
2226, 60
2227, 12
2228, 11
2229, 9
2230, 22
2231, 2
2232, 58
2233, 55
2234, 34
2235, 52
2236, 14
2237, 11
2238, 9
2239, 22
2240, 2
2241, 60
2242, 12
2243, 11
2244, 9
2245, 22
2246, 2
2247, 59
2248, 43
2249, 34
2250, 52
2251, 14
2252, 11
2253, 10
2254, 22
2255, 2
2256, 60
2257, 12
2258, 11
2259, 10
2260, 22
2261, 2
2262, 51
2263, 37
2264, 34
2265, 52
2266, 14
2267, 11
2268, 10
2269, 22
2270, 2
2271, 60
2272, 12
2273, 11
2274, 10
2275, 22
2276, 2
2277, 40
2278, 30
2279, 37
2280, 54
2281, 14
2282, 11
2283, 10
2284, 22
2285, 2
2286, 60
2287, 12
2288, 11
2289, 10
2290, 22
2291, 2
2292, 54
2293, 38
2294, 34
2295, 52
2296, 14
2297, 11
2298, 10
2299, 22
2300, 2
2301, 60
2302, 12
2303, 11
2304, 10
2305, 22
2306, 35
2307, 11
2308, 10
2309, 22
2310, 2
2311, 150
2312, 54
2313, 12
2314, 11
2315, 10
2316, 22
2317, 2
2318, 144
2319, 76
2320, 46
2321, 16
2322, 39
2323, 73
2324, 67
2325, 16
2326, 12
2327, 11
2328, 10
2329, 22
2330, 2
2331, 166
2332, 46
2333, 16
2334, 39
2335, 73
2336, 67
2337, 16
2338, 12
2339, 11
2340, 10
2341, 22
2342, 2
2343, 166
2344, 35
2345, 64
2346, 55
2347, 63
2348, 12
2349, 11
2350, 10
2351, 22
2352, 2
2353, 46
2354, 12
2355, 11
2356, 10
2357, 22
2358, 2
2359, 32
2360, 42
2361, 12
2362, 11
2363, 10
2364, 22
2365, 2
2366, 54
2367, 12
2368, 11
2369, 10
2370, 22
2371, 2
2372, 55
2373, 12
2374, 11
2375, 10
2376, 22
2377, 2
2378, 38
2379, 12
2380, 11
2381, 10
2382, 22
2383, 2
2384, 56
2385, 12
2386, 11
2387, 10
2388, 22
2389, 35
2390, 11
2391, 10
2392, 22
2393, 45
2394, 11
2395, 10
2396, 22
2397, 48
2398, 11
2399, 10
2400, 22
2401, 2
2402, 73
2403, 35
2404, 23
2405, 40
2406, 12
2407, 11
2408, 10
2409, 22
2410, 2
2411, 73
2412, 35
2413, 23
2414, 40
2415, 12
2416, 11
2417, 10
2418, 22
2419, 2
2420, 70
2421, 12
2422, 11
2423, 10
2424, 22
2425, 2
2426, 81
2427, 35
2428, 23
2429, 40
2430, 12
2431, 11
2432, 10
2433, 22
2434, 2
2435, 35
2436, 12
2437, 11
2438, 10
2439, 22
2440, 2
2441, 44
2442, 50
2443, 17
2444, 16
2445, 38
2446, 1
2447, 85
2448, 20
2449, 41
2450, 53
2451, 16
2452, 12
2453, 11
2454, 10
2455, 23
2456, 2
2457, 99
2458, 12
2459, 11
2460, 10
2461, 23
2462, 2
2463, 71
2464, 12
2465, 11
2466, 10
2467, 23
2468, 2
2469, 103
2470, 12
2471, 11
2472, 10
2473, 23
2474, 2
2475, 26
2476, 12
2477, 11
2478, 10
2479, 23
2480, 2
2481, 51
2482, 12
2483, 11
2484, 10
2485, 23
2486, 2
2487, 51
2488, 12
2489, 11
2490, 10
2491, 23
2492, 2
2493, 41
2494, 12
2495, 11
2496, 10
2497, 23
2498, 2
2499, 40
2500, 12
2501, 11
2502, 10
2503, 23
2504, 2
2505, 38
2506, 12
2507, 11
2508, 10
2509, 23
2510, 2
2511, 42
2512, 12
2513, 11
2514, 10
2515, 23
2516, 2
2517, 46
2518, 12
2519, 11
2520, 10
2521, 23
2522, 2
2523, 43
2524, 12
2525, 11
2526, 10
2527, 23
2528, 2
2529, 81
2530, 35
2531, 23
2532, 40
2533, 12
2534, 11
2535, 10
2536, 23
2537, 2
2538, 35
2539, 12
2540, 11
2541, 10
2542, 23
2543, 2
2544, 44
2545, 50
2546, 17
2547, 16
2548, 38
2549, 1
2550, 85
2551, 20
2552, 41
2553, 53
2554, 16
2555, 12
2556, 11
2557, 10
2558, 23
2559, 2
2560, 77
2561, 12
2562, 11
2563, 10
2564, 23
2565, 2
2566, 88
2567, 12
2568, 11
2569, 10
2570, 23
2571, 2
2572, 110
2573, 12
2574, 11
2575, 10
2576, 23
2577, 2
2578, 72
2579, 13
2580, 11
2581, 10
2582, 23
2583, 2
2584, 92
2585, 12
2586, 11
2587, 10
2588, 23
2589, 2
2590, 103
2591, 12
2592, 11
2593, 10
2594, 23
2595, 2
2596, 114
2597, 12
2598, 11
2599, 10
2600, 23
2601, 2
2602, 136
2603, 12
2604, 11
2605, 10
2606, 23
2607, 2
2608, 81
2609, 35
2610, 23
2611, 40
2612, 12
2613, 11
2614, 10
2615, 23
2616, 2
2617, 87
2618, 35
2619, 23
2620, 40
2621, 12
2622, 11
2623, 10
2624, 23
2625, 2
2626, 31
2627, 12
2628, 11
2629, 10
2630, 23
2631, 2
2632, 31
2633, 44
2634, 12
2635, 11
2636, 10
2637, 23
2638, 2
2639, 39
2640, 38
2641, 12
2642, 11
2643, 10
2644, 23
2645, 2
2646, 44
2647, 12
2648, 11
2649, 10
2650, 23
2651, 2
2652, 36
2653, 1
2654, 75
2655, 37
2656, 36
2657, 12
2658, 11
2659, 10
2660, 23
2661, 2
2662, 36
2663, 1
2664, 74
2665, 37
2666, 36
2667, 12
2668, 11
2669, 10
2670, 23
2671, 2
2672, 36
2673, 1
2674, 75
2675, 57
2676, 46
2677, 36
2678, 12
2679, 11
2680, 10
2681, 23
2682, 2
2683, 36
2684, 1
2685, 74
2686, 57
2687, 46
2688, 36
2689, 12
2690, 11
2691, 10
2692, 23
2693, 39
2694, 11
2695, 10
2696, 23
2697, 2
2698, 74
2699, 35
2700, 23
2701, 40
2702, 12
2703, 11
2704, 10
2705, 23
2706, 2
2707, 74
2708, 35
2709, 23
2710, 40
2711, 12
2712, 11
2713, 10
2714, 23
2715, 2
2716, 104
2717, 35
2718, 23
2719, 40
2720, 12
2721, 11
2722, 10
2723, 23
2724, 2
2725, 92
2726, 35
2727, 23
2728, 40
2729, 12
2730, 11
2731, 10
2732, 23
2733, 2
2734, 94
2735, 35
2736, 23
2737, 40
2738, 12
2739, 11
2740, 10
2741, 23
2742, 2
2743, 57
2744, 66
2745, 73
2746, 12
2747, 11
2748, 10
2749, 23
2750, 2
2751, 85
2752, 84
2753, 45
2754, 12
2755, 11
2756, 10
2757, 23
2758, 2
2759, 88
2760, 87
2761, 45
2762, 12
2763, 11
2764, 10
2765, 23
2766, 2
2767, 61
2768, 45
2769, 12
2770, 11
2771, 10
2772, 23
2773, 2
2774, 56
2775, 45
2776, 12
2777, 11
2778, 10
2779, 23
2780, 2
2781, 53
2782, 45
2783, 12
2784, 11
2785, 10
2786, 23
2787, 2
2788, 55
2789, 45
2790, 12
2791, 11
2792, 10
2793, 23
2794, 2
2795, 58
2796, 45
2797, 12
2798, 11
2799, 10
2800, 23
2801, 2
2802, 34
2803, 12
2804, 11
2805, 10
2806, 23
2807, 2
2808, 109
2809, 12
2810, 11
2811, 10
2812, 23
2813, 2
2814, 103
2815, 12
2816, 11
2817, 10
2818, 23
2819, 2
2820, 36
2821, 12
2822, 11
2823, 10
2824, 23
2825, 2
2826, 92
2827, 12
2828, 11
2829, 10
2830, 23
2831, 2
2832, 33
2833, 12
2834, 11
2835, 10
2836, 23
2837, 2
2838, 90
2839, 12
2840, 11
2841, 10
2842, 23
2843, 2
2844, 32
2845, 41
2846, 12
2847, 11
2848, 10
2849, 23
2850, 2
2851, 28
2852, 1
2853, 73
2854, 41
2855, 44
2856, 33
2857, 48
2858, 25
2859, 12
2860, 11
2861, 10
2862, 23
2863, 2
2864, 34
2865, 12
2866, 11
2867, 10
2868, 23
2869, 2
2870, 35
2871, 12
2872, 11
2873, 10
2874, 23
2875, 2
2876, 35
2877, 12
2878, 11
2879, 10
2880, 23
2881, 2
2882, 32
2883, 42
2884, 12
2885, 11
2886, 10
2887, 23
2888, 2
2889, 28
2890, 1
2891, 73
2892, 41
2893, 44
2894, 33
2895, 48
2896, 25
2897, 12
2898, 11
2899, 10
2900, 23
2901, 2
2902, 71
2903, 48
2904, 53
2905, 93
2906, 12
2907, 11
2908, 10
2909, 23
2910, 2
2911, 49
2912, 61
2913, 63
2914, 12
2915, 11
2916, 10
2917, 23
2918, 2
2919, 49
2920, 58
2921, 12
2922, 11
2923, 10
2924, 23
2925, 2
2926, 49
2927, 85
2928, 12
2929, 11
2930, 10
2931, 23
2932, 2
2933, 49
2934, 50
2935, 12
2936, 11
2937, 10
2938, 23
2939, 2
2940, 71
2941, 48
2942, 78
2943, 12
2944, 11
2945, 10
2946, 23
2947, 2
2948, 49
2949, 61
2950, 63
2951, 12
2952, 11
2953, 10
2954, 23
2955, 2
2956, 71
2957, 48
2958, 93
2959, 12
2960, 11
2961, 10
2962, 23
2963, 2
2964, 49
2965, 61
2966, 63
2967, 12
2968, 11
2969, 10
2970, 23
2971, 2
2972, 50
2973, 36
2974, 12
2975, 11
2976, 10
2977, 23
2978, 2
2979, 35
2980, 51
2981, 12
2982, 11
2983, 10
2984, 23
2985, 2
2986, 46
2987, 36
2988, 12
2989, 11
2990, 10
2991, 23
2992, 2
2993, 35
2994, 47
2995, 12
2996, 11
2997, 10
2998, 23
2999, 2
3000, 49
3001, 36
3002, 12
3003, 11
3004, 10
3005, 23
3006, 2
3007, 35
3008, 50
3009, 12
3010, 11
3011, 10
3012, 23
3013, 2
3014, 53
3015, 36
3016, 12
3017, 11
3018, 10
3019, 23
3020, 2
3021, 34
3022, 12
3023, 11
3024, 10
3025, 23
3026, 2
3027, 34
3028, 12
3029, 11
3030, 10
3031, 23
3032, 2
3033, 34
3034, 12
3035, 11
3036, 10
3037, 23
3038, 2
3039, 35
3040, 12
3041, 11
3042, 10
3043, 23
3044, 2
3045, 34
3046, 12
3047, 11
3048, 10
3049, 23
3050, 2
3051, 35
3052, 12
3053, 11
3054, 10
3055, 23
3056, 2
3057, 39
3058, 12
3059, 11
3060, 10
3061, 23
3062, 2
3063, 37
3064, 12
3065, 11
3066, 10
3067, 23
3068, 2
3069, 26
3070, 12
3071, 11
3072, 10
3073, 23
3074, 2
3075, 36
3076, 12
3077, 11
3078, 10
3079, 23
3080, 2
3081, 36
3082, 12
3083, 11
3084, 10
3085, 23
3086, 2
3087, 39
3088, 12
3089, 11
3090, 10
3091, 23
3092, 2
3093, 34
3094, 12
3095, 11
3096, 10
3097, 23
3098, 2
3099, 35
3100, 12
3101, 11
3102, 10
3103, 23
3104, 2
3105, 44
3106, 46
3107, 12
3108, 11
3109, 10
3110, 23
3111, 2
3112, 44
3113, 46
3114, 12
3115, 11
3116, 10
3117, 23
3118, 2
3119, 60
3120, 67
3121, 12
3122, 11
3123, 10
3124, 23
3125, 2
3126, 60
3127, 67
3128, 12
3129, 11
3130, 10
3131, 23
3132, 2
3133, 60
3134, 67
3135, 12
3136, 11
3137, 10
3138, 23
3139, 2
3140, 60
3141, 67
3142, 12
3143, 11
3144, 10
3145, 23
3146, 2
3147, 60
3148, 67
3149, 12
3150, 11
3151, 10
3152, 23
3153, 2
3154, 60
3155, 67
3156, 12
3157, 11
3158, 10
3159, 23
3160, 2
3161, 60
3162, 67
3163, 12
3164, 11
3165, 10
3166, 23
3167, 2
3168, 60
3169, 67
3170, 12
3171, 11
3172, 10
3173, 23
3174, 2
3175, 36
3176, 12
3177, 11
3178, 10
3179, 23
3180, 2
3181, 39
3182, 12
3183, 11
3184, 10
3185, 23
3186, 2
3187, 34
3188, 12
3189, 11
3190, 10
3191, 23
3192, 2
3193, 35
3194, 12
3195, 11
3196, 10
3197, 23
3198, 2
3199, 44
3200, 46
3201, 12
3202, 11
3203, 10
3204, 23
3205, 2
3206, 60
3207, 67
3208, 12
3209, 11
3210, 10
3211, 23
3212, 2
3213, 60
3214, 67
3215, 12
3216, 11
3217, 10
3218, 23
3219, 2
3220, 60
3221, 67
3222, 12
3223, 11
3224, 10
3225, 23
3226, 2
3227, 60
3228, 67
3229, 12
3230, 11
3231, 10
3232, 23
3233, 2
3234, 60
3235, 67
3236, 12
3237, 11
3238, 10
3239, 23
3240, 2
3241, 60
3242, 67
3243, 12
3244, 11
3245, 10
3246, 23
3247, 2
3248, 60
3249, 67
3250, 12
3251, 11
3252, 10
3253, 23
3254, 2
3255, 60
3256, 67
3257, 12
3258, 11
3259, 2
3260, 1
3261, 47
3262, 1
3263, 2
3264, 18
3265, 18
3266, 17
3267, 18
3268, 7
3269, 1
3270, 12
3271, 15
3272, 6
3273, 32
3274, 45
3275, 30
3276, 46
3277, 32
3278, 6
3279, 7
3280, 1
3281, 20
3282, 17
3283, 20
3284, 7
3285, 1
3286, 68
3287, 69
3288, 28
3289, 1
3290, 19
3291, 1
3292, 46
3293, 71
3294, 32
3295, 7
3296, 41
3297, 1
3298, 19
3299, 1
3300, 1
3301, 40
3302, 40
3303, 40
3304, 10
3305, 69
3306, 20
3307, 6
3308, 17
3309, 1
3310, 23
3311, 29
3312, 1
3313, 40
3314, 10
3315, 31
3316, 23
3317, 28
3318, 1
3319, 23
3320, 72
3321, 26
3322, 41
3323, 72
3324, 43
3325, 65
3326, 63
3327, 62
3328, 51
3329, 26
3330, 14
3331, 72
3332, 67
3333, 1
3334, 31
3335, 18
3336, 31
3337, 49
3338, 73
3339, 30
3340, 51
3341, 24
3342, 79
3343, 51
3344, 60
3345, 35
3346, 24
3347, 18
3348, 31
3349, 36
3350, 14
3351, 15
3352, 68
3353, 10
3354, 11
3355, 39
3356, 33
3357, 6
3358, 18
3359, 1
3360, 1
3361, 54
3362, 54
3363, 54
3364, 11
3365, 24
3366, 6
3367, 68
3368, 32
3369, 1
3370, 46
3371, 27
3372, 17
3373, 57
3374, 46
3375, 24
3376, 6
3377, 1
3378, 69
3379, 16
3380, 1
3381, 80
3382, 1
3383, 20
3384, 1
3385, 1
3386, 71
3387, 71
3388, 71
3389, 71
3390, 14
3391, 6
3392, 66
3393, 28
3394, 1
3395, 71
3396, 27
3397, 11
3398, 20
3399, 7
3400, 1
3401, 1
3402, 67
3403, 67
3404, 67
3405, 67
3406, 10
3407, 21
3408, 13
3409, 11
3410, 22
3411, 17
3412, 11
3413, 7
3414, 1
3415, 12
3416, 15
3417, 6
3418, 32
3419, 52
3420, 30
3421, 46
3422, 32
3423, 6
3424, 7
3425, 1
3426, 18
3427, 18
3428, 18
3429, 13
3430, 25
3431, 21
3432, 23
3433, 1
3434, 19
3435, 59
3436, 23
3437, 1
3438, 22
3439, 15
3440, 6
3441, 25
3442, 23
3443, 18
3444, 21
3445, 6
3446, 21
3447, 19
3448, 1
3449, 22
3450, 14
3451, 1
3452, 50
3453, 1
3454, 21
3455, 17
3456, 21
3457, 7
3458, 1
3459, 17
3460, 19
3461, 1
3462, 1
3463, 41
3464, 41
3465, 41
3466, 13
3467, 16
3468, 17
3469, 1
3470, 39
3471, 39
3472, 39
3473, 12
3474, 16
3475, 17
3476, 1
3477, 49
3478, 49
3479, 49
3480, 15
3481, 37
3482, 16
3483, 23
3484, 1
3485, 10
3486, 19
3487, 21
3488, 25
3489, 7
3490, 19
3491, 2
3492, 23
3493, 1
3494, 1
3495, 47
3496, 1
3497, 5
3498, 32
3499, 2
3500, 19
3501, 2
