1, 67
2, 70
3, 34
4, 71
5, 1
6, 26
7, 1
8, 60
9, 69
10, 68
11, 19
12, 1
13, 55
14, 63
15, 62
16, 45
17, 1
18, 66
19, 56
20, 63
21, 32
22, 1
23, 20
24, 20
25, 23
26, 16
27, 17
28, 18
29, 26
30, 18
31, 25
32, 24
33, 23
34, 19
35, 18
36, 18
37, 20
38, 22
39, 20
40, 19
41, 20
42, 18
43, 19
44, 20
45, 20
46, 24
47, 17
48, 20
49, 1
50, 66
51, 33
52, 39
53, 79
54, 1
55, 78
56, 79
57, 81
58, 66
59, 1
60, 59
61, 54
62, 55
63, 56
64, 55
65, 16
66, 1
67, 23
68, 68
69, 1
70, 34
71, 32
72, 3
73, 38
74, 1
75, 69
76, 18
77, 20
78, 1
79, 39
80, 4
81, 1
82, 67
83, 16
84, 43
85, 1
86, 72
87, 48
88, 24
89, 1
90, 40
91, 52
92, 1
93, 43
94, 1
95, 44
96, 1
97, 50
98, 1
99, 66
100, 1
101, 46
102, 1
103, 79
104, 65
105, 1
106, 53
107, 1
108, 39
109, 1
110, 54
111, 1
112, 65
113, 1
114, 37
115, 54
116, 1
117, 36
118, 39
119, 1
120, 51
121, 36
122, 74
123, 49
124, 73
125, 48
126, 53
127, 1
128, 60
129, 1
130, 73
131, 64
132, 29
133, 1
134, 68
135, 49
136, 1
137, 32
138, 45
139, 32
140, 46
141, 32
142, 45
143, 1
144, 72
145, 71
146, 36
147, 34
148, 60
149, 1
150, 34
151, 60
152, 1
153, 34
154, 60
155, 1
156, 34
157, 60
158, 38
159, 76
160, 1
161, 29
162, 46
163, 1
164, 28
165, 48
166, 1
167, 24
168, 40
169, 27
170, 46
171, 1
172, 36
173, 57
174, 31
175, 54
176, 37
177, 66
178, 32
179, 56
180, 32
181, 56
182, 30
183, 52
184, 35
185, 78
186, 28
187, 48
188, 1
189, 48
190, 1
191, 63
192, 1
193, 5
194, 42
195, 2
196, 51
197, 16
198, 9
199, 11
200, 13
201, 21
202, 26
203, 1
204, 73
205, 31
206, 21
207, 49
208, 60
209, 60
210, 18
211, 1
212, 46
213, 62
214, 6
215, 63
216, 63
217, 1
218, 19
219, 1
220, 25
221, 26
222, 59
223, 73
224, 41
225, 60
226, 22
227, 20
228, 6
229, 7
230, 18
231, 1
232, 44
233, 18
234, 25
235, 1
236, 31
237, 38
238, 1
239, 28
240, 42
241, 45
242, 41
243, 41
244, 44
245, 47
246, 18
247, 1
248, 53
249, 6
250, 36
251, 26
252, 1
253, 32
254, 46
255, 49
256, 45
257, 45
258, 48
259, 56
260, 73
261, 71
262, 70
263, 22
264, 6
265, 1
266, 15
267, 2
268, 1
269, 70
270, 18
271, 1
272, 5
273, 34
274, 2
275, 35
276, 12
277, 17
278, 17
279, 9
280, 11
281, 13
282, 21
283, 17
284, 18
285, 1
286, 73
287, 58
288, 22
289, 18
290, 1
291, 28
292, 1
293, 29
294, 19
295, 1
296, 25
297, 1
298, 38
299, 33
300, 18
301, 1
302, 30
303, 1
304, 46
305, 55
306, 6
307, 56
308, 56
309, 1
310, 19
311, 1
312, 25
313, 26
314, 52
315, 66
316, 41
317, 73
318, 67
319, 27
320, 34
321, 52
322, 66
323, 48
324, 50
325, 65
326, 66
327, 70
328, 22
329, 1
330, 13
331, 6
332, 7
333, 11
334, 1
335, 44
336, 18
337, 25
338, 1
339, 28
340, 41
341, 44
342, 55
343, 42
344, 46
345, 18
346, 1
347, 25
348, 6
349, 29
350, 18
351, 6
352, 40
353, 42
354, 59
355, 6
356, 39
357, 45
358, 6
359, 7
360, 18
361, 1
362, 53
363, 6
364, 36
365, 26
366, 1
367, 32
368, 45
369, 48
370, 59
371, 46
372, 49
373, 57
374, 75
375, 72
376, 80
377, 22
378, 6
379, 1
380, 15
381, 2
382, 1
383, 46
384, 1
385, 5
386, 39
387, 2
388, 73
389, 55
390, 16
391, 40
392, 53
393, 1
394, 28
395, 37
396, 1
397, 72
398, 33
399, 28
400, 40
401, 2
402, 1
403, 71
404, 61
405, 1
406, 4
407, 32
408, 2
409, 49
410, 2
411, 1
412, 72
413, 65
414, 20
415, 1
416, 13
417, 20
418, 2
419, 33
420, 24
421, 6
422, 15
423, 20
424, 13
425, 1
426, 16
427, 20
428, 13
429, 1
430, 15
431, 75
432, 70
433, 73
434, 24
435, 51
436, 13
437, 1
438, 14
439, 20
440, 13
441, 1
442, 14
443, 20
444, 13
445, 1
446, 14
447, 19
448, 13
449, 1
450, 14
451, 20
452, 13
453, 1
454, 14
455, 20
456, 13
457, 1
458, 17
459, 20
460, 13
461, 1
462, 19
463, 20
464, 13
465, 1
466, 19
467, 20
468, 13
469, 1
470, 15
471, 78
472, 29
473, 37
474, 22
475, 13
476, 1
477, 13
478, 33
479, 13
480, 4
481, 2
482, 1
483, 69
484, 72
485, 74
486, 36
487, 1
488, 12
489, 49
490, 2
491, 18
492, 40
493, 2
494, 1
495, 50
496, 1
497, 12
498, 41
499, 2
500, 31
501, 1
502, 73
503, 66
504, 60
505, 22
506, 1
507, 21
508, 55
509, 31
510, 42
511, 37
512, 6
513, 29
514, 52
515, 1
516, 62
517, 6
518, 46
519, 36
520, 6
521, 41
522, 1
523, 46
524, 10
525, 36
526, 62
527, 63
528, 10
529, 11
530, 10
531, 68
532, 1
533, 63
534, 10
535, 6
536, 36
537, 6
538, 40
539, 72
540, 11
541, 61
542, 6
543, 7
544, 71
545, 34
546, 2
547, 1
548, 47
549, 1
550, 12
551, 39
552, 2
553, 20
554, 52
555, 40
556, 63
557, 7
558, 69
559, 33
560, 2
561, 1
562, 41
563, 1
564, 4
565, 23
566, 2
567, 24
568, 1
569, 66
570, 12
571, 2
572, 1
573, 70
574, 73
575, 61
576, 72
577, 46
578, 1
579, 11
580, 74
581, 2
582, 9
583, 29
584, 34
585, 43
586, 30
587, 66
588, 27
589, 47
590, 52
591, 65
592, 34
593, 41
594, 46
595, 49
596, 49
597, 52
598, 2
599, 1
600, 75
601, 72
602, 35
603, 1
604, 11
605, 29
606, 2
607, 9
608, 19
609, 17
610, 1
611, 60
612, 1
613, 23
614, 1
615, 16
616, 6
617, 14
618, 21
619, 33
620, 1
621, 17
622, 69
623, 72
624, 34
625, 33
626, 1
627, 13
628, 8
629, 6
630, 1
631, 31
632, 51
633, 6
634, 25
635, 10
636, 50
637, 22
638, 10
639, 30
640, 10
641, 17
642, 51
643, 52
644, 24
645, 10
646, 6
647, 1
648, 12
649, 2
650, 1
651, 33
652, 1
653, 5
654, 49
655, 2
656, 19
657, 1
658, 57
659, 77
660, 1
661, 68
662, 64
663, 72
664, 60
665, 45
666, 1
667, 16
668, 6
669, 14
670, 66
671, 75
672, 36
673, 56
674, 65
675, 46
676, 65
677, 14
678, 1
679, 14
680, 48
681, 51
682, 14
683, 1
684, 14
685, 8
686, 71
687, 21
688, 19
689, 1
690, 38
691, 67
692, 1
693, 73
694, 30
695, 14
696, 60
697, 34
698, 36
699, 1
700, 50
701, 8
702, 14
703, 1
704, 14
705, 8
706, 68
707, 18
708, 1
709, 38
710, 67
711, 1
712, 71
713, 54
714, 61
715, 50
716, 52
717, 1
718, 73
719, 31
720, 60
721, 12
722, 75
723, 30
724, 54
725, 17
726, 16
727, 63
728, 48
729, 75
730, 61
731, 65
732, 57
733, 24
734, 16
735, 12
736, 31
737, 8
738, 14
739, 1
740, 14
741, 48
742, 69
743, 65
744, 53
745, 14
746, 1
747, 14
748, 64
749, 69
750, 42
751, 37
752, 65
753, 10
754, 31
755, 14
756, 37
757, 34
758, 44
759, 34
760, 19
761, 34
762, 14
763, 15
764, 30
765, 18
766, 10
767, 1
768, 63
769, 63
770, 49
771, 43
772, 72
773, 19
774, 19
775, 14
776, 1
777, 14
778, 50
779, 51
780, 36
781, 56
782, 65
783, 72
784, 14
785, 1
786, 14
787, 63
788, 54
789, 39
790, 33
791, 14
792, 1
793, 14
794, 65
795, 72
796, 72
797, 73
798, 73
799, 67
800, 72
801, 73
802, 65
803, 25
804, 26
805, 29
806, 42
807, 52
808, 14
809, 1
810, 14
811, 31
812, 22
813, 56
814, 66
815, 14
816, 1
817, 14
818, 62
819, 34
820, 10
821, 24
822, 71
823, 71
824, 50
825, 70
826, 18
827, 1
828, 27
829, 52
830, 46
831, 14
832, 78
833, 22
834, 14
835, 15
836, 69
837, 1
838, 18
839, 72
840, 71
841, 58
842, 55
843, 65
844, 18
845, 1
846, 18
847, 53
848, 12
849, 35
850, 21
851, 71
852, 1
853, 58
854, 71
855, 71
856, 55
857, 58
858, 22
859, 74
860, 1
861, 48
862, 20
863, 12
864, 1
865, 17
866, 67
867, 10
868, 1
869, 14
870, 39
871, 35
872, 13
873, 1
874, 14
875, 65
876, 70
877, 66
878, 30
879, 37
880, 27
881, 14
882, 74
883, 51
884, 44
885, 47
886, 46
887, 65
888, 1
889, 37
890, 10
891, 41
892, 18
893, 10
894, 1
895, 46
896, 73
897, 32
898, 14
899, 1
900, 14
901, 70
902, 54
903, 82
904, 65
905, 57
906, 14
907, 1
908, 14
909, 58
910, 46
911, 10
912, 73
913, 18
914, 10
915, 79
916, 10
917, 50
918, 70
919, 18
920, 10
921, 70
922, 36
923, 13
924, 1
925, 14
926, 73
927, 55
928, 43
929, 65
930, 64
931, 14
932, 1
933, 14
934, 69
935, 70
936, 59
937, 49
938, 10
939, 40
940, 1
941, 24
942, 50
943, 36
944, 18
945, 10
946, 13
947, 1
948, 14
949, 73
950, 55
951, 43
952, 65
953, 64
954, 14
955, 1
956, 14
957, 60
958, 57
959, 40
960, 14
961, 1
962, 14
963, 73
964, 46
965, 67
966, 65
967, 53
968, 14
969, 1
970, 12
971, 38
972, 13
973, 1
974, 13
975, 62
976, 6
977, 1
978, 56
979, 30
980, 6
981, 14
982, 31
983, 48
984, 48
985, 49
986, 78
987, 57
988, 14
989, 1
990, 14
991, 42
992, 14
993, 1
994, 23
995, 42
996, 37
997, 43
998, 11
999, 10
1000, 68
1001, 65
1002, 29
1003, 29
1004, 18
1005, 1
1006, 65
1007, 53
1008, 46
1009, 1
1010, 38
1011, 10
1012, 14
1013, 1
1014, 17
1015, 27
1016, 16
1017, 46
1018, 14
1019, 1
1020, 15
1021, 17
1022, 8
1023, 64
1024, 58
1025, 69
1026, 60
1027, 51
1028, 1
1029, 34
1030, 58
1031, 63
1032, 68
1033, 1
1034, 37
1035, 30
1036, 72
1037, 32
1038, 74
1039, 25
1040, 16
1041, 8
1042, 1
1043, 13
1044, 71
1045, 27
1046, 32
1047, 10
1048, 50
1049, 18
1050, 10
1051, 1
1052, 49
1053, 6
1054, 2
1055, 1
1056, 41
1057, 1
1058, 5
1059, 47
1060, 2
1061, 71
1062, 20
1063, 1
1064, 30
1065, 38
1066, 35
1067, 31
1068, 33
1069, 6
1070, 18
1071, 1
1072, 24
1073, 24
1074, 23
1075, 10
1076, 38
1077, 39
1078, 10
1079, 28
1080, 10
1081, 38
1082, 39
1083, 10
1084, 11
1085, 53
1086, 6
1087, 32
1088, 6
1089, 57
1090, 24
1091, 43
1092, 24
1093, 6
1094, 7
1095, 49
1096, 1
1097, 20
1098, 2
1099, 1
1100, 31
1101, 60
1102, 66
1103, 69
1104, 72
1105, 75
1106, 32
1107, 1
1108, 4
1109, 65
1110, 2
1111, 52
1112, 1
1113, 73
1114, 72
1115, 77
1116, 20
1117, 73
1118, 16
1119, 2
1120, 1
1121, 73
1122, 14
1123, 1
1124, 5
1125, 36
1126, 2
1127, 41
1128, 53
1129, 2
1130, 1
1131, 73
1132, 14
1133, 1
1134, 5
1135, 47
1136, 2
1137, 64
1138, 39
1139, 2
1140, 1
1141, 69
1142, 44
1143, 1
1144, 11
1145, 41
1146, 2
1147, 13
1148, 1
1149, 63
1150, 16
1151, 32
1152, 1
1153, 46
1154, 6
1155, 32
1156, 22
1157, 66
1158, 41
1159, 31
1160, 6
1161, 1
1162, 41
1163, 58
1164, 65
1165, 17
1166, 1
1167, 54
1168, 29
1169, 1
1170, 46
1171, 47
1172, 1
1173, 58
1174, 26
1175, 67
1176, 1
1177, 15
1178, 2
1179, 1
1180, 42
1181, 70
1182, 71
1183, 34
1184, 1
1185, 4
1186, 57
1187, 2
1188, 19
1189, 44
1190, 1
1191, 66
1192, 56
1193, 66
1194, 1
1195, 58
1196, 60
1197, 1
1198, 36
1199, 40
1200, 25
1201, 1
1202, 69
1203, 40
1204, 38
1205, 40
1206, 25
1207, 1
1208, 56
1209, 36
1210, 40
1211, 44
1212, 1
1213, 22
1214, 2
1215, 1
1216, 54
1217, 1
1218, 5
1219, 40
1220, 74
1221, 61
1222, 44
1223, 66
1224, 2
1225, 33
1226, 16
1227, 13
1228, 13
1229, 1
1230, 28
1231, 18
1232, 1
1233, 21
1234, 23
1235, 21
1236, 23
1237, 1
1238, 20
1239, 18
1240, 1
1241, 36
1242, 42
1243, 6
1244, 32
1245, 34
1246, 37
1247, 1
1248, 67
1249, 28
1250, 77
1251, 10
1252, 43
1253, 1
1254, 43
1255, 41
1256, 71
1257, 69
1258, 65
1259, 70
1260, 51
1261, 26
1262, 1
1263, 29
1264, 63
1265, 14
1266, 67
1267, 39
1268, 72
1269, 71
1270, 41
1271, 14
1272, 1
1273, 56
1274, 14
1275, 72
1276, 68
1277, 57
1278, 41
1279, 41
1280, 14
1281, 1
1282, 43
1283, 1
1284, 23
1285, 10
1286, 6
1287, 1
1288, 16
1289, 2
1290, 1
1291, 70
1292, 21
1293, 1
1294, 68
1295, 65
1296, 72
1297, 15
1298, 1
1299, 69
1300, 36
1301, 1
1302, 5
1303, 42
1304, 2
1305, 70
1306, 68
1307, 56
1308, 57
1309, 21
1310, 6
1311, 22
1312, 14
1313, 6
1314, 1
1315, 73
1316, 35
1317, 30
1318, 6
1319, 18
1320, 64
1321, 33
1322, 33
1323, 10
1324, 31
1325, 57
1326, 34
1327, 1
1328, 31
1329, 57
1330, 34
1331, 10
1332, 14
1333, 1
1334, 21
1335, 22
1336, 13
1337, 1
1338, 20
1339, 27
1340, 28
1341, 22
1342, 1
1343, 28
1344, 77
1345, 52
1346, 1
1347, 28
1348, 29
1349, 1
1350, 27
1351, 29
1352, 1
1353, 19
1354, 41
1355, 37
1356, 39
1357, 1
1358, 19
1359, 48
1360, 37
1361, 29
1362, 1
1363, 72
1364, 1
1365, 49
1366, 72
1367, 62
1368, 71
1369, 73
1370, 27
1371, 1
1372, 71
1373, 39
1374, 1
1375, 33
1376, 10
1377, 70
1378, 63
1379, 40
1380, 20
1381, 1
1382, 70
1383, 29
1384, 41
1385, 14
1386, 48
1387, 36
1388, 1
1389, 68
1390, 59
1391, 60
1392, 18
1393, 71
1394, 39
1395, 51
1396, 23
1397, 44
1398, 53
1399, 18
1400, 19
1401, 37
1402, 1
1403, 55
1404, 18
1405, 55
1406, 64
1407, 73
1408, 67
1409, 56
1410, 62
1411, 51
1412, 1
1413, 78
1414, 52
1415, 35
1416, 63
1417, 62
1418, 63
1419, 18
1420, 22
1421, 14
1422, 42
1423, 68
1424, 61
1425, 14
1426, 71
1427, 65
1428, 1
1429, 72
1430, 31
1431, 77
1432, 79
1433, 18
1434, 63
1435, 58
1436, 59
1437, 65
1438, 22
1439, 43
1440, 57
1441, 56
1442, 1
1443, 74
1444, 75
1445, 46
1446, 1
1447, 62
1448, 74
1449, 36
1450, 57
1451, 1
1452, 30
1453, 22
1454, 18
1455, 52
1456, 18
1457, 71
1458, 58
1459, 39
1460, 65
1461, 42
1462, 1
1463, 39
1464, 65
1465, 42
1466, 1
1467, 26
1468, 18
1469, 19
1470, 18
1471, 39
1472, 53
1473, 52
1474, 1
1475, 70
1476, 71
1477, 42
1478, 1
1479, 62
1480, 70
1481, 32
1482, 55
1483, 59
1484, 58
1485, 55
1486, 1
1487, 26
1488, 18
1489, 14
1490, 52
1491, 68
1492, 71
1493, 14
1494, 69
1495, 31
1496, 35
1497, 61
1498, 38
1499, 1
1500, 35
1501, 61
1502, 38
1503, 1
1504, 22
1505, 14
1506, 10
1507, 43
1508, 10
1509, 52
1510, 55
1511, 56
1512, 14
1513, 56
1514, 70
1515, 18
1516, 64
1517, 50
1518, 68
1519, 35
1520, 76
1521, 77
1522, 39
1523, 1
1524, 71
1525, 35
1526, 70
1527, 71
1528, 94
1529, 26
1530, 18
1531, 62
1532, 72
1533, 75
1534, 18
1535, 72
1536, 72
1537, 39
1538, 65
1539, 42
1540, 1
1541, 39
1542, 65
1543, 42
1544, 1
1545, 26
1546, 18
1547, 14
1548, 10
1549, 13
1550, 1
1551, 13
1552, 48
1553, 6
1554, 1
1555, 18
1556, 2
1557, 1
1558, 73
1559, 69
1560, 50
1561, 1
1562, 5
1563, 28
1564, 2
1565, 22
1566, 48
1567, 32
1568, 1
1569, 25
1570, 30
1571, 32
1572, 44
1573, 36
1574, 45
1575, 42
1576, 1
1577, 70
1578, 48
1579, 36
1580, 18
1581, 1
1582, 46
1583, 6
1584, 32
1585, 22
1586, 77
1587, 31
1588, 6
1589, 1
1590, 58
1591, 45
1592, 65
1593, 20
1594, 1
1595, 15
1596, 2
1597, 1
1598, 69
1599, 45
1600, 1
1601, 5
1602, 35
1603, 2
1604, 69
1605, 70
1606, 72
1607, 71
1608, 73
1609, 59
1610, 46
1611, 1
1612, 77
1613, 77
1614, 1
1615, 29
1616, 55
1617, 2
1618, 1
1619, 68
1620, 65
1621, 66
1622, 1
1623, 12
1624, 61
1625, 2
1626, 16
1627, 6
1628, 20
1629, 8
1630, 40
1631, 22
1632, 22
1633, 41
1634, 22
1635, 69
1636, 48
1637, 22
1638, 70
1639, 67
1640, 13
1641, 22
1642, 21
1643, 8
1644, 1
1645, 20
1646, 18
1647, 19
1648, 1
1649, 16
1650, 21
1651, 18
1652, 19
1653, 1
1654, 23
1655, 78
1656, 21
1657, 11
1658, 65
1659, 20
1660, 19
1661, 1
1662, 15
1663, 69
1664, 75
1665, 46
1666, 52
1667, 10
1668, 66
1669, 46
1670, 36
1671, 14
1672, 66
1673, 27
1674, 14
1675, 1
1676, 46
1677, 40
1678, 23
1679, 10
1680, 20
1681, 1
1682, 15
1683, 14
1684, 15
1685, 14
1686, 46
1687, 52
1688, 10
1689, 52
1690, 40
1691, 23
1692, 10
1693, 20
1694, 1
1695, 14
1696, 46
1697, 72
1698, 49
1699, 65
1700, 10
1701, 59
1702, 69
1703, 23
1704, 10
1705, 20
1706, 1
1707, 40
1708, 51
1709, 19
1710, 1
1711, 13
1712, 20
1713, 6
1714, 2
1715, 1
1716, 32
1717, 1
1718, 11
1719, 26
1720, 2
1721, 55
1722, 64
1723, 71
1724, 22
1725, 1
1726, 77
1727, 30
1728, 14
1729, 1
1730, 74
1731, 63
1732, 27
1733, 24
1734, 1
1735, 71
1736, 68
1737, 22
1738, 24
1739, 1
1740, 40
1741, 28
1742, 6
1743, 30
1744, 30
1745, 1
1746, 70
1747, 69
1748, 34
1749, 57
1750, 25
1751, 20
1752, 1
1753, 69
1754, 41
1755, 37
1756, 57
1757, 20
1758, 1
1759, 67
1760, 18
1761, 37
1762, 55
1763, 26
1764, 1
1765, 61
1766, 27
1767, 30
1768, 1
1769, 67
1770, 75
1771, 55
1772, 71
1773, 23
1774, 28
1775, 4
1776, 1
1777, 64
1778, 27
1779, 13
1780, 2
1781, 1
1782, 71
1783, 72
1784, 53
1785, 1
1786, 27
1787, 58
1788, 71
1789, 48
1790, 66
1791, 57
1792, 45
1793, 48
1794, 54
1795, 47
1796, 1
1797, 4
1798, 56
1799, 56
1800, 52
1801, 2
1802, 64
1803, 52
1804, 1
1805, 27
1806, 27
1807, 1
1808, 68
1809, 68
1810, 17
1811, 26
1812, 44
1813, 1
1814, 71
1815, 30
1816, 26
1817, 14
1818, 1
1819, 40
1820, 36
1821, 14
1822, 1
1823, 66
1824, 32
1825, 34
1826, 6
1827, 41
1828, 35
1829, 19
1830, 6
1831, 1
1832, 42
1833, 21
1834, 6
1835, 69
1836, 18
1837, 1
1838, 64
1839, 71
1840, 41
1841, 30
1842, 37
1843, 58
1844, 53
1845, 16
1846, 6
1847, 1
1848, 57
1849, 71
1850, 40
1851, 64
1852, 14
1853, 1
1854, 19
1855, 29
1856, 6
1857, 1
1858, 72
1859, 23
1860, 43
1861, 45
1862, 66
1863, 18
1864, 1
1865, 64
1866, 32
1867, 18
1868, 1
1869, 36
1870, 53
1871, 18
1872, 1
1873, 44
1874, 49
1875, 63
1876, 18
1877, 1
1878, 63
1879, 16
1880, 6
1881, 24
1882, 50
1883, 6
1884, 77
1885, 43
1886, 62
1887, 18
1888, 1
1889, 47
1890, 47
1891, 18
1892, 1
1893, 33
1894, 30
1895, 18
1896, 1
1897, 39
1898, 49
1899, 16
1900, 6
1901, 1
1902, 65
1903, 81
1904, 2
1905, 1
1906, 72
1907, 72
1908, 75
1909, 69
1910, 15
1911, 1
1912, 11
1913, 45
1914, 2
1915, 62
1916, 64
1917, 40
1918, 23
1919, 1
1920, 42
1921, 2
1922, 1
1923, 40
1924, 60
1925, 1
1926, 5
1927, 69
1928, 42
1929, 2
1930, 20
1931, 50
1932, 7
1933, 55
1934, 2
1935, 1
1936, 61
1937, 1
1938, 5
1939, 29
1940, 2
1941, 25
1942, 1
1943, 24
1944, 6
1945, 20
1946, 23
1947, 19
1948, 13
1949, 8
1950, 6
1951, 1
1952, 29
1953, 18
1954, 1
1955, 19
1956, 1
1957, 74
1958, 27
1959, 42
1960, 53
1961, 46
1962, 21
1963, 1
1964, 30
1965, 25
1966, 8
1967, 28
1968, 35
1969, 32
1970, 31
1971, 21
1972, 15
1973, 28
1974, 8
1975, 1
1976, 56
1977, 2
1978, 1
1979, 66
1980, 52
1981, 1
1982, 26
1983, 32
1984, 2
1985, 24
1986, 6
1987, 21
1988, 36
1989, 48
1990, 1
1991, 20
1992, 33
1993, 1
1994, 16
1995, 52
1996, 1
1997, 15
1998, 16
1999, 8
2000, 78
2001, 78
2002, 1
2003, 67
2004, 1
2005, 60
2006, 48
2007, 1
2008, 47
2009, 8
2010, 1
2011, 20
2012, 23
2013, 29
2014, 1
2015, 17
2016, 71
2017, 55
2018, 38
2019, 1
2020, 13
2021, 56
2022, 6
2023, 1
2024, 22
2025, 2
2026, 1
2027, 44
2028, 1
2029, 4
2030, 36
2031, 2
2032, 67
2033, 35
2034, 2
2035, 1
2036, 69
2037, 56
2038, 30
2039, 1
2040, 12
2041, 67
2042, 48
2043, 2
2044, 16
2045, 6
2046, 24
2047, 19
2048, 24
2049, 30
2050, 33
2051, 13
2052, 1
2053, 27
2054, 19
2055, 25
2056, 31
2057, 34
2058, 13
2059, 1
2060, 22
2061, 21
2062, 19
2063, 29
2064, 31
2065, 30
2066, 33
2067, 13
2068, 1
2069, 22
2070, 21
2071, 19
2072, 29
2073, 31
2074, 32
2075, 13
2076, 1
2077, 21
2078, 20
2079, 19
2080, 30
2081, 32
2082, 33
2083, 13
2084, 1
2085, 13
2086, 13
2087, 6
2088, 1
2089, 50
2090, 1
2091, 15
2092, 2
2093, 1
2094, 32
2095, 67
2096, 1
2097, 5
2098, 29
2099, 2
2100, 31
2101, 6
2102, 60
2103, 1
2104, 38
2105, 71
2106, 82
2107, 58
2108, 6
2109, 1
2110, 65
2111, 59
2112, 40
2113, 68
2114, 40
2115, 1
2116, 68
2117, 20
2118, 6
2119, 23
2120, 65
2121, 1
2122, 48
2123, 30
2124, 1
2125, 47
2126, 53
2127, 30
2128, 1
2129, 43
2130, 55
2131, 31
2132, 1
2133, 57
2134, 79
2135, 30
2136, 1
2137, 35
2138, 47
2139, 41
2140, 1
2141, 69
2142, 47
2143, 21
2144, 45
2145, 52
2146, 34
2147, 1
2148, 69
2149, 55
2150, 72
2151, 6
2152, 1
2153, 21
2154, 6
2155, 20
2156, 67
2157, 1
2158, 49
2159, 23
2160, 1
2161, 48
2162, 54
2163, 23
2164, 1
2165, 44
2166, 56
2167, 24
2168, 1
2169, 43
2170, 73
2171, 31
2172, 1
2173, 40
2174, 69
2175, 32
2176, 21
2177, 50
2178, 53
2179, 6
2180, 1
2181, 16
2182, 6
2183, 65
2184, 69
2185, 29
2186, 26
2187, 10
2188, 77
2189, 24
2190, 10
2191, 1
2192, 73
2193, 70
2194, 75
2195, 72
2196, 75
2197, 19
2198, 32
2199, 6
2200, 1
2201, 53
2202, 6
2203, 84
2204, 33
2205, 6
2206, 1
2207, 48
2208, 50
2209, 2
2210, 1
2211, 46
2212, 1
2213, 12
2214, 40
2215, 59
2216, 47
2217, 71
2218, 41
2219, 2
2220, 17
2221, 66
2222, 52
2223, 45
2224, 22
2225, 66
2226, 54
2227, 45
2228, 1
2229, 16
2230, 6
2231, 66
2232, 1
2233, 53
2234, 34
2235, 36
2236, 62
2237, 6
2238, 7
2239, 6
2240, 33
2241, 71
2242, 30
2243, 6
2244, 2
2245, 1
2246, 41
2247, 1
2248, 69
2249, 68
2250, 61
2251, 1
2252, 53
2253, 12
2254, 23
2255, 2
2256, 62
2257, 39
2258, 72
2259, 50
2260, 1
2261, 25
2262, 2
2263, 1
2264, 66
2265, 12
2266, 26
2267, 2
2268, 51
2269, 51
2270, 52
2271, 51
2272, 52
2273, 2
2274, 1
2275, 72
2276, 23
2277, 1
2278, 5
2279, 27
2280, 2
2281, 37
2282, 2
2283, 1
2284, 57
2285, 1
2286, 33
2287, 32
2288, 2
2289, 63
2290, 2
2291, 1
2292, 67
2293, 61
2294, 1
2295, 4
2296, 33
2297, 2
2298, 51
2299, 26
2300, 26
2301, 11
2302, 1
2303, 71
2304, 74
2305, 35
2306, 71
2307, 1
2308, 21
2309, 30
2310, 6
2311, 33
2312, 1
2313, 30
2314, 33
2315, 10
2316, 36
2317, 1
2318, 48
2319, 1
2320, 76
2321, 80
2322, 64
2323, 44
2324, 79
2325, 80
2326, 1
2327, 44
2328, 80
2329, 81
2330, 10
2331, 35
2332, 78
2333, 10
2334, 24
2335, 52
2336, 44
2337, 73
2338, 46
2339, 1
2340, 44
2341, 73
2342, 46
2343, 10
2344, 30
2345, 38
2346, 10
2347, 78
2348, 50
2349, 36
2350, 22
2351, 73
2352, 1
2353, 56
2354, 47
2355, 68
2356, 62
2357, 1
2358, 72
2359, 64
2360, 1
2361, 43
2362, 14
2363, 23
2364, 24
2365, 1
2366, 62
2367, 66
2368, 31
2369, 56
2370, 19
2371, 41
2372, 76
2373, 39
2374, 56
2375, 33
2376, 71
2377, 56
2378, 1
2379, 56
2380, 19
2381, 41
2382, 76
2383, 39
2384, 56
2385, 33
2386, 71
2387, 56
2388, 14
2389, 15
2390, 14
2391, 65
2392, 69
2393, 67
2394, 29
2395, 41
2396, 73
2397, 1
2398, 37
2399, 36
2400, 71
2401, 41
2402, 40
2403, 48
2404, 72
2405, 37
2406, 36
2407, 73
2408, 41
2409, 40
2410, 48
2411, 56
2412, 62
2413, 14
2414, 10
2415, 11
2416, 40
2417, 6
2418, 39
2419, 34
2420, 37
2421, 36
2422, 47
2423, 6
2424, 33
2425, 1
2426, 39
2427, 10
2428, 19
2429, 20
2430, 11
2431, 68
2432, 66
2433, 53
2434, 15
2435, 37
2436, 71
2437, 35
2438, 52
2439, 29
2440, 67
2441, 52
2442, 1
2443, 53
2444, 15
2445, 37
2446, 32
2447, 66
2448, 35
2449, 52
2450, 29
2451, 67
2452, 52
2453, 10
2454, 11
2455, 10
2456, 70
2457, 56
2458, 75
2459, 37
2460, 69
2461, 1
2462, 33
2463, 32
2464, 59
2465, 62
2466, 1
2467, 33
2468, 32
2469, 52
2470, 59
2471, 71
2472, 62
2473, 10
2474, 6
2475, 1
2476, 7
2477, 37
2478, 1
2479, 22
2480, 19
2481, 14
2482, 2
2483, 1
2484, 51
2485, 1
2486, 5
2487, 28
2488, 2
2489, 13
2490, 32
2491, 48
2492, 55
2493, 27
2494, 21
2495, 17
2496, 65
2497, 31
2498, 24
2499, 52
2500, 1
2501, 68
2502, 33
2503, 12
2504, 1
2505, 27
2506, 1
2507, 46
2508, 6
2509, 71
2510, 70
2511, 30
2512, 32
2513, 22
2514, 77
2515, 31
2516, 6
2517, 1
2518, 58
2519, 26
2520, 67
2521, 1
2522, 15
2523, 6
2524, 52
2525, 72
2526, 71
2527, 70
2528, 72
2529, 72
2530, 69
2531, 68
2532, 52
2533, 1
2534, 28
2535, 1
2536, 67
2537, 28
2538, 49
2539, 10
2540, 51
2541, 60
2542, 75
2543, 63
2544, 69
2545, 63
2546, 66
2547, 30
2548, 42
2549, 1
2550, 57
2551, 61
2552, 72
2553, 1
2554, 72
2555, 71
2556, 73
2557, 31
2558, 10
2559, 1
2560, 69
2561, 64
2562, 39
2563, 6
2564, 1
2565, 42
2566, 31
2567, 6
2568, 47
2569, 56
2570, 71
2571, 69
2572, 19
2573, 38
2574, 1
2575, 53
2576, 55
2577, 78
2578, 38
2579, 22
2580, 6
2581, 1
2582, 46
2583, 28
2584, 6
2585, 47
2586, 56
2587, 71
2588, 69
2589, 19
2590, 38
2591, 1
2592, 53
2593, 55
2594, 54
2595, 38
2596, 1
2597, 68
2598, 38
2599, 1
2600, 22
2601, 6
2602, 1
2603, 70
2604, 71
2605, 41
2606, 19
2607, 1
2608, 73
2609, 22
2610, 58
2611, 6
2612, 67
2613, 10
2614, 26
2615, 1
2616, 66
2617, 43
2618, 55
2619, 36
2620, 15
2621, 14
2622, 74
2623, 59
2624, 40
2625, 18
2626, 30
2627, 68
2628, 1
2629, 69
2630, 70
2631, 68
2632, 57
2633, 60
2634, 64
2635, 79
2636, 54
2637, 22
2638, 26
2639, 47
2640, 73
2641, 79
2642, 71
2643, 27
2644, 73
2645, 72
2646, 56
2647, 22
2648, 23
2649, 22
2650, 27
2651, 49
2652, 58
2653, 73
2654, 79
2655, 47
2656, 54
2657, 1
2658, 69
2659, 71
2660, 76
2661, 62
2662, 22
2663, 1
2664, 51
2665, 39
2666, 28
2667, 18
2668, 1
2669, 55
2670, 64
2671, 79
2672, 74
2673, 46
2674, 1
2675, 61
2676, 63
2677, 76
2678, 46
2679, 1
2680, 37
2681, 24
2682, 14
2683, 10
2684, 6
2685, 1
2686, 81
2687, 28
2688, 6
2689, 18
2690, 56
2691, 1
2692, 72
2693, 54
2694, 48
2695, 52
2696, 67
2697, 42
2698, 10
2699, 14
2700, 35
2701, 61
2702, 67
2703, 59
2704, 64
2705, 70
2706, 10
2707, 11
2708, 10
2709, 15
2710, 37
2711, 46
2712, 61
2713, 67
2714, 35
2715, 42
2716, 1
2717, 57
2718, 59
2719, 74
2720, 10
2721, 1
2722, 39
2723, 64
2724, 21
2725, 10
2726, 51
2727, 60
2728, 75
2729, 71
2730, 42
2731, 34
2732, 10
2733, 6
2734, 35
2735, 6
2736, 47
2737, 56
2738, 71
2739, 76
2740, 38
2741, 37
2742, 6
2743, 1
2744, 49
2745, 23
2746, 6
2747, 14
2748, 79
2749, 50
2750, 1
2751, 68
2752, 70
2753, 71
2754, 70
2755, 71
2756, 58
2757, 73
2758, 64
2759, 6
2760, 1
2761, 62
2762, 60
2763, 2
2764, 1
2765, 46
2766, 1
2767, 5
2768, 28
2769, 2
2770, 13
2771, 32
2772, 27
2773, 61
2774, 60
2775, 11
2776, 66
2777, 45
2778, 74
2779, 40
2780, 31
2781, 24
2782, 1
2783, 33
2784, 12
2785, 1
2786, 46
2787, 6
2788, 71
2789, 70
2790, 30
2791, 32
2792, 22
2793, 77
2794, 31
2795, 6
2796, 1
2797, 42
2798, 26
2799, 67
2800, 1
2801, 72
2802, 24
2803, 18
2804, 38
2805, 16
2806, 65
2807, 8
2808, 24
2809, 1
2810, 41
2811, 34
2812, 13
2813, 17
2814, 8
2815, 1
2816, 67
2817, 41
2818, 25
2819, 25
2820, 1
2821, 69
2822, 15
2823, 42
2824, 31
2825, 16
2826, 65
2827, 8
2828, 18
2829, 1
2830, 29
2831, 12
2832, 71
2833, 69
2834, 46
2835, 55
2836, 70
2837, 71
2838, 51
2839, 33
2840, 12
2841, 1
2842, 61
2843, 74
2844, 57
2845, 70
2846, 1
2847, 66
2848, 64
2849, 25
2850, 76
2851, 8
2852, 1
2853, 50
2854, 28
2855, 6
2856, 16
2857, 1
2858, 27
2859, 10
2860, 44
2861, 53
2862, 68
2863, 69
2864, 31
2865, 10
2866, 1
2867, 33
2868, 72
2869, 55
2870, 11
2871, 47
2872, 77
2873, 64
2874, 62
2875, 43
2876, 25
2877, 76
2878, 6
2879, 1
2880, 72
2881, 73
2882, 73
2883, 68
2884, 70
2885, 72
2886, 46
2887, 54
2888, 35
2889, 1
2890, 45
2891, 28
2892, 6
2893, 16
2894, 1
2895, 57
2896, 1
2897, 61
2898, 59
2899, 72
2900, 55
2901, 54
2902, 1
2903, 64
2904, 62
2905, 23
2906, 74
2907, 6
2908, 42
2909, 6
2910, 57
2911, 1
2912, 67
2913, 52
2914, 1
2915, 71
2916, 18
2917, 31
2918, 1
2919, 40
2920, 49
2921, 73
2922, 6
2923, 1
2924, 56
2925, 71
2926, 42
2927, 47
2928, 6
2929, 44
2930, 10
2931, 19
2932, 20
2933, 66
2934, 37
2935, 55
2936, 68
2937, 59
2938, 47
2939, 1
2940, 68
2941, 66
2942, 27
2943, 78
2944, 1
2945, 52
2946, 52
2947, 58
2948, 72
2949, 38
2950, 10
2951, 11
2952, 35
2953, 1
2954, 14
2955, 6
2956, 1
2957, 70
2958, 15
2959, 20
2960, 6
2961, 71
2962, 35
2963, 10
2964, 19
2965, 66
2966, 20
2967, 1
2968, 37
2969, 55
2970, 68
2971, 59
2972, 47
2973, 1
2974, 68
2975, 66
2976, 27
2977, 78
2978, 10
2979, 1
2980, 40
2981, 49
2982, 76
2983, 6
2984, 1
2985, 76
2986, 40
2987, 46
2988, 46
2989, 52
2990, 66
2991, 30
2992, 2
2993, 1
2994, 72
2995, 1
2996, 4
2997, 58
2998, 2
2999, 34
3000, 13
3001, 17
3002, 9
3003, 30
3004, 34
3005, 22
3006, 1
3007, 37
3008, 31
3009, 1
3010, 32
3011, 1
3012, 73
3013, 73
3014, 68
3015, 18
3016, 53
3017, 1
3018, 37
3019, 64
3020, 1
3021, 44
3022, 6
3023, 35
3024, 77
3025, 15
3026, 6
3027, 1
3028, 45
3029, 27
3030, 64
3031, 22
3032, 1
3033, 39
3034, 6
3035, 39
3036, 62
3037, 64
3038, 26
3039, 6
3040, 1
3041, 43
3042, 2
3043, 1
3044, 73
3045, 56
3046, 1
3047, 4
3048, 63
3049, 43
3050, 2
3051, 34
3052, 13
3053, 17
3054, 9
3055, 12
3056, 32
3057, 34
3058, 22
3059, 1
3060, 38
3061, 28
3062, 1
3063, 68
3064, 33
3065, 1
3066, 33
3067, 1
3068, 73
3069, 73
3070, 62
3071, 18
3072, 6
3073, 71
3074, 1
3075, 26
3076, 10
3077, 34
3078, 29
3079, 44
3080, 23
3081, 10
3082, 1
3083, 71
3084, 23
3085, 29
3086, 1
3087, 32
3088, 59
3089, 77
3090, 25
3091, 10
3092, 41
3093, 56
3094, 10
3095, 6
3096, 7
3097, 6
3098, 60
3099, 25
3100, 33
3101, 52
3102, 70
3103, 74
3104, 53
3105, 26
3106, 1
3107, 73
3108, 72
3109, 25
3110, 25
3111, 54
3112, 1
3113, 26
3114, 10
3115, 29
3116, 46
3117, 51
3118, 57
3119, 69
3120, 19
3121, 1
3122, 29
3123, 58
3124, 1
3125, 75
3126, 33
3127, 53
3128, 58
3129, 10
3130, 1
3131, 43
3132, 10
3133, 33
3134, 78
3135, 57
3136, 29
3137, 62
3138, 30
3139, 10
3140, 6
3141, 1
3142, 55
3143, 1
3144, 72
3145, 62
3146, 72
3147, 69
3148, 64
3149, 69
3150, 70
3151, 70
3152, 19
3153, 21
3154, 6
3155, 26
3156, 10
3157, 74
3158, 64
3159, 38
3160, 70
3161, 68
3162, 27
3163, 62
3164, 52
3165, 10
3166, 1
3167, 38
3168, 6
3169, 1
3170, 15
3171, 2
3172, 1
3173, 73
3174, 1
3175, 5
3176, 40
3177, 2
3178, 17
3179, 1
3180, 27
3181, 21
3182, 1
3183, 69
3184, 57
3185, 20
3186, 61
3187, 6
3188, 66
3189, 1
3190, 37
3191, 1
3192, 64
3193, 71
3194, 23
3195, 35
3196, 36
3197, 37
3198, 10
3199, 35
3200, 14
3201, 68
3202, 68
3203, 51
3204, 31
3205, 45
3206, 58
3207, 80
3208, 40
3209, 63
3210, 40
3211, 54
3212, 54
3213, 63
3214, 69
3215, 23
3216, 14
3217, 15
3218, 14
3219, 68
3220, 71
3221, 70
3222, 70
3223, 68
3224, 69
3225, 71
3226, 69
3227, 67
3228, 59
3229, 36
3230, 1
3231, 45
3232, 58
3233, 62
3234, 61
3235, 40
3236, 63
3237, 40
3238, 54
3239, 54
3240, 63
3241, 69
3242, 45
3243, 1
3244, 70
3245, 56
3246, 57
3247, 38
3248, 24
3249, 14
3250, 10
3251, 11
3252, 71
3253, 22
3254, 51
3255, 1
3256, 47
3257, 6
3258, 2
3259, 1
3260, 67
3261, 66
3262, 71
3263, 70
3264, 1
3265, 5
3266, 45
3267, 2
3268, 27
3269, 6
3270, 29
3271, 37
3272, 29
3273, 6
3274, 2
3275, 1
3276, 53
3277, 73
3278, 69
3279, 16
3280, 1
3281, 12
3282, 43
3283, 2
3284, 13
3285, 31
3286, 13
3287, 2
3288, 1
3289, 50
3290, 1
3291, 5
3292, 47
3293, 2
3294, 43
3295, 1
3296, 31
3297, 6
3298, 40
3299, 22
3300, 54
3301, 32
3302, 1
3303, 26
3304, 51
3305, 61
3306, 6
3307, 7
3308, 39
3309, 2
3310, 1
3311, 49
3312, 1
3313, 5
3314, 50
3315, 2
3316, 31
3317, 6
3318, 33
3319, 1
3320, 27
3321, 52
3322, 80
3323, 6
3324, 7
3325, 31
3326, 2
3327, 1
3328, 52
3329, 1
3330, 5
3331, 54
3332, 2
3333, 29
3334, 6
3335, 13
3336, 1
3337, 17
3338, 34
3339, 46
3340, 48
3341, 46
3342, 35
3343, 32
3344, 10
3345, 30
3346, 35
3347, 17
3348, 1
3349, 33
3350, 37
3351, 17
3352, 1
3353, 34
3354, 29
3355, 38
3356, 15
3357, 36
3358, 17
3359, 1
3360, 37
3361, 29
3362, 53
3363, 15
3364, 48
3365, 17
3366, 1
3367, 17
3368, 30
3369, 10
3370, 19
3371, 1
3372, 13
3373, 20
3374, 6
3375, 2
3376, 1
3377, 52
3378, 1
3379, 11
3380, 53
3381, 54
3382, 2
3383, 56
3384, 2
3385, 1
3386, 58
3387, 1
3388, 12
3389, 50
3390, 70
3391, 57
3392, 52
3393, 46
3394, 2
3395, 40
3396, 6
3397, 58
3398, 48
3399, 43
3400, 6
3401, 1
3402, 21
3403, 27
3404, 68
3405, 56
3406, 2
3407, 1
3408, 62
3409, 67
3410, 1
3411, 12
3412, 62
3413, 59
3414, 53
3415, 2
3416, 56
3417, 55
3418, 2
3419, 1
3420, 1
3421, 11
3422, 69
3423, 64
3424, 2
3425, 44
3426, 56
3427, 49
3428, 51
3429, 27
3430, 7
3431, 14
3432, 2
3433, 1
3434, 51
3435, 1
3436, 12
3437, 67
3438, 2
3439, 24
3440, 17
3441, 10
3442, 1
3443, 32
3444, 47
3445, 1
3446, 73
3447, 72
3448, 16
3449, 11
3450, 28
3451, 68
3452, 60
3453, 31
3454, 1
3455, 51
3456, 6
3457, 33
3458, 1
3459, 71
3460, 67
3461, 72
3462, 37
3463, 71
3464, 31
3465, 70
3466, 25
3467, 6
3468, 1
3469, 50
3470, 6
3471, 33
3472, 1
3473, 71
3474, 31
3475, 70
3476, 25
3477, 6
3478, 1
3479, 31
3480, 71
3481, 63
3482, 31
3483, 2
3484, 1
3485, 6
3486, 66
3487, 73
3488, 45
3489, 1
3490, 30
3491, 1
3492, 14
3493, 17
3494, 2
3495, 23
3496, 2
3497, 1
3498, 28
3499, 1
3500, 13
3501, 17
3502, 2
3503, 39
3504, 2
3505, 1
3506, 21
3507, 1
3508, 4
3509, 20
3510, 2
3511, 22
3512, 2
3513, 1
3514, 29
3515, 1
3516, 4
3517, 30
3518, 2
3519, 28
3520, 2
3521, 1
3522, 23
3523, 1
3524, 4
3525, 20
3526, 2
3527, 40
3528, 2
3529, 1
3530, 73
3531, 39
3532, 1
3533, 21
3534, 1
3535, 4
3536, 21
3537, 2
3538, 27
3539, 2
3540, 1
3541, 21
3542, 1
3543, 4
3544, 21
3545, 2
3546, 27
3547, 2
3548, 7
3549, 1
3550, 21
3551, 1
3552, 3
3553, 20
3554, 29
3555, 23
3556, 8
3557, 4
