1, 71
2, 62
3, 1
4, 48
5, 1
6, 63
7, 72
8, 71
9, 22
10, 1
11, 58
12, 66
13, 65
14, 48
15, 1
16, 69
17, 59
18, 62
19, 35
20, 1
21, 74
22, 75
23, 72
24, 50
25, 1
26, 18
27, 1
28, 19
29, 16
30, 24
31, 30
32, 1
33, 16
34, 60
35, 7
36, 1
37, 68
38, 70
39, 32
40, 31
41, 1
42, 78
43, 42
44, 72
45, 1
46, 72
47, 73
48, 74
49, 74
50, 48
51, 1
52, 15
53, 3
54, 26
55, 1
56, 71
57, 12
58, 26
59, 1
60, 74
61, 75
62, 63
63, 74
64, 57
65, 39
66, 25
67, 1
68, 74
69, 71
70, 72
71, 35
72, 1
73, 15
74, 3
75, 37
76, 26
77, 26
78, 1
79, 21
80, 53
81, 1
82, 44
83, 59
84, 1
85, 66
86, 61
87, 1
88, 66
89, 62
90, 38
91, 1
92, 68
93, 68
94, 47
95, 49
96, 1
97, 75
98, 74
99, 68
100, 71
101, 40
102, 36
103, 1
104, 56
105, 1
106, 75
107, 69
108, 75
109, 59
110, 39
111, 1
112, 70
113, 71
114, 34
115, 38
116, 1
117, 75
118, 32
119, 44
120, 1
121, 26
122, 64
123, 1
124, 56
125, 3
126, 65
127, 55
128, 4
129, 1
130, 59
131, 3
132, 56
133, 64
134, 4
135, 1
136, 37
137, 71
138, 42
139, 54
140, 66
141, 51
142, 66
143, 61
144, 31
145, 30
146, 73
147, 72
148, 44
149, 60
150, 66
151, 52
152, 75
153, 75
154, 65
155, 52
156, 76
157, 64
158, 37
159, 53
160, 37
161, 39
162, 38
163, 55
164, 58
165, 66
166, 57
167, 69
168, 1
169, 19
170, 1
171, 5
172, 22
173, 2
174, 17
175, 1
176, 68
177, 18
178, 36
179, 1
180, 72
181, 74
182, 67
183, 18
184, 45
185, 40
186, 1
187, 31
188, 1
189, 67
190, 1
191, 70
192, 64
193, 6
194, 48
195, 1
196, 72
197, 21
198, 27
199, 10
200, 69
201, 53
202, 57
203, 14
204, 27
205, 1
206, 48
207, 1
208, 71
209, 70
210, 70
211, 66
212, 47
213, 18
214, 62
215, 22
216, 54
217, 61
218, 57
219, 55
220, 69
221, 66
222, 62
223, 22
224, 23
225, 22
226, 68
227, 69
228, 74
229, 71
230, 75
231, 57
232, 79
233, 63
234, 52
235, 73
236, 62
237, 1
238, 72
239, 48
240, 41
241, 73
242, 1
243, 71
244, 74
245, 47
246, 43
247, 56
248, 47
249, 22
250, 18
251, 19
252, 18
253, 66
254, 75
255, 41
256, 43
257, 39
258, 52
259, 43
260, 18
261, 14
262, 10
263, 6
264, 1
265, 64
266, 44
267, 37
268, 2
269, 1
270, 75
271, 73
272, 71
273, 72
274, 76
275, 24
276, 1
277, 12
278, 39
279, 2
280, 17
281, 64
282, 6
283, 48
284, 1
285, 26
286, 52
287, 61
288, 10
289, 42
290, 49
291, 45
292, 43
293, 1
294, 74
295, 31
296, 51
297, 54
298, 50
299, 1
300, 70
301, 47
302, 67
303, 10
304, 6
305, 2
306, 1
307, 70
308, 75
309, 67
310, 1
311, 75
312, 72
313, 72
314, 68
315, 1
316, 5
317, 58
318, 2
319, 55
320, 36
321, 1
322, 43
323, 30
324, 6
325, 24
326, 10
327, 39
328, 38
329, 15
330, 36
331, 10
332, 25
333, 36
334, 11
335, 48
336, 6
337, 1
338, 59
339, 37
340, 2
341, 1
342, 73
343, 64
344, 70
345, 72
346, 73
347, 18
348, 1
349, 4
350, 38
351, 2
352, 30
353, 26
354, 32
355, 1
356, 73
357, 73
358, 74
359, 72
360, 70
361, 27
362, 9
363, 70
364, 69
365, 64
366, 73
367, 39
368, 47
369, 28
370, 68
371, 30
372, 33
373, 69
374, 22
375, 68
376, 25
377, 2
378, 1
379, 79
380, 1
381, 5
382, 33
383, 2
384, 75
385, 47
386, 1
387, 49
388, 41
389, 6
390, 24
391, 10
392, 20
393, 19
394, 29
395, 10
396, 1
397, 29
398, 10
399, 46
400, 51
401, 57
402, 10
403, 11
404, 10
405, 49
406, 54
407, 60
408, 10
409, 6
410, 7
411, 39
412, 28
413, 2
414, 1
415, 48
416, 1
417, 5
418, 42
419, 2
420, 30
421, 28
422, 1
423, 70
424, 73
425, 73
426, 61
427, 72
428, 71
429, 40
430, 42
431, 6
432, 46
433, 29
434, 1
435, 61
436, 40
437, 77
438, 34
439, 1
440, 61
441, 32
442, 10
443, 62
444, 65
445, 10
446, 1
447, 47
448, 6
449, 2
450, 1
451, 72
452, 75
453, 73
454, 49
455, 1
456, 68
457, 73
458, 73
459, 70
460, 42
461, 1
462, 5
463, 26
464, 2
465, 17
466, 1
467, 61
468, 6
469, 52
470, 1
471, 23
472, 10
473, 55
474, 1
475, 70
476, 1
477, 68
478, 75
479, 32
480, 71
481, 74
482, 29
483, 1
484, 73
485, 29
486, 51
487, 10
488, 51
489, 10
490, 76
491, 47
492, 31
493, 1
494, 75
495, 73
496, 73
497, 72
498, 72
499, 74
500, 72
501, 74
502, 75
503, 37
504, 10
505, 6
506, 2
507, 1
508, 37
509, 1
510, 11
511, 46
512, 2
513, 73
514, 60
515, 27
516, 6
517, 23
518, 29
519, 33
520, 36
521, 35
522, 32
523, 39
524, 42
525, 41
526, 38
527, 29
528, 29
529, 29
530, 30
531, 33
532, 33
533, 33
534, 30
535, 30
536, 29
537, 33
538, 36
539, 35
540, 32
541, 32
542, 32
543, 36
544, 39
545, 38
546, 35
547, 35
548, 35
549, 36
550, 39
551, 38
552, 35
553, 35
554, 38
555, 37
556, 34
557, 33
558, 36
559, 35
560, 32
561, 58
562, 16
563, 1
564, 33
565, 70
566, 38
567, 50
568, 74
569, 13
570, 1
571, 72
572, 59
573, 13
574, 8
575, 6
576, 1
577, 12
578, 2
579, 1
580, 50
581, 1
582, 12
583, 49
584, 2
585, 23
586, 58
587, 21
588, 63
589, 61
590, 1
591, 72
592, 31
593, 22
594, 6
595, 30
596, 10
597, 27
598, 37
599, 40
600, 39
601, 36
602, 75
603, 67
604, 69
605, 75
606, 66
607, 70
608, 66
609, 26
610, 56
611, 17
612, 1
613, 37
614, 40
615, 39
616, 36
617, 39
618, 42
619, 41
620, 38
621, 21
622, 18
623, 1
624, 17
625, 12
626, 10
627, 1
628, 68
629, 30
630, 30
631, 10
632, 27
633, 48
634, 17
635, 1
636, 37
637, 58
638, 17
639, 1
640, 40
641, 61
642, 17
643, 1
644, 39
645, 60
646, 17
647, 1
648, 36
649, 57
650, 17
651, 1
652, 35
653, 73
654, 54
655, 65
656, 56
657, 48
658, 17
659, 1
660, 33
661, 66
662, 69
663, 70
664, 67
665, 78
666, 57
667, 17
668, 1
669, 33
670, 43
671, 46
672, 45
673, 42
674, 34
675, 17
676, 1
677, 17
678, 75
679, 27
680, 54
681, 58
682, 17
683, 10
684, 1
685, 14
686, 6
687, 1
688, 73
689, 70
690, 37
691, 53
692, 6
693, 51
694, 58
695, 1
696, 31
697, 10
698, 37
699, 69
700, 17
701, 1
702, 40
703, 35
704, 35
705, 73
706, 52
707, 17
708, 1
709, 39
710, 35
711, 35
712, 73
713, 52
714, 17
715, 1
716, 36
717, 35
718, 35
719, 73
720, 52
721, 17
722, 1
723, 34
724, 34
725, 69
726, 17
727, 1
728, 34
729, 69
730, 17
731, 1
732, 37
733, 35
734, 77
735, 17
736, 1
737, 37
738, 35
739, 77
740, 17
741, 1
742, 40
743, 72
744, 52
745, 17
746, 1
747, 27
748, 44
749, 17
750, 1
751, 35
752, 75
753, 74
754, 30
755, 37
756, 31
757, 1
758, 33
759, 41
760, 14
761, 74
762, 75
763, 68
764, 58
765, 18
766, 71
767, 64
768, 73
769, 76
770, 64
771, 75
772, 18
773, 1
774, 39
775, 64
776, 56
777, 38
778, 21
779, 14
780, 31
781, 1
782, 17
783, 71
784, 73
785, 37
786, 54
787, 61
788, 10
789, 25
790, 6
791, 2
792, 1
793, 52
794, 1
795, 12
796, 59
797, 66
798, 44
799, 2
800, 73
801, 19
802, 1
803, 47
804, 17
805, 1
806, 36
807, 51
808, 1
809, 55
810, 25
811, 1
812, 74
813, 39
814, 39
815, 1
816, 27
817, 15
818, 19
819, 26
820, 35
821, 32
822, 30
823, 64
824, 57
825, 1
826, 55
827, 1
828, 33
829, 1
830, 48
831, 26
832, 26
833, 1
834, 28
835, 22
836, 49
837, 1
838, 35
839, 51
840, 30
841, 1
842, 74
843, 1
844, 17
845, 68
846, 28
847, 1
848, 75
849, 58
850, 1
851, 29
852, 6
853, 44
854, 44
855, 72
856, 73
857, 17
858, 37
859, 33
860, 27
861, 1
862, 42
863, 42
864, 73
865, 70
866, 22
867, 74
868, 54
869, 63
870, 74
871, 54
872, 61
873, 1
874, 70
875, 69
876, 72
877, 71
878, 51
879, 35
880, 31
881, 40
882, 78
883, 57
884, 30
885, 1
886, 75
887, 69
888, 20
889, 64
890, 77
891, 25
892, 13
893, 1
894, 43
895, 45
896, 42
897, 24
898, 25
899, 1
900, 42
901, 42
902, 44
903, 44
904, 46
905, 35
906, 43
907, 52
908, 45
909, 78
910, 58
911, 30
912, 1
913, 47
914, 37
915, 44
916, 52
917, 44
918, 78
919, 47
920, 30
921, 1
922, 41
923, 41
924, 74
925, 53
926, 47
927, 30
928, 1
929, 70
930, 29
931, 24
932, 10
933, 66
934, 62
935, 55
936, 47
937, 55
938, 78
939, 44
940, 55
941, 44
942, 52
943, 10
944, 1
945, 25
946, 13
947, 1
948, 42
949, 44
950, 46
951, 35
952, 43
953, 52
954, 45
955, 79
956, 58
957, 30
958, 1
959, 51
960, 37
961, 44
962, 52
963, 45
964, 79
965, 58
966, 30
967, 1
968, 47
969, 41
970, 44
971, 52
972, 44
973, 79
974, 47
975, 30
976, 1
977, 41
978, 41
979, 74
980, 53
981, 47
982, 30
983, 1
984, 70
985, 29
986, 24
987, 10
988, 66
989, 63
990, 55
991, 46
992, 54
993, 78
994, 44
995, 55
996, 47
997, 55
998, 82
999, 44
1000, 55
1001, 44
1002, 52
1003, 10
1004, 1
1005, 26
1006, 13
1007, 1
1008, 43
1009, 45
1010, 42
1011, 24
1012, 25
1013, 1
1014, 42
1015, 44
1016, 46
1017, 35
1018, 43
1019, 52
1020, 45
1021, 79
1022, 58
1023, 30
1024, 1
1025, 56
1026, 37
1027, 44
1028, 52
1029, 45
1030, 79
1031, 58
1032, 30
1033, 1
1034, 47
1035, 41
1036, 44
1037, 52
1038, 45
1039, 79
1040, 58
1041, 30
1042, 1
1043, 47
1044, 41
1045, 44
1046, 52
1047, 44
1048, 79
1049, 47
1050, 30
1051, 1
1052, 41
1053, 42
1054, 74
1055, 53
1056, 47
1057, 30
1058, 1
1059, 70
1060, 29
1061, 24
1062, 10
1063, 66
1064, 63
1065, 55
1066, 43
1067, 51
1068, 78
1069, 45
1070, 55
1071, 46
1072, 54
1073, 82
1074, 44
1075, 55
1076, 47
1077, 55
1078, 82
1079, 44
1080, 55
1081, 44
1082, 52
1083, 10
1084, 1
1085, 26
1086, 13
1087, 1
1088, 39
1089, 39
1090, 24
1091, 27
1092, 1
1093, 38
1094, 35
1095, 8
1096, 70
1097, 73
1098, 53
1099, 1
1100, 38
1101, 1
1102, 48
1103, 72
1104, 64
1105, 56
1106, 45
1107, 41
1108, 52
1109, 44
1110, 55
1111, 1
1112, 58
1113, 75
1114, 76
1115, 38
1116, 45
1117, 44
1118, 52
1119, 47
1120, 58
1121, 1
1122, 49
1123, 43
1124, 64
1125, 80
1126, 38
1127, 45
1128, 45
1129, 52
1130, 48
1131, 59
1132, 1
1133, 49
1134, 43
1135, 64
1136, 80
1137, 38
1138, 45
1139, 42
1140, 52
1141, 45
1142, 56
1143, 1
1144, 28
1145, 15
1146, 8
1147, 1
1148, 39
1149, 39
1150, 24
1151, 27
1152, 1
1153, 38
1154, 35
1155, 8
1156, 65
1157, 1
1158, 38
1159, 1
1160, 42
1161, 72
1162, 64
1163, 56
1164, 45
1165, 45
1166, 52
1167, 48
1168, 51
1169, 47
1170, 55
1171, 45
1172, 59
1173, 1
1174, 49
1175, 39
1176, 64
1177, 76
1178, 38
1179, 45
1180, 42
1181, 52
1182, 45
1183, 51
1184, 44
1185, 55
1186, 42
1187, 56
1188, 1
1189, 27
1190, 15
1191, 8
1192, 1
1193, 41
1194, 41
1195, 35
1196, 31
1197, 44
1198, 72
1199, 47
1200, 30
1201, 24
1202, 64
1203, 56
1204, 48
1205, 25
1206, 13
1207, 1
1208, 35
1209, 35
1210, 35
1211, 31
1212, 66
1213, 47
1214, 30
1215, 24
1216, 18
1217, 25
1218, 13
1219, 1
1220, 42
1221, 42
1222, 43
1223, 1
1224, 44
1225, 38
1226, 27
1227, 1
1228, 36
1229, 24
1230, 27
1231, 1
1232, 41
1233, 41
1234, 8
1235, 38
1236, 1
1237, 37
1238, 33
1239, 48
1240, 77
1241, 60
1242, 1
1243, 42
1244, 39
1245, 46
1246, 41
1247, 46
1248, 74
1249, 53
1250, 26
1251, 12
1252, 68
1253, 60
1254, 49
1255, 55
1256, 55
1257, 51
1258, 59
1259, 49
1260, 69
1261, 80
1262, 46
1263, 49
1264, 52
1265, 55
1266, 48
1267, 59
1268, 46
1269, 66
1270, 12
1271, 27
1272, 8
1273, 13
1274, 1
1275, 41
1276, 41
1277, 8
1278, 38
1279, 1
1280, 37
1281, 33
1282, 48
1283, 77
1284, 60
1285, 1
1286, 45
1287, 39
1288, 46
1289, 41
1290, 47
1291, 75
1292, 61
1293, 1
1294, 42
1295, 43
1296, 46
1297, 41
1298, 46
1299, 74
1300, 53
1301, 26
1302, 12
1303, 68
1304, 60
1305, 54
1306, 80
1307, 80
1308, 84
1309, 77
1310, 12
1311, 27
1312, 8
1313, 13
1314, 1
1315, 42
1316, 42
1317, 43
1318, 1
1319, 44
1320, 38
1321, 27
1322, 1
1323, 36
1324, 24
1325, 27
1326, 1
1327, 41
1328, 41
1329, 8
1330, 38
1331, 1
1332, 37
1333, 33
1334, 48
1335, 77
1336, 60
1337, 1
1338, 50
1339, 39
1340, 46
1341, 41
1342, 47
1343, 75
1344, 61
1345, 1
1346, 49
1347, 43
1348, 46
1349, 41
1350, 47
1351, 75
1352, 61
1353, 1
1354, 42
1355, 43
1356, 46
1357, 41
1358, 46
1359, 74
1360, 53
1361, 26
1362, 12
1363, 68
1364, 60
1365, 49
1366, 51
1367, 55
1368, 47
1369, 59
1370, 45
1371, 65
1372, 80
1373, 46
1374, 49
1375, 54
1376, 55
1377, 50
1378, 59
1379, 48
1380, 68
1381, 66
1382, 39
1383, 46
1384, 49
1385, 55
1386, 55
1387, 51
1388, 59
1389, 49
1390, 69
1391, 66
1392, 39
1393, 47
1394, 49
1395, 52
1396, 55
1397, 48
1398, 59
1399, 46
1400, 66
1401, 12
1402, 28
1403, 8
1404, 13
1405, 1
1406, 13
1407, 36
1408, 6
1409, 1
1410, 34
1411, 21
1412, 2
1413, 1
1414, 75
1415, 14
1416, 1
1417, 21
1418, 73
1419, 2
1420, 15
1421, 6
1422, 29
1423, 30
1424, 13
1425, 1
1426, 29
1427, 29
1428, 30
1429, 13
1430, 1
1431, 33
1432, 53
1433, 13
1434, 1
1435, 30
1436, 31
1437, 13
1438, 1
1439, 33
1440, 54
1441, 13
1442, 1
1443, 33
1444, 54
1445, 13
1446, 1
1447, 33
1448, 54
1449, 13
1450, 1
1451, 30
1452, 30
1453, 31
1454, 13
1455, 1
1456, 13
1457, 22
1458, 6
1459, 1
1460, 17
1461, 2
1462, 1
1463, 71
1464, 35
1465, 1
1466, 12
1467, 69
1468, 34
1469, 2
1470, 23
1471, 1
1472, 20
1473, 1
1474, 17
1475, 6
1476, 29
1477, 41
1478, 68
1479, 13
1480, 1
1481, 29
1482, 49
1483, 66
1484, 13
1485, 1
1486, 29
1487, 41
1488, 68
1489, 13
1490, 1
1491, 33
1492, 51
1493, 67
1494, 25
1495, 62
1496, 13
1497, 1
1498, 30
1499, 49
1500, 67
1501, 13
1502, 1
1503, 33
1504, 51
1505, 67
1506, 24
1507, 59
1508, 13
1509, 1
1510, 33
1511, 51
1512, 67
1513, 24
1514, 61
1515, 13
1516, 1
1517, 33
1518, 51
1519, 67
1520, 24
1521, 61
1522, 13
1523, 1
1524, 30
1525, 51
1526, 67
1527, 13
1528, 1
1529, 30
1530, 42
1531, 70
1532, 13
1533, 1
1534, 29
1535, 31
1536, 65
1537, 61
1538, 55
1539, 71
1540, 13
1541, 1
1542, 75
1543, 21
1544, 32
1545, 35
1546, 36
1547, 33
1548, 38
1549, 41
1550, 42
1551, 39
1552, 1
1553, 36
1554, 13
1555, 1
1556, 51
1557, 23
1558, 13
1559, 1
1560, 13
1561, 24
1562, 6
1563, 1
1564, 11
1565, 6
1566, 16
1567, 63
1568, 11
1569, 27
1570, 6
1571, 2
1572, 1
1573, 74
1574, 71
1575, 75
1576, 1
1577, 21
1578, 72
1579, 52
1580, 2
1581, 28
1582, 1
1583, 72
1584, 60
1585, 49
1586, 27
1587, 47
1588, 20
1589, 33
1590, 24
1591, 23
1592, 7
1593, 6
1594, 70
1595, 43
1596, 69
1597, 1
1598, 13
1599, 75
1600, 37
1601, 6
1602, 1
1603, 23
1604, 2
1605, 1
1606, 74
1607, 23
1608, 1
1609, 11
1610, 77
1611, 2
1612, 29
1613, 38
1614, 1
1615, 17
1616, 6
1617, 42
1618, 10
1619, 45
1620, 56
1621, 14
1622, 32
1623, 57
1624, 24
1625, 14
1626, 10
1627, 1
1628, 25
1629, 10
1630, 45
1631, 56
1632, 14
1633, 32
1634, 40
1635, 24
1636, 14
1637, 10
1638, 1
1639, 41
1640, 52
1641, 10
1642, 28
1643, 33
1644, 20
1645, 10
1646, 6
1647, 1
1648, 30
1649, 6
1650, 41
1651, 52
1652, 10
1653, 28
1654, 33
1655, 20
1656, 10
1657, 6
1658, 1
1659, 30
1660, 6
1661, 42
1662, 10
1663, 45
1664, 56
1665, 14
1666, 32
1667, 57
1668, 24
1669, 14
1670, 10
1671, 25
1672, 10
1673, 45
1674, 56
1675, 14
1676, 32
1677, 40
1678, 24
1679, 14
1680, 10
1681, 41
1682, 52
1683, 10
1684, 28
1685, 33
1686, 20
1687, 10
1688, 6
1689, 1
1690, 30
1691, 6
1692, 42
1693, 10
1694, 45
1695, 65
1696, 56
1697, 14
1698, 33
1699, 57
1700, 24
1701, 14
1702, 10
1703, 25
1704, 10
1705, 28
1706, 56
1707, 14
1708, 33
1709, 40
1710, 24
1711, 14
1712, 10
1713, 41
1714, 39
1715, 52
1716, 10
1717, 29
1718, 33
1719, 20
1720, 10
1721, 6
1722, 1
1723, 30
1724, 6
1725, 42
1726, 10
1727, 45
1728, 43
1729, 56
1730, 14
1731, 32
1732, 57
1733, 24
1734, 14
1735, 10
1736, 1
1737, 25
1738, 10
1739, 47
1740, 56
1741, 14
1742, 32
1743, 40
1744, 24
1745, 14
1746, 10
1747, 1
1748, 41
1749, 39
1750, 52
1751, 10
1752, 28
1753, 33
1754, 20
1755, 10
1756, 6
1757, 1
1758, 30
1759, 6
1760, 42
1761, 10
1762, 45
1763, 43
1764, 56
1765, 14
1766, 33
1767, 57
1768, 24
1769, 14
1770, 10
1771, 1
1772, 25
1773, 10
1774, 47
1775, 56
1776, 14
1777, 33
1778, 40
1779, 24
1780, 14
1781, 10
1782, 1
1783, 41
1784, 39
1785, 52
1786, 10
1787, 29
1788, 33
1789, 20
1790, 10
1791, 6
1792, 1
1793, 54
1794, 6
1795, 66
1796, 10
1797, 29
1798, 20
1799, 20
1800, 10
1801, 1
1802, 41
1803, 52
1804, 10
1805, 29
1806, 21
1807, 20
1808, 10
1809, 1
1810, 41
1811, 52
1812, 10
1813, 29
1814, 21
1815, 20
1816, 10
1817, 1
1818, 41
1819, 52
1820, 10
1821, 29
1822, 21
1823, 20
1824, 10
1825, 6
1826, 1
1827, 30
1828, 6
1829, 42
1830, 10
1831, 45
1832, 56
1833, 14
1834, 32
1835, 57
1836, 24
1837, 14
1838, 10
1839, 25
1840, 10
1841, 45
1842, 56
1843, 14
1844, 32
1845, 40
1846, 24
1847, 14
1848, 10
1849, 41
1850, 52
1851, 10
1852, 28
1853, 33
1854, 20
1855, 10
1856, 6
1857, 1
1858, 75
1859, 73
1860, 67
1861, 70
1862, 75
1863, 74
1864, 73
1865, 74
1866, 50
1867, 6
1868, 38
1869, 19
1870, 1
1871, 69
1872, 10
1873, 38
1874, 55
1875, 42
1876, 19
1877, 10
1878, 1
1879, 31
1880, 10
1881, 28
1882, 32
1883, 22
1884, 10
1885, 6
1886, 1
1887, 12
1888, 2
1889, 1
1890, 60
1891, 1
1892, 11
1893, 53
1894, 75
1895, 2
1896, 18
1897, 20
1898, 1
1899, 76
1900, 28
1901, 24
1902, 59
1903, 45
1904, 43
1905, 1
1906, 30
1907, 1
1908, 29
1909, 6
1910, 46
1911, 48
1912, 56
1913, 25
1914, 10
1915, 51
1916, 1
1917, 56
1918, 53
1919, 10
1920, 11
1921, 10
1922, 51
1923, 71
1924, 74
1925, 71
1926, 73
1927, 35
1928, 53
1929, 10
1930, 68
1931, 13
1932, 1
1933, 46
1934, 48
1935, 56
1936, 25
1937, 10
1938, 51
1939, 1
1940, 56
1941, 53
1942, 10
1943, 11
1944, 10
1945, 51
1946, 71
1947, 74
1948, 71
1949, 73
1950, 35
1951, 53
1952, 10
1953, 68
1954, 13
1955, 1
1956, 38
1957, 38
1958, 18
1959, 1
1960, 73
1961, 65
1962, 35
1963, 76
1964, 37
1965, 38
1966, 63
1967, 10
1968, 51
1969, 67
1970, 29
1971, 62
1972, 30
1973, 63
1974, 1
1975, 75
1976, 72
1977, 60
1978, 28
1979, 32
1980, 43
1981, 62
1982, 14
1983, 73
1984, 57
1985, 31
1986, 37
1987, 67
1988, 52
1989, 1
1990, 41
1991, 57
1992, 1
1993, 67
1994, 45
1995, 68
1996, 57
1997, 54
1998, 55
1999, 19
2000, 57
2001, 1
2002, 78
2003, 14
2004, 15
2005, 53
2006, 10
2007, 40
2008, 72
2009, 48
2010, 10
2011, 29
2012, 33
2013, 47
2014, 49
2015, 37
2016, 43
2017, 79
2018, 1
2019, 76
2020, 14
2021, 51
2022, 55
2023, 53
2024, 1
2025, 45
2026, 52
2027, 76
2028, 38
2029, 14
2030, 41
2031, 43
2032, 77
2033, 14
2034, 63
2035, 44
2036, 1
2037, 75
2038, 27
2039, 52
2040, 39
2041, 79
2042, 38
2043, 1
2044, 75
2045, 52
2046, 66
2047, 52
2048, 47
2049, 71
2050, 38
2051, 1
2052, 59
2053, 34
2054, 14
2055, 64
2056, 14
2057, 41
2058, 60
2059, 87
2060, 58
2061, 59
2062, 79
2063, 1
2064, 74
2065, 46
2066, 34
2067, 14
2068, 80
2069, 65
2070, 14
2071, 63
2072, 44
2073, 1
2074, 75
2075, 27
2076, 52
2077, 39
2078, 79
2079, 38
2080, 1
2081, 78
2082, 52
2083, 66
2084, 52
2085, 47
2086, 79
2087, 38
2088, 1
2089, 52
2090, 70
2091, 52
2092, 47
2093, 71
2094, 38
2095, 1
2096, 59
2097, 34
2098, 14
2099, 15
2100, 14
2101, 38
2102, 44
2103, 1
2104, 75
2105, 27
2106, 52
2107, 39
2108, 79
2109, 38
2110, 1
2111, 79
2112, 52
2113, 66
2114, 52
2115, 47
2116, 79
2117, 38
2118, 1
2119, 55
2120, 70
2121, 52
2122, 47
2123, 79
2124, 38
2125, 1
2126, 52
2127, 70
2128, 52
2129, 47
2130, 75
2131, 55
2132, 35
2133, 14
2134, 1
2135, 70
2136, 56
2137, 70
2138, 67
2139, 67
2140, 70
2141, 69
2142, 45
2143, 29
2144, 17
2145, 10
2146, 68
2147, 13
2148, 1
2149, 65
2150, 31
2151, 42
2152, 44
2153, 42
2154, 44
2155, 43
2156, 45
2157, 42
2158, 44
2159, 42
2160, 44
2161, 42
2162, 44
2163, 42
2164, 44
2165, 43
2166, 45
2167, 35
2168, 35
2169, 39
2170, 41
2171, 41
2172, 42
2173, 44
2174, 35
2175, 35
2176, 35
2177, 35
2178, 39
2179, 41
2180, 41
2181, 41
2182, 41
2183, 42
2184, 44
2185, 68
2186, 13
2187, 1
2188, 13
2189, 16
2190, 6
2191, 1
2192, 55
2193, 2
2194, 1
2195, 67
2196, 27
2197, 1
2198, 14
2199, 54
2200, 2
2201, 14
2202, 13
2203, 1
2204, 29
2205, 26
2206, 31
2207, 38
2208, 35
2209, 28
2210, 29
2211, 14
2212, 2
2213, 1
2214, 67
2215, 1
2216, 12
2217, 59
2218, 47
2219, 2
2220, 20
2221, 17
2222, 20
2223, 1
2224, 61
2225, 11
2226, 6
2227, 24
2228, 23
2229, 6
2230, 7
2231, 6
2232, 54
2233, 42
2234, 25
2235, 1
2236, 74
2237, 24
2238, 38
2239, 6
2240, 2
2241, 1
2242, 73
2243, 35
2244, 1
2245, 14
2246, 61
2247, 55
2248, 2
2249, 20
2250, 9
2251, 1
2252, 19
2253, 11
2254, 1
2255, 38
2256, 6
2257, 74
2258, 1
2259, 49
2260, 40
2261, 18
2262, 1
2263, 72
2264, 1
2265, 40
2266, 28
2267, 10
2268, 23
2269, 23
2270, 23
2271, 54
2272, 25
2273, 17
2274, 1
2275, 23
2276, 23
2277, 23
2278, 54
2279, 25
2280, 17
2281, 1
2282, 24
2283, 24
2284, 24
2285, 55
2286, 25
2287, 17
2288, 1
2289, 24
2290, 24
2291, 24
2292, 55
2293, 25
2294, 17
2295, 1
2296, 24
2297, 24
2298, 24
2299, 55
2300, 25
2301, 17
2302, 1
2303, 23
2304, 23
2305, 23
2306, 54
2307, 25
2308, 17
2309, 1
2310, 23
2311, 23
2312, 54
2313, 25
2314, 17
2315, 1
2316, 23
2317, 23
2318, 54
2319, 25
2320, 17
2321, 1
2322, 23
2323, 23
2324, 66
2325, 56
2326, 1
2327, 71
2328, 57
2329, 12
2330, 70
2331, 37
2332, 1
2333, 53
2334, 47
2335, 49
2336, 32
2337, 76
2338, 42
2339, 55
2340, 16
2341, 57
2342, 77
2343, 40
2344, 57
2345, 1
2346, 55
2347, 20
2348, 46
2349, 1
2350, 56
2351, 39
2352, 69
2353, 74
2354, 49
2355, 24
2356, 39
2357, 55
2358, 1
2359, 72
2360, 45
2361, 28
2362, 38
2363, 45
2364, 58
2365, 49
2366, 64
2367, 52
2368, 66
2369, 67
2370, 1
2371, 62
2372, 78
2373, 28
2374, 24
2375, 20
2376, 1
2377, 74
2378, 73
2379, 75
2380, 71
2381, 74
2382, 41
2383, 1
2384, 51
2385, 66
2386, 20
2387, 69
2388, 74
2389, 70
2390, 20
2391, 21
2392, 50
2393, 60
2394, 1
2395, 61
2396, 16
2397, 12
2398, 31
2399, 22
2400, 26
2401, 23
2402, 26
2403, 26
2404, 26
2405, 26
2406, 28
2407, 31
2408, 22
2409, 22
2410, 52
2411, 25
2412, 1
2413, 64
2414, 65
2415, 14
2416, 51
2417, 27
2418, 14
2419, 1
2420, 17
2421, 1
2422, 17
2423, 35
2424, 10
2425, 1
2426, 43
2427, 15
2428, 6
2429, 14
2430, 2
2431, 1
2432, 1
2433, 68
2434, 62
2435, 1
2436, 29
2437, 42
2438, 2
2439, 22
2440, 18
2441, 16
2442, 17
2443, 25
2444, 1
2445, 34
2446, 22
2447, 11
2448, 1
2449, 31
2450, 32
2451, 15
2452, 35
2453, 52
2454, 47
2455, 17
2456, 6
2457, 40
2458, 1
2459, 70
2460, 72
2461, 72
2462, 72
2463, 46
2464, 23
2465, 22
2466, 14
2467, 6
2468, 1
2469, 18
2470, 19
2471, 1
2472, 17
2473, 37
2474, 1
2475, 9
2476, 75
2477, 2
2478, 1
2479, 63
2480, 1
2481, 11
2482, 50
2483, 54
2484, 2
2485, 44
2486, 12
2487, 34
2488, 1
2489, 75
2490, 69
2491, 69
2492, 73
2493, 73
2494, 71
2495, 66
2496, 32
2497, 24
2498, 1
2499, 51
2500, 34
2501, 1
2502, 53
2503, 42
2504, 6
2505, 49
2506, 59
2507, 23
2508, 10
2509, 23
2510, 23
2511, 23
2512, 23
2513, 23
2514, 23
2515, 23
2516, 23
2517, 24
2518, 24
2519, 24
2520, 24
2521, 24
2522, 24
2523, 24
2524, 24
2525, 24
2526, 23
2527, 23
2528, 23
2529, 23
2530, 23
2531, 69
2532, 41
2533, 53
2534, 15
2535, 17
2536, 1
2537, 27
2538, 78
2539, 73
2540, 15
2541, 17
2542, 1
2543, 22
2544, 59
2545, 61
2546, 15
2547, 17
2548, 1
2549, 26
2550, 59
2551, 65
2552, 15
2553, 17
2554, 1
2555, 26
2556, 23
2557, 59
2558, 62
2559, 15
2560, 17
2561, 1
2562, 26
2563, 59
2564, 65
2565, 15
2566, 17
2567, 1
2568, 26
2569, 49
2570, 61
2571, 67
2572, 61
2573, 61
2574, 69
2575, 62
2576, 61
2577, 66
2578, 15
2579, 49
2580, 15
2581, 17
2582, 1
2583, 26
2584, 49
2585, 61
2586, 67
2587, 61
2588, 61
2589, 69
2590, 62
2591, 61
2592, 66
2593, 15
2594, 49
2595, 15
2596, 17
2597, 1
2598, 23
2599, 72
2600, 35
2601, 57
2602, 54
2603, 61
2604, 57
2605, 1
2606, 49
2607, 57
2608, 60
2609, 57
2610, 57
2611, 53
2612, 59
2613, 59
2614, 30
2615, 60
2616, 63
2617, 61
2618, 14
2619, 78
2620, 73
2621, 37
2622, 41
2623, 30
2624, 54
2625, 52
2626, 27
2627, 54
2628, 54
2629, 48
2630, 1
2631, 58
2632, 48
2633, 66
2634, 18
2635, 47
2636, 50
2637, 46
2638, 48
2639, 18
2640, 62
2641, 18
2642, 49
2643, 50
2644, 46
2645, 48
2646, 18
2647, 1
2648, 46
2649, 66
2650, 66
2651, 66
2652, 14
2653, 15
2654, 61
2655, 59
2656, 62
2657, 64
2658, 62
2659, 15
2660, 17
2661, 1
2662, 28
2663, 12
2664, 21
2665, 58
2666, 53
2667, 24
2668, 58
2669, 47
2670, 39
2671, 44
2672, 1
2673, 57
2674, 53
2675, 24
2676, 1
2677, 59
2678, 47
2679, 1
2680, 67
2681, 66
2682, 46
2683, 66
2684, 66
2685, 40
2686, 54
2687, 54
2688, 35
2689, 17
2690, 63
2691, 78
2692, 65
2693, 64
2694, 1
2695, 17
2696, 19
2697, 12
2698, 1
2699, 31
2700, 12
2701, 21
2702, 58
2703, 57
2704, 24
2705, 58
2706, 47
2707, 39
2708, 44
2709, 1
2710, 57
2711, 53
2712, 24
2713, 1
2714, 59
2715, 47
2716, 1
2717, 67
2718, 66
2719, 46
2720, 66
2721, 66
2722, 40
2723, 54
2724, 54
2725, 35
2726, 17
2727, 74
2728, 73
2729, 41
2730, 63
2731, 78
2732, 67
2733, 64
2734, 1
2735, 17
2736, 19
2737, 12
2738, 1
2739, 22
2740, 59
2741, 61
2742, 15
2743, 17
2744, 1
2745, 22
2746, 59
2747, 61
2748, 15
2749, 17
2750, 1
2751, 23
2752, 59
2753, 57
2754, 60
2755, 62
2756, 60
2757, 15
2758, 17
2759, 1
2760, 17
2761, 30
2762, 10
2763, 6
2764, 1
2765, 42
2766, 12
2767, 2
2768, 1
2769, 39
2770, 1
2771, 12
2772, 32
2773, 2
2774, 16
2775, 31
2776, 34
2777, 12
2778, 1
2779, 46
2780, 16
2781, 1
2782, 22
2783, 6
2784, 36
2785, 14
2786, 6
2787, 1
2788, 75
2789, 34
2790, 18
2791, 6
2792, 40
2793, 46
2794, 24
2795, 6
2796, 1
2797, 61
2798, 1
2799, 22
2800, 6
2801, 58
2802, 14
2803, 6
2804, 1
2805, 15
2806, 6
2807, 57
2808, 14
2809, 6
2810, 1
2811, 50
2812, 17
2813, 12
2814, 2
2815, 1
2816, 45
2817, 1
2818, 5
2819, 24
2820, 2
2821, 45
2822, 45
2823, 1
2824, 52
2825, 39
2826, 29
2827, 25
2828, 68
2829, 43
2830, 2
2831, 1
2832, 68
2833, 30
2834, 1
2835, 12
2836, 42
2837, 2
2838, 39
2839, 1
2840, 68
2841, 23
2842, 36
2843, 1
2844, 63
2845, 26
2846, 28
2847, 30
2848, 1
2849, 74
2850, 60
2851, 45
2852, 79
2853, 19
2854, 1
2855, 43
2856, 40
2857, 46
2858, 38
2859, 7
2860, 55
2861, 1
2862, 70
2863, 24
2864, 16
2865, 1
2866, 75
2867, 59
2868, 37
2869, 1
2870, 28
2871, 32
2872, 2
2873, 1
2874, 72
2875, 36
2876, 1
2877, 12
2878, 41
2879, 2
2880, 39
2881, 1
2882, 63
2883, 26
2884, 28
2885, 30
2886, 1
2887, 74
2888, 60
2889, 40
2890, 78
2891, 19
2892, 1
2893, 32
2894, 6
2895, 35
2896, 84
2897, 6
2898, 37
2899, 6
2900, 35
2901, 84
2902, 6
2903, 7
2904, 54
2905, 1
2906, 28
2907, 32
2908, 2
2909, 1
2910, 68
2911, 71
2912, 72
2913, 39
2914, 1
2915, 13
2916, 26
2917, 2
2918, 17
2919, 68
2920, 45
2921, 38
2922, 1
2923, 63
2924, 68
2925, 40
2926, 6
2927, 47
2928, 32
2929, 53
2930, 32
2931, 11
2932, 32
2933, 6
2934, 7
2935, 1
2936, 16
2937, 45
2938, 38
2939, 1
2940, 40
2941, 28
2942, 7
2943, 1
2944, 72
2945, 38
2946, 1
2947, 72
2948, 40
2949, 1
2950, 42
2951, 43
2952, 28
2953, 1
2954, 40
2955, 43
2956, 28
2957, 1
2958, 59
2959, 78
2960, 1
2961, 45
2962, 45
2963, 38
2964, 72
2965, 1
2966, 44
2967, 56
2968, 1
2969, 62
2970, 67
2971, 1
2972, 34
2973, 65
2974, 1
2975, 17
2976, 31
2977, 73
2978, 7
2979, 73
2980, 25
2981, 31
2982, 77
2983, 7
2984, 77
2985, 6
2986, 69
2987, 24
2988, 45
2989, 59
2990, 36
2991, 63
2992, 7
2993, 63
2994, 7
2995, 2
2996, 1
2997, 43
2998, 1
2999, 4
3000, 24
3001, 2
3002, 75
3003, 73
3004, 67
3005, 69
3006, 73
3007, 75
3008, 47
3009, 1
3010, 70
3011, 72
3012, 71
3013, 66
3014, 72
3015, 75
3016, 53
3017, 1
3018, 55
3019, 2
3020, 1
3021, 74
3022, 35
3023, 1
3024, 7
3025, 76
3026, 2
3027, 57
3028, 1
3029, 72
3030, 43
3031, 27
3032, 6
3033, 33
3034, 36
3035, 35
3036, 32
3037, 39
3038, 42
3039, 41
3040, 38
3041, 29
3042, 29
3043, 29
3044, 30
3045, 33
3046, 33
3047, 33
3048, 30
3049, 30
3050, 29
3051, 31
3052, 78
3053, 44
3054, 47
3055, 1
3056, 23
3057, 29
3058, 43
3059, 13
3060, 1
3061, 13
3062, 57
3063, 57
3064, 6
3065, 1
3066, 39
3067, 12
3068, 2
3069, 1
3070, 75
3071, 64
3072, 1
3073, 12
3074, 54
3075, 49
3076, 2
3077, 19
3078, 30
3079, 39
3080, 1
3081, 20
3082, 43
3083, 60
3084, 1
3085, 53
3086, 27
3087, 1
3088, 32
3089, 23
3090, 24
3091, 26
3092, 31
3093, 23
3094, 1
3095, 32
3096, 25
3097, 24
3098, 29
3099, 30
3100, 23
3101, 1
3102, 32
3103, 25
3104, 30
3105, 27
3106, 26
3107, 23
3108, 1
3109, 42
3110, 44
3111, 2
3112, 1
3113, 73
3114, 66
3115, 74
3116, 75
3117, 30
3118, 1
3119, 12
3120, 65
3121, 2
3122, 30
3123, 1
3124, 72
3125, 47
3126, 27
3127, 1
3128, 32
3129, 1
3130, 15
3131, 6
3132, 72
3133, 1
3134, 42
3135, 55
3136, 1
3137, 70
3138, 72
3139, 74
3140, 30
3141, 46
3142, 44
3143, 43
3144, 1
3145, 44
3146, 46
3147, 16
3148, 1
3149, 72
3150, 70
3151, 75
3152, 57
3153, 35
3154, 10
3155, 68
3156, 73
3157, 65
3158, 29
3159, 54
3160, 50
3161, 50
3162, 49
3163, 18
3164, 10
3165, 1
3166, 70
3167, 58
3168, 24
3169, 79
3170, 38
3171, 1
3172, 71
3173, 63
3174, 1
3175, 71
3176, 59
3177, 63
3178, 1
3179, 74
3180, 70
3181, 51
3182, 59
3183, 10
3184, 75
3185, 49
3186, 25
3187, 53
3188, 54
3189, 21
3190, 80
3191, 1
3192, 34
3193, 77
3194, 50
3195, 35
3196, 58
3197, 10
3198, 1
3199, 62
3200, 68
3201, 71
3202, 1
3203, 73
3204, 35
3205, 49
3206, 6
3207, 7
3208, 55
3209, 2
3210, 1
3211, 72
3212, 75
3213, 69
3214, 68
3215, 68
3216, 1
3217, 5
3218, 32
3219, 2
3220, 35
3221, 37
3222, 1
3223, 60
3224, 44
3225, 1
3226, 79
3227, 60
3228, 2
3229, 1
3230, 74
3231, 74
3232, 69
3233, 20
3234, 1
3235, 4
3236, 70
3237, 58
3238, 2
3239, 36
3240, 1
3241, 43
3242, 6
3243, 54
3244, 1
3245, 29
3246, 60
3247, 1
3248, 33
3249, 29
3250, 25
3251, 50
3252, 1
3253, 61
3254, 10
3255, 45
3256, 46
3257, 1
3258, 69
3259, 79
3260, 42
3261, 54
3262, 31
3263, 14
3264, 15
3265, 14
3266, 32
3267, 52
3268, 28
3269, 71
3270, 1
3271, 74
3272, 75
3273, 75
3274, 73
3275, 73
3276, 39
3277, 38
3278, 50
3279, 1
3280, 71
3281, 71
3282, 52
3283, 55
3284, 49
3285, 19
3286, 57
3287, 1
3288, 30
3289, 52
3290, 80
3291, 47
3292, 65
3293, 46
3294, 54
3295, 43
3296, 1
3297, 71
3298, 53
3299, 77
3300, 1
3301, 71
3302, 58
3303, 36
3304, 38
3305, 45
3306, 42
3307, 14
3308, 10
3309, 73
3310, 69
3311, 68
3312, 55
3313, 38
3314, 40
3315, 43
3316, 52
3317, 1
3318, 33
3319, 1
3320, 16
3321, 6
3322, 1
3323, 40
3324, 2
3325, 1
3326, 69
3327, 66
3328, 74
3329, 73
3330, 74
3331, 75
3332, 71
3333, 48
3334, 1
3335, 4
3336, 36
3337, 2
3338, 48
3339, 1
3340, 55
3341, 2
3342, 1
3343, 66
3344, 72
3345, 71
3346, 74
3347, 31
3348, 1
3349, 12
3350, 52
3351, 2
3352, 30
3353, 32
3354, 1
3355, 23
3356, 6
3357, 72
3358, 1
3359, 24
3360, 10
3361, 55
3362, 66
3363, 67
3364, 10
3365, 11
3366, 10
3367, 75
3368, 75
3369, 37
3370, 53
3371, 55
3372, 14
3373, 50
3374, 63
3375, 1
3376, 30
3377, 47
3378, 47
3379, 34
3380, 18
3381, 53
3382, 75
3383, 18
3384, 1
3385, 69
3386, 65
3387, 24
3388, 18
3389, 64
3390, 52
3391, 18
3392, 14
3393, 10
3394, 6
3395, 1
3396, 21
3397, 2
3398, 1
3399, 73
3400, 32
3401, 1
3402, 5
3403, 33
3404, 2
3405, 36
3406, 30
3407, 2
3408, 1
3409, 79
3410, 1
3411, 12
3412, 67
3413, 58
3414, 2
3415, 30
3416, 1
3417, 28
3418, 1
3419, 14
3420, 79
3421, 60
3422, 6
3423, 21
3424, 1
3425, 74
3426, 22
3427, 1
3428, 58
3429, 73
3430, 1
3431, 77
3432, 36
3433, 1
3434, 73
3435, 19
3436, 63
3437, 1
3438, 73
3439, 30
3440, 70
3441, 6
3442, 2
3443, 1
3444, 75
3445, 73
3446, 72
3447, 72
3448, 64
3449, 20
3450, 1
3451, 12
3452, 24
3453, 2
3454, 44
3455, 20
3456, 31
3457, 27
3458, 6
3459, 34
3460, 41
3461, 6
3462, 2
3463, 1
3464, 69
3465, 20
3466, 1
3467, 14
3468, 24
3469, 2
3470, 47
3471, 1
3472, 72
3473, 6
3474, 49
3475, 30
3476, 71
3477, 19
3478, 11
3479, 26
3480, 6
3481, 1
3482, 18
3483, 18
3484, 18
3485, 2
3486, 1
3487, 12
3488, 48
3489, 2
3490, 35
3491, 1
3492, 28
3493, 28
3494, 2
3495, 1
3496, 12
3497, 50
3498, 2
3499, 35
3500, 1
3501, 30
3502, 28
3503, 2
3504, 1
