1, 71
2, 74
3, 1
4, 48
5, 1
6, 63
7, 72
8, 71
9, 22
10, 1
11, 58
12, 66
13, 65
14, 48
15, 1
16, 69
17, 59
18, 67
19, 35
20, 1
21, 74
22, 75
23, 72
24, 50
25, 1
26, 18
27, 1
28, 19
29, 16
30, 24
31, 30
32, 1
33, 16
34, 60
35, 7
36, 1
37, 68
38, 70
39, 32
40, 31
41, 1
42, 77
43, 42
44, 72
45, 1
46, 72
47, 73
48, 74
49, 74
50, 48
51, 1
52, 15
53, 3
54, 26
55, 1
56, 71
57, 12
58, 26
59, 1
60, 74
61, 75
62, 63
63, 74
64, 57
65, 39
66, 25
67, 1
68, 74
69, 71
70, 72
71, 35
72, 1
73, 15
74, 3
75, 37
76, 26
77, 26
78, 1
79, 21
80, 53
81, 1
82, 44
83, 59
84, 1
85, 66
86, 61
87, 1
88, 66
89, 62
90, 38
91, 1
92, 68
93, 68
94, 47
95, 49
96, 1
97, 75
98, 74
99, 68
100, 71
101, 40
102, 36
103, 1
104, 56
105, 1
106, 75
107, 69
108, 75
109, 59
110, 39
111, 1
112, 70
113, 71
114, 34
115, 38
116, 1
117, 75
118, 32
119, 44
120, 1
121, 26
122, 64
123, 1
124, 56
125, 3
126, 65
127, 55
128, 4
129, 1
130, 59
131, 3
132, 56
133, 64
134, 4
135, 1
136, 37
137, 71
138, 42
139, 53
140, 66
141, 51
142, 66
143, 41
144, 31
145, 30
146, 73
147, 72
148, 24
149, 60
150, 66
151, 32
152, 75
153, 50
154, 65
155, 52
156, 76
157, 64
158, 37
159, 53
160, 37
161, 39
162, 38
163, 55
164, 38
165, 66
166, 57
167, 44
168, 1
169, 19
170, 1
171, 5
172, 22
173, 2
174, 17
175, 1
176, 68
177, 18
178, 36
179, 1
180, 72
181, 74
182, 67
183, 18
184, 45
185, 40
186, 1
187, 31
188, 1
189, 67
190, 1
191, 70
192, 64
193, 6
194, 48
195, 1
196, 72
197, 16
198, 27
199, 5
200, 64
201, 48
202, 52
203, 9
204, 22
205, 1
206, 43
207, 1
208, 66
209, 60
210, 60
211, 56
212, 42
213, 8
214, 52
215, 12
216, 44
217, 51
218, 47
219, 45
220, 59
221, 56
222, 52
223, 12
224, 13
225, 12
226, 58
227, 54
228, 59
229, 56
230, 60
231, 47
232, 49
233, 33
234, 42
235, 63
236, 52
237, 1
238, 62
239, 33
240, 31
241, 53
242, 1
243, 61
244, 59
245, 37
246, 28
247, 46
248, 32
249, 12
250, 8
251, 14
252, 8
253, 56
254, 65
255, 31
256, 33
257, 29
258, 42
259, 33
260, 8
261, 9
262, 5
263, 6
264, 1
265, 64
266, 44
267, 37
268, 2
269, 1
270, 75
271, 73
272, 71
273, 72
274, 76
275, 24
276, 1
277, 12
278, 39
279, 2
280, 17
281, 64
282, 6
283, 48
284, 1
285, 26
286, 47
287, 58
288, 5
289, 37
290, 44
291, 40
292, 38
293, 1
294, 69
295, 26
296, 46
297, 49
298, 45
299, 1
300, 65
301, 42
302, 62
303, 5
304, 6
305, 2
306, 1
307, 70
308, 75
309, 67
310, 1
311, 75
312, 72
313, 72
314, 68
315, 1
316, 5
317, 58
318, 2
319, 55
320, 36
321, 1
322, 43
323, 30
324, 6
325, 24
326, 5
327, 34
328, 33
329, 10
330, 31
331, 5
332, 25
333, 31
334, 11
335, 43
336, 6
337, 1
338, 59
339, 37
340, 2
341, 1
342, 73
343, 64
344, 70
345, 72
346, 73
347, 18
348, 1
349, 4
350, 38
351, 2
352, 30
353, 26
354, 32
355, 1
356, 73
357, 73
358, 74
359, 72
360, 70
361, 27
362, 9
363, 70
364, 69
365, 64
366, 73
367, 39
368, 47
369, 23
370, 63
371, 25
372, 28
373, 59
374, 17
375, 63
376, 25
377, 2
378, 1
379, 79
380, 1
381, 5
382, 33
383, 2
384, 75
385, 47
386, 1
387, 49
388, 41
389, 6
390, 24
391, 5
392, 15
393, 14
394, 24
395, 5
396, 1
397, 29
398, 5
399, 41
400, 41
401, 52
402, 5
403, 11
404, 5
405, 44
406, 44
407, 55
408, 5
409, 6
410, 7
411, 39
412, 28
413, 2
414, 1
415, 48
416, 1
417, 5
418, 42
419, 2
420, 30
421, 28
422, 1
423, 70
424, 73
425, 73
426, 61
427, 72
428, 71
429, 40
430, 42
431, 6
432, 46
433, 29
434, 1
435, 61
436, 35
437, 77
438, 29
439, 1
440, 61
441, 32
442, 5
443, 57
444, 60
445, 5
446, 1
447, 47
448, 6
449, 2
450, 1
451, 72
452, 75
453, 73
454, 49
455, 1
456, 68
457, 73
458, 73
459, 70
460, 42
461, 1
462, 5
463, 26
464, 2
465, 17
466, 1
467, 61
468, 6
469, 52
470, 1
471, 23
472, 5
473, 50
474, 1
475, 65
476, 1
477, 63
478, 70
479, 27
480, 66
481, 69
482, 24
483, 1
484, 68
485, 24
486, 46
487, 5
488, 51
489, 5
490, 71
491, 42
492, 26
493, 1
494, 70
495, 68
496, 68
497, 67
498, 67
499, 69
500, 67
501, 69
502, 70
503, 32
504, 5
505, 6
506, 2
507, 1
508, 37
509, 1
510, 11
511, 46
512, 2
513, 73
514, 60
515, 27
516, 6
517, 23
518, 29
519, 33
520, 36
521, 35
522, 32
523, 39
524, 42
525, 41
526, 38
527, 29
528, 29
529, 29
530, 30
531, 33
532, 33
533, 33
534, 30
535, 30
536, 29
537, 33
538, 36
539, 35
540, 32
541, 32
542, 32
543, 36
544, 39
545, 38
546, 35
547, 35
548, 35
549, 36
550, 39
551, 38
552, 35
553, 35
554, 38
555, 37
556, 34
557, 33
558, 36
559, 35
560, 32
561, 58
562, 16
563, 1
564, 33
565, 70
566, 33
567, 50
568, 64
569, 13
570, 1
571, 72
572, 54
573, 13
574, 8
575, 6
576, 1
577, 12
578, 2
579, 1
580, 49
581, 1
582, 12
583, 48
584, 2
585, 23
586, 58
587, 21
588, 63
589, 61
590, 1
591, 72
592, 31
593, 22
594, 6
595, 30
596, 5
597, 22
598, 32
599, 35
600, 34
601, 31
602, 70
603, 62
604, 64
605, 69
606, 61
607, 65
608, 61
609, 21
610, 51
611, 12
612, 1
613, 32
614, 35
615, 34
616, 31
617, 34
618, 37
619, 36
620, 33
621, 16
622, 13
623, 1
624, 12
625, 7
626, 5
627, 1
628, 68
629, 25
630, 30
631, 5
632, 22
633, 43
634, 12
635, 1
636, 32
637, 53
638, 12
639, 1
640, 35
641, 56
642, 12
643, 1
644, 34
645, 55
646, 12
647, 1
648, 31
649, 52
650, 12
651, 1
652, 30
653, 68
654, 49
655, 60
656, 51
657, 43
658, 12
659, 1
660, 28
661, 61
662, 64
663, 65
664, 62
665, 73
666, 52
667, 12
668, 1
669, 28
670, 38
671, 41
672, 40
673, 37
674, 29
675, 12
676, 1
677, 12
678, 70
679, 22
680, 49
681, 43
682, 12
683, 5
684, 1
685, 14
686, 6
687, 1
688, 73
689, 70
690, 37
691, 53
692, 6
693, 51
694, 70
695, 1
696, 31
697, 5
698, 32
699, 64
700, 12
701, 1
702, 35
703, 30
704, 20
705, 58
706, 32
707, 12
708, 1
709, 34
710, 30
711, 20
712, 58
713, 32
714, 12
715, 1
716, 31
717, 30
718, 20
719, 58
720, 32
721, 12
722, 1
723, 29
724, 29
725, 64
726, 12
727, 1
728, 29
729, 64
730, 12
731, 1
732, 32
733, 30
734, 62
735, 12
736, 1
737, 32
738, 30
739, 62
740, 12
741, 1
742, 32
743, 30
744, 62
745, 12
746, 1
747, 35
748, 67
749, 47
750, 12
751, 1
752, 22
753, 39
754, 12
755, 1
756, 30
757, 70
758, 69
759, 25
760, 32
761, 26
762, 1
763, 28
764, 36
765, 9
766, 69
767, 65
768, 58
769, 53
770, 8
771, 61
772, 54
773, 53
774, 66
775, 54
776, 55
777, 8
778, 1
779, 34
780, 44
781, 31
782, 18
783, 16
784, 9
785, 26
786, 1
787, 12
788, 66
789, 68
790, 32
791, 49
792, 46
793, 5
794, 25
795, 6
796, 2
797, 1
798, 52
799, 1
800, 12
801, 59
802, 51
803, 29
804, 2
805, 68
806, 19
807, 1
808, 47
809, 17
810, 1
811, 36
812, 51
813, 1
814, 55
815, 25
816, 1
817, 74
818, 39
819, 39
820, 1
821, 27
822, 15
823, 19
824, 26
825, 35
826, 34
827, 30
828, 64
829, 52
830, 1
831, 55
832, 1
833, 33
834, 1
835, 48
836, 26
837, 26
838, 1
839, 28
840, 22
841, 49
842, 1
843, 35
844, 51
845, 30
846, 1
847, 74
848, 1
849, 17
850, 68
851, 28
852, 1
853, 75
854, 58
855, 1
856, 29
857, 6
858, 44
859, 44
860, 72
861, 68
862, 12
863, 37
864, 28
865, 27
866, 1
867, 42
868, 42
869, 73
870, 65
871, 17
872, 74
873, 49
874, 53
875, 74
876, 49
877, 51
878, 1
879, 70
880, 64
881, 67
882, 66
883, 46
884, 35
885, 16
886, 25
887, 63
888, 42
889, 15
890, 1
891, 75
892, 64
893, 20
894, 59
895, 67
896, 25
897, 13
898, 1
899, 43
900, 45
901, 42
902, 24
903, 25
904, 1
905, 42
906, 42
907, 44
908, 44
909, 46
910, 35
911, 28
912, 37
913, 30
914, 58
915, 38
916, 15
917, 1
918, 47
919, 37
920, 29
921, 37
922, 29
923, 63
924, 32
925, 15
926, 1
927, 41
928, 41
929, 59
930, 38
931, 32
932, 15
933, 1
934, 70
935, 24
936, 24
937, 5
938, 61
939, 52
940, 45
941, 37
942, 45
943, 73
944, 34
945, 45
946, 34
947, 42
948, 5
949, 1
950, 25
951, 13
952, 1
953, 42
954, 44
955, 46
956, 35
957, 28
958, 37
959, 30
960, 59
961, 38
962, 15
963, 1
964, 51
965, 37
966, 29
967, 37
968, 30
969, 59
970, 38
971, 15
972, 1
973, 47
974, 41
975, 29
976, 37
977, 29
978, 64
979, 32
980, 15
981, 1
982, 41
983, 41
984, 59
985, 38
986, 32
987, 15
988, 1
989, 70
990, 24
991, 24
992, 5
993, 61
994, 53
995, 45
996, 36
997, 44
998, 73
999, 34
1000, 45
1001, 37
1002, 45
1003, 77
1004, 34
1005, 45
1006, 34
1007, 42
1008, 5
1009, 1
1010, 26
1011, 13
1012, 1
1013, 43
1014, 45
1015, 42
1016, 24
1017, 25
1018, 1
1019, 42
1020, 44
1021, 46
1022, 35
1023, 28
1024, 37
1025, 30
1026, 59
1027, 38
1028, 15
1029, 1
1030, 56
1031, 37
1032, 29
1033, 37
1034, 30
1035, 59
1036, 38
1037, 15
1038, 1
1039, 47
1040, 41
1041, 29
1042, 37
1043, 30
1044, 59
1045, 38
1046, 15
1047, 1
1048, 47
1049, 41
1050, 29
1051, 37
1052, 29
1053, 64
1054, 32
1055, 15
1056, 1
1057, 41
1058, 42
1059, 59
1060, 38
1061, 32
1062, 15
1063, 1
1064, 70
1065, 24
1066, 24
1067, 5
1068, 61
1069, 53
1070, 45
1071, 33
1072, 41
1073, 73
1074, 35
1075, 45
1076, 36
1077, 44
1078, 77
1079, 34
1080, 45
1081, 37
1082, 45
1083, 77
1084, 34
1085, 45
1086, 34
1087, 42
1088, 5
1089, 1
1090, 26
1091, 13
1092, 1
1093, 39
1094, 39
1095, 24
1096, 27
1097, 1
1098, 38
1099, 35
1100, 8
1101, 65
1102, 68
1103, 48
1104, 1
1105, 33
1106, 1
1107, 43
1108, 67
1109, 59
1110, 46
1111, 35
1112, 31
1113, 42
1114, 34
1115, 45
1116, 1
1117, 53
1118, 70
1119, 71
1120, 28
1121, 35
1122, 34
1123, 42
1124, 37
1125, 48
1126, 1
1127, 44
1128, 38
1129, 49
1130, 75
1131, 28
1132, 35
1133, 35
1134, 42
1135, 38
1136, 49
1137, 1
1138, 44
1139, 38
1140, 49
1141, 75
1142, 28
1143, 35
1144, 32
1145, 42
1146, 35
1147, 46
1148, 1
1149, 23
1150, 10
1151, 8
1152, 1
1153, 39
1154, 39
1155, 24
1156, 27
1157, 1
1158, 38
1159, 35
1160, 8
1161, 60
1162, 1
1163, 33
1164, 1
1165, 37
1166, 67
1167, 59
1168, 46
1169, 35
1170, 35
1171, 42
1172, 38
1173, 41
1174, 37
1175, 45
1176, 35
1177, 49
1178, 1
1179, 44
1180, 34
1181, 49
1182, 71
1183, 28
1184, 35
1185, 32
1186, 42
1187, 35
1188, 41
1189, 34
1190, 45
1191, 32
1192, 46
1193, 1
1194, 22
1195, 10
1196, 8
1197, 1
1198, 41
1199, 41
1200, 35
1201, 16
1202, 29
1203, 57
1204, 32
1205, 15
1206, 24
1207, 59
1208, 46
1209, 38
1210, 25
1211, 13
1212, 1
1213, 35
1214, 35
1215, 35
1216, 16
1217, 51
1218, 32
1219, 15
1220, 24
1221, 13
1222, 25
1223, 13
1224, 1
1225, 42
1226, 42
1227, 43
1228, 1
1229, 44
1230, 38
1231, 27
1232, 1
1233, 36
1234, 24
1235, 27
1236, 1
1237, 41
1238, 41
1239, 8
1240, 33
1241, 1
1242, 32
1243, 18
1244, 33
1245, 57
1246, 40
1247, 1
1248, 37
1249, 34
1250, 31
1251, 26
1252, 31
1253, 54
1254, 33
1255, 21
1256, 7
1257, 63
1258, 50
1259, 39
1260, 45
1261, 45
1262, 41
1263, 49
1264, 39
1265, 59
1266, 75
1267, 36
1268, 39
1269, 42
1270, 45
1271, 38
1272, 49
1273, 36
1274, 56
1275, 7
1276, 22
1277, 8
1278, 13
1279, 1
1280, 41
1281, 41
1282, 8
1283, 33
1284, 1
1285, 32
1286, 18
1287, 33
1288, 57
1289, 40
1290, 1
1291, 40
1292, 34
1293, 31
1294, 26
1295, 32
1296, 55
1297, 41
1298, 1
1299, 37
1300, 38
1301, 31
1302, 26
1303, 31
1304, 54
1305, 33
1306, 21
1307, 7
1308, 63
1309, 50
1310, 44
1311, 75
1312, 70
1313, 79
1314, 67
1315, 7
1316, 22
1317, 8
1318, 13
1319, 1
1320, 42
1321, 42
1322, 43
1323, 1
1324, 44
1325, 38
1326, 27
1327, 1
1328, 36
1329, 24
1330, 27
1331, 1
1332, 41
1333, 41
1334, 8
1335, 33
1336, 1
1337, 32
1338, 18
1339, 33
1340, 57
1341, 40
1342, 1
1343, 45
1344, 34
1345, 31
1346, 26
1347, 32
1348, 55
1349, 41
1350, 1
1351, 44
1352, 38
1353, 31
1354, 26
1355, 32
1356, 55
1357, 41
1358, 1
1359, 37
1360, 38
1361, 31
1362, 26
1363, 31
1364, 54
1365, 33
1366, 21
1367, 7
1368, 63
1369, 50
1370, 39
1371, 41
1372, 45
1373, 37
1374, 49
1375, 35
1376, 55
1377, 75
1378, 36
1379, 39
1380, 44
1381, 45
1382, 40
1383, 49
1384, 38
1385, 58
1386, 61
1387, 29
1388, 36
1389, 39
1390, 45
1391, 45
1392, 41
1393, 49
1394, 39
1395, 59
1396, 61
1397, 29
1398, 37
1399, 39
1400, 42
1401, 45
1402, 38
1403, 49
1404, 36
1405, 56
1406, 7
1407, 23
1408, 8
1409, 13
1410, 1
1411, 13
1412, 36
1413, 6
1414, 1
1415, 34
1416, 21
1417, 2
1418, 1
1419, 75
1420, 14
1421, 1
1422, 21
1423, 73
1424, 2
1425, 15
1426, 6
1427, 29
1428, 30
1429, 13
1430, 1
1431, 29
1432, 29
1433, 30
1434, 13
1435, 1
1436, 33
1437, 53
1438, 13
1439, 1
1440, 30
1441, 31
1442, 13
1443, 1
1444, 33
1445, 54
1446, 13
1447, 1
1448, 33
1449, 54
1450, 13
1451, 1
1452, 33
1453, 54
1454, 13
1455, 1
1456, 30
1457, 30
1458, 31
1459, 13
1460, 1
1461, 13
1462, 22
1463, 6
1464, 1
1465, 17
1466, 2
1467, 1
1468, 71
1469, 35
1470, 1
1471, 12
1472, 69
1473, 24
1474, 2
1475, 23
1476, 1
1477, 20
1478, 1
1479, 17
1480, 6
1481, 29
1482, 41
1483, 63
1484, 13
1485, 1
1486, 29
1487, 49
1488, 61
1489, 13
1490, 1
1491, 29
1492, 41
1493, 63
1494, 13
1495, 1
1496, 33
1497, 51
1498, 62
1499, 25
1500, 57
1501, 13
1502, 1
1503, 30
1504, 49
1505, 62
1506, 13
1507, 1
1508, 33
1509, 51
1510, 62
1511, 24
1512, 54
1513, 13
1514, 1
1515, 33
1516, 51
1517, 62
1518, 24
1519, 56
1520, 13
1521, 1
1522, 33
1523, 51
1524, 62
1525, 24
1526, 56
1527, 13
1528, 1
1529, 30
1530, 51
1531, 62
1532, 13
1533, 1
1534, 30
1535, 42
1536, 65
1537, 13
1538, 1
1539, 29
1540, 31
1541, 65
1542, 56
1543, 55
1544, 66
1545, 13
1546, 1
1547, 75
1548, 16
1549, 32
1550, 35
1551, 36
1552, 33
1553, 38
1554, 41
1555, 42
1556, 39
1557, 1
1558, 36
1559, 13
1560, 1
1561, 51
1562, 23
1563, 13
1564, 1
1565, 13
1566, 24
1567, 6
1568, 1
1569, 11
1570, 6
1571, 16
1572, 58
1573, 11
1574, 22
1575, 6
1576, 2
1577, 1
1578, 74
1579, 71
1580, 75
1581, 1
1582, 21
1583, 72
1584, 42
1585, 2
1586, 28
1587, 1
1588, 72
1589, 60
1590, 49
1591, 27
1592, 37
1593, 10
1594, 23
1595, 14
1596, 13
1597, 7
1598, 6
1599, 70
1600, 38
1601, 69
1602, 1
1603, 13
1604, 70
1605, 22
1606, 6
1607, 1
1608, 23
1609, 2
1610, 1
1611, 74
1612, 23
1613, 1
1614, 11
1615, 77
1616, 2
1617, 29
1618, 38
1619, 1
1620, 17
1621, 6
1622, 42
1623, 5
1624, 40
1625, 51
1626, 9
1627, 27
1628, 52
1629, 19
1630, 9
1631, 5
1632, 1
1633, 25
1634, 5
1635, 40
1636, 51
1637, 9
1638, 27
1639, 35
1640, 19
1641, 9
1642, 5
1643, 1
1644, 41
1645, 47
1646, 5
1647, 23
1648, 28
1649, 15
1650, 5
1651, 6
1652, 1
1653, 30
1654, 6
1655, 41
1656, 47
1657, 5
1658, 23
1659, 28
1660, 15
1661, 5
1662, 6
1663, 1
1664, 30
1665, 6
1666, 42
1667, 5
1668, 40
1669, 51
1670, 9
1671, 27
1672, 52
1673, 19
1674, 9
1675, 5
1676, 25
1677, 5
1678, 40
1679, 51
1680, 9
1681, 27
1682, 35
1683, 19
1684, 9
1685, 5
1686, 41
1687, 47
1688, 5
1689, 23
1690, 28
1691, 15
1692, 5
1693, 6
1694, 1
1695, 30
1696, 6
1697, 42
1698, 5
1699, 40
1700, 60
1701, 51
1702, 9
1703, 28
1704, 52
1705, 19
1706, 9
1707, 5
1708, 25
1709, 5
1710, 23
1711, 51
1712, 9
1713, 28
1714, 35
1715, 19
1716, 9
1717, 5
1718, 41
1719, 34
1720, 47
1721, 5
1722, 24
1723, 28
1724, 15
1725, 5
1726, 6
1727, 1
1728, 30
1729, 6
1730, 42
1731, 5
1732, 40
1733, 38
1734, 51
1735, 9
1736, 27
1737, 52
1738, 19
1739, 9
1740, 5
1741, 1
1742, 25
1743, 5
1744, 42
1745, 51
1746, 9
1747, 27
1748, 35
1749, 19
1750, 9
1751, 5
1752, 1
1753, 41
1754, 34
1755, 47
1756, 5
1757, 23
1758, 28
1759, 15
1760, 5
1761, 6
1762, 1
1763, 30
1764, 6
1765, 42
1766, 5
1767, 40
1768, 38
1769, 51
1770, 9
1771, 28
1772, 52
1773, 19
1774, 9
1775, 5
1776, 1
1777, 25
1778, 5
1779, 42
1780, 51
1781, 9
1782, 28
1783, 35
1784, 19
1785, 9
1786, 5
1787, 1
1788, 41
1789, 34
1790, 47
1791, 5
1792, 24
1793, 28
1794, 15
1795, 5
1796, 6
1797, 1
1798, 54
1799, 6
1800, 66
1801, 5
1802, 24
1803, 15
1804, 15
1805, 5
1806, 1
1807, 41
1808, 47
1809, 5
1810, 24
1811, 16
1812, 15
1813, 5
1814, 1
1815, 41
1816, 47
1817, 5
1818, 24
1819, 16
1820, 15
1821, 5
1822, 1
1823, 41
1824, 47
1825, 5
1826, 24
1827, 16
1828, 15
1829, 5
1830, 6
1831, 1
1832, 30
1833, 6
1834, 42
1835, 5
1836, 40
1837, 51
1838, 9
1839, 27
1840, 52
1841, 19
1842, 9
1843, 5
1844, 25
1845, 5
1846, 40
1847, 51
1848, 9
1849, 27
1850, 35
1851, 19
1852, 9
1853, 5
1854, 41
1855, 47
1856, 5
1857, 23
1858, 28
1859, 15
1860, 5
1861, 6
1862, 1
1863, 75
1864, 73
1865, 67
1866, 70
1867, 75
1868, 74
1869, 73
1870, 74
1871, 50
1872, 6
1873, 38
1874, 19
1875, 1
1876, 69
1877, 5
1878, 33
1879, 50
1880, 37
1881, 14
1882, 5
1883, 1
1884, 31
1885, 5
1886, 23
1887, 27
1888, 17
1889, 5
1890, 6
1891, 1
1892, 12
1893, 2
1894, 1
1895, 60
1896, 1
1897, 11
1898, 53
1899, 55
1900, 2
1901, 18
1902, 20
1903, 1
1904, 76
1905, 28
1906, 24
1907, 59
1908, 45
1909, 43
1910, 1
1911, 30
1912, 1
1913, 29
1914, 6
1915, 46
1916, 48
1917, 56
1918, 25
1919, 5
1920, 46
1921, 1
1922, 51
1923, 48
1924, 5
1925, 11
1926, 5
1927, 46
1928, 66
1929, 69
1930, 66
1931, 68
1932, 30
1933, 48
1934, 5
1935, 68
1936, 13
1937, 1
1938, 46
1939, 48
1940, 56
1941, 25
1942, 5
1943, 46
1944, 1
1945, 51
1946, 48
1947, 5
1948, 11
1949, 5
1950, 46
1951, 66
1952, 69
1953, 66
1954, 68
1955, 30
1956, 48
1957, 5
1958, 68
1959, 13
1960, 1
1961, 38
1962, 38
1963, 18
1964, 1
1965, 73
1966, 60
1967, 35
1968, 71
1969, 32
1970, 33
1971, 58
1972, 5
1973, 46
1974, 62
1975, 24
1976, 57
1977, 25
1978, 58
1979, 1
1980, 70
1981, 67
1982, 55
1983, 23
1984, 27
1985, 38
1986, 57
1987, 9
1988, 68
1989, 47
1990, 26
1991, 27
1992, 57
1993, 47
1994, 1
1995, 36
1996, 47
1997, 1
1998, 62
1999, 35
2000, 63
2001, 47
2002, 44
2003, 45
2004, 14
2005, 47
2006, 1
2007, 73
2008, 9
2009, 10
2010, 48
2011, 5
2012, 40
2013, 67
2014, 38
2015, 5
2016, 24
2017, 28
2018, 42
2019, 44
2020, 32
2021, 38
2022, 74
2023, 1
2024, 71
2025, 9
2026, 46
2027, 50
2028, 48
2029, 1
2030, 40
2031, 47
2032, 56
2033, 18
2034, 9
2035, 36
2036, 33
2037, 67
2038, 9
2039, 58
2040, 39
2041, 1
2042, 70
2043, 17
2044, 47
2045, 19
2046, 59
2047, 18
2048, 1
2049, 70
2050, 42
2051, 61
2052, 32
2053, 27
2054, 51
2055, 18
2056, 1
2057, 54
2058, 29
2059, 9
2060, 59
2061, 9
2062, 36
2063, 55
2064, 72
2065, 43
2066, 44
2067, 64
2068, 1
2069, 69
2070, 36
2071, 29
2072, 9
2073, 75
2074, 60
2075, 9
2076, 58
2077, 39
2078, 1
2079, 70
2080, 17
2081, 47
2082, 19
2083, 59
2084, 18
2085, 1
2086, 73
2087, 42
2088, 61
2089, 32
2090, 27
2091, 59
2092, 18
2093, 1
2094, 47
2095, 65
2096, 32
2097, 27
2098, 51
2099, 18
2100, 1
2101, 54
2102, 29
2103, 9
2104, 10
2105, 9
2106, 33
2107, 39
2108, 1
2109, 70
2110, 17
2111, 47
2112, 19
2113, 59
2114, 18
2115, 1
2116, 74
2117, 42
2118, 61
2119, 32
2120, 27
2121, 59
2122, 18
2123, 1
2124, 50
2125, 65
2126, 32
2127, 27
2128, 59
2129, 18
2130, 1
2131, 47
2132, 65
2133, 32
2134, 27
2135, 55
2136, 50
2137, 30
2138, 9
2139, 1
2140, 65
2141, 51
2142, 65
2143, 62
2144, 62
2145, 65
2146, 64
2147, 40
2148, 24
2149, 12
2150, 5
2151, 68
2152, 13
2153, 1
2154, 65
2155, 31
2156, 42
2157, 44
2158, 42
2159, 44
2160, 43
2161, 45
2162, 42
2163, 44
2164, 42
2165, 44
2166, 42
2167, 44
2168, 42
2169, 44
2170, 43
2171, 45
2172, 35
2173, 35
2174, 39
2175, 41
2176, 41
2177, 42
2178, 44
2179, 35
2180, 35
2181, 35
2182, 35
2183, 39
2184, 41
2185, 41
2186, 41
2187, 41
2188, 42
2189, 44
2190, 68
2191, 13
2192, 1
2193, 13
2194, 16
2195, 6
2196, 1
2197, 55
2198, 2
2199, 1
2200, 67
2201, 27
2202, 1
2203, 14
2204, 54
2205, 2
2206, 14
2207, 13
2208, 1
2209, 29
2210, 26
2211, 31
2212, 38
2213, 35
2214, 28
2215, 29
2216, 14
2217, 2
2218, 1
2219, 67
2220, 1
2221, 12
2222, 59
2223, 37
2224, 2
2225, 20
2226, 17
2227, 20
2228, 1
2229, 61
2230, 11
2231, 6
2232, 24
2233, 23
2234, 6
2235, 7
2236, 6
2237, 54
2238, 42
2239, 25
2240, 1
2241, 74
2242, 19
2243, 38
2244, 6
2245, 2
2246, 1
2247, 73
2248, 35
2249, 1
2250, 14
2251, 61
2252, 45
2253, 2
2254, 20
2255, 9
2256, 1
2257, 19
2258, 11
2259, 1
2260, 38
2261, 6
2262, 74
2263, 1
2264, 49
2265, 40
2266, 13
2267, 1
2268, 72
2269, 1
2270, 40
2271, 28
2272, 5
2273, 18
2274, 18
2275, 18
2276, 49
2277, 20
2278, 12
2279, 1
2280, 18
2281, 18
2282, 18
2283, 49
2284, 20
2285, 12
2286, 1
2287, 19
2288, 19
2289, 19
2290, 50
2291, 20
2292, 12
2293, 1
2294, 19
2295, 19
2296, 19
2297, 50
2298, 20
2299, 12
2300, 1
2301, 19
2302, 19
2303, 19
2304, 50
2305, 20
2306, 12
2307, 1
2308, 18
2309, 18
2310, 18
2311, 49
2312, 20
2313, 12
2314, 1
2315, 18
2316, 18
2317, 49
2318, 20
2319, 12
2320, 1
2321, 18
2322, 18
2323, 49
2324, 20
2325, 12
2326, 1
2327, 18
2328, 18
2329, 61
2330, 51
2331, 1
2332, 66
2333, 52
2334, 7
2335, 65
2336, 32
2337, 1
2338, 48
2339, 37
2340, 39
2341, 22
2342, 66
2343, 32
2344, 45
2345, 11
2346, 47
2347, 67
2348, 30
2349, 47
2350, 1
2351, 45
2352, 10
2353, 36
2354, 1
2355, 46
2356, 29
2357, 54
2358, 39
2359, 34
2360, 14
2361, 24
2362, 40
2363, 1
2364, 57
2365, 30
2366, 13
2367, 23
2368, 30
2369, 38
2370, 29
2371, 44
2372, 32
2373, 46
2374, 47
2375, 1
2376, 47
2377, 63
2378, 13
2379, 14
2380, 10
2381, 1
2382, 64
2383, 63
2384, 65
2385, 61
2386, 64
2387, 31
2388, 1
2389, 41
2390, 56
2391, 10
2392, 59
2393, 64
2394, 60
2395, 10
2396, 11
2397, 40
2398, 50
2399, 1
2400, 51
2401, 11
2402, 7
2403, 26
2404, 17
2405, 21
2406, 18
2407, 21
2408, 21
2409, 21
2410, 21
2411, 23
2412, 26
2413, 17
2414, 17
2415, 47
2416, 20
2417, 1
2418, 59
2419, 50
2420, 9
2421, 46
2422, 22
2423, 9
2424, 1
2425, 12
2426, 1
2427, 12
2428, 30
2429, 5
2430, 1
2431, 43
2432, 10
2433, 6
2434, 14
2435, 2
2436, 1
2437, 1
2438, 68
2439, 62
2440, 1
2441, 29
2442, 42
2443, 2
2444, 22
2445, 18
2446, 16
2447, 17
2448, 25
2449, 1
2450, 34
2451, 22
2452, 11
2453, 1
2454, 31
2455, 32
2456, 15
2457, 35
2458, 52
2459, 47
2460, 17
2461, 6
2462, 40
2463, 1
2464, 70
2465, 67
2466, 67
2467, 67
2468, 41
2469, 23
2470, 22
2471, 14
2472, 6
2473, 1
2474, 18
2475, 19
2476, 1
2477, 17
2478, 37
2479, 1
2480, 9
2481, 75
2482, 2
2483, 1
2484, 63
2485, 1
2486, 11
2487, 50
2488, 44
2489, 2
2490, 44
2491, 12
2492, 34
2493, 1
2494, 75
2495, 69
2496, 69
2497, 73
2498, 73
2499, 71
2500, 66
2501, 32
2502, 24
2503, 1
2504, 51
2505, 34
2506, 1
2507, 53
2508, 42
2509, 6
2510, 49
2511, 59
2512, 23
2513, 5
2514, 18
2515, 18
2516, 18
2517, 18
2518, 18
2519, 18
2520, 18
2521, 18
2522, 19
2523, 19
2524, 19
2525, 19
2526, 19
2527, 19
2528, 19
2529, 19
2530, 19
2531, 18
2532, 18
2533, 18
2534, 18
2535, 18
2536, 64
2537, 36
2538, 48
2539, 10
2540, 12
2541, 1
2542, 22
2543, 73
2544, 68
2545, 10
2546, 12
2547, 1
2548, 17
2549, 54
2550, 36
2551, 10
2552, 12
2553, 1
2554, 21
2555, 54
2556, 40
2557, 10
2558, 12
2559, 1
2560, 21
2561, 18
2562, 54
2563, 37
2564, 10
2565, 12
2566, 1
2567, 21
2568, 54
2569, 40
2570, 10
2571, 12
2572, 1
2573, 21
2574, 44
2575, 56
2576, 42
2577, 56
2578, 56
2579, 44
2580, 57
2581, 56
2582, 41
2583, 10
2584, 44
2585, 10
2586, 12
2587, 1
2588, 21
2589, 44
2590, 56
2591, 42
2592, 56
2593, 56
2594, 44
2595, 57
2596, 56
2597, 41
2598, 10
2599, 44
2600, 10
2601, 12
2602, 1
2603, 18
2604, 67
2605, 30
2606, 52
2607, 49
2608, 56
2609, 52
2610, 1
2611, 44
2612, 52
2613, 55
2614, 52
2615, 52
2616, 48
2617, 49
2618, 49
2619, 25
2620, 50
2621, 53
2622, 51
2623, 9
2624, 73
2625, 68
2626, 32
2627, 36
2628, 25
2629, 44
2630, 42
2631, 22
2632, 44
2633, 44
2634, 38
2635, 1
2636, 53
2637, 38
2638, 61
2639, 8
2640, 37
2641, 40
2642, 31
2643, 33
2644, 8
2645, 57
2646, 8
2647, 39
2648, 40
2649, 31
2650, 33
2651, 8
2652, 1
2653, 41
2654, 51
2655, 51
2656, 51
2657, 9
2658, 10
2659, 56
2660, 34
2661, 37
2662, 39
2663, 37
2664, 10
2665, 12
2666, 1
2667, 23
2668, 7
2669, 16
2670, 53
2671, 43
2672, 19
2673, 53
2674, 37
2675, 34
2676, 39
2677, 1
2678, 52
2679, 48
2680, 11
2681, 61
2682, 16
2683, 11
2684, 1
2685, 54
2686, 42
2687, 1
2688, 62
2689, 61
2690, 41
2691, 51
2692, 51
2693, 25
2694, 39
2695, 39
2696, 20
2697, 12
2698, 58
2699, 53
2700, 40
2701, 39
2702, 1
2703, 12
2704, 14
2705, 7
2706, 1
2707, 26
2708, 7
2709, 16
2710, 53
2711, 47
2712, 19
2713, 53
2714, 37
2715, 34
2716, 39
2717, 1
2718, 52
2719, 48
2720, 11
2721, 61
2722, 16
2723, 11
2724, 1
2725, 54
2726, 42
2727, 1
2728, 62
2729, 61
2730, 41
2731, 51
2732, 51
2733, 25
2734, 39
2735, 39
2736, 20
2737, 12
2738, 69
2739, 62
2740, 31
2741, 58
2742, 53
2743, 42
2744, 39
2745, 1
2746, 12
2747, 14
2748, 7
2749, 1
2750, 17
2751, 54
2752, 36
2753, 10
2754, 12
2755, 1
2756, 17
2757, 54
2758, 36
2759, 10
2760, 12
2761, 1
2762, 18
2763, 54
2764, 32
2765, 35
2766, 37
2767, 35
2768, 10
2769, 12
2770, 1
2771, 12
2772, 25
2773, 5
2774, 6
2775, 1
2776, 42
2777, 12
2778, 2
2779, 1
2780, 39
2781, 1
2782, 12
2783, 32
2784, 2
2785, 16
2786, 31
2787, 34
2788, 12
2789, 1
2790, 46
2791, 16
2792, 1
2793, 22
2794, 6
2795, 36
2796, 14
2797, 6
2798, 1
2799, 75
2800, 34
2801, 18
2802, 6
2803, 40
2804, 46
2805, 24
2806, 6
2807, 1
2808, 61
2809, 1
2810, 22
2811, 6
2812, 58
2813, 14
2814, 6
2815, 1
2816, 15
2817, 6
2818, 57
2819, 14
2820, 6
2821, 1
2822, 50
2823, 17
2824, 12
2825, 2
2826, 1
2827, 45
2828, 1
2829, 5
2830, 24
2831, 2
2832, 45
2833, 45
2834, 1
2835, 52
2836, 39
2837, 29
2838, 25
2839, 68
2840, 33
2841, 2
2842, 1
2843, 68
2844, 30
2845, 1
2846, 12
2847, 42
2848, 2
2849, 39
2850, 1
2851, 68
2852, 23
2853, 36
2854, 1
2855, 63
2856, 26
2857, 28
2858, 30
2859, 1
2860, 74
2861, 60
2862, 45
2863, 79
2864, 14
2865, 1
2866, 43
2867, 40
2868, 46
2869, 38
2870, 7
2871, 55
2872, 1
2873, 70
2874, 24
2875, 16
2876, 1
2877, 75
2878, 59
2879, 37
2880, 1
2881, 28
2882, 32
2883, 2
2884, 1
2885, 72
2886, 36
2887, 1
2888, 12
2889, 41
2890, 2
2891, 39
2892, 1
2893, 63
2894, 26
2895, 28
2896, 30
2897, 1
2898, 74
2899, 60
2900, 40
2901, 78
2902, 14
2903, 1
2904, 32
2905, 6
2906, 35
2907, 79
2908, 6
2909, 37
2910, 6
2911, 35
2912, 79
2913, 6
2914, 7
2915, 54
2916, 1
2917, 28
2918, 32
2919, 2
2920, 1
2921, 68
2922, 71
2923, 72
2924, 39
2925, 1
2926, 13
2927, 26
2928, 2
2929, 17
2930, 68
2931, 72
2932, 38
2933, 1
2934, 63
2935, 68
2936, 40
2937, 6
2938, 74
2939, 27
2940, 53
2941, 32
2942, 11
2943, 32
2944, 6
2945, 7
2946, 1
2947, 16
2948, 72
2949, 38
2950, 1
2951, 40
2952, 28
2953, 7
2954, 1
2955, 72
2956, 38
2957, 1
2958, 72
2959, 40
2960, 1
2961, 42
2962, 43
2963, 28
2964, 1
2965, 40
2966, 43
2967, 28
2968, 1
2969, 59
2970, 78
2971, 1
2972, 45
2973, 45
2974, 38
2975, 72
2976, 1
2977, 44
2978, 56
2979, 1
2980, 62
2981, 67
2982, 1
2983, 34
2984, 65
2985, 1
2986, 17
2987, 31
2988, 73
2989, 7
2990, 73
2991, 25
2992, 31
2993, 77
2994, 7
2995, 77
2996, 6
2997, 69
2998, 24
2999, 45
3000, 59
3001, 36
3002, 63
3003, 7
3004, 63
3005, 7
3006, 2
3007, 1
3008, 43
3009, 1
3010, 4
3011, 24
3012, 2
3013, 75
3014, 73
3015, 67
3016, 69
3017, 73
3018, 75
3019, 47
3020, 1
3021, 70
3022, 72
3023, 71
3024, 66
3025, 72
3026, 75
3027, 53
3028, 1
3029, 55
3030, 2
3031, 1
3032, 74
3033, 35
3034, 1
3035, 7
3036, 76
3037, 2
3038, 57
3039, 1
3040, 72
3041, 43
3042, 27
3043, 6
3044, 33
3045, 36
3046, 35
3047, 32
3048, 39
3049, 42
3050, 41
3051, 38
3052, 29
3053, 29
3054, 29
3055, 30
3056, 33
3057, 33
3058, 33
3059, 30
3060, 30
3061, 29
3062, 31
3063, 78
3064, 39
3065, 47
3066, 1
3067, 23
3068, 29
3069, 43
3070, 13
3071, 1
3072, 13
3073, 57
3074, 57
3075, 6
3076, 1
3077, 39
3078, 12
3079, 2
3080, 1
3081, 75
3082, 64
3083, 1
3084, 12
3085, 54
3086, 39
3087, 2
3088, 19
3089, 30
3090, 39
3091, 1
3092, 20
3093, 43
3094, 40
3095, 1
3096, 53
3097, 27
3098, 1
3099, 32
3100, 23
3101, 24
3102, 26
3103, 31
3104, 23
3105, 1
3106, 32
3107, 25
3108, 24
3109, 29
3110, 30
3111, 23
3112, 1
3113, 32
3114, 25
3115, 30
3116, 27
3117, 26
3118, 23
3119, 1
3120, 42
3121, 44
3122, 2
3123, 1
3124, 73
3125, 66
3126, 74
3127, 75
3128, 30
3129, 1
3130, 12
3131, 65
3132, 2
3133, 30
3134, 1
3135, 72
3136, 47
3137, 27
3138, 1
3139, 32
3140, 1
3141, 15
3142, 6
3143, 72
3144, 1
3145, 42
3146, 50
3147, 1
3148, 70
3149, 67
3150, 69
3151, 25
3152, 46
3153, 39
3154, 38
3155, 1
3156, 44
3157, 46
3158, 11
3159, 1
3160, 72
3161, 65
3162, 70
3163, 52
3164, 35
3165, 5
3166, 63
3167, 68
3168, 60
3169, 24
3170, 49
3171, 45
3172, 45
3173, 44
3174, 13
3175, 5
3176, 1
3177, 70
3178, 53
3179, 24
3180, 74
3181, 23
3182, 1
3183, 71
3184, 63
3185, 1
3186, 71
3187, 54
3188, 63
3189, 1
3190, 74
3191, 65
3192, 46
3193, 59
3194, 5
3195, 70
3196, 44
3197, 20
3198, 48
3199, 44
3200, 16
3201, 80
3202, 1
3203, 29
3204, 72
3205, 35
3206, 30
3207, 53
3208, 5
3209, 1
3210, 62
3211, 68
3212, 71
3213, 1
3214, 73
3215, 30
3216, 49
3217, 6
3218, 7
3219, 55
3220, 2
3221, 1
3222, 72
3223, 75
3224, 69
3225, 68
3226, 68
3227, 1
3228, 5
3229, 32
3230, 2
3231, 35
3232, 37
3233, 1
3234, 60
3235, 44
3236, 1
3237, 79
3238, 60
3239, 2
3240, 1
3241, 74
3242, 74
3243, 69
3244, 20
3245, 1
3246, 4
3247, 60
3248, 40
3249, 59
3250, 2
3251, 36
3252, 1
3253, 43
3254, 6
3255, 54
3256, 1
3257, 29
3258, 55
3259, 1
3260, 33
3261, 29
3262, 38
3263, 50
3264, 1
3265, 61
3266, 5
3267, 40
3268, 41
3269, 1
3270, 64
3271, 74
3272, 37
3273, 49
3274, 26
3275, 9
3276, 10
3277, 9
3278, 27
3279, 47
3280, 23
3281, 61
3282, 1
3283, 69
3284, 65
3285, 65
3286, 63
3287, 63
3288, 29
3289, 33
3290, 45
3291, 1
3292, 66
3293, 61
3294, 42
3295, 50
3296, 39
3297, 14
3298, 47
3299, 1
3300, 25
3301, 47
3302, 55
3303, 42
3304, 60
3305, 41
3306, 49
3307, 38
3308, 1
3309, 66
3310, 43
3311, 72
3312, 1
3313, 66
3314, 48
3315, 31
3316, 28
3317, 40
3318, 32
3319, 9
3320, 5
3321, 73
3322, 64
3323, 63
3324, 50
3325, 38
3326, 35
3327, 38
3328, 47
3329, 1
3330, 33
3331, 1
3332, 16
3333, 6
3334, 1
3335, 46
3336, 2
3337, 1
3338, 69
3339, 66
3340, 74
3341, 73
3342, 74
3343, 75
3344, 71
3345, 48
3346, 1
3347, 4
3348, 36
3349, 2
3350, 48
3351, 1
3352, 55
3353, 2
3354, 1
3355, 66
3356, 72
3357, 71
3358, 74
3359, 31
3360, 1
3361, 12
3362, 52
3363, 2
3364, 30
3365, 32
3366, 1
3367, 23
3368, 6
3369, 72
3370, 1
3371, 24
3372, 5
3373, 50
3374, 51
3375, 62
3376, 5
3377, 11
3378, 5
3379, 70
3380, 70
3381, 32
3382, 48
3383, 50
3384, 9
3385, 45
3386, 53
3387, 1
3388, 25
3389, 37
3390, 37
3391, 24
3392, 8
3393, 43
3394, 65
3395, 8
3396, 1
3397, 64
3398, 55
3399, 19
3400, 8
3401, 54
3402, 42
3403, 8
3404, 9
3405, 5
3406, 6
3407, 1
3408, 21
3409, 2
3410, 1
3411, 73
3412, 32
3413, 1
3414, 5
3415, 33
3416, 2
3417, 36
3418, 30
3419, 2
3420, 1
3421, 79
3422, 1
3423, 12
3424, 67
3425, 43
3426, 2
3427, 30
3428, 1
3429, 28
3430, 1
3431, 14
3432, 79
3433, 60
3434, 6
3435, 21
3436, 1
3437, 74
3438, 17
3439, 1
3440, 58
3441, 73
3442, 1
3443, 77
3444, 21
3445, 1
3446, 73
3447, 19
3448, 63
3449, 1
3450, 73
3451, 15
3452, 55
3453, 6
3454, 2
3455, 1
3456, 75
3457, 73
3458, 72
3459, 72
3460, 64
3461, 20
3462, 1
3463, 12
3464, 24
3465, 2
3466, 44
3467, 20
3468, 31
3469, 27
3470, 6
3471, 34
3472, 41
3473, 6
3474, 2
3475, 1
3476, 69
3477, 20
3478, 1
3479, 14
3480, 24
3481, 2
3482, 47
3483, 1
3484, 72
3485, 6
3486, 49
3487, 25
3488, 66
3489, 14
3490, 11
3491, 21
3492, 6
3493, 1
3494, 18
3495, 18
3496, 18
3497, 2
3498, 1
3499, 12
3500, 48
3501, 2
3502, 35
3503, 1
3504, 28
3505, 28
3506, 2
3507, 1
3508, 12
3509, 50
3510, 2
3511, 35
3512, 1
3513, 30
3514, 28
3515, 2
3516, 1
3517, 4
3518, 35
3519, 2
3520, 14
3521, 1
3522, 43
3523, 14
3524, 1
3525, 23
3526, 46
3527, 64
3528, 33
3529, 1
3530, 12
3531, 2
