1, 53
2, 73
3, 32
4, 0
5, 28
6, 0
7, 62
8, 68
9, 67
10, 18
11, 0
12, 57
13, 62
14, 61
15, 44
16, 0
17, 65
18, 58
19, 58
20, 31
21, 0
22, 19
23, 19
24, 16
25, 17
26, 17
27, 25
28, 17
29, 24
30, 23
31, 19
32, 22
33, 18
34, 18
35, 17
36, 20
37, 17
38, 19
39, 21
40, 19
41, 22
42, 16
43, 19
44, 23
45, 22
46, 0
47, 71
48, 71
49, 11
50, 74
51, 75
52, 75
53, 58
54, 43
55, 0
56, 75
57, 38
58, 0
59, 33
60, 33
61, 0
62, 37
63, 58
64, 0
65, 44
66, 48
67, 54
68, 0
69, 42
70, 58
71, 52
72, 0
73, 58
74, 81
75, 0
76, 64
77, 75
78, 0
79, 54
80, 54
81, 0
82, 42
83, 42
84, 0
85, 43
86, 31
87, 45
88, 31
89, 44
90, 0
91, 35
92, 66
93, 35
94, 66
95, 31
96, 49
97, 30
98, 47
99, 0
100, 47
101, 0
102, 64
103, 61
104, 59
105, 65
106, 12
107, 0
108, 63
109, 54
110, 0
111, 4
112, 19
113, 1
114, 19
115, 31
116, 0
117, 40
118, 28
119, 50
120, 0
121, 65
122, 26
123, 46
124, 0
125, 46
126, 22
127, 31
128, 44
129, 1
130, 33
131, 36
132, 47
133, 0
134, 55
135, 1
136, 22
137, 13
138, 0
139, 23
140, 1
141, 13
142, 12
143, 4
144, 40
145, 1
146, 0
147, 24
148, 25
149, 0
150, 22
151, 25
152, 0
153, 25
154, 25
155, 0
156, 31
157, 25
158, 0
159, 4
160, 13
161, 0
162, 49
163, 1
164, 0
165, 62
166, 62
167, 46
168, 0
169, 62
170, 67
171, 24
172, 22
173, 32
174, 44
175, 1
176, 19
177, 12
178, 0
179, 5
180, 43
181, 42
182, 37
183, 43
184, 12
185, 6
186, 0
187, 4
188, 13
189, 0
190, 74
191, 1
192, 1
193, 0
194, 5
195, 22
196, 31
197, 44
198, 1
199, 22
200, 32
201, 44
202, 1
203, 55
204, 8
205, 41
206, 42
207, 65
208, 40
209, 23
210, 1
211, 1
212, 6
213, 0
214, 65
215, 62
216, 64
217, 30
218, 55
219, 1
220, 21
221, 0
222, 18
223, 54
224, 58
225, 0
226, 26
227, 16
228, 0
229, 26
230, 16
231, 0
232, 24
233, 24
234, 0
235, 25
236, 19
237, 0
238, 27
239, 20
240, 0
241, 22
242, 16
243, 0
244, 31
245, 17
246, 0
247, 4
248, 16
249, 0
250, 31
251, 0
252, 5
253, 1
254, 51
255, 92
256, 22
257, 31
258, 44
259, 1
260, 46
261, 47
262, 1
263, 23
264, 1
265, 6
266, 1
267, 0
268, 61
269, 59
270, 63
271, 60
272, 62
273, 51
274, 0
275, 59
276, 12
277, 8
278, 8
279, 18
280, 38
281, 23
282, 8
283, 41
284, 0
285, 25
286, 35
287, 0
288, 40
289, 42
290, 37
291, 38
292, 39
293, 39
294, 41
295, 37
296, 37
297, 45
298, 1
299, 0
300, 0
301, 65
302, 0
303, 3
304, 31
305, 16
306, 23
307, 1
308, 25
309, 13
310, 0
311, 46
312, 13
313, 0
314, 72
315, 6
316, 1
317, 0
318, 57
319, 0
320, 3
321, 30
322, 7
323, 23
324, 1
325, 25
326, 13
327, 0
328, 46
329, 13
330, 0
331, 72
332, 6
333, 1
334, 0
335, 61
336, 0
337, 3
338, 30
339, 7
340, 23
341, 1
342, 25
343, 13
344, 0
345, 46
346, 13
347, 0
348, 72
349, 6
350, 1
351, 0
352, 65
353, 12
354, 0
355, 3
356, 36
357, 7
358, 23
359, 1
360, 9
361, 0
362, 25
363, 13
364, 0
365, 46
366, 13
367, 0
368, 20
369, 63
370, 13
371, 0
372, 30
373, 25
374, 0
375, 32
376, 1
377, 0
378, 63
379, 0
380, 3
381, 36
382, 7
383, 23
384, 1
385, 25
386, 13
387, 0
388, 46
389, 13
390, 0
391, 71
392, 13
393, 0
394, 32
395, 1
396, 8
397, 6
398, 0
399, 16
400, 15
401, 15
402, 11
403, 12
404, 1
405, 0
406, 13
407, 1
408, 0
409, 72
410, 0
411, 3
412, 23
413, 7
414, 23
415, 1
416, 25
417, 13
418, 0
419, 46
420, 13
421, 0
422, 71
423, 13
424, 0
425, 32
426, 1
427, 8
428, 6
429, 0
430, 12
431, 21
432, 25
433, 13
434, 0
435, 18
436, 0
437, 9
438, 48
439, 0
440, 16
441, 15
442, 15
443, 11
444, 12
445, 1
446, 0
447, 13
448, 1
449, 0
450, 48
451, 0
452, 3
453, 22
454, 7
455, 23
456, 1
457, 46
458, 13
459, 0
460, 28
461, 1
462, 38
463, 35
464, 0
465, 21
466, 1
467, 0
468, 25
469, 13
470, 0
471, 36
472, 1
473, 0
474, 57
475, 0
476, 3
477, 24
478, 7
479, 23
480, 1
481, 46
482, 13
483, 0
484, 28
485, 1
486, 38
487, 35
488, 0
489, 21
490, 1
491, 0
492, 25
493, 13
494, 0
495, 38
496, 1
497, 0
498, 66
499, 0
500, 3
501, 31
502, 7
503, 23
504, 1
505, 46
506, 13
507, 0
508, 28
509, 1
510, 38
511, 35
512, 0
513, 21
514, 1
515, 0
516, 25
517, 13
518, 0
519, 25
520, 12
521, 0
522, 36
523, 1
524, 0
525, 47
526, 0
527, 3
528, 21
529, 7
530, 23
531, 1
532, 46
533, 13
534, 0
535, 28
536, 1
537, 38
538, 35
539, 0
540, 21
541, 1
542, 0
543, 25
544, 13
545, 0
546, 35
547, 1
548, 0
549, 59
550, 0
551, 3
552, 25
553, 7
554, 23
555, 1
556, 46
557, 13
558, 0
559, 28
560, 1
561, 38
562, 35
563, 0
564, 21
565, 1
566, 0
567, 25
568, 13
569, 0
570, 71
571, 1
572, 0
573, 49
574, 0
575, 3
576, 23
577, 7
578, 23
579, 1
580, 46
581, 13
582, 0
583, 28
584, 1
585, 38
586, 35
587, 0
588, 21
589, 1
590, 0
591, 25
592, 13
593, 0
594, 37
595, 1
596, 0
597, 49
598, 0
599, 3
600, 26
601, 7
602, 23
603, 1
604, 46
605, 13
606, 0
607, 28
608, 1
609, 38
610, 35
611, 0
612, 21
613, 1
614, 0
615, 25
616, 13
617, 0
618, 40
619, 1
620, 0
621, 67
622, 0
623, 3
624, 38
625, 7
626, 23
627, 1
628, 46
629, 13
630, 0
631, 28
632, 1
633, 38
634, 35
635, 0
636, 21
637, 1
638, 0
639, 31
640, 46
641, 0
642, 25
643, 13
644, 0
645, 40
646, 1
647, 0
648, 68
649, 0
650, 3
651, 33
652, 7
653, 23
654, 1
655, 46
656, 13
657, 0
658, 28
659, 1
660, 38
661, 35
662, 0
663, 21
664, 1
665, 0
666, 25
667, 13
668, 0
669, 62
670, 1
671, 0
672, 49
673, 0
674, 3
675, 21
676, 7
677, 23
678, 1
679, 46
680, 13
681, 0
682, 28
683, 1
684, 38
685, 35
686, 0
687, 21
688, 1
689, 0
690, 25
691, 13
692, 0
693, 70
694, 1
695, 0
696, 49
697, 0
698, 3
699, 21
700, 7
701, 23
702, 1
703, 46
704, 13
705, 0
706, 28
707, 1
708, 38
709, 35
710, 0
711, 21
712, 1
713, 0
714, 25
715, 13
716, 0
717, 70
718, 1
719, 0
720, 49
721, 0
722, 3
723, 24
724, 7
725, 23
726, 1
727, 46
728, 13
729, 0
730, 28
731, 1
732, 38
733, 35
734, 0
735, 21
736, 1
737, 0
738, 25
739, 13
740, 0
741, 73
742, 1
743, 0
744, 67
745, 21
746, 0
747, 3
748, 27
749, 7
750, 23
751, 1
752, 22
753, 1
754, 8
755, 6
756, 0
757, 9
758, 12
759, 46
760, 13
761, 0
762, 35
763, 0
764, 15
765, 24
766, 0
767, 18
768, 65
769, 1
770, 0
771, 13
772, 1
773, 0
774, 76
775, 0
776, 3
777, 33
778, 7
779, 23
780, 1
781, 28
782, 1
783, 38
784, 35
785, 0
786, 21
787, 1
788, 0
789, 31
790, 41
791, 0
792, 25
793, 13
794, 0
795, 46
796, 13
797, 0
798, 36
799, 1
800, 0
801, 79
802, 0
803, 3
804, 35
805, 7
806, 23
807, 1
808, 28
809, 1
810, 38
811, 35
812, 0
813, 21
814, 1
815, 0
816, 31
817, 39
818, 0
819, 25
820, 13
821, 0
822, 46
823, 13
824, 0
825, 36
826, 1
827, 0
828, 79
829, 0
830, 3
831, 35
832, 7
833, 23
834, 1
835, 28
836, 1
837, 38
838, 35
839, 0
840, 21
841, 1
842, 0
843, 31
844, 39
845, 0
846, 25
847, 13
848, 0
849, 46
850, 13
851, 0
852, 36
853, 1
854, 0
855, 75
856, 0
857, 3
858, 34
859, 7
860, 23
861, 1
862, 22
863, 1
864, 8
865, 6
866, 0
867, 15
868, 16
869, 15
870, 11
871, 12
872, 0
873, 12
874, 38
875, 35
876, 0
877, 21
878, 18
879, 0
880, 9
881, 46
882, 13
883, 0
884, 36
885, 1
886, 0
887, 13
888, 1
889, 0
890, 71
891, 78
892, 0
893, 3
894, 35
895, 7
896, 23
897, 1
898, 22
899, 1
900, 8
901, 6
902, 0
903, 15
904, 18
905, 16
906, 15
907, 11
908, 12
909, 0
910, 12
911, 38
912, 35
913, 0
914, 21
915, 18
916, 0
917, 9
918, 46
919, 13
920, 0
921, 36
922, 1
923, 0
924, 13
925, 1
926, 0
927, 76
928, 0
929, 3
930, 32
931, 7
932, 23
933, 1
934, 22
935, 1
936, 8
937, 6
938, 0
939, 12
940, 38
941, 35
942, 0
943, 21
944, 18
945, 0
946, 9
947, 46
948, 13
949, 0
950, 36
951, 0
952, 9
953, 72
954, 1
955, 0
956, 13
957, 1
958, 0
959, 70
960, 14
961, 0
962, 3
963, 29
964, 7
965, 23
966, 1
967, 11
968, 19
969, 0
970, 22
971, 1
972, 8
973, 6
974, 0
975, 15
976, 18
977, 16
978, 15
979, 11
980, 12
981, 0
982, 12
983, 46
984, 13
985, 0
986, 25
987, 25
988, 16
989, 62
990, 18
991, 0
992, 21
993, 0
994, 9
995, 46
996, 13
997, 0
998, 12
999, 0
1000, 9
1001, 41
1002, 12
1003, 53
1004, 18
1005, 1
1006, 0
1007, 13
1008, 1
1009, 0
1010, 71
1011, 14
1012, 0
1013, 3
1014, 30
1015, 7
1016, 23
1017, 1
1018, 11
1019, 19
1020, 0
1021, 22
1022, 1
1023, 8
1024, 6
1025, 0
1026, 12
1027, 46
1028, 13
1029, 0
1030, 25
1031, 25
1032, 16
1033, 62
1034, 18
1035, 0
1036, 21
1037, 0
1038, 9
1039, 46
1040, 13
1041, 0
1042, 12
1043, 0
1044, 9
1045, 41
1046, 12
1047, 53
1048, 18
1049, 1
1050, 0
1051, 13
1052, 1
1053, 0
1054, 58
1055, 0
1056, 3
1057, 26
1058, 7
1059, 40
1060, 1
1061, 31
1062, 41
1063, 0
1064, 13
1065, 1
1066, 0
1067, 61
1068, 0
1069, 3
1070, 28
1071, 7
1072, 40
1073, 1
1074, 31
1075, 39
1076, 0
1077, 13
1078, 1
1079, 0
1080, 61
1081, 0
1082, 3
1083, 28
1084, 7
1085, 40
1086, 1
1087, 31
1088, 39
1089, 0
1090, 13
1091, 1
1092, 0
1093, 66
1094, 0
1095, 3
1096, 25
1097, 7
1098, 40
1099, 1
1100, 31
1101, 52
1102, 0
1103, 13
1104, 1
1105, 0
1106, 75
1107, 34
1108, 0
1109, 3
1110, 33
1111, 7
1112, 23
1113, 1
1114, 11
1115, 0
1116, 46
1117, 13
1118, 0
1119, 47
1120, 13
1121, 0
1122, 18
1123, 62
1124, 13
1125, 0
1126, 18
1127, 51
1128, 13
1129, 0
1130, 12
1131, 1
1132, 0
1133, 75
1134, 54
1135, 0
1136, 3
1137, 35
1138, 7
1139, 23
1140, 1
1141, 11
1142, 0
1143, 46
1144, 13
1145, 0
1146, 47
1147, 13
1148, 0
1149, 18
1150, 25
1151, 1
1152, 23
1153, 51
1154, 13
1155, 1
1156, 47
1157, 50
1158, 36
1159, 13
1160, 0
1161, 18
1162, 51
1163, 13
1164, 0
1165, 12
1166, 1
1167, 0
1168, 69
1169, 14
1170, 0
1171, 3
1172, 34
1173, 7
1174, 40
1175, 1
1176, 8
1177, 0
1178, 83
1179, 22
1180, 13
1181, 0
1182, 41
1183, 13
1184, 0
1185, 19
1186, 29
1187, 23
1188, 0
1189, 22
1190, 1
1191, 8
1192, 6
1193, 0
1194, 9
1195, 9
1196, 76
1197, 12
1198, 0
1199, 6
1200, 1
1201, 0
1202, 13
1203, 1
1204, 0
1205, 73
1206, 14
1207, 0
1208, 3
1209, 35
1210, 7
1211, 40
1212, 1
1213, 13
1214, 0
1215, 83
1216, 22
1217, 13
1218, 0
1219, 81
1220, 13
1221, 0
1222, 19
1223, 19
1224, 0
1225, 29
1226, 23
1227, 0
1228, 29
1229, 23
1230, 0
1231, 26
1232, 13
1233, 0
1234, 22
1235, 1
1236, 8
1237, 6
1238, 0
1239, 10
1240, 11
1241, 54
1242, 42
1243, 1
1244, 0
1245, 13
1246, 1
1247, 0
1248, 70
1249, 64
1250, 37
1251, 0
1252, 3
1253, 35
1254, 7
1255, 40
1256, 1
1257, 13
1258, 0
1259, 83
1260, 22
1261, 13
1262, 0
1263, 81
1264, 13
1265, 0
1266, 19
1267, 19
1268, 0
1269, 29
1270, 23
1271, 0
1272, 29
1273, 23
1274, 0
1275, 26
1276, 13
1277, 0
1278, 71
1279, 22
1280, 1
1281, 8
1282, 6
1283, 0
1284, 9
1285, 9
1286, 9
1287, 14
1288, 14
1289, 14
1290, 54
1291, 42
1292, 0
1293, 12
1294, 12
1295, 54
1296, 32
1297, 1
1298, 0
1299, 13
1300, 1
1301, 0
1302, 69
1303, 26
1304, 0
1305, 3
1306, 35
1307, 7
1308, 40
1309, 1
1310, 13
1311, 0
1312, 83
1313, 22
1314, 13
1315, 0
1316, 81
1317, 13
1318, 0
1319, 19
1320, 19
1321, 0
1322, 29
1323, 23
1324, 0
1325, 29
1326, 23
1327, 0
1328, 26
1329, 13
1330, 0
1331, 22
1332, 1
1333, 8
1334, 6
1335, 0
1336, 12
1337, 12
1338, 54
1339, 24
1340, 34
1341, 34
1342, 1
1343, 0
1344, 13
1345, 1
1346, 0
1347, 68
1348, 27
1349, 0
1350, 3
1351, 35
1352, 7
1353, 40
1354, 1
1355, 83
1356, 22
1357, 13
1358, 0
1359, 41
1360, 13
1361, 0
1362, 22
1363, 1
1364, 8
1365, 6
1366, 0
1367, 17
1368, 17
1369, 66
1370, 65
1371, 66
1372, 12
1373, 0
1374, 6
1375, 1
1376, 0
1377, 13
1378, 1
1379, 0
1380, 66
1381, 30
1382, 0
1383, 3
1384, 31
1385, 7
1386, 23
1387, 1
1388, 11
1389, 0
1390, 46
1391, 13
1392, 0
1393, 47
1394, 13
1395, 0
1396, 18
1397, 58
1398, 13
1399, 0
1400, 18
1401, 51
1402, 13
1403, 0
1404, 12
1405, 1
1406, 0
1407, 78
1408, 21
1409, 0
1410, 3
1411, 33
1412, 16
1413, 40
1414, 1
1415, 9
1416, 0
1417, 73
1418, 13
1419, 0
1420, 22
1421, 1
1422, 8
1423, 6
1424, 0
1425, 9
1426, 12
1427, 30
1428, 0
1429, 80
1430, 9
1431, 20
1432, 35
1433, 30
1434, 61
1435, 1
1436, 0
1437, 13
1438, 1
1439, 0
1440, 81
1441, 0
1442, 3
1443, 28
1444, 16
1445, 40
1446, 1
1447, 9
1448, 0
1449, 73
1450, 13
1451, 0
1452, 22
1453, 1
1454, 8
1455, 6
1456, 0
1457, 9
1458, 12
1459, 30
1460, 0
1461, 18
1462, 31
1463, 0
1464, 15
1465, 16
1466, 15
1467, 11
1468, 12
1469, 0
1470, 80
1471, 9
1472, 20
1473, 35
1474, 30
1475, 61
1476, 1
1477, 0
1478, 13
1479, 1
1480, 0
1481, 82
1482, 48
1483, 0
1484, 3
1485, 28
1486, 16
1487, 23
1488, 1
1489, 73
1490, 13
1491, 0
1492, 22
1493, 1
1494, 8
1495, 6
1496, 0
1497, 9
1498, 12
1499, 30
1500, 0
1501, 18
1502, 31
1503, 0
1504, 15
1505, 16
1506, 15
1507, 11
1508, 12
1509, 0
1510, 9
1511, 33
1512, 1
1513, 0
1514, 13
1515, 1
1516, 0
1517, 66
1518, 0
1519, 3
1520, 34
1521, 16
1522, 23
1523, 1
1524, 11
1525, 0
1526, 46
1527, 13
1528, 0
1529, 22
1530, 1
1531, 8
1532, 13
1533, 0
1534, 8
1535, 8
1536, 8
1537, 8
1538, 8
1539, 8
1540, 6
1541, 1
1542, 0
1543, 18
1544, 52
1545, 13
1546, 0
1547, 28
1548, 13
1549, 0
1550, 18
1551, 22
1552, 1
1553, 8
1554, 13
1555, 0
1556, 9
1557, 12
1558, 15
1559, 15
1560, 16
1561, 11
1562, 6
1563, 1
1564, 0
1565, 12
1566, 1
1567, 0
1568, 68
1569, 0
1570, 3
1571, 34
1572, 16
1573, 23
1574, 1
1575, 11
1576, 0
1577, 46
1578, 13
1579, 0
1580, 22
1581, 1
1582, 8
1583, 13
1584, 0
1585, 9
1586, 9
1587, 9
1588, 9
1589, 6
1590, 1
1591, 0
1592, 18
1593, 52
1594, 13
1595, 0
1596, 28
1597, 13
1598, 0
1599, 18
1600, 22
1601, 1
1602, 8
1603, 13
1604, 0
1605, 9
1606, 12
1607, 15
1608, 15
1609, 16
1610, 11
1611, 6
1612, 1
1613, 0
1614, 12
1615, 1
1616, 0
1617, 59
1618, 0
1619, 3
1620, 33
1621, 16
1622, 23
1623, 1
1624, 11
1625, 0
1626, 46
1627, 13
1628, 0
1629, 41
1630, 13
1631, 0
1632, 18
1633, 52
1634, 13
1635, 0
1636, 28
1637, 13
1638, 0
1639, 18
1640, 51
1641, 63
1642, 13
1643, 0
1644, 12
1645, 1
1646, 0
1647, 0
1648, 60
1649, 0
1650, 28
1651, 0
1652, 18
1653, 33
1654, 22
1655, 33
1656, 22
1657, 33
1658, 22
1659, 33
1660, 22
1661, 41
1662, 6
1663, 31
1664, 33
1665, 6
1666, 33
1667, 6
1668, 31
1669, 6
1670, 33
1671, 6
1672, 30
1673, 6
1674, 33
1675, 6
1676, 20
1677, 6
1678, 33
1679, 6
1680, 25
1681, 6
1682, 33
1683, 6
1684, 32
1685, 6
1686, 45
1687, 2
1688, 0
1689, 14
1690, 18
1691, 1
1692, 36
1693, 31
1694, 38
1695, 35
1696, 20
1697, 13
1698, 14
1699, 15
1700, 15
1701, 19
1702, 18
1703, 35
1704, 6
1705, 0
1706, 84
1707, 21
1708, 24
1709, 0
1710, 21
1711, 17
1712, 0
1713, 29
1714, 29
1715, 0
1716, 44
1717, 32
1718, 72
1719, 14
1720, 4
1721, 1
1722, 67
1723, 79
1724, 1
1725, 32
1726, 24
1727, 1
1728, 23
1729, 76
1730, 14
1731, 0
1732, 6
1733, 1
1734, 1
1735, 1
1736, 0
1737, 65
1738, 15
1739, 19
1740, 18
1741, 43
1742, 1
1743, 44
1744, 1
1745, 24
1746, 13
1747, 17
1748, 1
1749, 1
1750, 0
1751, 15
1752, 39
1753, 1
1754, 63
1755, 1
1756, 18
1757, 13
1758, 1
1759, 4
1760, 18
1761, 1
1762, 0
1763, 74
1764, 39
1765, 1
1766, 67
1767, 1
1768, 17
1769, 26
1770, 1
1771, 23
1772, 1
1773, 16
1774, 24
1775, 1
1776, 1
1777, 0
1778, 29
1779, 33
1780, 37
1781, 53
1782, 5
1783, 0
1784, 56
1785, 62
1786, 20
1787, 76
1788, 73
1789, 20
1790, 0
1791, 55
1792, 22
1793, 21
1794, 21
1795, 24
1796, 38
1797, 34
1798, 0
1799, 46
1800, 37
1801, 24
1802, 20
1803, 25
1804, 0
1805, 75
1806, 40
1807, 46
1808, 37
1809, 24
1810, 21
1811, 30
1812, 19
1813, 0
1814, 74
1815, 43
1816, 42
1817, 0
1818, 21
1819, 28
1820, 0
1821, 16
1822, 1
1823, 0
1824, 0
1825, 71
1826, 0
1827, 4
1828, 23
1829, 19
1830, 1
1831, 6
1832, 0
1833, 10
1834, 26
1835, 0
1836, 58
1837, 61
1838, 56
1839, 16
1840, 0
1841, 64
1842, 68
1843, 67
1844, 66
1845, 62
1846, 65
1847, 62
1848, 62
1849, 61
1850, 63
1851, 63
1852, 40
1853, 0
1854, 43
1855, 1
1856, 25
1857, 1
1858, 57
1859, 4
1860, 1
1861, 25
1862, 38
1863, 1
1864, 0
1865, 20
1866, 16
1867, 1
1868, 0
1869, 0
1870, 89
1871, 0
1872, 3
1873, 16
1874, 1
1875, 21
1876, 1
1877, 40
1878, 0
1879, 63
1880, 26
1881, 9
1882, 0
1883, 5
1884, 71
1885, 29
1886, 39
1887, 40
1888, 9
1889, 6
1890, 1
1891, 0
1892, 9
1893, 1
1894, 0
1895, 0
1896, 75
1897, 67
1898, 74
1899, 70
1900, 73
1901, 75
1902, 75
1903, 69
1904, 42
1905, 0
1906, 70
1907, 74
1908, 76
1909, 73
1910, 54
1911, 0
1912, 4
1913, 68
1914, 21
1915, 12
1916, 12
1917, 13
1918, 13
1919, 1
1920, 21
1921, 0
1922, 21
1923, 1
1924, 44
1925, 13
1926, 28
1927, 0
1928, 13
1929, 28
1930, 0
1931, 11
1932, 1
1933, 35
1934, 31
1935, 45
1936, 1
1937, 0
1938, 48
1939, 51
1940, 0
1941, 20
1942, 1
1943, 1
1944, 0
1945, 0
1946, 79
1947, 65
1948, 46
1949, 0
1950, 3
1951, 39
1952, 23
1953, 10
1954, 1
1955, 37
1956, 26
1957, 30
1958, 0
1959, 67
1960, 1
1961, 0
1962, 0
1963, 74
1964, 29
1965, 0
1966, 73
1967, 74
1968, 72
1969, 68
1970, 68
1971, 10
1972, 0
1973, 69
1974, 75
1975, 6
1976, 0
1977, 69
1978, 38
1979, 0
1980, 73
1981, 68
1982, 68
1983, 44
1984, 0
1985, 76
1986, 76
1987, 71
1988, 66
1989, 71
1990, 42
1991, 0
1992, 3
1993, 52
1994, 21
1995, 23
1996, 10
1997, 10
1998, 30
1999, 1
2000, 37
2001, 26
2002, 30
2003, 56
2004, 8
2005, 0
2006, 55
2007, 21
2008, 17
2009, 0
2010, 39
2011, 41
2012, 0
2013, 4
2014, 15
2015, 0
2016, 21
2017, 16
2018, 90
2019, 48
2020, 77
2021, 0
2022, 11
2023, 1
2024, 0
2025, 0
2026, 75
2027, 72
2028, 70
2029, 0
2030, 73
2031, 75
2032, 67
2033, 74
2034, 72
2035, 73
2036, 23
2037, 0
2038, 73
2039, 75
2040, 24
2041, 0
2042, 3
2043, 56
2044, 21
2045, 23
2046, 10
2047, 27
2048, 1
2049, 30
2050, 26
2051, 30
2052, 58
2053, 57
2054, 28
2055, 8
2056, 0
2057, 68
2058, 28
2059, 5
2060, 0
2061, 28
2062, 58
2063, 0
2064, 11
2065, 1
2066, 0
2067, 0
2068, 78
2069, 75
2070, 70
2071, 73
2072, 10
2073, 0
2074, 67
2075, 33
2076, 39
2077, 27
2078, 35
2079, 0
2080, 3
2081, 60
2082, 38
2083, 23
2084, 10
2085, 27
2086, 1
2087, 42
2088, 0
2089, 28
2090, 62
2091, 0
2092, 11
2093, 1
2094, 0
2095, 0
2096, 74
2097, 73
2098, 69
2099, 73
2100, 0
2101, 73
2102, 74
2103, 43
2104, 0
2105, 4
2106, 50
2107, 21
2108, 23
2109, 10
2110, 10
2111, 1
2112, 30
2113, 26
2114, 30
2115, 64
2116, 57
2117, 0
2118, 23
2119, 0
2120, 21
2121, 16
2122, 80
2123, 67
2124, 1
2125, 0
2126, 0
2127, 78
2128, 76
2129, 75
2130, 75
2131, 24
2132, 0
2133, 74
2134, 46
2135, 0
2136, 3
2137, 31
2138, 1
2139, 65
2140, 0
2141, 21
2142, 66
2143, 8
2144, 0
2145, 76
2146, 1
2147, 0
2148, 0
2149, 78
2150, 76
2151, 70
2152, 70
2153, 72
2154, 29
2155, 0
2156, 76
2157, 68
2158, 74
2159, 33
2160, 0
2161, 73
2162, 74
2163, 75
2164, 71
2165, 74
2166, 0
2167, 73
2168, 71
2169, 76
2170, 36
2171, 0
2172, 74
2173, 76
2174, 74
2175, 74
2176, 14
2177, 0
2178, 4
2179, 72
2180, 21
2181, 23
2182, 27
2183, 35
2184, 16
2185, 1
2186, 21
2187, 16
2188, 60
2189, 41
2190, 1
2191, 0
2192, 0
2193, 36
2194, 0
2195, 4
2196, 21
2197, 1
2198, 45
2199, 19
2200, 0
2201, 53
2202, 77
2203, 49
2204, 0
2205, 68
2206, 15
2207, 68
2208, 15
2209, 0
2210, 40
2211, 40
2212, 0
2213, 32
2214, 31
2215, 33
2216, 35
2217, 0
2218, 21
2219, 0
2220, 56
2221, 68
2222, 1
2223, 0
2224, 0
2225, 58
2226, 0
2227, 4
2228, 46
2229, 12
2230, 29
2231, 1
2232, 20
2233, 26
2234, 35
2235, 0
2236, 56
2237, 35
2238, 0
2239, 71
2240, 74
2241, 74
2242, 0
2243, 65
2244, 0
2245, 57
2246, 76
2247, 64
2248, 26
2249, 53
2250, 0
2251, 55
2252, 66
2253, 33
2254, 57
2255, 26
2256, 53
2257, 1
2258, 0
2259, 0
2260, 54
2261, 0
2262, 3
2263, 40
2264, 12
2265, 10
2266, 1
2267, 26
2268, 30
2269, 14
2270, 26
2271, 0
2272, 56
2273, 35
2274, 0
2275, 71
2276, 74
2277, 74
2278, 0
2279, 32
2280, 0
2281, 29
2282, 30
2283, 0
2284, 58
2285, 24
2286, 0
2287, 26
2288, 1
2289, 54
2290, 20
2291, 0
2292, 74
2293, 39
2294, 11
2295, 0
2296, 60
2297, 20
2298, 26
2299, 53
2300, 0
2301, 23
2302, 1
2303, 0
2304, 0
2305, 56
2306, 27
2307, 0
2308, 72
2309, 49
2310, 0
2311, 25
2312, 45
2313, 0
2314, 26
2315, 39
2316, 40
2317, 0
2318, 26
2319, 0
2320, 54
2321, 38
2322, 0
2323, 51
2324, 17
2325, 28
2326, 0
2327, 0
2328, 52
2329, 53
2330, 60
2331, 22
2332, 53
2333, 0
2334, 15
2335, 1
2336, 0
2337, 66
2338, 64
2339, 30
2340, 0
2341, 67
2342, 65
2343, 63
2344, 53
2345, 0
2346, 11
2347, 44
2348, 30
2349, 36
2350, 1
2351, 66
2352, 10
2353, 1
2354, 0
2355, 0
2356, 70
2357, 67
2358, 64
2359, 67
2360, 64
2361, 59
2362, 15
2363, 0
2364, 4
2365, 23
2366, 1
2367, 27
2368, 40
2369, 6
2370, 22
2371, 22
2372, 39
2373, 21
2374, 25
2375, 0
2376, 23
2377, 24
2378, 0
2379, 22
2380, 21
2381, 62
2382, 0
2383, 75
2384, 70
2385, 47
2386, 0
2387, 20
2388, 1
2389, 51
2390, 51
2391, 41
2392, 41
2393, 67
2394, 1
2395, 26
2396, 1
2397, 49
2398, 37
2399, 37
2400, 1
2401, 0
2402, 29
2403, 43
2404, 20
2405, 1
2406, 52
2407, 58
2408, 40
2409, 1
2410, 0
2411, 72
2412, 42
2413, 25
2414, 57
2415, 0
2416, 77
2417, 39
2418, 25
2419, 57
2420, 0
2421, 74
2422, 20
2423, 1
2424, 50
2425, 35
2426, 1
2427, 42
2428, 70
2429, 1
2430, 0
2431, 50
2432, 57
2433, 1
2434, 0
2435, 32
2436, 25
2437, 39
2438, 0
2439, 63
2440, 28
2441, 1
2442, 0
2443, 0
2444, 63
2445, 44
2446, 0
2447, 60
2448, 66
2449, 61
2450, 33
2451, 0
2452, 11
2453, 44
2454, 30
2455, 36
2456, 1
2457, 63
2458, 67
2459, 61
2460, 1
2461, 0
2462, 0
2463, 0
2464, 70
2465, 68
2466, 63
2467, 67
2468, 64
2469, 59
2470, 15
2471, 0
2472, 4
2473, 23
2474, 1
2475, 27
2476, 40
2477, 6
2478, 22
2479, 22
2480, 13
2481, 16
2482, 0
2483, 63
2484, 28
2485, 0
2486, 26
2487, 25
2488, 39
2489, 0
2490, 74
2491, 75
2492, 0
2493, 22
2494, 61
2495, 0
2496, 41
2497, 41
2498, 41
2499, 0
2500, 32
2501, 43
2502, 20
2503, 1
2504, 52
2505, 40
2506, 58
2507, 1
2508, 0
2509, 75
2510, 42
2511, 25
2512, 57
2513, 0
2514, 77
2515, 16
2516, 39
2517, 25
2518, 1
2519, 55
2520, 16
2521, 4
2522, 1
2523, 16
2524, 1
2525, 55
2526, 16
2527, 1
2528, 57
2529, 1
2530, 1
2531, 0
2532, 64
2533, 67
2534, 35
2535, 30
2536, 71
2537, 0
2538, 16
2539, 1
2540, 38
2541, 57
2542, 34
2543, 24
2544, 4
2545, 55
2546, 1
2547, 38
2548, 67
2549, 0
2550, 39
2551, 43
2552, 1
2553, 0
2554, 0
2555, 79
2556, 75
2557, 74
2558, 75
2559, 68
2560, 10
2561, 0
2562, 74
2563, 73
2564, 68
2565, 57
2566, 0
2567, 4
2568, 40
2569, 13
2570, 29
2571, 1
2572, 32
2573, 1
2574, 0
2575, 0
2576, 78
2577, 76
2578, 75
2579, 74
2580, 13
2581, 0
2582, 4
2583, 40
2584, 10
2585, 12
2586, 11
2587, 1
2588, 15
2589, 10
2590, 0
2591, 22
2592, 9
2593, 0
2594, 25
2595, 1
2596, 12
2597, 41
2598, 9
2599, 57
2600, 30
2601, 20
2602, 18
2603, 27
2604, 0
2605, 18
2606, 0
2607, 9
2608, 31
2609, 19
2610, 9
2611, 0
2612, 39
2613, 41
2614, 6
2615, 0
2616, 15
2617, 18
2618, 36
2619, 6
2620, 0
2621, 8
2622, 9
2623, 1
2624, 1
2625, 0
2626, 0
2627, 79
2628, 76
2629, 25
2630, 0
2631, 4
2632, 38
2633, 13
2634, 6
2635, 1
2636, 24
2637, 16
2638, 0
2639, 21
2640, 1
2641, 8
2642, 6
2643, 0
2644, 9
2645, 39
2646, 7
2647, 0
2648, 15
2649, 43
2650, 7
2651, 0
2652, 66
2653, 47
2654, 16
2655, 20
2656, 36
2657, 20
2658, 7
2659, 0
2660, 15
2661, 11
2662, 30
2663, 7
2664, 1
2665, 0
2666, 58
2667, 1
2668, 0
2669, 0
2670, 68
2671, 0
2672, 11
2673, 47
2674, 13
2675, 6
2676, 1
2677, 18
2678, 18
2679, 0
2680, 21
2681, 1
2682, 8
2683, 67
2684, 6
2685, 0
2686, 12
2687, 9
2688, 14
2689, 14
2690, 7
2691, 6
2692, 0
2693, 15
2694, 16
2695, 15
2696, 11
2697, 7
2698, 6
2699, 0
2700, 10
2701, 17
2702, 17
2703, 61
2704, 56
2705, 1
2706, 17
2707, 17
2708, 1
2709, 6
2710, 1
2711, 0
2712, 21
2713, 8
2714, 34
2715, 0
2716, 4
2717, 1
2718, 24
2719, 17
2720, 0
2721, 28
2722, 1
2723, 55
2724, 27
2725, 17
2726, 15
2727, 21
2728, 1
2729, 0
2730, 30
2731, 1
2732, 18
2733, 13
2734, 1
2735, 35
2736, 1
2737, 18
2738, 13
2739, 1
2740, 0
2741, 47
2742, 66
2743, 4
2744, 67
2745, 1
2746, 0
2747, 20
2748, 0
2749, 8
2750, 34
2751, 0
2752, 4
2753, 1
2754, 16
2755, 0
2756, 22
2757, 1
2758, 12
2759, 55
2760, 27
2761, 17
2762, 15
2763, 21
2764, 25
2765, 67
2766, 0
2767, 18
2768, 9
2769, 48
2770, 6
2771, 0
2772, 15
2773, 44
2774, 6
2775, 0
2776, 16
2777, 15
2778, 11
2779, 40
2780, 6
2781, 0
2782, 8
2783, 67
2784, 1
2785, 1
2786, 0
2787, 20
2788, 1
2789, 0
2790, 0
2791, 79
2792, 54
2793, 0
2794, 68
2795, 73
2796, 64
2797, 71
2798, 74
2799, 51
2800, 0
2801, 75
2802, 75
2803, 37
2804, 0
2805, 76
2806, 76
2807, 37
2808, 0
2809, 50
2810, 67
2811, 60
2812, 57
2813, 52
2814, 59
2815, 0
2816, 36
2817, 14
2818, 35
2819, 28
2820, 60
2821, 50
2822, 68
2823, 58
2824, 43
2825, 53
2826, 60
2827, 17
2828, 57
2829, 47
2830, 0
2831, 4
2832, 38
2833, 13
2834, 6
2835, 11
2836, 1
2837, 46
2838, 20
2839, 19
2840, 9
2841, 8
2842, 0
2843, 15
2844, 1
2845, 25
2846, 34
2847, 6
2848, 0
2849, 54
2850, 33
2851, 64
2852, 0
2853, 37
2854, 38
2855, 29
2856, 6
2857, 0
2858, 72
2859, 48
2860, 64
2861, 0
2862, 45
2863, 6
2864, 0
2865, 50
2866, 24
2867, 64
2868, 0
2869, 58
2870, 6
2871, 0
2872, 48
2873, 48
2874, 58
2875, 65
2876, 6
2877, 0
2878, 61
2879, 27
2880, 18
2881, 6
2882, 13
2883, 14
2884, 0
2885, 69
2886, 69
2887, 73
2888, 66
2889, 14
2890, 46
2891, 25
2892, 32
2893, 67
2894, 68
2895, 1
2896, 33
2897, 0
2898, 23
2899, 25
2900, 0
2901, 35
2902, 51
2903, 0
2904, 40
2905, 51
2906, 0
2907, 4
2908, 45
2909, 1
2910, 0
2911, 53
2912, 54
2913, 0
2914, 53
2915, 54
2916, 0
2917, 50
2918, 48
2919, 0
2920, 4
2921, 66
2922, 6
2923, 0
2924, 48
2925, 70
2926, 33
2927, 0
2928, 77
2929, 33
2930, 0
2931, 4
2932, 59
2933, 6
2934, 0
2935, 71
2936, 32
2937, 19
2938, 37
2939, 59
2940, 6
2941, 0
2942, 72
2943, 21
2944, 1
2945, 42
2946, 42
2947, 42
2948, 42
2949, 42
2950, 42
2951, 42
2952, 42
2953, 42
2954, 42
2955, 0
2956, 8
2957, 59
2958, 1
2959, 6
2960, 0
2961, 60
2962, 30
2963, 48
2964, 0
2965, 4
2966, 59
2967, 6
2968, 0
2969, 29
2970, 30
2971, 47
2972, 0
2973, 4
2974, 59
2975, 6
2976, 0
2977, 0
2978, 71
2979, 50
2980, 61
2981, 31
2982, 1
2983, 37
2984, 7
2985, 1
2986, 0
2987, 18
2988, 0
2989, 10
2990, 16
2991, 39
2992, 0
2993, 27
2994, 40
2995, 0
2996, 21
2997, 49
2998, 0
2999, 32
3000, 39
3001, 0
3002, 4
3003, 57
3004, 0
3005, 7
3006, 0
3007, 8
3008, 1
3009, 13
3010, 0
3011, 63
3012, 20
3013, 1
3014, 1
3015, 1
3016, 0
3017, 0
3018, 77
3019, 0
3020, 3
3021, 23
3022, 1
3023, 10
3024, 1
3025, 0
3026, 0
3027, 62
3028, 0
3029, 11
3030, 52
3031, 24
3032, 23
3033, 8
3034, 8
3035, 1
3036, 31
3037, 43
3038, 41
3039, 32
3040, 32
3041, 32
3042, 32
3043, 32
3044, 32
3045, 0
3046, 30
3047, 0
3048, 56
3049, 50
3050, 52
3051, 62
3052, 0
3053, 55
3054, 57
3055, 50
3056, 0
3057, 28
3058, 57
3059, 42
3060, 60
3061, 0
3062, 27
3063, 33
3064, 1
3065, 0
3066, 0
3067, 78
3068, 74
3069, 75
3070, 55
3071, 0
3072, 4
3073, 55
3074, 9
3075, 11
3076, 17
3077, 1
3078, 59
3079, 20
3080, 24
3081, 15
3082, 77
3083, 25
3084, 29
3085, 0
3086, 53
3087, 48
3088, 1
3089, 0
3090, 0
3091, 76
3092, 70
3093, 25
3094, 0
3095, 50
3096, 20
3097, 36
3098, 26
3099, 0
3100, 3
3101, 45
3102, 23
3103, 6
3104, 13
3105, 1
3106, 11
3107, 12
3108, 0
3109, 21
3110, 1
3111, 8
3112, 6
3113, 0
3114, 12
3115, 19
3116, 24
3117, 6
3118, 0
3119, 18
3120, 0
3121, 9
3122, 49
3123, 6
3124, 0
3125, 10
3126, 17
3127, 17
3128, 0
3129, 28
3130, 21
3131, 0
3132, 59
3133, 18
3134, 0
3135, 73
3136, 6
3137, 0
3138, 22
3139, 1
3140, 8
3141, 6
3142, 0
3143, 12
3144, 21
3145, 25
3146, 6
3147, 0
3148, 18
3149, 0
3150, 9
3151, 50
3152, 6
3153, 0
3154, 15
3155, 50
3156, 6
3157, 0
3158, 16
3159, 15
3160, 11
3161, 8
3162, 6
3163, 1
3164, 6
3165, 0
3166, 15
3167, 49
3168, 6
3169, 0
3170, 16
3171, 15
3172, 11
3173, 8
3174, 6
3175, 0
3176, 14
3177, 14
3178, 17
3179, 72
3180, 8
3181, 6
3182, 1
3183, 0
3184, 22
3185, 1
3186, 107
3187, 53
3188, 14
3189, 1
3190, 0
3191, 11
3192, 1
3193, 0
3194, 0
3195, 72
3196, 69
3197, 51
3198, 0
3199, 40
3200, 0
3201, 65
3202, 0
3203, 74
3204, 65
3205, 0
3206, 76
3207, 75
3208, 36
3209, 0
3210, 72
3211, 72
3212, 74
3213, 29
3214, 0
3215, 3
3216, 49
3217, 6
3218, 26
3219, 40
3220, 30
3221, 1
3222, 19
3223, 0
3224, 22
3225, 1
3226, 8
3227, 1
3228, 68
3229, 14
3230, 30
3231, 16
3232, 1
3233, 4
3234, 1
3235, 73
3236, 14
3237, 1
3238, 1
3239, 0
3240, 11
3241, 1
3242, 0
3243, 0
3244, 71
3245, 75
3246, 76
3247, 39
3248, 0
3249, 71
3250, 75
3251, 76
3252, 52
3253, 0
3254, 64
3255, 0
3256, 3
3257, 36
3258, 9
3259, 1
3260, 24
3261, 1
3262, 8
3263, 6
3264, 0
3265, 14
3266, 14
3267, 12
3268, 1
3269, 0
3270, 13
3271, 1
3272, 0
3273, 0
3274, 59
3275, 0
3276, 3
3277, 51
3278, 13
3279, 11
3280, 9
3281, 9
3282, 1
3283, 46
3284, 41
3285, 83
3286, 0
3287, 18
3288, 49
3289, 48
3290, 55
3291, 16
3292, 0
3293, 24
3294, 35
3295, 13
3296, 9
3297, 27
3298, 24
3299, 0
3300, 4
3301, 46
3302, 1
3303, 0
3304, 0
3305, 78
3306, 65
3307, 0
3308, 12
3309, 33
3310, 15
3311, 9
3312, 1
3313, 65
3314, 1
3315, 65
3316, 40
3317, 0
3318, 72
3319, 46
3320, 0
3321, 39
3322, 21
3323, 0
3324, 44
3325, 42
3326, 40
3327, 1
3328, 0
3329, 72
3330, 1
3331, 33
3332, 31
3333, 27
3334, 0
3335, 39
3336, 29
3337, 25
3338, 1
3339, 0
3340, 38
3341, 32
3342, 31
3343, 21
3344, 0
3345, 50
3346, 1
3347, 0
3348, 0
3349, 68
3350, 50
3351, 0
3352, 3
3353, 57
3354, 9
3355, 9
3356, 15
3357, 16
3358, 1
3359, 11
3360, 41
3361, 28
3362, 0
3363, 27
3364, 1
3365, 41
3366, 13
3367, 0
3368, 36
3369, 23
3370, 0
3371, 47
3372, 13
3373, 1
3374, 0
3375, 77
3376, 59
3377, 0
3378, 30
3379, 57
3380, 37
3381, 0
3382, 21
3383, 33
3384, 5
3385, 27
3386, 27
3387, 12
3388, 11
3389, 15
3390, 4
3391, 1
3392, 73
3393, 62
3394, 43
3395, 33
3396, 5
3397, 27
3398, 27
3399, 12
3400, 11
3401, 8
3402, 0
3403, 33
3404, 5
3405, 27
3406, 27
3407, 12
3408, 12
3409, 8
3410, 0
3411, 1
3412, 0
3413, 12
3414, 1
3415, 0
3416, 0
3417, 74
3418, 71
3419, 76
3420, 30
3421, 0
3422, 4
3423, 35
3424, 26
3425, 1
3426, 1
3427, 0
3428, 0
3429, 78
3430, 71
3431, 76
3432, 63
3433, 70
3434, 0
3435, 76
3436, 45
3437, 0
3438, 10
3439, 45
3440, 9
3441, 26
3442, 13
3443, 9
3444, 1
3445, 36
3446, 33
3447, 0
3448, 47
3449, 40
3450, 1
3451, 29
3452, 8
3453, 0
3454, 47
3455, 40
3456, 47
3457, 41
3458, 1
3459, 16
3460, 1
3461, 1
3462, 0
3463, 12
3464, 1
3465, 0
3466, 57
3467, 59
3468, 50
3469, 10
3470, 18
3471, 1
3472, 9
3473, 1
3474, 0
3475, 0
3476, 53
3477, 31
3478, 0
3479, 32
3480, 27
3481, 1
3482, 53
3483, 1
3484, 0
3485, 66
3486, 0
3487, 4
3488, 22
3489, 1
3490, 74
3491, 47
3492, 1
3493, 0
3494, 46
3495, 0
3496, 73
3497, 66
3498, 69
3499, 55
3500, 0
3501, 3
3502, 19
3503, 1
3504, 50
3505, 1
