1, 71
2, 58
3, 34
4, 1
5, 29
6, 1
7, 63
8, 69
9, 68
10, 19
11, 1
12, 58
13, 63
14, 62
15, 45
16, 1
17, 66
18, 59
19, 59
20, 30
21, 1
22, 70
23, 68
24, 74
25, 1
26, 64
27, 1
28, 20
29, 20
30, 18
31, 18
32, 17
33, 19
34, 18
35, 23
36, 20
37, 26
38, 17
39, 25
40, 19
41, 20
42, 20
43, 17
44, 1
45, 47
46, 40
47, 39
48, 45
49, 48
50, 47
51, 48
52, 44
53, 61
54, 52
55, 51
56, 54
57, 54
58, 52
59, 48
60, 60
61, 45
62, 52
63, 51
64, 59
65, 63
66, 44
67, 71
68, 62
69, 62
70, 45
71, 6
72, 50
73, 46
74, 7
75, 44
76, 53
77, 60
78, 72
79, 44
80, 71
81, 66
82, 50
83, 74
84, 64
85, 64
86, 51
87, 1
88, 38
89, 1
90, 35
91, 33
92, 31
93, 1
94, 66
95, 39
96, 31
97, 1
98, 43
99, 60
100, 51
101, 74
102, 64
103, 60
104, 60
105, 61
106, 59
107, 1
108, 71
109, 75
110, 73
111, 72
112, 77
113, 76
114, 76
115, 73
116, 69
117, 71
118, 67
119, 73
120, 70
121, 73
122, 77
123, 3
124, 1
125, 33
126, 1
127, 55
128, 55
129, 1
130, 50
131, 53
132, 1
133, 19
134, 1
135, 39
136, 22
137, 1
138, 5
139, 23
140, 2
141, 55
142, 56
143, 57
144, 58
145, 55
146, 2
147, 1
148, 5
149, 34
150, 16
151, 2
152, 71
153, 62
154, 1
155, 61
156, 1
157, 28
158, 6
159, 18
160, 74
161, 27
162, 26
163, 25
164, 24
165, 21
166, 19
167, 1
168, 22
169, 76
170, 1
171, 19
172, 73
173, 1
174, 34
175, 22
176, 19
177, 21
178, 19
179, 70
180, 66
181, 1
182, 20
183, 69
184, 80
185, 79
186, 81
187, 1
188, 19
189, 65
190, 44
191, 66
192, 68
193, 36
194, 1
195, 13
196, 82
197, 6
198, 2
199, 1
200, 72
201, 32
202, 1
203, 76
204, 73
205, 49
206, 1
207, 12
208, 21
209, 2
210, 35
211, 33
212, 1
213, 77
214, 74
215, 6
216, 31
217, 31
218, 18
219, 70
220, 6
221, 22
222, 1
223, 35
224, 6
225, 17
226, 37
227, 39
228, 47
229, 34
230, 32
231, 31
232, 1
233, 50
234, 24
235, 48
236, 46
237, 6
238, 2
239, 1
240, 32
241, 45
242, 1
243, 4
244, 19
245, 16
246, 2
247, 15
248, 30
249, 37
250, 72
251, 14
252, 42
253, 13
254, 25
255, 51
256, 12
257, 2
258, 1
259, 5
260, 17
261, 16
262, 2
263, 28
264, 14
265, 2
266, 1
267, 12
268, 19
269, 17
270, 2
271, 33
272, 60
273, 6
274, 34
275, 37
276, 6
277, 20
278, 40
279, 61
280, 7
281, 6
282, 39
283, 62
284, 33
285, 39
286, 26
287, 6
288, 2
289, 1
290, 35
291, 70
292, 24
293, 73
294, 1
295, 5
296, 28
297, 16
298, 22
299, 2
300, 15
301, 10
302, 20
303, 39
304, 32
305, 37
306, 31
307, 6
308, 47
309, 19
310, 6
311, 24
312, 6
313, 61
314, 10
315, 74
316, 23
317, 10
318, 6
319, 39
320, 38
321, 14
322, 52
323, 66
324, 16
325, 73
326, 6
327, 65
328, 18
329, 75
330, 21
331, 49
332, 18
333, 65
334, 63
335, 66
336, 63
337, 37
338, 6
339, 1
340, 74
341, 41
342, 4
343, 58
344, 49
345, 78
346, 36
347, 17
348, 4
349, 15
350, 2
351, 1
352, 35
353, 69
354, 49
355, 1
356, 5
357, 16
358, 16
359, 2
360, 24
361, 38
362, 23
363, 6
364, 29
365, 22
366, 6
367, 15
368, 2
369, 1
370, 66
371, 43
372, 1
373, 4
374, 50
375, 36
376, 2
377, 75
378, 14
379, 1
380, 29
381, 47
382, 43
383, 47
384, 43
385, 1
386, 34
387, 14
388, 7
389, 6
390, 68
391, 10
392, 54
393, 72
394, 14
395, 69
396, 63
397, 66
398, 72
399, 14
400, 64
401, 34
402, 14
403, 68
404, 50
405, 26
406, 14
407, 58
408, 58
409, 42
410, 22
411, 54
412, 58
413, 22
414, 68
415, 10
416, 11
417, 10
418, 56
419, 56
420, 1
421, 77
422, 52
423, 22
424, 1
425, 57
426, 14
427, 75
428, 78
429, 1
430, 70
431, 57
432, 37
433, 44
434, 65
435, 35
436, 28
437, 26
438, 26
439, 14
440, 1
441, 65
442, 14
443, 67
444, 14
445, 45
446, 10
447, 6
448, 2
449, 1
450, 12
451, 17
452, 16
453, 2
454, 26
455, 19
456, 6
457, 31
458, 46
459, 47
460, 34
461, 32
462, 19
463, 6
464, 7
465, 65
466, 2
467, 1
468, 1
469, 49
470, 1
471, 12
472, 23
473, 16
474, 2
475, 20
476, 6
477, 22
478, 1
479, 30
480, 18
481, 1
482, 48
483, 31
484, 10
485, 19
486, 48
487, 22
488, 1
489, 52
490, 10
491, 30
492, 15
493, 6
494, 2
495, 1
496, 67
497, 1
498, 12
499, 19
500, 2
501, 21
502, 12
503, 21
504, 1
505, 24
506, 69
507, 69
508, 54
509, 55
510, 27
511, 14
512, 1
513, 24
514, 54
515, 54
516, 41
517, 55
518, 43
519, 45
520, 45
521, 2
522, 1
523, 12
524, 30
525, 23
526, 2
527, 49
528, 17
529, 21
530, 48
531, 1
532, 24
533, 1
534, 25
535, 29
536, 1
537, 63
538, 6
539, 17
540, 40
541, 33
542, 47
543, 41
544, 31
545, 10
546, 38
547, 55
548, 22
549, 1
550, 44
551, 37
552, 44
553, 37
554, 22
555, 10
556, 36
557, 18
558, 1
559, 34
560, 10
561, 61
562, 61
563, 69
564, 44
565, 10
566, 6
567, 2
568, 1
569, 67
570, 19
571, 1
572, 12
573, 25
574, 15
575, 2
576, 13
577, 1
578, 27
579, 32
580, 47
581, 51
582, 28
583, 32
584, 27
585, 34
586, 2
587, 1
588, 33
589, 1
590, 12
591, 38
592, 31
593, 2
594, 42
595, 39
596, 77
597, 26
598, 24
599, 33
600, 22
601, 53
602, 27
603, 2
604, 1
605, 12
606, 26
607, 17
608, 2
609, 35
610, 2
611, 2
612, 70
613, 1
614, 5
615, 29
616, 13
617, 2
618, 17
619, 6
620, 39
621, 36
622, 37
623, 38
624, 36
625, 37
626, 35
627, 36
628, 31
629, 6
630, 2
631, 1
632, 62
633, 1
634, 4
635, 28
636, 16
637, 2
638, 33
639, 14
640, 35
641, 14
642, 36
643, 14
644, 37
645, 14
646, 35
647, 14
648, 36
649, 14
650, 34
651, 15
652, 35
653, 15
654, 7
655, 14
656, 2
657, 1
658, 49
659, 54
660, 1
661, 12
662, 49
663, 16
664, 2
665, 47
666, 66
667, 69
668, 75
669, 17
670, 2
671, 1
672, 77
673, 76
674, 1
675, 5
676, 38
677, 15
678, 2
679, 32
680, 38
681, 24
682, 1
683, 68
684, 70
685, 71
686, 34
687, 29
688, 45
689, 60
690, 41
691, 1
692, 31
693, 14
694, 1
695, 42
696, 19
697, 36
698, 1
699, 46
700, 59
701, 65
702, 72
703, 37
704, 15
705, 2
706, 1
707, 70
708, 68
709, 44
710, 1
711, 6
712, 35
713, 16
714, 16
715, 2
716, 34
717, 6
718, 17
719, 31
720, 47
721, 81
722, 55
723, 69
724, 50
725, 38
726, 66
727, 6
728, 1
729, 15
730, 2
731, 1
732, 74
733, 1
734, 5
735, 44
736, 16
737, 16
738, 16
739, 2
740, 74
741, 2
742, 1
743, 60
744, 69
745, 60
746, 67
747, 1
748, 5
749, 44
750, 29
751, 2
752, 32
753, 19
754, 12
755, 51
756, 1
757, 25
758, 6
759, 19
760, 54
761, 53
762, 61
763, 51
764, 17
765, 57
766, 48
767, 55
768, 72
769, 38
770, 34
771, 10
772, 64
773, 76
774, 49
775, 42
776, 10
777, 6
778, 1
779, 75
780, 50
781, 26
782, 64
783, 2
784, 68
785, 1
786, 58
787, 60
788, 64
789, 28
790, 3
791, 46
792, 15
793, 2
794, 1
795, 77
796, 74
797, 43
798, 1
799, 5
800, 44
801, 16
802, 16
803, 2
804, 36
805, 41
806, 65
807, 1
808, 40
809, 14
810, 1
811, 52
812, 79
813, 1
814, 47
815, 47
816, 14
817, 1
818, 25
819, 51
820, 1
821, 78
822, 78
823, 78
824, 39
825, 34
826, 50
827, 42
828, 51
829, 3
830, 48
831, 39
832, 39
833, 7
834, 21
835, 3
836, 71
837, 39
838, 6
839, 19
840, 62
841, 61
842, 81
843, 43
844, 43
845, 7
846, 22
847, 43
848, 43
849, 7
850, 28
851, 55
852, 6
853, 1
854, 51
855, 44
856, 63
857, 46
858, 67
859, 29
860, 33
861, 1
862, 16
863, 2
864, 1
865, 69
866, 75
867, 77
868, 72
869, 21
870, 73
871, 1
872, 12
873, 57
874, 21
875, 23
876, 2
877, 17
878, 1
879, 49
880, 14
881, 1
882, 72
883, 1
884, 38
885, 38
886, 1
887, 59
888, 72
889, 30
890, 1
891, 33
892, 14
893, 7
894, 25
895, 2
896, 1
897, 74
898, 77
899, 31
900, 1
901, 5
902, 37
903, 22
904, 18
905, 2
906, 17
907, 1
908, 55
909, 12
910, 40
911, 70
912, 63
913, 1
914, 75
915, 69
916, 48
917, 29
918, 45
919, 7
920, 44
921, 1
922, 48
923, 55
924, 39
925, 37
926, 65
927, 28
928, 2
929, 1
930, 77
931, 24
932, 1
933, 5
934, 37
935, 21
936, 17
937, 2
938, 12
939, 41
940, 55
941, 63
942, 1
943, 48
944, 56
945, 46
946, 79
947, 66
948, 77
949, 28
950, 2
951, 1
952, 54
953, 1
954, 5
955, 31
956, 16
957, 18
958, 2
959, 32
960, 65
961, 7
962, 55
963, 2
964, 1
965, 67
966, 68
967, 57
968, 1
969, 12
970, 46
971, 21
972, 15
973, 2
974, 9
975, 63
976, 1
977, 30
978, 67
979, 1
980, 32
981, 48
982, 66
983, 73
984, 55
985, 75
986, 34
987, 2
988, 1
989, 71
990, 68
991, 71
992, 71
993, 49
994, 1
995, 72
996, 67
997, 75
998, 1
999, 12
1000, 39
1001, 25
1002, 2
1003, 66
1004, 77
1005, 65
1006, 42
1007, 42
1008, 1
1009, 75
1010, 1
1011, 24
1012, 1
1013, 29
1014, 29
1015, 1
1016, 49
1017, 6
1018, 66
1019, 32
1020, 6
1021, 3
1022, 52
1023, 60
1024, 53
1025, 38
1026, 2
1027, 1
1028, 79
1029, 75
1030, 23
1031, 76
1032, 61
1033, 3
1034, 1
1035, 12
1036, 39
1037, 24
1038, 2
1039, 18
1040, 47
1041, 47
1042, 1
1043, 39
1044, 39
1045, 3
1046, 47
1047, 70
1048, 71
1049, 59
1050, 50
1051, 65
1052, 46
1053, 7
1054, 6
1055, 81
1056, 54
1057, 57
1058, 55
1059, 6
1060, 79
1061, 68
1062, 26
1063, 2
1064, 1
1065, 74
1066, 41
1067, 1
1068, 12
1069, 28
1070, 2
1071, 43
1072, 56
1073, 1
1074, 23
1075, 2
1076, 1
1077, 66
1078, 63
1079, 1
1080, 12
1081, 34
1082, 15
1083, 17
1084, 2
1085, 28
1086, 33
1087, 42
1088, 54
1089, 30
1090, 2
1091, 1
1092, 51
1093, 1
1094, 12
1095, 31
1096, 15
1097, 16
1098, 2
1099, 14
1100, 42
1101, 31
1102, 60
1103, 6
1104, 53
1105, 32
1106, 6
1107, 64
1108, 6
1109, 25
1110, 58
1111, 36
1112, 6
1113, 7
1114, 14
1115, 1
1116, 22
1117, 2
1118, 1
1119, 12
1120, 26
1121, 16
1122, 2
1123, 30
1124, 27
1125, 7
1126, 6
1127, 38
1128, 54
1129, 66
1130, 1
1131, 71
1132, 71
1133, 70
1134, 22
1135, 29
1136, 58
1137, 51
1138, 59
1139, 7
1140, 38
1141, 30
1142, 6
1143, 2
1144, 1
1145, 12
1146, 39
1147, 16
1148, 16
1149, 13
1150, 2
1151, 13
1152, 52
1153, 1
1154, 70
1155, 71
1156, 62
1157, 66
1158, 63
1159, 48
1160, 49
1161, 47
1162, 25
1163, 28
1164, 22
1165, 46
1166, 29
1167, 27
1168, 21
1169, 2
1170, 1
1171, 5
1172, 25
1173, 17
1174, 2
1175, 76
1176, 2
1177, 1
1178, 38
1179, 16
1180, 2
1181, 39
1182, 1
1183, 26
1184, 81
1185, 79
1186, 7
1187, 72
1188, 2
1189, 1
1190, 12
1191, 23
1192, 16
1193, 2
1194, 19
1195, 1
1196, 69
1197, 79
1198, 31
1199, 26
1200, 28
1201, 53
1202, 52
1203, 67
1204, 60
1205, 73
1206, 34
1207, 2
1208, 1
1209, 65
1210, 15
1211, 1
1212, 5
1213, 24
1214, 17
1215, 2
1216, 76
1217, 55
1218, 64
1219, 47
1220, 51
1221, 63
1222, 81
1223, 80
1224, 47
1225, 30
1226, 2
1227, 1
1228, 69
1229, 69
1230, 14
1231, 1
1232, 5
1233, 31
1234, 23
1235, 2
1236, 13
1237, 61
1238, 48
1239, 39
1240, 14
1241, 1
1242, 67
1243, 22
1244, 49
1245, 6
1246, 28
1247, 32
1248, 76
1249, 32
1250, 6
1251, 28
1252, 1
1253, 67
1254, 6
1255, 69
1256, 69
1257, 47
1258, 63
1259, 6
1260, 33
1261, 39
1262, 50
1263, 43
1264, 40
1265, 48
1266, 35
1267, 54
1268, 6
1269, 67
1270, 54
1271, 33
1272, 6
1273, 50
1274, 6
1275, 37
1276, 38
1277, 26
1278, 43
1279, 51
1280, 52
1281, 41
1282, 6
1283, 7
1284, 6
1285, 38
1286, 61
1287, 49
1288, 59
1289, 74
1290, 32
1291, 6
1292, 56
1293, 15
1294, 2
1295, 1
1296, 12
1297, 30
1298, 16
1299, 2
1300, 49
1301, 42
1302, 22
1303, 2
1304, 1
1305, 12
1306, 29
1307, 16
1308, 2
1309, 42
1310, 49
1311, 57
1312, 63
1313, 65
1314, 29
1315, 22
1316, 2
1317, 1
1318, 12
1319, 40
1320, 35
1321, 15
1322, 13
1323, 2
1324, 25
1325, 25
1326, 1
1327, 26
1328, 74
1329, 60
1330, 78
1331, 46
1332, 2
1333, 1
1334, 7
1335, 5
1336, 44
1337, 23
1338, 25
1339, 2
1340, 20
1341, 35
1342, 35
1343, 1
1344, 29
1345, 16
1346, 18
1347, 10
1348, 29
1349, 33
1350, 17
1351, 29
1352, 33
1353, 17
1354, 17
1355, 17
1356, 10
1357, 6
1358, 35
1359, 16
1360, 18
1361, 10
1362, 29
1363, 33
1364, 17
1365, 29
1366, 33
1367, 17
1368, 17
1369, 17
1370, 10
1371, 6
1372, 1
1373, 14
1374, 14
1375, 19
1376, 33
1377, 41
1378, 44
1379, 63
1380, 28
1381, 11
1382, 15
1383, 2
1384, 1
1385, 5
1386, 40
1387, 24
1388, 28
1389, 2
1390, 13
1391, 14
1392, 6
1393, 23
1394, 8
1395, 49
1396, 39
1397, 67
1398, 37
1399, 8
1400, 22
1401, 22
1402, 69
1403, 69
1404, 13
1405, 1
1406, 73
1407, 73
1408, 57
1409, 8
1410, 78
1411, 69
1412, 78
1413, 69
1414, 70
1415, 64
1416, 68
1417, 65
1418, 62
1419, 68
1420, 54
1421, 46
1422, 8
1423, 23
1424, 57
1425, 8
1426, 78
1427, 78
1428, 70
1429, 70
1430, 65
1431, 54
1432, 78
1433, 14
1434, 25
1435, 25
1436, 40
1437, 35
1438, 10
1439, 21
1440, 40
1441, 14
1442, 55
1443, 55
1444, 14
1445, 53
1446, 59
1447, 52
1448, 71
1449, 36
1450, 40
1451, 41
1452, 23
1453, 10
1454, 7
1455, 43
1456, 40
1457, 33
1458, 62
1459, 7
1460, 13
1461, 16
1462, 6
1463, 46
1464, 2
1465, 1
1466, 12
1467, 29
1468, 36
1469, 2
1470, 19
1471, 21
1472, 21
1473, 14
1474, 6
1475, 22
1476, 22
1477, 23
1478, 29
1479, 32
1480, 13
1481, 13
1482, 32
1483, 6
1484, 28
1485, 56
1486, 2
1487, 1
1488, 63
1489, 35
1490, 61
1491, 39
1492, 58
1493, 34
1494, 1
1495, 5
1496, 27
1497, 18
1498, 16
1499, 2
1500, 52
1501, 6
1502, 30
1503, 34
1504, 79
1505, 32
1506, 6
1507, 5
1508, 6
1509, 32
1510, 23
1511, 16
1512, 1
1513, 76
1514, 39
1515, 24
1516, 1
1517, 44
1518, 52
1519, 42
1520, 30
1521, 30
1522, 10
1523, 64
1524, 49
1525, 14
1526, 39
1527, 26
1528, 43
1529, 36
1530, 19
1531, 18
1532, 55
1533, 50
1534, 102
1535, 52
1536, 74
1537, 75
1538, 42
1539, 18
1540, 14
1541, 10
1542, 1
1543, 35
1544, 27
1545, 1
1546, 41
1547, 22
1548, 20
1549, 2
1550, 1
1551, 54
1552, 58
1553, 61
1554, 1
1555, 5
1556, 47
1557, 40
1558, 2
1559, 32
1560, 54
1561, 31
1562, 6
1563, 65
1564, 30
1565, 6
1566, 31
1567, 6
1568, 50
1569, 6
1570, 7
1571, 6
1572, 41
1573, 45
1574, 78
1575, 1
1576, 50
1577, 47
1578, 70
1579, 80
1580, 64
1581, 65
1582, 52
1583, 6
1584, 2
1585, 1
1586, 5
1587, 18
1588, 13
1589, 2
1590, 13
1591, 16
1592, 49
1593, 31
1594, 37
1595, 42
1596, 7
1597, 6
1598, 76
1599, 44
1600, 28
1601, 24
1602, 30
1603, 6
1604, 2
1605, 1
1606, 64
1607, 74
1608, 1
1609, 5
1610, 17
1611, 2
1612, 27
1613, 18
1614, 54
1615, 14
1616, 32
1617, 2
1618, 1
1619, 5
1620, 25
1621, 16
1622, 2
1623, 13
1624, 40
1625, 60
1626, 47
1627, 29
1628, 15
1629, 2
1630, 1
1631, 57
1632, 24
1633, 1
1634, 12
1635, 35
1636, 49
1637, 2
1638, 28
1639, 53
1640, 2
1641, 1
1642, 62
1643, 59
1644, 1
1645, 12
1646, 54
1647, 31
1648, 26
1649, 20
1650, 2
1651, 42
1652, 75
1653, 60
1654, 24
1655, 22
1656, 2
1657, 1
1658, 40
1659, 1
1660, 12
1661, 41
1662, 31
1663, 16
1664, 20
1665, 2
1666, 23
1667, 24
1668, 29
1669, 76
1670, 57
1671, 2
1672, 1
1673, 40
1674, 1
1675, 12
1676, 41
1677, 31
1678, 16
1679, 20
1680, 2
1681, 23
1682, 24
1683, 43
1684, 29
1685, 29
1686, 72
1687, 57
1688, 2
1689, 1
1690, 12
1691, 29
1692, 20
1693, 2
1694, 48
1695, 24
1696, 30
1697, 2
1698, 1
1699, 6
1700, 12
1701, 45
1702, 36
1703, 2
1704, 48
1705, 74
1706, 22
1707, 24
1708, 30
1709, 2
1710, 1
1711, 12
1712, 33
1713, 43
1714, 2
1715, 47
1716, 6
1717, 48
1718, 24
1719, 30
1720, 7
1721, 2
1722, 7
1723, 1
1724, 12
1725, 26
1726, 21
1727, 2
1728, 36
1729, 22
1730, 42
1731, 6
1732, 58
1733, 42
1734, 35
1735, 29
1736, 72
1737, 37
1738, 48
1739, 47
1740, 6
1741, 12
1742, 2
1743, 1
1744, 53
1745, 76
1746, 45
1747, 1
1748, 5
1749, 30
1750, 22
1751, 2
1752, 13
1753, 1
1754, 65
1755, 69
1756, 67
1757, 23
1758, 44
1759, 49
1760, 32
1761, 17
1762, 1
1763, 33
1764, 6
1765, 47
1766, 60
1767, 73
1768, 32
1769, 36
1770, 6
1771, 7
1772, 6
1773, 28
1774, 45
1775, 71
1776, 1
1777, 35
1778, 10
1779, 69
1780, 46
1781, 61
1782, 59
1783, 65
1784, 65
1785, 66
1786, 66
1787, 67
1788, 49
1789, 43
1790, 50
1791, 10
1792, 1
1793, 47
1794, 60
1795, 73
1796, 32
1797, 36
1798, 47
1799, 56
1800, 65
1801, 46
1802, 36
1803, 60
1804, 59
1805, 65
1806, 36
1807, 6
1808, 1
1809, 25
1810, 6
1811, 66
1812, 36
1813, 19
1814, 6
1815, 15
1816, 2
1817, 1
1818, 5
1819, 56
1820, 52
1821, 59
1822, 72
1823, 2
1824, 13
1825, 37
1826, 6
1827, 36
1828, 63
1829, 6
1830, 7
1831, 6
1832, 74
1833, 68
1834, 1
1835, 48
1836, 1
1837, 60
1838, 69
1839, 70
1840, 1
1841, 28
1842, 17
1843, 46
1844, 57
1845, 36
1846, 48
1847, 38
1848, 52
1849, 61
1850, 68
1851, 44
1852, 39
1853, 10
1854, 30
1855, 19
1856, 33
1857, 59
1858, 67
1859, 26
1860, 10
1861, 60
1862, 58
1863, 63
1864, 58
1865, 61
1866, 25
1867, 68
1868, 6
1869, 15
1870, 2
1871, 1
1872, 5
1873, 52
1874, 30
1875, 20
1876, 2
1877, 26
1878, 1
1879, 61
1880, 1
1881, 59
1882, 67
1883, 56
1884, 36
1885, 72
1886, 58
1887, 3
1888, 33
1889, 46
1890, 66
1891, 60
1892, 58
1893, 67
1894, 1
1895, 17
1896, 2
1897, 1
1898, 74
1899, 77
1900, 74
1901, 1
1902, 4
1903, 32
1904, 18
1905, 2
1906, 13
1907, 20
1908, 3
1909, 35
1910, 6
1911, 57
1912, 16
1913, 6
1914, 3
1915, 32
1916, 3
1917, 12
1918, 6
1919, 46
1920, 18
1921, 11
1922, 49
1923, 15
1924, 11
1925, 48
1926, 6
1927, 1
1928, 63
1929, 12
1930, 2
1931, 1
1932, 6
1933, 37
1934, 26
1935, 2
1936, 13
1937, 36
1938, 53
1939, 21
1940, 21
1941, 1
1942, 30
1943, 6
1944, 71
1945, 72
1946, 43
1947, 6
1948, 7
1949, 6
1950, 63
1951, 1
1952, 42
1953, 76
1954, 75
1955, 11
1956, 83
1957, 75
1958, 1
1959, 58
1960, 81
1961, 1
1962, 42
1963, 60
1964, 79
1965, 6
1966, 1
1967, 71
1968, 78
1969, 1
1970, 38
1971, 62
1972, 7
1973, 66
1974, 1
1975, 15
1976, 2
1977, 1
1978, 33
1979, 5
1980, 39
1981, 26
1982, 2
1983, 19
1984, 18
1985, 12
1986, 13
1987, 21
1988, 9
1989, 1
1990, 71
1991, 63
1992, 30
1993, 13
1994, 32
1995, 6
1996, 46
1997, 6
1998, 1
1999, 81
2000, 57
2001, 61
2002, 1
2003, 37
2004, 36
2005, 3
2006, 30
2007, 6
2008, 71
2009, 77
2010, 6
2011, 7
2012, 6
2013, 13
2014, 77
2015, 10
2016, 30
2017, 14
2018, 40
2019, 21
2020, 14
2021, 33
2022, 22
2023, 10
2024, 6
2025, 1
2026, 45
2027, 77
2028, 73
2029, 64
2030, 43
2031, 68
2032, 40
2033, 2
2034, 3
2035, 39
2036, 34
2037, 56
2038, 64
2039, 1
2040, 12
2041, 48
2042, 17
2043, 27
2044, 33
2045, 2
2046, 90
2047, 81
2048, 38
2049, 85
2050, 30
2051, 62
2052, 50
2053, 26
2054, 1
2055, 36
2056, 6
2057, 33
2058, 37
2059, 59
2060, 62
2061, 6
2062, 36
2063, 1
2064, 31
2065, 68
2066, 7
2067, 76
2068, 27
2069, 6
2070, 76
2071, 24
2072, 47
2073, 53
2074, 6
2075, 58
2076, 42
2077, 6
2078, 35
2079, 10
2080, 55
2081, 30
2082, 10
2083, 41
2084, 10
2085, 53
2086, 30
2087, 10
2088, 6
2089, 7
2090, 6
2091, 34
2092, 10
2093, 57
2094, 30
2095, 10
2096, 6
2097, 1
2098, 27
2099, 6
2100, 64
2101, 52
2102, 42
2103, 30
2104, 60
2105, 61
2106, 14
2107, 6
2108, 1
2109, 36
2110, 59
2111, 24
2112, 1
2113, 20
2114, 37
2115, 67
2116, 64
2117, 42
2118, 46
2119, 43
2120, 45
2121, 61
2122, 6
2123, 64
2124, 67
2125, 61
2126, 66
2127, 67
2128, 47
2129, 59
2130, 63
2131, 45
2132, 57
2133, 40
2134, 71
2135, 69
2136, 66
2137, 6
2138, 7
2139, 6
2140, 76
2141, 52
2142, 42
2143, 53
2144, 11
2145, 55
2146, 6
2147, 68
2148, 1
2149, 80
2150, 32
2151, 43
2152, 1
2153, 26
2154, 6
2155, 67
2156, 36
2157, 6
2158, 1
2159, 56
2160, 29
2161, 7
2162, 6
2163, 25
2164, 28
2165, 6
2166, 2
2167, 1
2168, 71
2169, 23
2170, 1
2171, 5
2172, 24
2173, 18
2174, 2
2175, 69
2176, 27
2177, 44
2178, 30
2179, 17
2180, 1
2181, 21
2182, 1
2183, 38
2184, 50
2185, 35
2186, 1
2187, 46
2188, 14
2189, 1
2190, 32
2191, 30
2192, 1
2193, 74
2194, 35
2195, 1
2196, 56
2197, 6
2198, 62
2199, 61
2200, 39
2201, 38
2202, 6
2203, 1
2204, 76
2205, 30
2206, 30
2207, 32
2208, 36
2209, 34
2210, 47
2211, 28
2212, 31
2213, 29
2214, 34
2215, 51
2216, 1
2217, 68
2218, 38
2219, 18
2220, 43
2221, 7
2222, 66
2223, 54
2224, 48
2225, 33
2226, 68
2227, 69
2228, 18
2229, 56
2230, 1
2231, 67
2232, 53
2233, 49
2234, 71
2235, 59
2236, 36
2237, 36
2238, 1
2239, 62
2240, 71
2241, 45
2242, 20
2243, 68
2244, 6
2245, 74
2246, 21
2247, 67
2248, 36
2249, 7
2250, 47
2251, 1
2252, 47
2253, 6
2254, 26
2255, 51
2256, 1
2257, 66
2258, 70
2259, 41
2260, 30
2261, 6
2262, 58
2263, 49
2264, 74
2265, 6
2266, 1
2267, 73
2268, 56
2269, 47
2270, 63
2271, 1
2272, 63
2273, 71
2274, 61
2275, 65
2276, 58
2277, 37
2278, 61
2279, 76
2280, 78
2281, 32
2282, 28
2283, 13
2284, 35
2285, 75
2286, 3
2287, 73
2288, 1
2289, 30
2290, 38
2291, 7
2292, 1
2293, 44
2294, 1
2295, 45
2296, 39
2297, 54
2298, 36
2299, 59
2300, 79
2301, 59
2302, 1
2303, 64
2304, 20
2305, 59
2306, 59
2307, 34
2308, 1
2309, 71
2310, 59
2311, 28
2312, 63
2313, 34
2314, 1
2315, 32
2316, 36
2317, 1
2318, 60
2319, 32
2320, 1
2321, 48
2322, 42
2323, 64
2324, 54
2325, 28
2326, 32
2327, 36
2328, 60
2329, 32
2330, 1
2331, 68
2332, 70
2333, 54
2334, 18
2335, 6
2336, 33
2337, 32
2338, 10
2339, 20
2340, 38
2341, 22
2342, 65
2343, 68
2344, 70
2345, 39
2346, 50
2347, 42
2348, 59
2349, 77
2350, 43
2351, 10
2352, 6
2353, 7
2354, 6
2355, 59
2356, 28
2357, 6
2358, 53
2359, 58
2360, 32
2361, 1
2362, 34
2363, 16
2364, 2
2365, 1
2366, 62
2367, 43
2368, 76
2369, 59
2370, 1
2371, 12
2372, 62
2373, 20
2374, 21
2375, 26
2376, 2
2377, 20
2378, 40
2379, 75
2380, 72
2381, 82
2382, 79
2383, 72
2384, 68
2385, 63
2386, 68
2387, 18
2388, 20
2389, 59
2390, 37
2391, 6
2392, 20
2393, 6
2394, 36
2395, 6
2396, 43
2397, 58
2398, 20
2399, 6
2400, 77
2401, 6
2402, 61
2403, 58
2404, 20
2405, 6
2406, 61
2407, 16
2408, 6
2409, 24
2410, 62
2411, 28
2412, 14
2413, 6
2414, 1
2415, 66
2416, 17
2417, 57
2418, 18
2419, 6
2420, 28
2421, 36
2422, 10
2423, 58
2424, 41
2425, 77
2426, 46
2427, 14
2428, 58
2429, 48
2430, 80
2431, 14
2432, 15
2433, 14
2434, 69
2435, 63
2436, 49
2437, 101
2438, 14
2439, 10
2440, 54
2441, 6
2442, 7
2443, 28
2444, 2
2445, 1
2446, 5
2447, 24
2448, 17
2449, 2
2450, 9
2451, 39
2452, 42
2453, 71
2454, 35
2455, 42
2456, 2
2457, 1
2458, 71
2459, 69
2460, 69
2461, 1
2462, 12
2463, 21
2464, 42
2465, 13
2466, 2
2467, 12
2468, 2
2469, 1
2470, 67
2471, 13
2472, 12
2473, 38
2474, 2
2475, 10
2476, 32
2477, 30
2478, 34
2479, 27
2480, 34
2481, 27
2482, 35
2483, 28
2484, 33
2485, 26
2486, 34
2487, 27
2488, 35
2489, 28
2490, 36
2491, 29
2492, 7
2493, 14
2494, 31
2495, 2
2496, 1
2497, 17
2498, 48
2499, 24
2500, 17
2501, 30
2502, 60
2503, 2
2504, 16
2505, 1
2506, 27
2507, 6
2508, 25
2509, 8
2510, 17
2511, 55
2512, 61
2513, 76
2514, 69
2515, 48
2516, 43
2517, 25
2518, 1
2519, 60
2520, 54
2521, 49
2522, 12
2523, 41
2524, 31
2525, 63
2526, 46
2527, 74
2528, 45
2529, 71
2530, 46
2531, 58
2532, 44
2533, 56
2534, 52
2535, 47
2536, 1
2537, 77
2538, 44
2539, 41
2540, 46
2541, 44
2542, 43
2543, 75
2544, 64
2545, 43
2546, 62
2547, 74
2548, 67
2549, 61
2550, 22
2551, 12
2552, 1
2553, 72
2554, 34
2555, 45
2556, 73
2557, 40
2558, 33
2559, 66
2560, 12
2561, 28
2562, 64
2563, 55
2564, 44
2565, 41
2566, 45
2567, 44
2568, 43
2569, 62
2570, 74
2571, 30
2572, 12
2573, 71
2574, 72
2575, 79
2576, 58
2577, 20
2578, 8
2579, 16
2580, 33
2581, 10
2582, 22
2583, 20
2584, 45
2585, 59
2586, 37
2587, 51
2588, 1
2589, 50
2590, 37
2591, 42
2592, 24
2593, 14
2594, 46
2595, 49
2596, 59
2597, 38
2598, 46
2599, 28
2600, 14
2601, 1
2602, 71
2603, 43
2604, 39
2605, 50
2606, 27
2607, 70
2608, 53
2609, 1
2610, 54
2611, 52
2612, 14
2613, 77
2614, 29
2615, 45
2616, 14
2617, 62
2618, 25
2619, 51
2620, 30
2621, 23
2622, 10
2623, 25
2624, 1
2625, 20
2626, 8
2627, 24
2628, 60
2629, 70
2630, 40
2631, 12
2632, 70
2633, 32
2634, 59
2635, 56
2636, 12
2637, 27
2638, 8
2639, 1
2640, 23
2641, 31
2642, 70
2643, 25
2644, 1
2645, 22
2646, 77
2647, 48
2648, 47
2649, 25
2650, 1
2651, 19
2652, 42
2653, 1
2654, 33
2655, 33
2656, 48
2657, 33
2658, 1
2659, 51
2660, 54
2661, 43
2662, 10
2663, 50
2664, 48
2665, 73
2666, 1
2667, 37
2668, 56
2669, 31
2670, 10
2671, 31
2672, 25
2673, 1
2674, 28
2675, 72
2676, 52
2677, 1
2678, 21
2679, 53
2680, 44
2681, 25
2682, 1
2683, 13
2684, 76
2685, 6
2686, 2
2687, 1
2688, 60
2689, 27
2690, 1
2691, 5
2692, 32
2693, 15
2694, 18
2695, 2
2696, 11
2697, 27
2698, 43
2699, 1
2700, 17
2701, 17
2702, 1
2703, 47
2704, 65
2705, 11
2706, 23
2707, 38
2708, 40
2709, 36
2710, 38
2711, 38
2712, 36
2713, 40
2714, 42
2715, 38
2716, 52
2717, 52
2718, 50
2719, 50
2720, 1
2721, 75
2722, 1
2723, 45
2724, 28
2725, 62
2726, 44
2727, 1
2728, 68
2729, 29
2730, 6
2731, 53
2732, 57
2733, 30
2734, 10
2735, 70
2736, 23
2737, 55
2738, 17
2739, 1
2740, 45
2741, 1
2742, 70
2743, 69
2744, 70
2745, 61
2746, 60
2747, 61
2748, 63
2749, 64
2750, 1
2751, 49
2752, 42
2753, 41
2754, 45
2755, 48
2756, 47
2757, 48
2758, 48
2759, 1
2760, 37
2761, 35
2762, 6
2763, 42
2764, 49
2765, 10
2766, 70
2767, 70
2768, 10
2769, 11
2770, 10
2771, 70
2772, 10
2773, 4
2774, 1
2775, 49
2776, 1
2777, 63
2778, 1
2779, 62
2780, 41
2781, 42
2782, 43
2783, 44
2784, 45
2785, 49
2786, 48
2787, 48
2788, 71
2789, 1
2790, 78
2791, 78
2792, 50
2793, 48
2794, 49
2795, 47
2796, 48
2797, 21
2798, 49
2799, 1
2800, 68
2801, 1
2802, 52
2803, 56
2804, 1
2805, 75
2806, 78
2807, 80
2808, 78
2809, 79
2810, 76
2811, 76
2812, 77
2813, 4
2814, 1
2815, 58
2816, 65
2817, 64
2818, 64
2819, 62
2820, 62
2821, 60
2822, 61
2823, 4
2824, 1
2825, 66
2826, 67
2827, 49
2828, 26
2829, 52
2830, 1
2831, 22
2832, 14
2833, 10
2834, 16
2835, 2
2836, 1
2837, 5
2838, 31
2839, 15
2840, 18
2841, 2
2842, 10
2843, 9
2844, 43
2845, 28
2846, 27
2847, 43
2848, 1
2849, 21
2850, 45
2851, 28
2852, 1
2853, 63
2854, 64
2855, 41
2856, 41
2857, 6
2858, 44
2859, 31
2860, 24
2861, 53
2862, 11
2863, 10
2864, 66
2865, 65
2866, 56
2867, 10
2868, 8
2869, 1
2870, 57
2871, 12
2872, 1
2873, 49
2874, 41
2875, 29
2876, 6
2877, 66
2878, 10
2879, 42
2880, 32
2881, 59
2882, 34
2883, 49
2884, 37
2885, 10
2886, 1
2887, 54
2888, 10
2889, 37
2890, 14
2891, 73
2892, 72
2893, 67
2894, 56
2895, 36
2896, 14
2897, 11
2898, 48
2899, 30
2900, 10
2901, 12
2902, 10
2903, 37
2904, 14
2905, 74
2906, 68
2907, 45
2908, 36
2909, 14
2910, 10
2911, 1
2912, 56
2913, 1
2914, 73
2915, 66
2916, 35
2917, 62
2918, 10
2919, 72
2920, 52
2921, 51
2922, 79
2923, 14
2924, 52
2925, 39
2926, 28
2927, 18
2928, 60
2929, 59
2930, 77
2931, 27
2932, 18
2933, 14
2934, 10
2935, 29
2936, 59
2937, 28
2938, 16
2939, 3
2940, 29
2941, 6
2942, 66
2943, 73
2944, 32
2945, 6
2946, 2
2947, 1
2948, 12
2949, 42
2950, 15
2951, 16
2952, 2
2953, 10
2954, 49
2955, 6
2956, 17
2957, 66
2958, 59
2959, 48
2960, 55
2961, 6
2962, 7
2963, 35
2964, 18
2965, 3
2966, 1
2967, 4
2968, 47
2969, 13
2970, 36
2971, 35
2972, 3
2973, 42
2974, 49
2975, 1
2976, 68
2977, 70
2978, 54
2979, 6
2980, 44
2981, 52
2982, 6
2983, 1
2984, 26
2985, 6
2986, 70
2987, 19
2988, 26
2989, 45
2990, 13
2991, 1
2992, 75
2993, 77
2994, 80
2995, 76
2996, 81
2997, 4
2998, 1
2999, 43
3000, 57
3001, 54
3002, 54
3003, 55
3004, 4
3005, 1
3006, 38
3007, 45
3008, 54
3009, 71
3010, 63
3011, 1
3012, 52
3013, 41
3014, 60
3015, 1
3016, 49
3017, 44
3018, 6
3019, 70
3020, 35
3021, 56
3022, 4
3023, 1
3024, 46
3025, 48
3026, 1
3027, 32
3028, 45
3029, 69
3030, 1
3031, 35
3032, 57
3033, 1
3034, 40
3035, 79
3036, 1
3037, 40
3038, 79
3039, 1
3040, 46
3041, 40
3042, 1
3043, 37
3044, 43
3045, 1
3046, 37
3047, 50
3048, 1
3049, 6
3050, 39
3051, 6
3052, 44
3053, 69
3054, 31
3055, 4
3056, 7
3057, 1
3058, 48
3059, 57
3060, 50
3061, 35
3062, 57
3063, 50
3064, 1
3065, 62
3066, 1
3067, 50
3068, 1
3069, 48
3070, 1
3071, 44
3072, 1
3073, 51
3074, 53
3075, 53
3076, 1
3077, 48
3078, 50
3079, 1
3080, 24
3081, 71
3082, 49
3083, 29
3084, 40
3085, 28
3086, 64
3087, 28
3088, 10
3089, 65
3090, 64
3091, 36
3092, 66
3093, 56
3094, 45
3095, 10
3096, 62
3097, 50
3098, 49
3099, 34
3100, 4
3101, 1
3102, 23
3103, 42
3104, 57
3105, 49
3106, 29
3107, 40
3108, 28
3109, 64
3110, 33
3111, 10
3112, 38
3113, 60
3114, 36
3115, 66
3116, 56
3117, 45
3118, 10
3119, 62
3120, 50
3121, 49
3122, 34
3123, 4
3124, 1
3125, 45
3126, 35
3127, 43
3128, 17
3129, 72
3130, 23
3131, 55
3132, 4
3133, 1
3134, 40
3135, 27
3136, 68
3137, 1
3138, 63
3139, 1
3140, 59
3141, 61
3142, 64
3143, 4
3144, 1
3145, 59
3146, 61
3147, 65
3148, 4
3149, 1
3150, 63
3151, 59
3152, 81
3153, 75
3154, 77
3155, 62
3156, 57
3157, 53
3158, 55
3159, 69
3160, 4
3161, 67
3162, 69
3163, 75
3164, 72
3165, 73
3166, 4
3167, 1
3168, 44
3169, 69
3170, 69
3171, 1
3172, 79
3173, 78
3174, 75
3175, 81
3176, 75
3177, 4
3178, 1
3179, 69
3180, 69
3181, 71
3182, 71
3183, 4
3184, 1
3185, 50
3186, 51
3187, 65
3188, 61
3189, 63
3190, 64
3191, 65
3192, 63
3193, 63
3194, 60
3195, 58
3196, 60
3197, 4
3198, 1
3199, 45
3200, 6
3201, 70
3202, 35
3203, 57
3204, 4
3205, 1
3206, 45
3207, 38
3208, 1
3209, 74
3210, 73
3211, 1
3212, 57
3213, 53
3214, 57
3215, 53
3216, 51
3217, 55
3218, 56
3219, 51
3220, 4
3221, 1
3222, 32
3223, 6
3224, 51
3225, 31
3226, 49
3227, 4
3228, 1
3229, 32
3230, 6
3231, 42
3232, 51
3233, 31
3234, 10
3235, 26
3236, 12
3237, 37
3238, 56
3239, 19
3240, 12
3241, 27
3242, 27
3243, 27
3244, 27
3245, 27
3246, 12
3247, 49
3248, 75
3249, 19
3250, 12
3251, 28
3252, 28
3253, 28
3254, 28
3255, 28
3256, 12
3257, 76
3258, 19
3259, 12
3260, 17
3261, 54
3262, 10
3263, 4
3264, 1
3265, 33
3266, 54
3267, 1
3268, 32
3269, 31
3270, 1
3271, 22
3272, 14
3273, 12
3274, 66
3275, 4
3276, 13
3277, 2
3278, 1
3279, 61
3280, 20
3281, 1
3282, 21
3283, 41
3284, 14
3285, 25
3286, 2
3287, 24
3288, 47
3289, 1
3290, 31
3291, 31
3292, 35
3293, 17
3294, 2
3295, 1
3296, 68
3297, 34
3298, 4
3299, 23
3300, 14
3301, 6
3302, 36
3303, 41
3304, 4
3305, 70
3306, 60
3307, 1
3308, 71
3309, 70
3310, 37
3311, 1
3312, 68
3313, 67
3314, 67
3315, 39
3316, 1
3317, 77
3318, 43
3319, 1
3320, 4
3321, 57
3322, 22
3323, 38
3324, 2
3325, 28
3326, 19
3327, 22
3328, 1
3329, 17
3330, 21
3331, 1
3332, 22
3333, 1
3334, 55
3335, 35
3336, 57
3337, 13
3338, 16
3339, 1
3340, 51
3341, 61
3342, 29
3343, 6
3344, 22
3345, 65
3346, 6
3347, 1
3348, 18
3349, 6
3350, 26
3351, 26
3352, 26
3353, 26
3354, 31
3355, 13
3356, 1
3357, 26
3358, 26
3359, 26
3360, 26
3361, 31
3362, 13
3363, 7
3364, 26
3365, 26
3366, 26
3367, 26
3368, 31
3369, 13
3370, 1
3371, 26
3372, 26
3373, 26
3374, 26
3375, 31
3376, 13
3377, 1
3378, 26
3379, 26
3380, 26
3381, 26
3382, 31
3383, 13
3384, 1
3385, 24
3386, 24
3387, 24
3388, 24
3389, 24
3390, 56
3391, 22
3392, 10
3393, 66
3394, 40
3395, 10
3396, 13
3397, 6
3398, 1
3399, 68
3400, 34
3401, 77
3402, 24
3403, 1
3404, 19
3405, 2
3406, 1
3407, 76
3408, 55
3409, 1
3410, 75
3411, 71
3412, 75
3413, 67
3414, 71
3415, 33
3416, 1
3417, 70
3418, 41
3419, 1
3420, 60
3421, 66
3422, 71
3423, 3
3424, 1
3425, 5
3426, 30
3427, 17
3428, 2
3429, 24
3430, 17
3431, 49
3432, 6
3433, 54
3434, 69
3435, 6
3436, 41
3437, 49
3438, 49
3439, 66
3440, 69
3441, 6
3442, 21
3443, 1
3444, 35
3445, 21
3446, 1
3447, 18
3448, 7
3449, 69
3450, 45
3451, 38
3452, 7
3453, 35
3454, 7
3455, 61
3456, 40
3457, 18
3458, 1
3459, 74
3460, 57
3461, 10
3462, 78
3463, 44
3464, 69
3465, 36
3466, 10
3467, 7
3468, 51
3469, 37
3470, 1
3471, 15
3472, 10
3473, 80
3474, 70
3475, 39
3476, 22
3477, 10
3478, 6
3479, 15
3480, 2
3481, 1
3482, 66
3483, 71
3484, 1
3485, 11
3486, 41
3487, 21
3488, 32
3489, 2
3490, 73
3491, 43
3492, 12
3493, 1
3494, 61
3495, 61
3496, 19
3497, 54
3498, 29
3499, 71
3500, 63
3501, 66
3502, 63
3503, 7
3504, 45
3505, 55
3506, 71
3507, 56
3508, 66
3509, 50
3510, 1
3511, 60
3512, 46
3513, 15
3514, 2
3515, 1
3516, 26
3517, 1
