1, 67
2, 70
3, 34
4, 71
5, 1
6, 26
7, 1
8, 60
9, 69
10, 68
11, 19
12, 1
13, 55
14, 63
15, 62
16, 45
17, 1
18, 66
19, 56
20, 63
21, 32
22, 1
23, 20
24, 20
25, 23
26, 16
27, 17
28, 18
29, 26
30, 18
31, 25
32, 24
33, 23
34, 19
35, 18
36, 18
37, 20
38, 22
39, 20
40, 19
41, 20
42, 18
43, 19
44, 20
45, 20
46, 24
47, 17
48, 20
49, 1
50, 66
51, 33
52, 39
53, 79
54, 1
55, 36
56, 51
57, 60
58, 52
59, 1
60, 38
61, 12
62, 13
63, 42
64, 20
65, 16
66, 1
67, 23
68, 68
69, 1
70, 34
71, 32
72, 3
73, 38
74, 1
75, 69
76, 18
77, 20
78, 1
79, 39
80, 4
81, 1
82, 67
83, 16
84, 43
85, 1
86, 72
87, 48
88, 24
89, 1
90, 40
91, 52
92, 1
93, 43
94, 1
95, 44
96, 1
97, 50
98, 1
99, 66
100, 1
101, 46
102, 1
103, 79
104, 30
105, 1
106, 53
107, 1
108, 39
109, 1
110, 54
111, 1
112, 65
113, 1
114, 37
115, 54
116, 1
117, 36
118, 39
119, 1
120, 51
121, 36
122, 74
123, 21
124, 73
125, 20
126, 53
127, 1
128, 60
129, 1
130, 73
131, 64
132, 29
133, 1
134, 68
135, 49
136, 1
137, 32
138, 45
139, 32
140, 46
141, 32
142, 45
143, 1
144, 72
145, 71
146, 36
147, 34
148, 60
149, 1
150, 34
151, 60
152, 1
153, 34
154, 60
155, 1
156, 34
157, 60
158, 38
159, 76
160, 1
161, 29
162, 46
163, 1
164, 28
165, 48
166, 1
167, 24
168, 40
169, 27
170, 46
171, 1
172, 36
173, 57
174, 31
175, 54
176, 37
177, 66
178, 32
179, 56
180, 32
181, 56
182, 30
183, 52
184, 35
185, 78
186, 28
187, 48
188, 1
189, 48
190, 1
191, 63
192, 1
193, 5
194, 42
195, 2
196, 51
197, 16
198, 9
199, 11
200, 13
201, 21
202, 26
203, 1
204, 73
205, 31
206, 21
207, 49
208, 60
209, 60
210, 18
211, 1
212, 46
213, 62
214, 6
215, 63
216, 63
217, 1
218, 19
219, 1
220, 25
221, 19
222, 52
223, 66
224, 34
225, 53
226, 15
227, 20
228, 6
229, 7
230, 18
231, 1
232, 44
233, 18
234, 25
235, 1
236, 31
237, 38
238, 1
239, 28
240, 42
241, 45
242, 41
243, 41
244, 44
245, 47
246, 18
247, 1
248, 53
249, 6
250, 36
251, 26
252, 1
253, 32
254, 39
255, 42
256, 38
257, 38
258, 41
259, 49
260, 66
261, 64
262, 63
263, 15
264, 6
265, 1
266, 15
267, 2
268, 1
269, 70
270, 18
271, 1
272, 5
273, 34
274, 2
275, 35
276, 12
277, 17
278, 17
279, 9
280, 11
281, 13
282, 21
283, 17
284, 18
285, 1
286, 73
287, 58
288, 22
289, 18
290, 1
291, 28
292, 1
293, 29
294, 19
295, 1
296, 25
297, 1
298, 38
299, 33
300, 18
301, 1
302, 30
303, 1
304, 46
305, 55
306, 6
307, 56
308, 56
309, 1
310, 19
311, 1
312, 25
313, 19
314, 45
315, 59
316, 34
317, 66
318, 60
319, 20
320, 27
321, 38
322, 52
323, 41
324, 36
325, 51
326, 52
327, 56
328, 15
329, 1
330, 13
331, 6
332, 7
333, 11
334, 1
335, 44
336, 18
337, 25
338, 1
339, 28
340, 41
341, 44
342, 55
343, 42
344, 46
345, 18
346, 1
347, 25
348, 6
349, 29
350, 18
351, 6
352, 40
353, 35
354, 52
355, 6
356, 39
357, 45
358, 6
359, 7
360, 18
361, 1
362, 53
363, 6
364, 36
365, 26
366, 1
367, 32
368, 38
369, 41
370, 52
371, 39
372, 42
373, 50
374, 68
375, 65
376, 73
377, 15
378, 6
379, 1
380, 15
381, 2
382, 1
383, 46
384, 1
385, 5
386, 39
387, 2
388, 73
389, 55
390, 16
391, 40
392, 53
393, 1
394, 28
395, 37
396, 1
397, 72
398, 33
399, 28
400, 40
401, 2
402, 1
403, 71
404, 61
405, 1
406, 4
407, 32
408, 2
409, 49
410, 2
411, 1
412, 72
413, 65
414, 20
415, 1
416, 13
417, 20
418, 2
419, 33
420, 24
421, 6
422, 15
423, 20
424, 13
425, 1
426, 16
427, 20
428, 13
429, 1
430, 15
431, 75
432, 63
433, 66
434, 17
435, 51
436, 13
437, 1
438, 14
439, 20
440, 13
441, 1
442, 14
443, 20
444, 13
445, 1
446, 14
447, 19
448, 13
449, 1
450, 14
451, 20
452, 13
453, 1
454, 14
455, 20
456, 13
457, 1
458, 17
459, 20
460, 13
461, 1
462, 19
463, 20
464, 13
465, 1
466, 19
467, 20
468, 13
469, 1
470, 15
471, 78
472, 22
473, 37
474, 22
475, 13
476, 1
477, 13
478, 33
479, 13
480, 4
481, 2
482, 1
483, 69
484, 72
485, 74
486, 36
487, 1
488, 12
489, 49
490, 2
491, 18
492, 40
493, 2
494, 1
495, 50
496, 1
497, 12
498, 41
499, 2
500, 31
501, 1
502, 73
503, 66
504, 60
505, 22
506, 1
507, 21
508, 55
509, 31
510, 42
511, 37
512, 6
513, 29
514, 45
515, 1
516, 62
517, 6
518, 46
519, 29
520, 6
521, 41
522, 1
523, 46
524, 3
525, 29
526, 48
527, 56
528, 3
529, 11
530, 3
531, 61
532, 1
533, 56
534, 3
535, 6
536, 36
537, 6
538, 40
539, 65
540, 11
541, 54
542, 6
543, 7
544, 71
545, 13
546, 2
547, 1
548, 47
549, 1
550, 12
551, 39
552, 2
553, 20
554, 52
555, 40
556, 63
557, 7
558, 69
559, 12
560, 2
561, 1
562, 41
563, 1
564, 4
565, 23
566, 2
567, 24
568, 1
569, 66
570, 12
571, 2
572, 1
573, 70
574, 73
575, 61
576, 72
577, 46
578, 1
579, 11
580, 74
581, 2
582, 9
583, 29
584, 34
585, 43
586, 23
587, 59
588, 20
589, 33
590, 38
591, 65
592, 34
593, 41
594, 39
595, 42
596, 42
597, 45
598, 2
599, 1
600, 75
601, 72
602, 35
603, 1
604, 11
605, 29
606, 2
607, 9
608, 19
609, 17
610, 1
611, 60
612, 1
613, 23
614, 1
615, 16
616, 6
617, 14
618, 21
619, 33
620, 1
621, 17
622, 69
623, 65
624, 34
625, 33
626, 1
627, 13
628, 8
629, 6
630, 1
631, 31
632, 51
633, 6
634, 25
635, 3
636, 43
637, 15
638, 3
639, 30
640, 3
641, 10
642, 44
643, 45
644, 17
645, 3
646, 6
647, 1
648, 12
649, 2
650, 1
651, 33
652, 1
653, 5
654, 49
655, 2
656, 19
657, 1
658, 57
659, 77
660, 1
661, 68
662, 64
663, 72
664, 60
665, 45
666, 1
667, 16
668, 6
669, 14
670, 66
671, 68
672, 36
673, 49
674, 58
675, 46
676, 58
677, 14
678, 1
679, 14
680, 48
681, 51
682, 14
683, 1
684, 14
685, 8
686, 64
687, 14
688, 12
689, 1
690, 31
691, 60
692, 1
693, 66
694, 23
695, 7
696, 53
697, 27
698, 29
699, 1
700, 43
701, 8
702, 14
703, 1
704, 14
705, 8
706, 61
707, 11
708, 1
709, 31
710, 60
711, 1
712, 64
713, 47
714, 54
715, 43
716, 45
717, 1
718, 66
719, 24
720, 53
721, 5
722, 68
723, 23
724, 47
725, 10
726, 9
727, 49
728, 34
729, 54
730, 40
731, 44
732, 36
733, 10
734, 9
735, 5
736, 24
737, 8
738, 14
739, 1
740, 14
741, 48
742, 69
743, 58
744, 53
745, 14
746, 1
747, 14
748, 64
749, 62
750, 42
751, 37
752, 65
753, 3
754, 24
755, 7
756, 30
757, 20
758, 37
759, 20
760, 12
761, 20
762, 7
763, 8
764, 23
765, 11
766, 3
767, 1
768, 63
769, 63
770, 42
771, 36
772, 65
773, 12
774, 12
775, 14
776, 1
777, 14
778, 50
779, 44
780, 36
781, 49
782, 58
783, 72
784, 14
785, 1
786, 14
787, 63
788, 47
789, 39
790, 26
791, 14
792, 1
793, 14
794, 65
795, 65
796, 65
797, 66
798, 66
799, 60
800, 65
801, 66
802, 58
803, 18
804, 26
805, 22
806, 35
807, 45
808, 14
809, 1
810, 14
811, 31
812, 22
813, 49
814, 66
815, 14
816, 1
817, 14
818, 62
819, 34
820, 3
821, 17
822, 64
823, 64
824, 43
825, 56
826, 11
827, 1
828, 20
829, 45
830, 39
831, 7
832, 71
833, 15
834, 7
835, 8
836, 62
837, 1
838, 11
839, 65
840, 64
841, 51
842, 48
843, 58
844, 11
845, 1
846, 11
847, 46
848, 5
849, 28
850, 14
851, 64
852, 1
853, 51
854, 64
855, 64
856, 48
857, 51
858, 15
859, 60
860, 1
861, 41
862, 13
863, 5
864, 1
865, 10
866, 60
867, 3
868, 1
869, 14
870, 39
871, 35
872, 13
873, 1
874, 14
875, 65
876, 63
877, 59
878, 23
879, 37
880, 27
881, 14
882, 74
883, 44
884, 44
885, 40
886, 39
887, 58
888, 1
889, 37
890, 3
891, 34
892, 11
893, 3
894, 1
895, 46
896, 66
897, 25
898, 14
899, 1
900, 14
901, 70
902, 47
903, 82
904, 58
905, 57
906, 14
907, 1
908, 14
909, 58
910, 46
911, 3
912, 66
913, 11
914, 3
915, 79
916, 3
917, 43
918, 56
919, 11
920, 3
921, 70
922, 29
923, 13
924, 1
925, 14
926, 73
927, 48
928, 43
929, 58
930, 64
931, 14
932, 1
933, 14
934, 69
935, 63
936, 52
937, 49
938, 3
939, 33
940, 1
941, 17
942, 43
943, 29
944, 11
945, 3
946, 13
947, 1
948, 14
949, 73
950, 48
951, 43
952, 58
953, 64
954, 14
955, 1
956, 14
957, 60
958, 50
959, 40
960, 14
961, 1
962, 14
963, 73
964, 39
965, 67
966, 58
967, 53
968, 14
969, 1
970, 12
971, 38
972, 13
973, 1
974, 13
975, 62
976, 6
977, 1
978, 56
979, 30
980, 6
981, 14
982, 31
983, 41
984, 41
985, 42
986, 71
987, 57
988, 14
989, 1
990, 14
991, 42
992, 14
993, 1
994, 23
995, 42
996, 30
997, 36
998, 11
999, 3
1000, 61
1001, 58
1002, 22
1003, 22
1004, 11
1005, 1
1006, 58
1007, 46
1008, 39
1009, 1
1010, 31
1011, 3
1012, 14
1013, 1
1014, 17
1015, 27
1016, 16
1017, 46
1018, 14
1019, 1
1020, 15
1021, 17
1022, 8
1023, 57
1024, 51
1025, 62
1026, 53
1027, 44
1028, 1
1029, 27
1030, 51
1031, 49
1032, 61
1033, 1
1034, 30
1035, 23
1036, 58
1037, 18
1038, 60
1039, 11
1040, 9
1041, 8
1042, 1
1043, 13
1044, 71
1045, 20
1046, 32
1047, 3
1048, 43
1049, 11
1050, 3
1051, 1
1052, 49
1053, 6
1054, 2
1055, 1
1056, 41
1057, 1
1058, 5
1059, 47
1060, 2
1061, 71
1062, 20
1063, 1
1064, 30
1065, 38
1066, 35
1067, 31
1068, 33
1069, 6
1070, 18
1071, 1
1072, 24
1073, 24
1074, 23
1075, 3
1076, 31
1077, 32
1078, 3
1079, 28
1080, 3
1081, 31
1082, 32
1083, 3
1084, 11
1085, 46
1086, 6
1087, 32
1088, 6
1089, 57
1090, 24
1091, 43
1092, 24
1093, 6
1094, 7
1095, 49
1096, 1
1097, 20
1098, 2
1099, 1
1100, 31
1101, 60
1102, 66
1103, 69
1104, 72
1105, 75
1106, 32
1107, 1
1108, 4
1109, 65
1110, 2
1111, 52
1112, 1
1113, 73
1114, 72
1115, 77
1116, 20
1117, 73
1118, 16
1119, 2
1120, 1
1121, 73
1122, 14
1123, 1
1124, 5
1125, 36
1126, 2
1127, 41
1128, 53
1129, 2
1130, 1
1131, 73
1132, 14
1133, 1
1134, 5
1135, 47
1136, 2
1137, 64
1138, 39
1139, 2
1140, 1
1141, 69
1142, 44
1143, 1
1144, 11
1145, 41
1146, 2
1147, 13
1148, 1
1149, 63
1150, 16
1151, 32
1152, 1
1153, 46
1154, 6
1155, 32
1156, 22
1157, 59
1158, 20
1159, 31
1160, 6
1161, 1
1162, 41
1163, 58
1164, 65
1165, 17
1166, 1
1167, 54
1168, 29
1169, 1
1170, 46
1171, 47
1172, 1
1173, 58
1174, 26
1175, 67
1176, 1
1177, 15
1178, 2
1179, 1
1180, 42
1181, 70
1182, 71
1183, 34
1184, 1
1185, 4
1186, 57
1187, 2
1188, 19
1189, 44
1190, 1
1191, 66
1192, 56
1193, 66
1194, 1
1195, 58
1196, 60
1197, 1
1198, 36
1199, 40
1200, 25
1201, 1
1202, 69
1203, 40
1204, 38
1205, 40
1206, 25
1207, 1
1208, 56
1209, 36
1210, 40
1211, 44
1212, 1
1213, 22
1214, 2
1215, 1
1216, 54
1217, 1
1218, 5
1219, 40
1220, 46
1221, 33
1222, 16
1223, 38
1224, 2
1225, 33
1226, 16
1227, 13
1228, 13
1229, 1
1230, 28
1231, 18
1232, 1
1233, 21
1234, 23
1235, 21
1236, 23
1237, 1
1238, 20
1239, 18
1240, 1
1241, 36
1242, 42
1243, 6
1244, 32
1245, 34
1246, 37
1247, 1
1248, 67
1249, 21
1250, 70
1251, 3
1252, 36
1253, 1
1254, 36
1255, 34
1256, 64
1257, 62
1258, 58
1259, 63
1260, 44
1261, 19
1262, 1
1263, 22
1264, 56
1265, 7
1266, 60
1267, 25
1268, 65
1269, 50
1270, 34
1271, 7
1272, 1
1273, 49
1274, 7
1275, 65
1276, 61
1277, 36
1278, 20
1279, 34
1280, 7
1281, 1
1282, 36
1283, 1
1284, 16
1285, 3
1286, 6
1287, 1
1288, 16
1289, 2
1290, 1
1291, 70
1292, 21
1293, 1
1294, 68
1295, 65
1296, 72
1297, 15
1298, 1
1299, 69
1300, 36
1301, 1
1302, 5
1303, 42
1304, 2
1305, 70
1306, 68
1307, 56
1308, 57
1309, 21
1310, 6
1311, 22
1312, 14
1313, 6
1314, 1
1315, 73
1316, 35
1317, 30
1318, 6
1319, 18
1320, 64
1321, 26
1322, 33
1323, 3
1324, 24
1325, 50
1326, 27
1327, 1
1328, 24
1329, 50
1330, 27
1331, 3
1332, 14
1333, 1
1334, 21
1335, 22
1336, 13
1337, 1
1338, 20
1339, 27
1340, 21
1341, 15
1342, 1
1343, 21
1344, 70
1345, 45
1346, 1
1347, 21
1348, 22
1349, 1
1350, 20
1351, 22
1352, 1
1353, 12
1354, 34
1355, 30
1356, 32
1357, 1
1358, 12
1359, 41
1360, 30
1361, 22
1362, 1
1363, 65
1364, 1
1365, 42
1366, 65
1367, 55
1368, 64
1369, 66
1370, 20
1371, 1
1372, 64
1373, 32
1374, 1
1375, 33
1376, 3
1377, 63
1378, 56
1379, 33
1380, 13
1381, 1
1382, 63
1383, 22
1384, 34
1385, 7
1386, 41
1387, 29
1388, 1
1389, 61
1390, 52
1391, 46
1392, 4
1393, 57
1394, 25
1395, 37
1396, 9
1397, 30
1398, 39
1399, 4
1400, 12
1401, 23
1402, 1
1403, 48
1404, 4
1405, 41
1406, 50
1407, 59
1408, 53
1409, 42
1410, 48
1411, 37
1412, 1
1413, 64
1414, 38
1415, 21
1416, 49
1417, 34
1418, 35
1419, 4
1420, 15
1421, 7
1422, 35
1423, 54
1424, 47
1425, 7
1426, 64
1427, 51
1428, 1
1429, 65
1430, 17
1431, 70
1432, 65
1433, 4
1434, 49
1435, 44
1436, 45
1437, 44
1438, 8
1439, 29
1440, 43
1441, 42
1442, 1
1443, 60
1444, 26
1445, 25
1446, 1
1447, 48
1448, 53
1449, 15
1450, 43
1451, 1
1452, 16
1453, 8
1454, 4
1455, 45
1456, 4
1457, 57
1458, 44
1459, 25
1460, 51
1461, 28
1462, 1
1463, 25
1464, 51
1465, 28
1466, 1
1467, 12
1468, 4
1469, 12
1470, 4
1471, 25
1472, 39
1473, 38
1474, 1
1475, 56
1476, 29
1477, 28
1478, 1
1479, 48
1480, 56
1481, 18
1482, 41
1483, 45
1484, 44
1485, 41
1486, 1
1487, 12
1488, 4
1489, 7
1490, 45
1491, 54
1492, 57
1493, 7
1494, 62
1495, 17
1496, 28
1497, 47
1498, 24
1499, 1
1500, 28
1501, 47
1502, 24
1503, 1
1504, 15
1505, 7
1506, 3
1507, 43
1508, 3
1509, 45
1510, 48
1511, 49
1512, 7
1513, 49
1514, 56
1515, 4
1516, 50
1517, 36
1518, 54
1519, 21
1520, 62
1521, 42
1522, 25
1523, 1
1524, 57
1525, 21
1526, 56
1527, 29
1528, 80
1529, 12
1530, 4
1531, 55
1532, 51
1533, 61
1534, 4
1535, 58
1536, 58
1537, 25
1538, 51
1539, 28
1540, 1
1541, 25
1542, 51
1543, 28
1544, 1
1545, 12
1546, 4
1547, 7
1548, 3
1549, 13
1550, 1
1551, 13
1552, 48
1553, 6
1554, 1
1555, 18
1556, 2
1557, 1
1558, 73
1559, 69
1560, 50
1561, 1
1562, 5
1563, 28
1564, 2
1565, 22
1566, 48
1567, 32
1568, 1
1569, 25
1570, 30
1571, 32
1572, 44
1573, 36
1574, 45
1575, 42
1576, 1
1577, 70
1578, 41
1579, 36
1580, 18
1581, 1
1582, 46
1583, 6
1584, 32
1585, 22
1586, 70
1587, 31
1588, 6
1589, 1
1590, 58
1591, 45
1592, 65
1593, 20
1594, 1
1595, 15
1596, 2
1597, 1
1598, 69
1599, 45
1600, 1
1601, 5
1602, 35
1603, 2
1604, 69
1605, 70
1606, 72
1607, 71
1608, 73
1609, 59
1610, 46
1611, 1
1612, 77
1613, 77
1614, 1
1615, 29
1616, 55
1617, 2
1618, 1
1619, 68
1620, 65
1621, 66
1622, 1
1623, 12
1624, 61
1625, 2
1626, 16
1627, 6
1628, 20
1629, 8
1630, 33
1631, 15
1632, 15
1633, 34
1634, 15
1635, 62
1636, 41
1637, 15
1638, 63
1639, 60
1640, 6
1641, 15
1642, 14
1643, 8
1644, 1
1645, 20
1646, 18
1647, 19
1648, 1
1649, 16
1650, 21
1651, 18
1652, 19
1653, 1
1654, 23
1655, 78
1656, 14
1657, 11
1658, 65
1659, 13
1660, 19
1661, 1
1662, 15
1663, 69
1664, 75
1665, 46
1666, 52
1667, 3
1668, 59
1669, 39
1670, 29
1671, 7
1672, 59
1673, 20
1674, 7
1675, 1
1676, 39
1677, 33
1678, 16
1679, 3
1680, 20
1681, 1
1682, 15
1683, 14
1684, 15
1685, 14
1686, 46
1687, 52
1688, 3
1689, 45
1690, 33
1691, 16
1692, 3
1693, 20
1694, 1
1695, 14
1696, 46
1697, 72
1698, 49
1699, 65
1700, 3
1701, 52
1702, 55
1703, 16
1704, 3
1705, 20
1706, 1
1707, 40
1708, 51
1709, 19
1710, 1
1711, 13
1712, 20
1713, 6
1714, 2
1715, 1
1716, 32
1717, 1
1718, 11
1719, 26
1720, 2
1721, 55
1722, 64
1723, 71
1724, 22
1725, 1
1726, 77
1727, 30
1728, 14
1729, 1
1730, 74
1731, 63
1732, 27
1733, 24
1734, 1
1735, 71
1736, 68
1737, 22
1738, 24
1739, 1
1740, 40
1741, 28
1742, 6
1743, 30
1744, 30
1745, 1
1746, 70
1747, 69
1748, 34
1749, 57
1750, 18
1751, 20
1752, 1
1753, 69
1754, 41
1755, 37
1756, 50
1757, 20
1758, 1
1759, 67
1760, 18
1761, 37
1762, 48
1763, 26
1764, 1
1765, 61
1766, 27
1767, 30
1768, 1
1769, 67
1770, 75
1771, 55
1772, 71
1773, 23
1774, 28
1775, 4
1776, 1
1777, 64
1778, 27
1779, 13
1780, 2
1781, 1
1782, 71
1783, 72
1784, 53
1785, 1
1786, 27
1787, 51
1788, 64
1789, 41
1790, 66
1791, 57
1792, 45
1793, 48
1794, 54
1795, 40
1796, 1
1797, 4
1798, 56
1799, 35
1800, 31
1801, 2
1802, 64
1803, 52
1804, 1
1805, 27
1806, 27
1807, 1
1808, 68
1809, 68
1810, 17
1811, 26
1812, 44
1813, 1
1814, 71
1815, 30
1816, 26
1817, 14
1818, 1
1819, 40
1820, 36
1821, 14
1822, 1
1823, 66
1824, 32
1825, 34
1826, 6
1827, 41
1828, 35
1829, 19
1830, 6
1831, 1
1832, 42
1833, 21
1834, 6
1835, 69
1836, 11
1837, 1
1838, 64
1839, 64
1840, 34
1841, 30
1842, 30
1843, 51
1844, 46
1845, 16
1846, 6
1847, 1
1848, 57
1849, 71
1850, 40
1851, 64
1852, 14
1853, 1
1854, 19
1855, 29
1856, 6
1857, 1
1858, 72
1859, 16
1860, 43
1861, 38
1862, 59
1863, 11
1864, 1
1865, 64
1866, 32
1867, 11
1868, 1
1869, 36
1870, 46
1871, 11
1872, 1
1873, 44
1874, 42
1875, 56
1876, 11
1877, 1
1878, 63
1879, 16
1880, 6
1881, 24
1882, 43
1883, 6
1884, 77
1885, 43
1886, 55
1887, 11
1888, 1
1889, 47
1890, 47
1891, 11
1892, 1
1893, 33
1894, 30
1895, 11
1896, 1
1897, 39
1898, 42
1899, 16
1900, 6
1901, 1
1902, 65
1903, 81
1904, 2
1905, 1
1906, 72
1907, 72
1908, 75
1909, 69
1910, 15
1911, 1
1912, 11
1913, 45
1914, 2
1915, 62
1916, 64
1917, 40
1918, 23
1919, 1
1920, 42
1921, 2
1922, 1
1923, 40
1924, 60
1925, 1
1926, 5
1927, 69
1928, 21
1929, 2
1930, 20
1931, 50
1932, 7
1933, 55
1934, 2
1935, 1
1936, 61
1937, 1
1938, 5
1939, 29
1940, 2
1941, 25
1942, 1
1943, 24
1944, 6
1945, 20
1946, 23
1947, 19
1948, 13
1949, 8
1950, 6
1951, 1
1952, 29
1953, 18
1954, 1
1955, 19
1956, 1
1957, 74
1958, 27
1959, 42
1960, 53
1961, 46
1962, 21
1963, 1
1964, 30
1965, 25
1966, 8
1967, 28
1968, 35
1969, 32
1970, 31
1971, 14
1972, 15
1973, 21
1974, 8
1975, 1
1976, 56
1977, 2
1978, 1
1979, 66
1980, 52
1981, 1
1982, 26
1983, 32
1984, 2
1985, 24
1986, 6
1987, 21
1988, 36
1989, 41
1990, 1
1991, 20
1992, 33
1993, 1
1994, 16
1995, 52
1996, 1
1997, 15
1998, 16
1999, 8
2000, 71
2001, 71
2002, 1
2003, 60
2004, 1
2005, 53
2006, 41
2007, 1
2008, 40
2009, 8
2010, 1
2011, 20
2012, 23
2013, 29
2014, 1
2015, 17
2016, 71
2017, 48
2018, 38
2019, 1
2020, 13
2021, 56
2022, 6
2023, 1
2024, 22
2025, 2
2026, 1
2027, 44
2028, 1
2029, 4
2030, 36
2031, 2
2032, 67
2033, 35
2034, 2
2035, 1
2036, 69
2037, 56
2038, 30
2039, 1
2040, 12
2041, 67
2042, 34
2043, 2
2044, 16
2045, 6
2046, 24
2047, 19
2048, 17
2049, 23
2050, 26
2051, 13
2052, 1
2053, 27
2054, 19
2055, 18
2056, 24
2057, 27
2058, 13
2059, 1
2060, 22
2061, 21
2062, 19
2063, 22
2064, 24
2065, 23
2066, 26
2067, 13
2068, 1
2069, 22
2070, 21
2071, 19
2072, 22
2073, 24
2074, 25
2075, 13
2076, 1
2077, 21
2078, 20
2079, 19
2080, 23
2081, 25
2082, 26
2083, 13
2084, 1
2085, 13
2086, 13
2087, 6
2088, 1
2089, 50
2090, 1
2091, 15
2092, 2
2093, 1
2094, 32
2095, 67
2096, 1
2097, 5
2098, 29
2099, 2
2100, 31
2101, 6
2102, 60
2103, 1
2104, 38
2105, 71
2106, 75
2107, 37
2108, 6
2109, 1
2110, 65
2111, 59
2112, 40
2113, 68
2114, 40
2115, 1
2116, 68
2117, 20
2118, 6
2119, 23
2120, 58
2121, 1
2122, 48
2123, 23
2124, 1
2125, 47
2126, 46
2127, 23
2128, 1
2129, 43
2130, 48
2131, 24
2132, 1
2133, 57
2134, 72
2135, 23
2136, 1
2137, 35
2138, 47
2139, 34
2140, 1
2141, 69
2142, 47
2143, 14
2144, 38
2145, 45
2146, 27
2147, 1
2148, 69
2149, 48
2150, 65
2151, 6
2152, 1
2153, 21
2154, 6
2155, 20
2156, 60
2157, 1
2158, 49
2159, 16
2160, 1
2161, 48
2162, 47
2163, 16
2164, 1
2165, 44
2166, 49
2167, 17
2168, 1
2169, 43
2170, 66
2171, 24
2172, 1
2173, 40
2174, 62
2175, 25
2176, 14
2177, 43
2178, 46
2179, 6
2180, 1
2181, 16
2182, 6
2183, 65
2184, 62
2185, 22
2186, 26
2187, 3
2188, 70
2189, 17
2190, 3
2191, 1
2192, 73
2193, 63
2194, 68
2195, 65
2196, 68
2197, 12
2198, 32
2199, 6
2200, 1
2201, 53
2202, 6
2203, 84
2204, 33
2205, 6
2206, 1
2207, 48
2208, 50
2209, 2
2210, 1
2211, 46
2212, 1
2213, 12
2214, 40
2215, 38
2216, 26
2217, 50
2218, 20
2219, 2
2220, 17
2221, 66
2222, 45
2223, 38
2224, 22
2225, 66
2226, 47
2227, 38
2228, 1
2229, 16
2230, 6
2231, 66
2232, 1
2233, 53
2234, 34
2235, 36
2236, 62
2237, 6
2238, 7
2239, 6
2240, 33
2241, 71
2242, 30
2243, 6
2244, 2
2245, 1
2246, 41
2247, 1
2248, 69
2249, 68
2250, 61
2251, 1
2252, 53
2253, 12
2254, 23
2255, 2
2256, 62
2257, 39
2258, 72
2259, 50
2260, 1
2261, 25
2262, 2
2263, 1
2264, 66
2265, 12
2266, 26
2267, 2
2268, 51
2269, 51
2270, 52
2271, 51
2272, 52
2273, 2
2274, 1
2275, 72
2276, 23
2277, 1
2278, 5
2279, 27
2280, 2
2281, 37
2282, 2
2283, 1
2284, 57
2285, 1
2286, 33
2287, 32
2288, 2
2289, 63
2290, 2
2291, 1
2292, 67
2293, 61
2294, 1
2295, 4
2296, 33
2297, 2
2298, 51
2299, 26
2300, 26
2301, 11
2302, 1
2303, 71
2304, 74
2305, 35
2306, 71
2307, 1
2308, 21
2309, 30
2310, 6
2311, 33
2312, 1
2313, 30
2314, 33
2315, 3
2316, 29
2317, 1
2318, 41
2319, 1
2320, 69
2321, 73
2322, 57
2323, 37
2324, 51
2325, 52
2326, 1
2327, 37
2328, 52
2329, 53
2330, 3
2331, 35
2332, 78
2333, 3
2334, 17
2335, 45
2336, 37
2337, 45
2338, 18
2339, 1
2340, 37
2341, 45
2342, 18
2343, 3
2344, 30
2345, 38
2346, 3
2347, 71
2348, 43
2349, 29
2350, 15
2351, 66
2352, 1
2353, 49
2354, 40
2355, 61
2356, 55
2357, 1
2358, 72
2359, 64
2360, 1
2361, 43
2362, 7
2363, 16
2364, 17
2365, 1
2366, 55
2367, 52
2368, 17
2369, 49
2370, 12
2371, 27
2372, 55
2373, 32
2374, 49
2375, 19
2376, 57
2377, 28
2378, 1
2379, 49
2380, 12
2381, 27
2382, 55
2383, 32
2384, 49
2385, 19
2386, 57
2387, 28
2388, 7
2389, 8
2390, 7
2391, 58
2392, 55
2393, 53
2394, 15
2395, 34
2396, 59
2397, 1
2398, 30
2399, 15
2400, 50
2401, 20
2402, 19
2403, 27
2404, 37
2405, 30
2406, 15
2407, 52
2408, 20
2409, 19
2410, 27
2411, 21
2412, 27
2413, 7
2414, 3
2415, 11
2416, 33
2417, 6
2418, 39
2419, 34
2420, 30
2421, 29
2422, 40
2423, 6
2424, 33
2425, 1
2426, 39
2427, 3
2428, 12
2429, 13
2430, 4
2431, 61
2432, 59
2433, 46
2434, 8
2435, 30
2436, 50
2437, 28
2438, 45
2439, 22
2440, 60
2441, 24
2442, 1
2443, 46
2444, 8
2445, 30
2446, 11
2447, 45
2448, 28
2449, 45
2450, 22
2451, 60
2452, 24
2453, 3
2454, 11
2455, 3
2456, 63
2457, 49
2458, 68
2459, 30
2460, 62
2461, 1
2462, 26
2463, 18
2464, 45
2465, 48
2466, 1
2467, 26
2468, 18
2469, 38
2470, 31
2471, 29
2472, 48
2473, 3
2474, 6
2475, 1
2476, 7
2477, 37
2478, 1
2479, 22
2480, 19
2481, 14
2482, 2
2483, 1
2484, 51
2485, 1
2486, 5
2487, 28
2488, 2
2489, 13
2490, 32
2491, 48
2492, 55
2493, 27
2494, 21
2495, 17
2496, 65
2497, 31
2498, 24
2499, 52
2500, 1
2501, 68
2502, 33
2503, 12
2504, 1
2505, 27
2506, 1
2507, 46
2508, 6
2509, 71
2510, 63
2511, 23
2512, 32
2513, 22
2514, 70
2515, 31
2516, 6
2517, 1
2518, 58
2519, 26
2520, 67
2521, 1
2522, 15
2523, 6
2524, 52
2525, 65
2526, 64
2527, 63
2528, 65
2529, 65
2530, 62
2531, 61
2532, 52
2533, 1
2534, 28
2535, 1
2536, 67
2537, 21
2538, 42
2539, 3
2540, 44
2541, 25
2542, 40
2543, 14
2544, 62
2545, 56
2546, 59
2547, 23
2548, 35
2549, 1
2550, 50
2551, 54
2552, 65
2553, 1
2554, 65
2555, 64
2556, 66
2557, 24
2558, 3
2559, 1
2560, 69
2561, 57
2562, 32
2563, 6
2564, 1
2565, 42
2566, 31
2567, 6
2568, 47
2569, 28
2570, 43
2571, 27
2572, 19
2573, 38
2574, 1
2575, 53
2576, 55
2577, 78
2578, 38
2579, 22
2580, 6
2581, 1
2582, 46
2583, 28
2584, 6
2585, 47
2586, 28
2587, 43
2588, 27
2589, 19
2590, 38
2591, 1
2592, 53
2593, 55
2594, 54
2595, 38
2596, 1
2597, 68
2598, 38
2599, 1
2600, 22
2601, 6
2602, 1
2603, 70
2604, 71
2605, 41
2606, 19
2607, 1
2608, 73
2609, 22
2610, 58
2611, 6
2612, 67
2613, 3
2614, 19
2615, 1
2616, 59
2617, 36
2618, 48
2619, 29
2620, 8
2621, 7
2622, 67
2623, 45
2624, 33
2625, 4
2626, 16
2627, 54
2628, 1
2629, 55
2630, 56
2631, 54
2632, 43
2633, 46
2634, 50
2635, 65
2636, 40
2637, 8
2638, 12
2639, 26
2640, 45
2641, 37
2642, 57
2643, 13
2644, 52
2645, 30
2646, 14
2647, 8
2648, 9
2649, 8
2650, 13
2651, 28
2652, 30
2653, 45
2654, 37
2655, 33
2656, 40
2657, 1
2658, 55
2659, 57
2660, 62
2661, 20
2662, 8
2663, 1
2664, 37
2665, 25
2666, 14
2667, 4
2668, 1
2669, 48
2670, 29
2671, 44
2672, 25
2673, 39
2674, 1
2675, 54
2676, 56
2677, 69
2678, 39
2679, 1
2680, 30
2681, 17
2682, 7
2683, 3
2684, 6
2685, 1
2686, 81
2687, 28
2688, 6
2689, 18
2690, 49
2691, 1
2692, 72
2693, 47
2694, 48
2695, 45
2696, 60
2697, 35
2698, 3
2699, 7
2700, 28
2701, 40
2702, 32
2703, 52
2704, 57
2705, 35
2706, 3
2707, 11
2708, 3
2709, 8
2710, 30
2711, 25
2712, 40
2713, 32
2714, 28
2715, 35
2716, 1
2717, 50
2718, 52
2719, 67
2720, 3
2721, 1
2722, 39
2723, 64
2724, 21
2725, 3
2726, 44
2727, 25
2728, 40
2729, 22
2730, 35
2731, 27
2732, 3
2733, 6
2734, 35
2735, 6
2736, 47
2737, 28
2738, 43
2739, 34
2740, 38
2741, 37
2742, 6
2743, 1
2744, 49
2745, 23
2746, 6
2747, 14
2748, 72
2749, 50
2750, 1
2751, 68
2752, 63
2753, 64
2754, 63
2755, 64
2756, 51
2757, 66
2758, 64
2759, 6
2760, 1
2761, 62
2762, 60
2763, 2
2764, 1
2765, 46
2766, 1
2767, 5
2768, 28
2769, 2
2770, 13
2771, 32
2772, 27
2773, 61
2774, 53
2775, 11
2776, 66
2777, 45
2778, 74
2779, 40
2780, 31
2781, 24
2782, 1
2783, 33
2784, 12
2785, 1
2786, 46
2787, 6
2788, 71
2789, 63
2790, 23
2791, 32
2792, 22
2793, 70
2794, 31
2795, 6
2796, 1
2797, 42
2798, 26
2799, 67
2800, 1
2801, 72
2802, 24
2803, 18
2804, 38
2805, 16
2806, 65
2807, 8
2808, 17
2809, 1
2810, 34
2811, 27
2812, 6
2813, 10
2814, 8
2815, 1
2816, 67
2817, 41
2818, 25
2819, 25
2820, 1
2821, 69
2822, 15
2823, 42
2824, 31
2825, 16
2826, 65
2827, 8
2828, 11
2829, 1
2830, 22
2831, 5
2832, 64
2833, 62
2834, 39
2835, 27
2836, 42
2837, 29
2838, 44
2839, 26
2840, 5
2841, 1
2842, 54
2843, 32
2844, 50
2845, 63
2846, 1
2847, 59
2848, 57
2849, 18
2850, 69
2851, 8
2852, 1
2853, 50
2854, 28
2855, 6
2856, 16
2857, 1
2858, 27
2859, 3
2860, 37
2861, 25
2862, 40
2863, 27
2864, 24
2865, 3
2866, 1
2867, 33
2868, 51
2869, 55
2870, 11
2871, 40
2872, 42
2873, 64
2874, 55
2875, 43
2876, 18
2877, 69
2878, 6
2879, 1
2880, 72
2881, 73
2882, 73
2883, 68
2884, 70
2885, 72
2886, 46
2887, 54
2888, 35
2889, 1
2890, 45
2891, 28
2892, 6
2893, 16
2894, 1
2895, 57
2896, 1
2897, 61
2898, 59
2899, 30
2900, 55
2901, 54
2902, 1
2903, 64
2904, 55
2905, 23
2906, 67
2907, 6
2908, 42
2909, 6
2910, 57
2911, 1
2912, 67
2913, 45
2914, 1
2915, 71
2916, 11
2917, 31
2918, 1
2919, 40
2920, 28
2921, 52
2922, 6
2923, 1
2924, 56
2925, 71
2926, 42
2927, 47
2928, 6
2929, 44
2930, 3
2931, 12
2932, 13
2933, 59
2934, 30
2935, 34
2936, 33
2937, 52
2938, 40
2939, 1
2940, 61
2941, 59
2942, 20
2943, 71
2944, 1
2945, 45
2946, 24
2947, 30
2948, 30
2949, 31
2950, 3
2951, 11
2952, 28
2953, 1
2954, 14
2955, 6
2956, 1
2957, 70
2958, 15
2959, 20
2960, 6
2961, 71
2962, 35
2963, 3
2964, 12
2965, 59
2966, 13
2967, 1
2968, 30
2969, 34
2970, 33
2971, 52
2972, 40
2973, 1
2974, 61
2975, 59
2976, 20
2977, 71
2978, 3
2979, 1
2980, 40
2981, 28
2982, 55
2983, 6
2984, 1
2985, 76
2986, 40
2987, 46
2988, 25
2989, 31
2990, 31
2991, 30
2992, 2
2993, 1
2994, 72
2995, 1
2996, 4
2997, 58
2998, 2
2999, 34
3000, 13
3001, 17
3002, 9
3003, 30
3004, 34
3005, 22
3006, 1
3007, 37
3008, 31
3009, 1
3010, 32
3011, 1
3012, 73
3013, 73
3014, 68
3015, 18
3016, 53
3017, 1
3018, 37
3019, 50
3020, 1
3021, 44
3022, 6
3023, 35
3024, 70
3025, 15
3026, 6
3027, 1
3028, 45
3029, 27
3030, 64
3031, 22
3032, 1
3033, 39
3034, 6
3035, 39
3036, 55
3037, 50
3038, 26
3039, 6
3040, 1
3041, 43
3042, 2
3043, 1
3044, 73
3045, 56
3046, 1
3047, 4
3048, 63
3049, 29
3050, 2
3051, 34
3052, 13
3053, 17
3054, 9
3055, 12
3056, 32
3057, 34
3058, 22
3059, 1
3060, 38
3061, 28
3062, 1
3063, 68
3064, 33
3065, 1
3066, 33
3067, 1
3068, 73
3069, 73
3070, 62
3071, 18
3072, 6
3073, 71
3074, 1
3075, 26
3076, 3
3077, 27
3078, 22
3079, 37
3080, 16
3081, 3
3082, 1
3083, 71
3084, 23
3085, 29
3086, 1
3087, 32
3088, 59
3089, 42
3090, 25
3091, 3
3092, 34
3093, 49
3094, 3
3095, 6
3096, 7
3097, 6
3098, 60
3099, 25
3100, 26
3101, 38
3102, 35
3103, 25
3104, 39
3105, 26
3106, 1
3107, 73
3108, 65
3109, 18
3110, 25
3111, 47
3112, 1
3113, 26
3114, 3
3115, 22
3116, 39
3117, 30
3118, 22
3119, 34
3120, 12
3121, 1
3122, 22
3123, 51
3124, 1
3125, 68
3126, 26
3127, 46
3128, 51
3129, 3
3130, 1
3131, 43
3132, 3
3133, 26
3134, 71
3135, 36
3136, 22
3137, 55
3138, 23
3139, 3
3140, 6
3141, 1
3142, 55
3143, 1
3144, 72
3145, 62
3146, 72
3147, 69
3148, 64
3149, 69
3150, 70
3151, 70
3152, 19
3153, 21
3154, 6
3155, 26
3156, 3
3157, 67
3158, 57
3159, 31
3160, 63
3161, 61
3162, 20
3163, 55
3164, 24
3165, 3
3166, 1
3167, 38
3168, 6
3169, 1
3170, 15
3171, 2
3172, 1
3173, 73
3174, 1
3175, 5
3176, 40
3177, 2
3178, 17
3179, 1
3180, 27
3181, 21
3182, 1
3183, 69
3184, 57
3185, 20
3186, 61
3187, 6
3188, 66
3189, 1
3190, 37
3191, 1
3192, 64
3193, 64
3194, 16
3195, 35
3196, 29
3197, 37
3198, 3
3199, 28
3200, 7
3201, 61
3202, 54
3203, 37
3204, 24
3205, 38
3206, 51
3207, 73
3208, 33
3209, 56
3210, 33
3211, 47
3212, 26
3213, 35
3214, 55
3215, 16
3216, 7
3217, 8
3218, 7
3219, 61
3220, 57
3221, 56
3222, 56
3223, 54
3224, 55
3225, 57
3226, 55
3227, 53
3228, 45
3229, 29
3230, 1
3231, 38
3232, 51
3233, 55
3234, 33
3235, 33
3236, 56
3237, 33
3238, 47
3239, 26
3240, 35
3241, 55
3242, 38
3243, 1
3244, 63
3245, 42
3246, 50
3247, 31
3248, 17
3249, 7
3250, 3
3251, 11
3252, 64
3253, 15
3254, 44
3255, 1
3256, 47
3257, 6
3258, 2
3259, 1
3260, 67
3261, 66
3262, 71
3263, 70
3264, 1
3265, 5
3266, 45
3267, 2
3268, 27
3269, 6
3270, 29
3271, 37
3272, 29
3273, 6
3274, 2
3275, 1
3276, 53
3277, 73
3278, 69
3279, 16
3280, 1
3281, 12
3282, 43
3283, 2
3284, 13
3285, 31
3286, 13
3287, 2
3288, 1
3289, 50
3290, 1
3291, 5
3292, 47
3293, 2
3294, 43
3295, 1
3296, 31
3297, 6
3298, 40
3299, 22
3300, 54
3301, 32
3302, 1
3303, 26
3304, 51
3305, 61
3306, 6
3307, 7
3308, 39
3309, 2
3310, 1
3311, 49
3312, 1
3313, 5
3314, 50
3315, 2
3316, 31
3317, 6
3318, 33
3319, 1
3320, 27
3321, 52
3322, 73
3323, 6
3324, 7
3325, 31
3326, 2
3327, 1
3328, 52
3329, 1
3330, 5
3331, 54
3332, 2
3333, 29
3334, 6
3335, 13
3336, 1
3337, 17
3338, 34
3339, 46
3340, 34
3341, 32
3342, 35
3343, 32
3344, 3
3345, 23
3346, 28
3347, 10
3348, 1
3349, 26
3350, 30
3351, 10
3352, 1
3353, 27
3354, 22
3355, 31
3356, 8
3357, 29
3358, 10
3359, 1
3360, 30
3361, 22
3362, 46
3363, 8
3364, 41
3365, 10
3366, 1
3367, 10
3368, 23
3369, 3
3370, 19
3371, 1
3372, 13
3373, 20
3374, 6
3375, 2
3376, 1
3377, 52
3378, 1
3379, 11
3380, 53
3381, 40
3382, 2
3383, 56
3384, 2
3385, 1
3386, 58
3387, 1
3388, 12
3389, 50
3390, 49
3391, 36
3392, 31
3393, 25
3394, 2
3395, 40
3396, 6
3397, 58
3398, 48
3399, 43
3400, 6
3401, 1
3402, 21
3403, 27
3404, 61
3405, 49
3406, 2
3407, 1
3408, 62
3409, 67
3410, 1
3411, 12
3412, 62
3413, 38
3414, 32
3415, 2
3416, 56
3417, 48
3418, 2
3419, 1
3420, 1
3421, 11
3422, 69
3423, 43
3424, 2
3425, 44
3426, 56
3427, 49
3428, 51
3429, 27
3430, 7
3431, 14
3432, 2
3433, 1
3434, 51
3435, 1
3436, 12
3437, 67
3438, 2
3439, 24
3440, 17
3441, 10
3442, 1
3443, 32
3444, 47
3445, 1
3446, 73
3447, 72
3448, 16
3449, 11
3450, 28
3451, 54
3452, 39
3453, 17
3454, 1
3455, 51
3456, 6
3457, 33
3458, 1
3459, 71
3460, 60
3461, 65
3462, 30
3463, 71
3464, 17
3465, 63
3466, 18
3467, 6
3468, 1
3469, 50
3470, 6
3471, 33
3472, 1
3473, 71
3474, 17
3475, 63
3476, 18
3477, 6
3478, 1
3479, 31
3480, 57
3481, 35
3482, 17
3483, 2
3484, 1
3485, 6
3486, 66
3487, 73
3488, 45
3489, 1
3490, 30
3491, 1
3492, 14
3493, 17
3494, 2
3495, 23
3496, 2
3497, 1
3498, 28
3499, 1
3500, 13
3501, 17
3502, 2
3503, 39
3504, 2
3505, 1
3506, 21
3507, 1
3508, 4
3509, 20
3510, 2
3511, 22
3512, 2
3513, 1
3514, 29
3515, 1
3516, 4
3517, 30
3518, 2
3519, 28
3520, 2
3521, 1
3522, 23
3523, 1
3524, 4
3525, 20
3526, 2
3527, 40
3528, 2
3529, 1
3530, 73
3531, 39
3532, 1
3533, 21
3534, 1
3535, 4
3536, 21
3537, 2
3538, 27
3539, 2
3540, 1
3541, 21
3542, 1
3543, 4
3544, 21
3545, 2
3546, 27
3547, 2
3548, 7
3549, 1
3550, 21
3551, 1
3552, 3
3553, 20
3554, 29
3555, 23
3556, 8
3557, 4
