1, 65
2, 71
3, 50
4, 34
5, 1
6, 26
7, 1
8, 69
9, 69
10, 69
11, 9
12, 1
13, 71
14, 66
15, 70
16, 18
17, 1
18, 66
19, 65
20, 65
21, 21
22, 1
23, 1
24, 40
25, 60
26, 52
27, 70
28, 76
29, 31
30, 51
31, 51
32, 1
33, 55
34, 42
35, 62
36, 63
37, 1
38, 77
39, 68
40, 71
41, 67
42, 65
43, 34
44, 1
45, 40
46, 73
47, 73
48, 71
49, 22
50, 1
51, 70
52, 65
53, 67
54, 24
55, 1
56, 65
57, 66
58, 71
59, 39
60, 1
61, 46
62, 62
63, 64
64, 71
65, 37
66, 1
67, 64
68, 37
69, 1
70, 61
71, 1
72, 20
73, 20
74, 23
75, 16
76, 1
77, 18
78, 17
79, 19
80, 18
81, 25
82, 20
83, 20
84, 20
85, 20
86, 18
87, 17
88, 19
89, 22
90, 20
91, 23
92, 21
93, 18
94, 1
95, 28
96, 22
97, 7
98, 1
99, 30
100, 56
101, 73
102, 1
103, 44
104, 46
105, 1
106, 21
107, 29
108, 36
109, 7
110, 36
111, 8
112, 7
113, 1
114, 21
115, 34
116, 7
117, 1
118, 21
119, 34
120, 7
121, 1
122, 33
123, 40
124, 7
125, 1
126, 34
127, 40
128, 7
129, 1
130, 31
131, 38
132, 7
133, 1
134, 33
135, 37
136, 7
137, 1
138, 28
139, 30
140, 7
141, 1
142, 27
143, 29
144, 7
145, 1
146, 37
147, 39
148, 7
149, 1
150, 37
151, 39
152, 7
153, 1
154, 36
155, 38
156, 7
157, 1
158, 26
159, 29
160, 7
161, 1
162, 24
163, 29
164, 7
165, 1
166, 56
167, 1
168, 56
169, 54
170, 55
171, 40
172, 70
173, 19
174, 1
175, 24
176, 2
177, 26
178, 19
179, 19
180, 3
181, 1
182, 52
183, 51
184, 49
185, 41
186, 1
187, 64
188, 1
189, 59
190, 1
191, 32
192, 1
193, 50
194, 48
195, 71
196, 1
197, 37
198, 1
199, 67
200, 67
201, 23
202, 1
203, 37
204, 1
205, 71
206, 1
207, 68
208, 64
209, 39
210, 1
211, 16
212, 2
213, 25
214, 19
215, 24
216, 67
217, 56
218, 79
219, 3
220, 1
221, 35
222, 4
223, 76
224, 72
225, 72
226, 73
227, 12
228, 1
229, 71
230, 31
231, 38
232, 7
233, 1
234, 44
235, 1
236, 37
237, 1
238, 42
239, 1
240, 34
241, 1
242, 41
243, 1
244, 47
245, 1
246, 77
247, 42
248, 1
249, 44
250, 1
251, 55
252, 1
253, 37
254, 1
255, 68
256, 24
257, 37
258, 1
259, 61
260, 45
261, 1
262, 67
263, 1
264, 21
265, 47
266, 31
267, 7
268, 1
269, 37
270, 36
271, 1
272, 23
273, 67
274, 6
275, 19
276, 7
277, 1
278, 19
279, 1
280, 46
281, 1
282, 55
283, 1
284, 38
285, 36
286, 1
287, 72
288, 43
289, 29
290, 34
291, 52
292, 7
293, 1
294, 71
295, 65
296, 28
297, 48
298, 7
299, 1
300, 71
301, 70
302, 51
303, 34
304, 41
305, 1
306, 21
307, 57
308, 48
309, 7
310, 59
311, 1
312, 40
313, 2
314, 42
315, 63
316, 47
317, 36
318, 38
319, 32
320, 39
321, 41
322, 40
323, 38
324, 37
325, 52
326, 37
327, 49
328, 67
329, 58
330, 44
331, 39
332, 42
333, 42
334, 2
335, 34
336, 33
337, 1
338, 61
339, 64
340, 47
341, 40
342, 42
343, 53
344, 51
345, 41
346, 1
347, 47
348, 2
349, 15
350, 17
351, 30
352, 30
353, 28
354, 26
355, 22
356, 20
357, 52
358, 54
359, 57
360, 60
361, 60
362, 26
363, 25
364, 6
365, 57
366, 7
367, 54
368, 24
369, 54
370, 45
371, 71
372, 67
373, 68
374, 47
375, 52
376, 54
377, 67
378, 74
379, 3
380, 33
381, 1
382, 35
383, 49
384, 2
385, 15
386, 17
387, 30
388, 30
389, 28
390, 26
391, 24
392, 22
393, 52
394, 24
395, 59
396, 60
397, 25
398, 57
399, 25
400, 56
401, 54
402, 45
403, 71
404, 67
405, 68
406, 47
407, 52
408, 54
409, 67
410, 74
411, 3
412, 35
413, 2
414, 68
415, 20
416, 45
417, 24
418, 25
419, 40
420, 32
421, 36
422, 25
423, 18
424, 1
425, 61
426, 5
427, 21
428, 2
429, 16
430, 30
431, 21
432, 1
433, 16
434, 6
435, 32
436, 14
437, 6
438, 15
439, 6
440, 32
441, 19
442, 6
443, 7
444, 16
445, 1
446, 33
447, 1
448, 31
449, 6
450, 31
451, 11
452, 6
453, 2
454, 1
455, 2
456, 69
457, 68
458, 69
459, 65
460, 34
461, 1
462, 70
463, 64
464, 46
465, 1
466, 56
467, 5
468, 30
469, 2
470, 31
471, 2
472, 1
473, 57
474, 5
475, 44
476, 2
477, 39
478, 29
479, 2
480, 1
481, 70
482, 18
483, 5
484, 67
485, 2
486, 39
487, 28
488, 38
489, 29
490, 2
491, 1
492, 71
493, 60
494, 68
495, 69
496, 35
497, 5
498, 67
499, 2
500, 19
501, 46
502, 1
503, 54
504, 35
505, 64
506, 2
507, 1
508, 70
509, 72
510, 61
511, 5
512, 72
513, 37
514, 2
515, 19
516, 46
517, 1
518, 54
519, 46
520, 64
521, 2
522, 1
523, 74
524, 1
525, 80
526, 5
527, 36
528, 2
529, 38
530, 22
531, 31
532, 22
533, 29
534, 2
535, 1
536, 66
537, 69
538, 69
539, 24
540, 1
541, 5
542, 31
543, 2
544, 38
545, 22
546, 33
547, 2
548, 1
549, 72
550, 60
551, 5
552, 38
553, 2
554, 38
555, 24
556, 31
557, 23
558, 28
559, 2
560, 1
561, 69
562, 65
563, 68
564, 5
565, 37
566, 2
567, 38
568, 33
569, 22
570, 33
571, 2
572, 1
573, 69
574, 60
575, 5
576, 55
577, 2
578, 38
579, 44
580, 28
581, 22
582, 33
583, 2
584, 1
585, 50
586, 5
587, 71
588, 2
589, 38
590, 44
591, 28
592, 22
593, 31
594, 22
595, 28
596, 2
597, 1
598, 71
599, 65
600, 59
601, 73
602, 76
603, 76
604, 71
605, 69
606, 69
607, 1
608, 67
609, 41
610, 1
611, 12
612, 34
613, 2
614, 38
615, 14
616, 38
617, 28
618, 47
619, 2
620, 1
621, 68
622, 73
623, 12
624, 46
625, 2
626, 38
627, 28
628, 47
629, 2
630, 1
631, 63
632, 56
633, 1
634, 62
635, 68
636, 1
637, 74
638, 51
639, 63
640, 60
641, 1
642, 68
643, 12
644, 30
645, 2
646, 16
647, 30
648, 21
649, 1
650, 16
651, 6
652, 23
653, 14
654, 6
655, 15
656, 6
657, 23
658, 19
659, 6
660, 7
661, 16
662, 1
663, 33
664, 1
665, 57
666, 2
667, 1
668, 71
669, 12
670, 39
671, 2
672, 16
673, 30
674, 16
675, 6
676, 23
677, 14
678, 6
679, 32
680, 57
681, 2
682, 1
683, 65
684, 65
685, 43
686, 12
687, 21
688, 2
689, 57
690, 55
691, 1
692, 17
693, 30
694, 1
695, 60
696, 56
697, 18
698, 4
699, 65
700, 45
701, 8
702, 45
703, 77
704, 46
705, 16
706, 9
707, 59
708, 4
709, 1
710, 42
711, 19
712, 1
713, 70
714, 24
715, 29
716, 12
717, 1
718, 77
719, 17
720, 33
721, 7
722, 6
723, 68
724, 64
725, 40
726, 55
727, 13
728, 1
729, 38
730, 5
731, 35
732, 15
733, 25
734, 5
735, 1
736, 68
737, 66
738, 62
739, 44
740, 43
741, 5
742, 61
743, 55
744, 1
745, 34
746, 72
747, 34
748, 74
749, 1
750, 25
751, 1
752, 67
753, 27
754, 38
755, 1
756, 62
757, 32
758, 1
759, 25
760, 5
761, 1
762, 67
763, 60
764, 65
765, 58
766, 16
767, 33
768, 6
769, 1
770, 57
771, 2
772, 1
773, 68
774, 68
775, 69
776, 68
777, 48
778, 19
779, 24
780, 2
781, 28
782, 71
783, 25
784, 6
785, 35
786, 38
787, 52
788, 41
789, 69
790, 6
791, 2
792, 35
793, 1
794, 64
795, 66
796, 70
797, 69
798, 36
799, 1
800, 69
801, 63
802, 1
803, 66
804, 27
805, 1
806, 69
807, 55
808, 1
809, 70
810, 66
811, 76
812, 1
813, 25
814, 67
815, 30
816, 63
817, 26
818, 40
819, 47
820, 41
821, 44
822, 34
823, 54
824, 37
825, 51
826, 32
827, 41
828, 45
829, 12
830, 7
831, 1
832, 78
833, 71
834, 73
835, 71
836, 35
837, 1
838, 70
839, 74
840, 51
841, 4
842, 12
843, 60
844, 55
845, 2
846, 29
847, 13
848, 14
849, 1
850, 43
851, 29
852, 6
853, 19
854, 23
855, 1
856, 65
857, 17
858, 41
859, 1
860, 47
861, 53
862, 1
863, 68
864, 58
865, 19
866, 15
867, 5
868, 32
869, 48
870, 34
871, 1
872, 69
873, 28
874, 28
875, 1
876, 69
877, 55
878, 35
879, 19
880, 14
881, 1
882, 41
883, 31
884, 5
885, 37
886, 6
887, 7
888, 6
889, 69
890, 64
891, 48
892, 44
893, 47
894, 45
895, 7
896, 42
897, 63
898, 6
899, 35
900, 2
901, 1
902, 33
903, 1
904, 12
905, 32
906, 2
907, 31
908, 1
909, 71
910, 38
911, 64
912, 3
913, 73
914, 70
915, 17
916, 76
917, 74
918, 1
919, 66
920, 68
921, 25
922, 37
923, 29
924, 38
925, 32
926, 12
927, 1
928, 70
929, 37
930, 41
931, 6
932, 40
933, 66
934, 42
935, 40
936, 67
937, 43
938, 6
939, 7
940, 6
941, 28
942, 58
943, 72
944, 40
945, 69
946, 6
947, 1
948, 60
949, 31
950, 2
951, 32
952, 1
953, 43
954, 37
955, 23
956, 2
957, 49
958, 1
959, 46
960, 19
961, 53
962, 20
963, 53
964, 25
965, 53
966, 41
967, 56
968, 24
969, 61
970, 22
971, 63
972, 26
973, 7
974, 14
975, 1
976, 2
977, 1
978, 68
979, 69
980, 1
981, 12
982, 42
983, 2
984, 30
985, 38
986, 44
987, 1
988, 21
989, 57
990, 1
991, 66
992, 27
993, 65
994, 1
995, 72
996, 70
997, 17
998, 62
999, 1
1000, 62
1001, 70
1002, 6
1003, 30
1004, 1
1005, 16
1006, 5
1007, 27
1008, 25
1009, 18
1010, 57
1011, 38
1012, 5
1013, 40
1014, 60
1015, 48
1016, 70
1017, 50
1018, 36
1019, 49
1020, 6
1021, 1
1022, 39
1023, 67
1024, 6
1025, 78
1026, 46
1027, 32
1028, 7
1029, 1
1030, 29
1031, 6
1032, 40
1033, 65
1034, 6
1035, 1
1036, 72
1037, 40
1038, 26
1039, 55
1040, 29
1041, 7
1042, 1
1043, 48
1044, 1
1045, 24
1046, 1
1047, 21
1048, 41
1049, 29
1050, 33
1051, 38
1052, 24
1053, 29
1054, 51
1055, 43
1056, 7
1057, 1
1058, 70
1059, 69
1060, 65
1061, 72
1062, 45
1063, 26
1064, 1
1065, 23
1066, 6
1067, 14
1068, 66
1069, 38
1070, 27
1071, 6
1072, 2
1073, 1
1074, 75
1075, 1
1076, 12
1077, 28
1078, 2
1079, 54
1080, 6
1081, 41
1082, 5
1083, 35
1084, 26
1085, 54
1086, 43
1087, 51
1088, 44
1089, 5
1090, 6
1091, 2
1092, 1
1093, 21
1094, 41
1095, 12
1096, 35
1097, 2
1098, 45
1099, 29
1100, 2
1101, 1
1102, 72
1103, 1
1104, 19
1105, 39
1106, 2
1107, 22
1108, 28
1109, 2
1110, 1
1111, 32
1112, 1
1113, 12
1114, 27
1115, 2
1116, 37
1117, 1
1118, 35
1119, 43
1120, 17
1121, 1
1122, 30
1123, 15
1124, 1
1125, 12
1126, 6
1127, 44
1128, 10
1129, 51
1130, 1
1131, 43
1132, 47
1133, 45
1134, 10
1135, 29
1136, 15
1137, 19
1138, 6
1139, 1
1140, 47
1141, 22
1142, 2
1143, 1
1144, 6
1145, 1
1146, 19
1147, 42
1148, 7
1149, 1
1150, 75
1151, 1
1152, 12
1153, 62
1154, 50
1155, 2
1156, 21
1157, 47
1158, 1
1159, 26
1160, 27
1161, 37
1162, 48
1163, 22
1164, 18
1165, 26
1166, 35
1167, 36
1168, 22
1169, 20
1170, 7
1171, 2
1172, 1
1173, 75
1174, 1
1175, 12
1176, 60
1177, 2
1178, 21
1179, 55
1180, 53
1181, 6
1182, 36
1183, 33
1184, 6
1185, 51
1186, 37
1187, 7
1188, 2
1189, 1
1190, 77
1191, 1
1192, 12
1193, 36
1194, 2
1195, 16
1196, 6
1197, 78
1198, 17
1199, 46
1200, 1
1201, 63
1202, 49
1203, 23
1204, 6
1205, 7
1206, 6
1207, 31
1208, 34
1209, 1
1210, 74
1211, 43
1212, 6
1213, 2
1214, 1
1215, 33
1216, 71
1217, 1
1218, 12
1219, 42
1220, 2
1221, 41
1222, 6
1223, 34
1224, 28
1225, 6
1226, 1
1227, 66
1228, 6
1229, 49
1230, 46
1231, 37
1232, 1
1233, 51
1234, 72
1235, 27
1236, 6
1237, 2
1238, 1
1239, 66
1240, 22
1241, 1
1242, 12
1243, 66
1244, 2
1245, 36
1246, 30
1247, 29
1248, 40
1249, 31
1250, 1
1251, 40
1252, 19
1253, 1
1254, 41
1255, 64
1256, 70
1257, 38
1258, 72
1259, 2
1260, 1
1261, 71
1262, 22
1263, 1
1264, 12
1265, 63
1266, 2
1267, 33
1268, 1
1269, 30
1270, 77
1271, 6
1272, 35
1273, 6
1274, 28
1275, 41
1276, 58
1277, 73
1278, 80
1279, 34
1280, 6
1281, 7
1282, 36
1283, 7
1284, 2
1285, 1
1286, 70
1287, 1
1288, 12
1289, 72
1290, 2
1291, 38
1292, 59
1293, 2
1294, 1
1295, 76
1296, 1
1297, 12
1298, 70
1299, 2
1300, 38
1301, 59
1302, 2
1303, 1
1304, 46
1305, 70
1306, 71
1307, 63
1308, 59
1309, 1
1310, 12
1311, 33
1312, 2
1313, 38
1314, 27
1315, 32
1316, 7
1317, 64
1318, 30
1319, 2
1320, 1
1321, 33
1322, 1
1323, 68
1324, 40
1325, 12
1326, 31
1327, 2
1328, 61
1329, 6
1330, 46
1331, 28
1332, 31
1333, 42
1334, 6
1335, 2
1336, 1
1337, 68
1338, 40
1339, 12
1340, 40
1341, 2
1342, 31
1343, 2
1344, 1
1345, 63
1346, 68
1347, 1
1348, 12
1349, 54
1350, 2
1351, 39
1352, 60
1353, 59
1354, 3
1355, 37
1356, 36
1357, 51
1358, 3
1359, 7
1360, 23
1361, 2
1362, 1
1363, 35
1364, 1
1365, 12
1366, 30
1367, 2
1368, 22
1369, 42
1370, 6
1371, 61
1372, 19
1373, 30
1374, 19
1375, 30
1376, 19
1377, 7
1378, 2
1379, 1
1380, 2
1381, 1
1382, 64
1383, 56
1384, 40
1385, 64
1386, 1
1387, 65
1388, 69
1389, 24
1390, 1
1391, 12
1392, 31
1393, 2
1394, 12
1395, 1
1396, 71
1397, 36
1398, 62
1399, 6
1400, 66
1401, 22
1402, 72
1403, 11
1404, 1
1405, 75
1406, 39
1407, 70
1408, 29
1409, 72
1410, 23
1411, 39
1412, 53
1413, 29
1414, 51
1415, 13
1416, 1
1417, 46
1418, 5
1419, 40
1420, 44
1421, 36
1422, 15
1423, 1
1424, 26
1425, 36
1426, 22
1427, 1
1428, 39
1429, 56
1430, 43
1431, 9
1432, 26
1433, 52
1434, 9
1435, 1
1436, 49
1437, 39
1438, 64
1439, 1
1440, 38
1441, 9
1442, 65
1443, 8
1444, 47
1445, 1
1446, 25
1447, 26
1448, 25
1449, 8
1450, 14
1451, 60
1452, 27
1453, 9
1454, 10
1455, 9
1456, 26
1457, 45
1458, 26
1459, 56
1460, 26
1461, 9
1462, 5
1463, 6
1464, 2
1465, 2
1466, 69
1467, 30
1468, 1
1469, 12
1470, 33
1471, 2
1472, 21
1473, 1
1474, 53
1475, 14
1476, 34
1477, 6
1478, 70
1479, 33
1480, 36
1481, 39
1482, 49
1483, 48
1484, 12
1485, 48
1486, 12
1487, 1
1488, 30
1489, 13
1490, 11
1491, 13
1492, 6
1493, 1
1494, 68
1495, 65
1496, 19
1497, 42
1498, 19
1499, 46
1500, 18
1501, 18
1502, 1
1503, 67
1504, 6
1505, 56
1506, 23
1507, 44
1508, 23
1509, 6
1510, 2
1511, 2
1512, 77
1513, 16
1514, 1
1515, 12
1516, 32
1517, 2
1518, 64
1519, 38
1520, 15
1521, 13
1522, 1
1523, 28
1524, 12
1525, 1
1526, 39
1527, 22
1528, 51
1529, 40
1530, 7
1531, 40
1532, 1
1533, 17
1534, 6
1535, 27
1536, 1
1537, 64
1538, 52
1539, 29
1540, 79
1541, 36
1542, 59
1543, 62
1544, 33
1545, 5
1546, 65
1547, 65
1548, 45
1549, 46
1550, 17
1551, 1
1552, 13
1553, 1
1554, 20
1555, 1
1556, 68
1557, 32
1558, 60
1559, 17
1560, 1
1561, 65
1562, 21
1563, 22
1564, 9
1565, 41
1566, 27
1567, 26
1568, 9
1569, 1
1570, 42
1571, 36
1572, 5
1573, 24
1574, 20
1575, 6
1576, 2
1577, 1
1578, 58
1579, 49
1580, 32
1581, 1
1582, 12
1583, 30
1584, 2
1585, 19
1586, 24
1587, 39
1588, 45
1589, 74
1590, 7
1591, 6
1592, 73
1593, 63
1594, 66
1595, 67
1596, 70
1597, 67
1598, 71
1599, 59
1600, 71
1601, 69
1602, 72
1603, 25
1604, 43
1605, 29
1606, 11
1607, 42
1608, 6
1609, 1
1610, 19
1611, 33
1612, 51
1613, 6
1614, 50
1615, 43
1616, 11
1617, 61
1618, 6
1619, 7
1620, 21
1621, 1
1622, 19
1623, 33
1624, 51
1625, 6
1626, 50
1627, 43
1628, 11
1629, 61
1630, 23
1631, 6
1632, 7
1633, 23
1634, 2
1635, 2
1636, 1
1637, 63
1638, 59
1639, 60
1640, 26
1641, 1
1642, 65
1643, 51
1644, 69
1645, 46
1646, 1
1647, 12
1648, 34
1649, 2
1650, 12
1651, 21
1652, 40
1653, 28
1654, 1
1655, 39
1656, 6
1657, 75
1658, 55
1659, 78
1660, 26
1661, 6
1662, 1
1663, 66
1664, 63
1665, 28
1666, 31
1667, 30
1668, 7
1669, 6
1670, 27
1671, 50
1672, 53
1673, 13
1674, 6
1675, 1
1676, 60
1677, 68
1678, 48
1679, 49
1680, 7
1681, 45
1682, 1
1683, 74
1684, 68
1685, 38
1686, 25
1687, 1
1688, 39
1689, 6
1690, 77
1691, 55
1692, 1
1693, 77
1694, 1
1695, 43
1696, 5
1697, 13
1698, 71
1699, 73
1700, 23
1701, 5
1702, 1
1703, 21
1704, 42
1705, 54
1706, 32
1707, 54
1708, 39
1709, 7
1710, 6
1711, 1
1712, 36
1713, 6
1714, 43
1715, 40
1716, 45
1717, 44
1718, 30
1719, 39
1720, 50
1721, 47
1722, 32
1723, 56
1724, 42
1725, 6
1726, 1
1727, 57
1728, 28
1729, 1
1730, 24
1731, 31
1732, 12
1733, 7
1734, 1
1735, 71
1736, 22
1737, 1
1738, 54
1739, 6
1740, 22
1741, 13
1742, 20
1743, 51
1744, 66
1745, 38
1746, 34
1747, 44
1748, 59
1749, 47
1750, 11
1751, 13
1752, 23
1753, 14
1754, 6
1755, 1
1756, 20
1757, 72
1758, 67
1759, 76
1760, 74
1761, 34
1762, 73
1763, 46
1764, 45
1765, 42
1766, 74
1767, 46
1768, 31
1769, 52
1770, 48
1771, 14
1772, 30
1773, 57
1774, 45
1775, 8
1776, 59
1777, 11
1778, 8
1779, 7
1780, 1
1781, 34
1782, 19
1783, 1
1784, 56
1785, 68
1786, 1
1787, 61
1788, 1
1789, 68
1790, 70
1791, 55
1792, 59
1793, 6
1794, 23
1795, 75
1796, 14
1797, 6
1798, 64
1799, 6
1800, 23
1801, 75
1802, 14
1803, 6
1804, 53
1805, 6
1806, 40
1807, 10
1808, 66
1809, 1
1810, 52
1811, 54
1812, 59
1813, 58
1814, 44
1815, 64
1816, 61
1817, 10
1818, 64
1819, 62
1820, 14
1821, 6
1822, 24
1823, 1
1824, 28
1825, 6
1826, 20
1827, 20
1828, 65
1829, 38
1830, 58
1831, 61
1832, 36
1833, 32
1834, 13
1835, 1
1836, 23
1837, 60
1838, 5
1839, 56
1840, 59
1841, 32
1842, 56
1843, 66
1844, 22
1845, 31
1846, 28
1847, 5
1848, 1
1849, 72
1850, 31
1851, 37
1852, 59
1853, 5
1854, 66
1855, 28
1856, 1
1857, 39
1858, 73
1859, 9
1860, 27
1861, 44
1862, 26
1863, 9
1864, 1
1865, 31
1866, 5
1867, 1
1868, 11
1869, 5
1870, 66
1871, 28
1872, 1
1873, 39
1874, 73
1875, 9
1876, 27
1877, 44
1878, 26
1879, 9
1880, 1
1881, 49
1882, 9
1883, 26
1884, 1
1885, 78
1886, 68
1887, 69
1888, 68
1889, 39
1890, 41
1891, 54
1892, 19
1893, 42
1894, 1
1895, 26
1896, 44
1897, 26
1898, 44
1899, 26
1900, 9
1901, 1
1902, 10
1903, 64
1904, 33
1905, 5
1906, 1
1907, 13
1908, 1
1909, 20
1910, 56
1911, 51
1912, 23
1913, 45
1914, 23
1915, 44
1916, 25
1917, 13
1918, 1
1919, 23
1920, 41
1921, 5
1922, 23
1923, 59
1924, 26
1925, 5
1926, 55
1927, 36
1928, 13
1929, 1
1930, 23
1931, 65
1932, 65
1933, 45
1934, 1
1935, 53
1936, 5
1937, 24
1938, 59
1939, 24
1940, 5
1941, 11
1942, 5
1943, 54
1944, 45
1945, 22
1946, 43
1947, 1
1948, 26
1949, 40
1950, 24
1951, 52
1952, 1
1953, 27
1954, 40
1955, 22
1956, 52
1957, 22
1958, 52
1959, 23
1960, 5
1961, 13
1962, 1
1963, 21
1964, 72
1965, 63
1966, 5
1967, 23
1968, 59
1969, 26
1970, 42
1971, 12
1972, 5
1973, 1
1974, 56
1975, 22
1976, 1
1977, 56
1978, 36
1979, 48
1980, 56
1981, 61
1982, 47
1983, 68
1984, 5
1985, 24
1986, 5
1987, 32
1988, 23
1989, 5
1990, 23
1991, 44
1992, 27
1993, 5
1994, 11
1995, 5
1996, 22
1997, 30
1998, 5
1999, 1
2000, 41
2001, 13
2002, 1
2003, 22
2004, 21
2005, 26
2006, 8
2007, 35
2008, 1
2009, 69
2010, 46
2011, 30
2012, 56
2013, 47
2014, 18
2015, 34
2016, 61
2017, 49
2018, 7
2019, 60
2020, 52
2021, 54
2022, 31
2023, 67
2024, 61
2025, 68
2026, 68
2027, 34
2028, 34
2029, 12
2030, 11
2031, 24
2032, 43
2033, 11
2034, 1
2035, 24
2036, 63
2037, 14
2038, 7
2039, 1
2040, 56
2041, 62
2042, 41
2043, 1
2044, 14
2045, 7
2046, 14
2047, 19
2048, 61
2049, 8
2050, 42
2051, 11
2052, 39
2053, 10
2054, 27
2055, 51
2056, 27
2057, 10
2058, 11
2059, 62
2060, 11
2061, 62
2062, 39
2063, 1
2064, 41
2065, 10
2066, 59
2067, 58
2068, 47
2069, 28
2070, 38
2071, 54
2072, 69
2073, 56
2074, 59
2075, 53
2076, 22
2077, 53
2078, 28
2079, 15
2080, 62
2081, 37
2082, 27
2083, 47
2084, 27
2085, 10
2086, 11
2087, 10
2088, 55
2089, 59
2090, 28
2091, 49
2092, 27
2093, 50
2094, 27
2095, 60
2096, 35
2097, 27
2098, 20
2099, 62
2100, 31
2101, 27
2102, 10
2103, 11
2104, 7
2105, 8
2106, 1
2107, 47
2108, 33
2109, 77
2110, 5
2111, 33
2112, 5
2113, 1
2114, 23
2115, 1
2116, 75
2117, 69
2118, 28
2119, 5
2120, 1
2121, 62
2122, 65
2123, 69
2124, 55
2125, 23
2126, 58
2127, 22
2128, 5
2129, 13
2130, 1
2131, 24
2132, 75
2133, 74
2134, 14
2135, 33
2136, 54
2137, 45
2138, 16
2139, 33
2140, 5
2141, 23
2142, 30
2143, 61
2144, 22
2145, 13
2146, 5
2147, 40
2148, 69
2149, 5
2150, 23
2151, 40
2152, 22
2153, 5
2154, 1
2155, 23
2156, 66
2157, 5
2158, 37
2159, 22
2160, 1
2161, 52
2162, 56
2163, 57
2164, 69
2165, 56
2166, 10
2167, 37
2168, 1
2169, 22
2170, 32
2171, 15
2172, 5
2173, 1
2174, 23
2175, 13
2176, 1
2177, 23
2178, 23
2179, 41
2180, 13
2181, 1
2182, 22
2183, 41
2184, 5
2185, 22
2186, 1
2187, 51
2188, 51
2189, 22
2190, 40
2191, 42
2192, 22
2193, 5
2194, 11
2195, 39
2196, 38
2197, 13
2198, 1
2199, 22
2200, 41
2201, 5
2202, 22
2203, 51
2204, 22
2205, 40
2206, 5
2207, 11
2208, 71
2209, 39
2210, 13
2211, 1
2212, 25
2213, 41
2214, 5
2215, 22
2216, 5
2217, 11
2218, 20
2219, 41
2220, 13
2221, 1
2222, 24
2223, 23
2224, 41
2225, 13
2226, 1
2227, 13
2228, 26
2229, 6
2230, 2
2231, 1
2232, 71
2233, 42
2234, 1
2235, 12
2236, 44
2237, 2
2238, 68
2239, 72
2240, 74
2241, 73
2242, 72
2243, 41
2244, 1
2245, 75
2246, 75
2247, 46
2248, 1
2249, 36
2250, 36
2251, 58
2252, 36
2253, 58
2254, 69
2255, 71
2256, 34
2257, 55
2258, 57
2259, 36
2260, 17
2261, 7
2262, 18
2263, 2
2264, 1
2265, 54
2266, 59
2267, 42
2268, 1
2269, 12
2270, 29
2271, 2
2272, 29
2273, 3
2274, 18
2275, 25
2276, 6
2277, 26
2278, 13
2279, 20
2280, 25
2281, 13
2282, 13
2283, 26
2284, 6
2285, 1
2286, 17
2287, 2
2288, 1
2289, 70
2290, 57
2291, 1
2292, 12
2293, 41
2294, 2
2295, 43
2296, 1
2297, 27
2298, 43
2299, 34
2300, 61
2301, 54
2302, 6
2303, 39
2304, 1
2305, 41
2306, 5
2307, 42
2308, 30
2309, 5
2310, 24
2311, 24
2312, 6
2313, 2
2314, 2
2315, 75
2316, 77
2317, 77
2318, 74
2319, 1
2320, 11
2321, 31
2322, 2
2323, 28
2324, 6
2325, 19
2326, 20
2327, 40
2328, 55
2329, 21
2330, 1
2331, 21
2332, 22
2333, 37
2334, 1
2335, 22
2336, 73
2337, 1
2338, 24
2339, 20
2340, 26
2341, 24
2342, 8
2343, 27
2344, 34
2345, 21
2346, 37
2347, 10
2348, 1
2349, 64
2350, 53
2351, 1
2352, 33
2353, 32
2354, 18
2355, 23
2356, 7
2357, 39
2358, 22
2359, 66
2360, 7
2361, 20
2362, 62
2363, 1
2364, 13
2365, 8
2366, 1
2367, 13
2368, 19
2369, 6
2370, 2
2371, 1
2372, 68
2373, 37
2374, 1
2375, 11
2376, 51
2377, 2
2378, 21
2379, 36
2380, 1
2381, 39
2382, 41
2383, 46
2384, 45
2385, 31
2386, 40
2387, 51
2388, 60
2389, 28
2390, 52
2391, 55
2392, 1
2393, 12
2394, 2
2395, 1
2396, 70
2397, 62
2398, 16
2399, 1
2400, 11
2401, 51
2402, 2
2403, 40
2404, 40
2405, 1
2406, 20
2407, 6
2408, 24
2409, 43
2410, 11
2411, 13
2412, 6
2413, 7
2414, 6
2415, 24
2416, 14
2417, 11
2418, 43
2419, 6
2420, 2
2421, 1
2422, 1
2423, 63
2424, 20
2425, 1
2426, 12
2427, 25
2428, 2
2429, 37
2430, 6
2431, 30
2432, 13
2433, 17
2434, 1
2435, 77
2436, 79
2437, 1
2438, 71
2439, 66
2440, 43
2441, 1
2442, 59
2443, 30
2444, 1
2445, 36
2446, 6
2447, 2
2448, 1
2449, 51
2450, 58
2451, 71
2452, 63
2453, 52
2454, 1
2455, 4
2456, 54
2457, 2
2458, 32
2459, 28
2460, 18
2461, 16
2462, 1
2463, 71
2464, 19
2465, 1
2466, 59
2467, 1
2468, 63
2469, 32
2470, 40
2471, 1
2472, 68
2473, 63
2474, 37
2475, 1
2476, 35
2477, 28
2478, 70
2479, 40
2480, 1
2481, 70
2482, 16
2483, 6
2484, 62
2485, 42
2486, 6
2487, 1
2488, 36
2489, 6
2490, 14
2491, 1
2492, 70
2493, 68
2494, 70
2495, 64
2496, 27
2497, 1
2498, 69
2499, 68
2500, 51
2501, 1
2502, 16
2503, 33
2504, 27
2505, 1
2506, 69
2507, 68
2508, 65
2509, 66
2510, 64
2511, 19
2512, 1
2513, 39
2514, 42
2515, 47
2516, 46
2517, 10
2518, 30
2519, 36
2520, 37
2521, 48
2522, 9
2523, 50
2524, 27
2525, 47
2526, 33
2527, 35
2528, 42
2529, 9
2530, 5
2531, 29
2532, 35
2533, 37
2534, 44
2535, 6
2536, 1
2537, 38
2538, 1
2539, 28
2540, 6
2541, 21
2542, 64
2543, 13
2544, 1
2545, 24
2546, 41
2547, 21
2548, 39
2549, 32
2550, 10
2551, 63
2552, 46
2553, 44
2554, 10
2555, 68
2556, 46
2557, 10
2558, 28
2559, 53
2560, 10
2561, 1
2562, 40
2563, 25
2564, 1
2565, 37
2566, 46
2567, 52
2568, 18
2569, 1
2570, 28
2571, 38
2572, 11
2573, 36
2574, 1
2575, 64
2576, 41
2577, 64
2578, 24
2579, 5
2580, 22
2581, 45
2582, 22
2583, 38
2584, 5
2585, 1
2586, 75
2587, 13
2588, 1
2589, 20
2590, 46
2591, 80
2592, 70
2593, 39
2594, 1
2595, 78
2596, 42
2597, 8
2598, 33
2599, 48
2600, 1
2601, 37
2602, 7
2603, 36
2604, 73
2605, 43
2606, 7
2607, 8
2608, 7
2609, 18
2610, 18
2611, 8
2612, 23
2613, 23
2614, 1
2615, 25
2616, 7
2617, 71
2618, 23
2619, 1
2620, 54
2621, 45
2622, 57
2623, 65
2624, 44
2625, 41
2626, 47
2627, 34
2628, 40
2629, 46
2630, 50
2631, 58
2632, 32
2633, 69
2634, 42
2635, 61
2636, 62
2637, 69
2638, 46
2639, 11
2640, 36
2641, 41
2642, 33
2643, 1
2644, 37
2645, 24
2646, 24
2647, 29
2648, 64
2649, 30
2650, 11
2651, 1
2652, 38
2653, 1
2654, 54
2655, 42
2656, 46
2657, 1
2658, 35
2659, 37
2660, 24
2661, 1
2662, 50
2663, 44
2664, 41
2665, 47
2666, 34
2667, 50
2668, 58
2669, 33
2670, 11
2671, 41
2672, 10
2673, 27
2674, 51
2675, 10
2676, 11
2677, 1
2678, 24
2679, 30
2680, 68
2681, 26
2682, 23
2683, 7
2684, 1
2685, 71
2686, 49
2687, 1
2688, 43
2689, 59
2690, 46
2691, 33
2692, 48
2693, 7
2694, 65
2695, 24
2696, 68
2697, 67
2698, 46
2699, 37
2700, 42
2701, 34
2702, 1
2703, 38
2704, 25
2705, 25
2706, 30
2707, 75
2708, 23
2709, 7
2710, 1
2711, 65
2712, 58
2713, 21
2714, 1
2715, 57
2716, 7
2717, 38
2718, 68
2719, 56
2720, 26
2721, 30
2722, 75
2723, 7
2724, 1
2725, 49
2726, 32
2727, 10
2728, 8
2729, 1
2730, 20
2731, 52
2732, 61
2733, 26
2734, 1
2735, 22
2736, 19
2737, 52
2738, 50
2739, 32
2740, 10
2741, 1
2742, 46
2743, 52
2744, 1
2745, 72
2746, 53
2747, 33
2748, 47
2749, 34
2750, 42
2751, 53
2752, 63
2753, 33
2754, 5
2755, 51
2756, 1
2757, 54
2758, 59
2759, 9
2760, 70
2761, 1
2762, 40
2763, 47
2764, 27
2765, 27
2766, 59
2767, 30
2768, 19
2769, 9
2770, 10
2771, 14
2772, 5
2773, 68
2774, 1
2775, 44
2776, 21
2777, 39
2778, 1
2779, 57
2780, 22
2781, 48
2782, 39
2783, 7
2784, 1
2785, 65
2786, 13
2787, 1
2788, 13
2789, 13
2790, 6
2791, 23
2792, 17
2793, 2
2794, 2
2795, 67
2796, 47
2797, 45
2798, 54
2799, 49
2800, 1
2801, 11
2802, 76
2803, 2
2804, 18
2805, 23
2806, 16
2807, 18
2808, 18
2809, 1
2810, 37
2811, 54
2812, 1
2813, 59
2814, 54
2815, 33
2816, 33
2817, 6
2818, 24
2819, 1
2820, 41
2821, 31
2822, 25
2823, 5
2824, 49
2825, 17
2826, 5
2827, 35
2828, 6
2829, 20
2830, 6
2831, 28
2832, 42
2833, 13
2834, 6
2835, 1
2836, 50
2837, 51
2838, 55
2839, 42
2840, 43
2841, 59
2842, 50
2843, 56
2844, 57
2845, 58
2846, 54
2847, 45
2848, 1
2849, 63
2850, 6
2851, 30
2852, 5
2853, 19
2854, 20
2855, 5
2856, 11
2857, 5
2858, 28
2859, 1
2860, 56
2861, 1
2862, 64
2863, 61
2864, 64
2865, 64
2866, 20
2867, 39
2868, 44
2869, 9
2870, 22
2871, 59
2872, 1
2873, 43
2874, 8
2875, 20
2876, 44
2877, 50
2878, 13
2879, 25
2880, 8
2881, 47
2882, 8
2883, 20
2884, 23
2885, 8
2886, 1
2887, 66
2888, 43
2889, 22
2890, 16
2891, 9
2892, 1
2893, 71
2894, 69
2895, 69
2896, 65
2897, 34
2898, 50
2899, 52
2900, 23
2901, 43
2902, 56
2903, 50
2904, 41
2905, 10
2906, 9
2907, 48
2908, 36
2909, 43
2910, 7
2911, 25
2912, 9
2913, 5
2914, 6
2915, 23
2916, 6
2917, 20
2918, 21
2919, 44
2920, 6
2921, 24
2922, 33
2923, 37
2924, 64
2925, 59
2926, 52
2927, 57
2928, 7
2929, 13
2930, 59
2931, 36
2932, 70
2933, 70
2934, 61
2935, 47
2936, 6
2937, 34
2938, 5
2939, 19
2940, 20
2941, 58
2942, 17
2943, 60
2944, 5
2945, 11
2946, 5
2947, 20
2948, 67
2949, 49
2950, 63
2951, 5
2952, 1
2953, 71
2954, 62
2955, 44
2956, 69
2957, 39
2958, 43
2959, 6
2960, 24
2961, 33
2962, 6
2963, 21
2964, 54
2965, 6
2966, 24
2967, 43
2968, 59
2969, 6
2970, 21
2971, 61
2972, 45
2973, 54
2974, 6
2975, 24
2976, 45
2977, 6
2978, 68
2979, 63
2980, 57
2981, 66
2982, 66
2983, 62
2984, 64
2985, 65
2986, 65
2987, 62
2988, 43
2989, 22
2990, 20
2991, 39
2992, 6
2993, 38
2994, 6
2995, 20
2996, 1
2997, 67
2998, 58
2999, 49
3000, 44
3001, 13
3002, 1
3003, 34
3004, 1
3005, 52
3006, 61
3007, 28
3008, 68
3009, 11
3010, 68
3011, 1
3012, 28
3013, 68
3014, 11
3015, 68
3016, 16
3017, 6
3018, 7
3019, 69
3020, 58
3021, 44
3022, 14
3023, 1
3024, 64
3025, 38
3026, 14
3027, 1
3028, 30
3029, 47
3030, 7
3031, 1
3032, 45
3033, 45
3034, 25
3035, 61
3036, 1
3037, 28
3038, 45
3039, 7
3040, 12
3041, 2
3042, 2
3043, 67
3044, 75
3045, 1
3046, 12
3047, 63
3048, 2
3049, 13
3050, 1
3051, 27
3052, 39
3053, 60
3054, 71
3055, 78
3056, 78
3057, 50
3058, 39
3059, 7
3060, 73
3061, 45
3062, 29
3063, 1
3064, 12
3065, 22
3066, 7
3067, 26
3068, 1
3069, 14
3070, 24
3071, 19
3072, 14
3073, 24
3074, 2
3075, 1
3076, 69
3077, 26
3078, 1
3079, 4
3080, 24
3081, 2
3082, 18
3083, 15
3084, 6
3085, 41
3086, 32
3087, 6
3088, 17
3089, 2
3090, 2
3091, 74
3092, 71
3093, 71
3094, 32
3095, 1
3096, 63
3097, 67
3098, 69
3099, 1
3100, 61
3101, 71
3102, 1
3103, 5
3104, 26
3105, 2
3106, 19
3107, 38
3108, 1
3109, 44
3110, 26
3111, 43
3112, 29
3113, 33
3114, 8
3115, 18
3116, 16
3117, 24
3118, 15
3119, 1
3120, 74
3121, 57
3122, 29
3123, 64
3124, 73
3125, 22
3126, 45
3127, 7
3128, 60
3129, 51
3130, 7
3131, 7
3132, 1
3133, 38
3134, 7
3135, 56
3136, 1
3137, 62
3138, 48
3139, 63
3140, 32
3141, 36
3142, 50
3143, 44
3144, 12
3145, 21
3146, 1
3147, 22
3148, 53
3149, 21
3150, 1
3151, 64
3152, 65
3153, 64
3154, 62
3155, 64
3156, 64
3157, 59
3158, 65
3159, 65
3160, 62
3161, 66
3162, 34
3163, 41
3164, 7
3165, 38
3166, 7
3167, 21
3168, 1
3169, 74
3170, 38
3171, 42
3172, 1
3173, 65
3174, 73
3175, 37
3176, 1
3177, 66
3178, 66
3179, 66
3180, 66
3181, 63
3182, 26
3183, 61
3184, 38
3185, 12
3186, 47
3187, 1
3188, 56
3189, 7
3190, 37
3191, 45
3192, 74
3193, 69
3194, 52
3195, 67
3196, 7
3197, 9
3198, 7
3199, 51
3200, 57
3201, 53
3202, 47
3203, 66
3204, 1
3205, 38
3206, 2
3207, 59
3208, 47
3209, 47
3210, 37
3211, 1
3212, 71
3213, 74
3214, 33
3215, 60
3216, 1
3217, 71
3218, 54
3219, 12
3220, 53
3221, 7
3222, 37
3223, 46
3224, 7
3225, 70
3226, 52
3227, 61
3228, 49
3229, 1
3230, 22
3231, 21
3232, 37
3233, 1
3234, 58
3235, 75
3236, 12
3237, 21
3238, 1
3239, 45
3240, 56
3241, 7
3242, 37
3243, 51
3244, 55
3245, 69
3246, 54
3247, 53
3248, 7
3249, 67
3250, 1
3251, 22
3252, 21
3253, 37
3254, 1
3255, 68
3256, 61
3257, 30
3258, 52
3259, 48
3260, 65
3261, 12
3262, 21
3263, 1
3264, 70
3265, 64
3266, 28
3267, 70
3268, 73
3269, 64
3270, 60
3271, 7
3272, 8
3273, 62
3274, 15
3275, 1
3276, 34
3277, 8
3278, 26
3279, 7
3280, 38
3281, 24
3282, 7
3283, 8
3284, 28
3285, 23
3286, 30
3287, 60
3288, 8
3289, 23
3290, 2
3291, 1
3292, 75
3293, 74
3294, 14
3295, 1
3296, 61
3297, 71
3298, 67
3299, 61
3300, 1
3301, 44
3302, 1
3303, 5
3304, 30
3305, 2
3306, 19
3307, 1
3308, 44
3309, 60
3310, 8
3311, 62
3312, 37
3313, 32
3314, 60
3315, 55
3316, 36
3317, 51
3318, 55
3319, 36
3320, 75
3321, 37
3322, 71
3323, 55
3324, 36
3325, 8
3326, 23
3327, 2
3328, 2
3329, 66
3330, 53
3331, 1
3332, 12
3333, 24
3334, 2
3335, 15
3336, 6
3337, 23
3338, 42
3339, 32
3340, 6
3341, 2
3342, 2
3343, 72
3344, 71
3345, 20
3346, 12
3347, 37
3348, 50
3349, 2
3350, 32
3351, 36
3352, 55
3353, 7
3354, 37
3355, 2
3356, 1
3357, 72
3358, 71
3359, 20
3360, 12
3361, 37
3362, 50
3363, 2
3364, 32
3365, 36
3366, 55
3367, 7
3368, 37
3369, 2
3370, 1
3371, 56
3372, 35
3373, 51
3374, 1
3375, 28
3376, 55
3377, 60
3378, 80
3379, 51
3380, 50
3381, 1
3382, 70
3383, 35
3384, 1
3385, 59
3386, 39
3387, 1
3388, 12
3389, 48
3390, 2
3391, 24
3392, 54
3393, 68
3394, 1
3395, 16
3396, 6
3397, 71
3398, 57
3399, 5
3400, 21
3401, 42
3402, 1
3403, 68
3404, 69
3405, 21
3406, 62
3407, 54
3408, 15
3409, 32
3410, 1
3411, 67
3412, 64
3413, 44
3414, 66
3415, 21
3416, 9
3417, 23
3418, 34
3419, 1
3420, 25
3421, 57
3422, 69
3423, 33
3424, 14
3425, 8
3426, 60
3427, 27
3428, 8
3429, 1
3430, 42
3431, 8
3432, 53
3433, 40
3434, 21
3435, 12
3436, 43
3437, 42
3438, 31
3439, 56
3440, 38
3441, 38
3442, 12
3443, 8
3444, 54
3445, 9
3446, 1
3447, 34
3448, 67
3449, 1
3450, 58
3451, 21
3452, 9
3453, 24
3454, 25
3455, 53
3456, 53
3457, 37
3458, 66
3459, 14
3460, 58
3461, 1
3462, 46
3463, 9
3464, 5
3465, 35
3466, 6
3467, 2
3468, 1
3469, 73
3470, 45
3471, 45
3472, 1
3473, 33
3474, 12
3475, 34
3476, 2
3477, 24
3478, 1
3479, 29
3480, 12
3481, 1
3482, 39
3483, 24
3484, 43
3485, 6
3486, 61
3487, 42
3488, 31
3489, 57
3490, 6
3491, 7
3492, 29
3493, 39
3494, 1
3495, 40
3496, 43
3497, 43
3498, 2
3499, 32
3500, 1
3501, 56
3502, 1
3503, 23
