1, 22
2, 0
3, 41
4, 0
5, 50
6, 0
7, 67
8, 0
9, 68
10, 68
11, 67
12, 18
13, 0
14, 63
15, 62
16, 61
17, 44
18, 0
19, 71
20, 71
21, 61
22, 0
23, 2
24, 0
25, 19
26, 18
27, 19
28, 21
29, 16
30, 19
31, 23
32, 22
33, 19
34, 22
35, 19
36, 0
37, 18
38, 0
39, 42
40, 1
41, 12
42, 12
43, 8
44, 2
45, 0
46, 59
47, 1
48, 22
49, 24
50, 20
51, 8
52, 2
53, 0
54, 58
55, 1
56, 23
57, 19
58, 8
59, 2
60, 0
61, 59
62, 1
63, 22
64, 18
65, 8
66, 2
67, 0
68, 54
69, 1
70, 43
71, 44
72, 47
73, 45
74, 45
75, 45
76, 43
77, 42
78, 11
79, 2
80, 0
81, 56
82, 1
83, 43
84, 44
85, 47
86, 39
87, 44
88, 11
89, 2
90, 0
91, 55
92, 1
93, 43
94, 44
95, 47
96, 45
97, 45
98, 43
99, 45
100, 42
101, 45
102, 42
103, 48
104, 47
105, 47
106, 47
107, 47
108, 47
109, 11
110, 2
111, 0
112, 52
113, 1
114, 43
115, 43
116, 42
117, 44
118, 47
119, 45
120, 45
121, 47
122, 46
123, 44
124, 43
125, 40
126, 11
127, 2
128, 0
129, 32
130, 0
131, 48
132, 28
133, 17
134, 2
135, 0
136, 24
137, 0
138, 50
139, 37
140, 14
141, 2
142, 0
143, 63
144, 1
145, 35
146, 35
147, 35
148, 35
149, 35
150, 35
151, 35
152, 35
153, 35
154, 35
155, 37
156, 37
157, 37
158, 37
159, 37
160, 36
161, 2
162, 0
163, 40
164, 1
165, 39
166, 3
167, 14
168, 2
169, 0
170, 64
171, 1
172, 36
173, 36
174, 36
175, 36
176, 34
177, 34
178, 34
179, 33
180, 2
181, 0
182, 41
183, 1
184, 40
185, 2
186, 14
187, 2
188, 0
189, 64
190, 1
191, 38
192, 40
193, 40
194, 40
195, 40
196, 40
197, 40
198, 40
199, 40
200, 40
201, 40
202, 41
203, 41
204, 41
205, 41
206, 41
207, 40
208, 2
209, 0
210, 41
211, 1
212, 40
213, 3
214, 14
215, 2
216, 0
217, 64
218, 1
219, 36
220, 36
221, 36
222, 36
223, 36
224, 36
225, 36
226, 36
227, 36
228, 36
229, 37
230, 37
231, 37
232, 37
233, 37
234, 36
235, 2
236, 0
237, 41
238, 1
239, 40
240, 3
241, 14
242, 2
243, 0
244, 74
245, 1
246, 38
247, 39
248, 37
249, 38
250, 38
251, 38
252, 37
253, 38
254, 37
255, 38
256, 39
257, 39
258, 37
259, 38
260, 40
261, 40
262, 40
263, 40
264, 40
265, 39
266, 2
267, 0
268, 51
269, 1
270, 50
271, 3
272, 14
273, 2
274, 0
275, 77
276, 1
277, 38
278, 39
279, 37
280, 38
281, 38
282, 38
283, 37
284, 39
285, 38
286, 39
287, 40
288, 40
289, 38
290, 39
291, 40
292, 40
293, 40
294, 40
295, 40
296, 40
297, 41
298, 41
299, 40
300, 39
301, 2
302, 0
303, 54
304, 1
305, 53
306, 3
307, 14
308, 2
309, 0
310, 65
311, 1
312, 37
313, 37
314, 37
315, 37
316, 38
317, 35
318, 36
319, 36
320, 38
321, 35
322, 36
323, 41
324, 39
325, 39
326, 41
327, 41
328, 40
329, 39
330, 40
331, 38
332, 38
333, 38
334, 38
335, 38
336, 38
337, 38
338, 38
339, 38
340, 38
341, 38
342, 38
343, 38
344, 38
345, 38
346, 38
347, 37
348, 2
349, 0
350, 42
351, 1
352, 41
353, 3
354, 14
355, 2
356, 0
357, 63
358, 1
359, 37
360, 37
361, 37
362, 37
363, 38
364, 35
365, 36
366, 36
367, 38
368, 35
369, 36
370, 41
371, 39
372, 39
373, 41
374, 41
375, 40
376, 39
377, 40
378, 38
379, 37
380, 37
381, 37
382, 37
383, 37
384, 37
385, 37
386, 37
387, 37
388, 37
389, 38
390, 38
391, 38
392, 38
393, 38
394, 37
395, 2
396, 0
397, 40
398, 1
399, 39
400, 3
401, 14
402, 2
403, 0
404, 68
405, 1
406, 37
407, 37
408, 37
409, 37
410, 38
411, 35
412, 36
413, 36
414, 38
415, 35
416, 36
417, 41
418, 39
419, 39
420, 41
421, 41
422, 40
423, 39
424, 40
425, 38
426, 37
427, 37
428, 37
429, 37
430, 37
431, 37
432, 37
433, 37
434, 37
435, 37
436, 38
437, 38
438, 38
439, 38
440, 38
441, 37
442, 2
443, 0
444, 45
445, 1
446, 44
447, 3
448, 14
449, 2
450, 0
451, 68
452, 1
453, 35
454, 36
455, 36
456, 36
457, 36
458, 36
459, 37
460, 37
461, 37
462, 37
463, 38
464, 38
465, 38
466, 38
467, 38
468, 37
469, 2
470, 0
471, 45
472, 1
473, 44
474, 3
475, 14
476, 2
477, 0
478, 64
479, 1
480, 36
481, 36
482, 36
483, 36
484, 36
485, 36
486, 36
487, 36
488, 36
489, 37
490, 37
491, 37
492, 37
493, 37
494, 37
495, 34
496, 34
497, 34
498, 34
499, 34
500, 34
501, 34
502, 34
503, 34
504, 36
505, 36
506, 36
507, 36
508, 36
509, 35
510, 2
511, 0
512, 41
513, 1
514, 40
515, 3
516, 14
517, 2
518, 0
519, 65
520, 1
521, 36
522, 36
523, 36
524, 36
525, 36
526, 36
527, 36
528, 34
529, 34
530, 34
531, 34
532, 34
533, 34
534, 33
535, 2
536, 0
537, 42
538, 1
539, 41
540, 3
541, 14
542, 2
543, 0
544, 69
545, 1
546, 37
547, 37
548, 37
549, 37
550, 38
551, 35
552, 36
553, 36
554, 38
555, 35
556, 36
557, 41
558, 39
559, 39
560, 41
561, 41
562, 40
563, 39
564, 40
565, 38
566, 38
567, 38
568, 38
569, 38
570, 38
571, 38
572, 38
573, 38
574, 38
575, 38
576, 38
577, 38
578, 38
579, 38
580, 38
581, 37
582, 2
583, 0
584, 46
585, 1
586, 45
587, 3
588, 14
589, 2
590, 0
591, 67
592, 1
593, 41
594, 41
595, 41
596, 41
597, 40
598, 39
599, 40
600, 40
601, 40
602, 39
603, 40
604, 43
605, 42
606, 42
607, 44
608, 44
609, 42
610, 41
611, 42
612, 39
613, 2
614, 0
615, 44
616, 1
617, 43
618, 3
619, 14
620, 2
621, 0
622, 0
623, 26
624, 0
625, 75
626, 31
627, 5
628, 33
629, 6
630, 0
631, 43
632, 1
633, 84
634, 80
635, 80
636, 80
637, 82
638, 82
639, 136
640, 139
641, 139
642, 139
643, 147
644, 152
645, 142
646, 136
647, 126
648, 151
649, 137
650, 140
651, 154
652, 123
653, 80
654, 80
655, 84
656, 64
657, 2
658, 0
659, 8
660, 0
661, 0
662, 35
663, 0
664, 75
665, 33
666, 5
667, 35
668, 6
669, 0
670, 41
671, 1
672, 76
673, 80
674, 77
675, 77
676, 87
677, 90
678, 81
679, 81
680, 88
681, 75
682, 76
683, 76
684, 76
685, 76
686, 82
687, 82
688, 82
689, 105
690, 82
691, 85
692, 85
693, 85
694, 103
695, 107
696, 80
697, 86
698, 86
699, 84
700, 82
701, 80
702, 86
703, 82
704, 87
705, 86
706, 82
707, 110
708, 86
709, 86
710, 86
711, 86
712, 86
713, 90
714, 89
715, 85
716, 88
717, 88
718, 86
719, 89
720, 79
721, 84
722, 84
723, 86
724, 79
725, 58
726, 2
727, 0
728, 8
729, 0
730, 0
731, 0
732, 31
733, 0
734, 0
735, 0
736, 30
737, 0
738, 0
739, 25
740, 0
741, 75
742, 36
743, 5
744, 38
745, 6
746, 75
747, 38
748, 5
749, 40
750, 6
751, 0
752, 47
753, 1
754, 25
755, 40
756, 59
757, 52
758, 25
759, 41
760, 58
761, 40
762, 30
763, 41
764, 58
765, 40
766, 31
767, 43
768, 58
769, 40
770, 26
771, 44
772, 58
773, 40
774, 31
775, 44
776, 58
777, 40
778, 32
779, 42
780, 58
781, 40
782, 29
783, 45
784, 58
785, 40
786, 29
787, 45
788, 58
789, 40
790, 30
791, 52
792, 60
793, 40
794, 22
795, 50
796, 60
797, 40
798, 34
799, 48
800, 61
801, 55
802, 34
803, 48
804, 61
805, 55
806, 34
807, 49
808, 61
809, 55
810, 30
811, 49
812, 61
813, 78
814, 37
815, 49
816, 61
817, 55
818, 39
819, 52
820, 62
821, 55
822, 39
823, 52
824, 62
825, 54
826, 38
827, 45
828, 60
829, 40
830, 41
831, 56
832, 63
833, 40
834, 42
835, 59
836, 63
837, 40
838, 41
839, 51
840, 63
841, 40
842, 40
843, 49
844, 62
845, 40
846, 39
847, 49
848, 61
849, 40
850, 40
851, 49
852, 61
853, 40
854, 31
855, 45
856, 60
857, 40
858, 37
859, 51
860, 63
861, 40
862, 34
863, 50
864, 64
865, 61
866, 39
867, 45
868, 60
869, 63
870, 44
871, 49
872, 62
873, 63
874, 28
875, 52
876, 25
877, 52
878, 24
879, 47
880, 63
881, 40
882, 25
883, 47
884, 63
885, 40
886, 25
887, 47
888, 63
889, 40
890, 26
891, 49
892, 64
893, 40
894, 26
895, 49
896, 64
897, 40
898, 25
899, 47
900, 63
901, 40
902, 23
903, 41
904, 61
905, 40
906, 28
907, 50
908, 65
909, 40
910, 27
911, 48
912, 63
913, 40
914, 26
915, 44
916, 64
917, 40
918, 36
919, 47
920, 65
921, 40
922, 38
923, 52
924, 64
925, 40
926, 27
927, 52
928, 62
929, 40
930, 27
931, 54
932, 62
933, 40
934, 21
935, 46
936, 25
937, 52
938, 20
939, 46
940, 60
941, 54
942, 22
943, 51
944, 62
945, 54
946, 22
947, 51
948, 62
949, 54
950, 23
951, 49
952, 61
953, 55
954, 25
955, 53
956, 63
957, 55
958, 33
959, 54
960, 63
961, 55
962, 23
963, 49
964, 61
965, 55
966, 25
967, 53
968, 63
969, 55
970, 40
971, 58
972, 25
973, 52
974, 39
975, 52
976, 62
977, 54
978, 27
979, 49
980, 60
981, 54
982, 35
983, 52
984, 64
985, 75
986, 35
987, 52
988, 64
989, 75
990, 20
991, 46
992, 25
993, 40
994, 19
995, 44
996, 25
997, 40
998, 22
999, 44
1000, 25
1001, 40
1002, 22
1003, 44
1004, 25
1005, 40
1006, 22
1007, 44
1008, 25
1009, 40
1010, 23
1011, 46
1012, 25
1013, 40
1014, 14
1015, 16
1016, 25
1017, 38
1018, 2
1019, 0
1020, 8
1021, 0
1022, 0
1023, 29
1024, 0
1025, 58
1026, 75
1027, 33
1028, 5
1029, 35
1030, 6
1031, 0
1032, 58
1033, 1
1034, 28
1035, 38
1036, 50
1037, 75
1038, 27
1039, 1
1040, 41
1041, 56
1042, 2
1043, 27
1044, 1
1045, 41
1046, 56
1047, 2
1048, 29
1049, 1
1050, 44
1051, 56
1052, 2
1053, 29
1054, 1
1055, 44
1056, 56
1057, 2
1058, 27
1059, 1
1060, 41
1061, 56
1062, 2
1063, 27
1064, 1
1065, 41
1066, 56
1067, 2
1068, 29
1069, 1
1070, 44
1071, 56
1072, 2
1073, 29
1074, 1
1075, 44
1076, 56
1077, 2
1078, 28
1079, 1
1080, 44
1081, 56
1082, 2
1083, 28
1084, 1
1085, 44
1086, 56
1087, 2
1088, 30
1089, 1
1090, 47
1091, 56
1092, 2
1093, 30
1094, 1
1095, 47
1096, 56
1097, 2
1098, 28
1099, 1
1100, 44
1101, 56
1102, 2
1103, 28
1104, 1
1105, 44
1106, 56
1107, 2
1108, 30
1109, 1
1110, 47
1111, 56
1112, 2
1113, 30
1114, 1
1115, 47
1116, 56
1117, 2
1118, 27
1119, 1
1120, 43
1121, 56
1122, 2
1123, 27
1124, 1
1125, 43
1126, 56
1127, 2
1128, 29
1129, 1
1130, 46
1131, 56
1132, 2
1133, 29
1134, 1
1135, 46
1136, 56
1137, 2
1138, 28
1139, 1
1140, 46
1141, 56
1142, 2
1143, 28
1144, 1
1145, 46
1146, 56
1147, 2
1148, 30
1149, 1
1150, 49
1151, 56
1152, 2
1153, 30
1154, 1
1155, 49
1156, 56
1157, 2
1158, 32
1159, 1
1160, 43
1161, 56
1162, 2
1163, 32
1164, 1
1165, 43
1166, 56
1167, 2
1168, 32
1169, 1
1170, 45
1171, 56
1172, 2
1173, 32
1174, 1
1175, 45
1176, 56
1177, 2
1178, 29
1179, 1
1180, 45
1181, 56
1182, 2
1183, 29
1184, 1
1185, 45
1186, 56
1187, 2
1188, 31
1189, 1
1190, 48
1191, 56
1192, 2
1193, 31
1194, 1
1195, 48
1196, 56
1197, 2
1198, 29
1199, 1
1200, 45
1201, 56
1202, 2
1203, 29
1204, 1
1205, 45
1206, 56
1207, 2
1208, 31
1209, 1
1210, 48
1211, 56
1212, 2
1213, 31
1214, 1
1215, 48
1216, 56
1217, 2
1218, 33
1219, 1
1220, 46
1221, 56
1222, 2
1223, 33
1224, 1
1225, 46
1226, 56
1227, 2
1228, 33
1229, 1
1230, 46
1231, 56
1232, 2
1233, 33
1234, 1
1235, 46
1236, 56
1237, 2
1238, 33
1239, 1
1240, 46
1241, 56
1242, 2
1243, 33
1244, 1
1245, 46
1246, 56
1247, 2
1248, 33
1249, 1
1250, 48
1251, 56
1252, 2
1253, 33
1254, 1
1255, 48
1256, 56
1257, 2
1258, 30
1259, 1
1260, 48
1261, 56
1262, 2
1263, 30
1264, 1
1265, 48
1266, 56
1267, 2
1268, 32
1269, 1
1270, 51
1271, 56
1272, 2
1273, 32
1274, 1
1275, 51
1276, 56
1277, 2
1278, 30
1279, 1
1280, 48
1281, 56
1282, 2
1283, 30
1284, 1
1285, 48
1286, 56
1287, 2
1288, 32
1289, 1
1290, 51
1291, 56
1292, 2
1293, 32
1294, 1
1295, 51
1296, 56
1297, 2
1298, 34
1299, 1
1300, 49
1301, 56
1302, 2
1303, 34
1304, 1
1305, 49
1306, 56
1307, 2
1308, 34
1309, 1
1310, 49
1311, 56
1312, 2
1313, 34
1314, 1
1315, 49
1316, 56
1317, 2
1318, 25
1319, 1
1320, 37
1321, 56
1322, 2
1323, 25
1324, 1
1325, 37
1326, 56
1327, 2
1328, 27
1329, 1
1330, 40
1331, 56
1332, 2
1333, 27
1334, 1
1335, 40
1336, 56
1337, 2
1338, 28
1339, 1
1340, 39
1341, 56
1342, 2
1343, 28
1344, 1
1345, 39
1346, 56
1347, 2
1348, 29
1349, 1
1350, 42
1351, 56
1352, 2
1353, 29
1354, 1
1355, 42
1356, 56
1357, 2
1358, 26
1359, 1
1360, 40
1361, 56
1362, 2
1363, 26
1364, 1
1365, 40
1366, 56
1367, 2
1368, 28
1369, 1
1370, 43
1371, 56
1372, 2
1373, 28
1374, 1
1375, 43
1376, 56
1377, 2
1378, 29
1379, 1
1380, 42
1381, 56
1382, 2
1383, 29
1384, 1
1385, 42
1386, 56
1387, 2
1388, 30
1389, 1
1390, 45
1391, 56
1392, 2
1393, 30
1394, 1
1395, 45
1396, 56
1397, 2
1398, 17
1399, 1
1400, 35
1401, 56
1402, 2
1403, 17
1404, 1
1405, 35
1406, 56
1407, 2
1408, 20
1409, 1
1410, 38
1411, 56
1412, 2
1413, 20
1414, 1
1415, 38
1416, 56
1417, 2
1418, 20
1419, 1
1420, 35
1421, 56
1422, 2
1423, 20
1424, 1
1425, 35
1426, 56
1427, 2
1428, 22
1429, 1
1430, 38
1431, 56
1432, 2
1433, 22
1434, 1
1435, 38
1436, 56
1437, 2
1438, 21
1439, 1
1440, 37
1441, 56
1442, 2
1443, 21
1444, 1
1445, 37
1446, 56
1447, 2
1448, 23
1449, 1
1450, 40
1451, 56
1452, 2
1453, 23
1454, 1
1455, 40
1456, 56
1457, 2
1458, 18
1459, 1
1460, 38
1461, 56
1462, 2
1463, 18
1464, 1
1465, 38
1466, 56
1467, 2
1468, 21
1469, 1
1470, 41
1471, 56
1472, 2
1473, 21
1474, 1
1475, 41
1476, 56
1477, 2
1478, 21
1479, 1
1480, 40
1481, 56
1482, 2
1483, 21
1484, 1
1485, 40
1486, 56
1487, 2
1488, 23
1489, 1
1490, 43
1491, 56
1492, 2
1493, 23
1494, 1
1495, 43
1496, 56
1497, 2
1498, 22
1499, 1
1500, 42
1501, 56
1502, 2
1503, 22
1504, 1
1505, 42
1506, 56
1507, 2
1508, 24
1509, 1
1510, 45
1511, 56
1512, 2
1513, 24
1514, 1
1515, 45
1516, 56
1517, 2
1518, 26
1519, 1
1520, 39
1521, 56
1522, 2
1523, 26
1524, 1
1525, 39
1526, 56
1527, 2
1528, 23
1529, 1
1530, 37
1531, 56
1532, 2
1533, 23
1534, 1
1535, 39
1536, 56
1537, 2
1538, 26
1539, 1
1540, 39
1541, 56
1542, 2
1543, 26
1544, 1
1545, 39
1546, 56
1547, 2
1548, 23
1549, 1
1550, 39
1551, 56
1552, 2
1553, 23
1554, 1
1555, 37
1556, 56
1557, 2
1558, 28
1559, 1
1560, 42
1561, 56
1562, 2
1563, 28
1564, 1
1565, 42
1566, 56
1567, 2
1568, 25
1569, 1
1570, 40
1571, 56
1572, 2
1573, 25
1574, 1
1575, 42
1576, 56
1577, 2
1578, 28
1579, 1
1580, 42
1581, 56
1582, 2
1583, 28
1584, 1
1585, 42
1586, 56
1587, 2
1588, 25
1589, 1
1590, 42
1591, 56
1592, 2
1593, 25
1594, 1
1595, 40
1596, 56
1597, 2
1598, 27
1599, 1
1600, 42
1601, 56
1602, 2
1603, 27
1604, 1
1605, 42
1606, 56
1607, 2
1608, 24
1609, 1
1610, 40
1611, 56
1612, 2
1613, 24
1614, 1
1615, 42
1616, 56
1617, 2
1618, 27
1619, 1
1620, 42
1621, 56
1622, 2
1623, 27
1624, 1
1625, 42
1626, 56
1627, 2
1628, 24
1629, 1
1630, 42
1631, 56
1632, 2
1633, 24
1634, 1
1635, 40
1636, 56
1637, 2
1638, 29
1639, 1
1640, 45
1641, 56
1642, 2
1643, 29
1644, 1
1645, 45
1646, 56
1647, 2
1648, 26
1649, 1
1650, 43
1651, 56
1652, 2
1653, 26
1654, 1
1655, 45
1656, 56
1657, 2
1658, 29
1659, 1
1660, 45
1661, 56
1662, 2
1663, 29
1664, 1
1665, 45
1666, 56
1667, 2
1668, 26
1669, 1
1670, 45
1671, 56
1672, 2
1673, 26
1674, 1
1675, 43
1676, 56
1677, 2
1678, 21
1679, 1
1680, 35
1681, 56
1682, 2
1683, 22
1684, 1
1685, 36
1686, 56
1687, 2
1688, 16
1689, 1
1690, 33
1691, 56
1692, 2
1693, 17
1694, 1
1695, 36
1696, 56
1697, 2
1698, 18
1699, 1
1700, 39
1701, 56
1702, 2
1703, 17
1704, 1
1705, 36
1706, 56
1707, 2
1708, 13
1709, 1
1710, 33
1711, 56
1712, 2
1713, 15
1714, 1
1715, 36
1716, 56
1717, 2
1718, 13
1719, 1
1720, 33
1721, 56
1722, 2
1723, 15
1724, 1
1725, 36
1726, 56
1727, 2
1728, 17
1729, 1
1730, 35
1731, 56
1732, 2
1733, 16
1734, 1
1735, 32
1736, 56
1737, 2
1738, 17
1739, 1
1740, 35
1741, 56
1742, 2
1743, 20
1744, 1
1745, 38
1746, 56
1747, 2
1748, 19
1749, 1
1750, 35
1751, 56
1752, 2
1753, 20
1754, 1
1755, 38
1756, 56
1757, 2
1758, 25
1759, 1
1760, 37
1761, 56
1762, 2
1763, 24
1764, 1
1765, 34
1766, 56
1767, 2
1768, 25
1769, 1
1770, 37
1771, 56
1772, 2
1773, 27
1774, 1
1775, 40
1776, 56
1777, 2
1778, 26
1779, 1
1780, 37
1781, 56
1782, 2
1783, 27
1784, 1
1785, 40
1786, 56
1787, 2
1788, 28
1789, 1
1790, 39
1791, 56
1792, 2
1793, 27
1794, 1
1795, 36
1796, 56
1797, 2
1798, 28
1799, 1
1800, 39
1801, 56
1802, 2
1803, 29
1804, 1
1805, 42
1806, 56
1807, 2
1808, 28
1809, 1
1810, 39
1811, 56
1812, 2
1813, 29
1814, 1
1815, 42
1816, 56
1817, 2
1818, 20
1819, 1
1820, 35
1821, 56
1822, 2
1823, 19
1824, 1
1825, 32
1826, 56
1827, 2
1828, 20
1829, 1
1830, 35
1831, 56
1832, 2
1833, 22
1834, 1
1835, 38
1836, 56
1837, 2
1838, 21
1839, 1
1840, 35
1841, 56
1842, 2
1843, 22
1844, 1
1845, 38
1846, 56
1847, 2
1848, 21
1849, 1
1850, 37
1851, 56
1852, 2
1853, 20
1854, 1
1855, 34
1856, 56
1857, 2
1858, 21
1859, 1
1860, 37
1861, 56
1862, 2
1863, 23
1864, 1
1865, 40
1866, 56
1867, 2
1868, 22
1869, 1
1870, 37
1871, 56
1872, 2
1873, 23
1874, 1
1875, 40
1876, 56
1877, 2
1878, 27
1879, 1
1880, 41
1881, 56
1882, 2
1883, 26
1884, 1
1885, 38
1886, 56
1887, 2
1888, 27
1889, 1
1890, 41
1891, 56
1892, 2
1893, 29
1894, 1
1895, 44
1896, 56
1897, 2
1898, 28
1899, 1
1900, 41
1901, 56
1902, 2
1903, 29
1904, 1
1905, 44
1906, 56
1907, 2
1908, 27
1909, 1
1910, 43
1911, 56
1912, 2
1913, 26
1914, 1
1915, 40
1916, 56
1917, 2
1918, 27
1919, 1
1920, 43
1921, 56
1922, 2
1923, 29
1924, 1
1925, 46
1926, 56
1927, 2
1928, 28
1929, 1
1930, 43
1931, 56
1932, 2
1933, 29
1934, 1
1935, 46
1936, 56
1937, 2
1938, 26
1939, 1
1940, 39
1941, 56
1942, 2
1943, 26
1944, 1
1945, 39
1946, 56
1947, 2
1948, 23
1949, 1
1950, 37
1951, 56
1952, 2
1953, 23
1954, 1
1955, 39
1956, 56
1957, 2
1958, 25
1959, 1
1960, 36
1961, 56
1962, 2
1963, 25
1964, 1
1965, 36
1966, 56
1967, 2
1968, 22
1969, 1
1970, 36
1971, 56
1972, 2
1973, 22
1974, 1
1975, 34
1976, 56
1977, 2
1978, 26
1979, 1
1980, 39
1981, 56
1982, 2
1983, 26
1984, 1
1985, 39
1986, 56
1987, 2
1988, 23
1989, 1
1990, 39
1991, 56
1992, 2
1993, 23
1994, 1
1995, 37
1996, 56
1997, 2
1998, 28
1999, 1
2000, 42
2001, 56
2002, 2
2003, 28
2004, 1
2005, 42
2006, 56
2007, 2
2008, 25
2009, 1
2010, 40
2011, 56
2012, 2
2013, 25
2014, 1
2015, 42
2016, 56
2017, 2
2018, 27
2019, 1
2020, 39
2021, 56
2022, 2
2023, 27
2024, 1
2025, 39
2026, 56
2027, 2
2028, 24
2029, 1
2030, 39
2031, 56
2032, 2
2033, 24
2034, 1
2035, 37
2036, 56
2037, 2
2038, 28
2039, 1
2040, 42
2041, 56
2042, 2
2043, 28
2044, 1
2045, 42
2046, 56
2047, 2
2048, 25
2049, 1
2050, 42
2051, 56
2052, 2
2053, 25
2054, 1
2055, 40
2056, 56
2057, 2
2058, 17
2059, 1
2060, 35
2061, 56
2062, 2
2063, 20
2064, 1
2065, 38
2066, 56
2067, 2
2068, 23
2069, 1
2070, 37
2071, 56
2072, 2
2073, 24
2074, 1
2075, 40
2076, 56
2077, 2
2078, 28
2079, 1
2080, 35
2081, 56
2082, 2
2083, 29
2084, 1
2085, 38
2086, 56
2087, 2
2088, 19
2089, 1
2090, 37
2091, 56
2092, 2
2093, 21
2094, 1
2095, 40
2096, 56
2097, 2
2098, 19
2099, 1
2100, 39
2101, 56
2102, 2
2103, 21
2104, 1
2105, 42
2106, 56
2107, 2
2108, 20
2109, 1
2110, 39
2111, 56
2112, 2
2113, 22
2114, 1
2115, 42
2116, 56
2117, 2
2118, 20
2119, 1
2120, 37
2121, 56
2122, 2
2123, 22
2124, 1
2125, 40
2126, 56
2127, 2
2128, 21
2129, 1
2130, 37
2131, 56
2132, 2
2133, 22
2134, 1
2135, 40
2136, 56
2137, 2
2138, 22
2139, 1
2140, 37
2141, 56
2142, 2
2143, 23
2144, 1
2145, 40
2146, 56
2147, 2
2148, 22
2149, 1
2150, 37
2151, 56
2152, 2
2153, 23
2154, 1
2155, 40
2156, 56
2157, 2
2158, 32
2159, 1
2160, 37
2161, 56
2162, 2
2163, 34
2164, 1
2165, 40
2166, 56
2167, 2
2168, 32
2169, 1
2170, 39
2171, 56
2172, 2
2173, 34
2174, 1
2175, 42
2176, 56
2177, 2
2178, 25
2179, 1
2180, 41
2181, 56
2182, 2
2183, 26
2184, 1
2185, 44
2186, 56
2187, 2
2188, 25
2189, 1
2190, 41
2191, 56
2192, 2
2193, 26
2194, 1
2195, 44
2196, 56
2197, 2
2198, 35
2199, 1
2200, 41
2201, 56
2202, 2
2203, 35
2204, 1
2205, 41
2206, 56
2207, 2
2208, 36
2209, 1
2210, 41
2211, 56
2212, 2
2213, 35
2214, 1
2215, 41
2216, 56
2217, 2
2218, 33
2219, 1
2220, 42
2221, 56
2222, 2
2223, 35
2224, 1
2225, 44
2226, 56
2227, 2
2228, 30
2229, 1
2230, 39
2231, 56
2232, 2
2233, 29
2234, 1
2235, 42
2236, 56
2237, 2
2238, 30
2239, 1
2240, 41
2241, 56
2242, 2
2243, 29
2244, 1
2245, 42
2246, 56
2247, 2
2248, 30
2249, 1
2250, 41
2251, 56
2252, 2
2253, 29
2254, 1
2255, 42
2256, 56
2257, 2
2258, 27
2259, 1
2260, 41
2261, 56
2262, 2
2263, 28
2264, 1
2265, 42
2266, 56
2267, 2
2268, 27
2269, 1
2270, 41
2271, 56
2272, 2
2273, 28
2274, 1
2275, 42
2276, 56
2277, 2
2278, 26
2279, 1
2280, 37
2281, 56
2282, 2
2283, 26
2284, 1
2285, 37
2286, 56
2287, 2
2288, 23
2289, 1
2290, 41
2291, 56
2292, 2
2293, 23
2294, 1
2295, 37
2296, 56
2297, 2
2298, 28
2299, 1
2300, 40
2301, 56
2302, 2
2303, 28
2304, 1
2305, 40
2306, 56
2307, 2
2308, 25
2309, 1
2310, 40
2311, 56
2312, 2
2313, 25
2314, 1
2315, 40
2316, 56
2317, 2
2318, 20
2319, 1
2320, 43
2321, 56
2322, 2
2323, 20
2324, 1
2325, 43
2326, 56
2327, 2
2328, 32
2329, 1
2330, 49
2331, 56
2332, 2
2333, 33
2334, 1
2335, 49
2336, 56
2337, 2
2338, 29
2339, 1
2340, 49
2341, 56
2342, 2
2343, 30
2344, 1
2345, 49
2346, 56
2347, 2
2348, 28
2349, 1
2350, 45
2351, 56
2352, 2
2353, 29
2354, 1
2355, 45
2356, 56
2357, 2
2358, 25
2359, 1
2360, 47
2361, 56
2362, 2
2363, 26
2364, 1
2365, 45
2366, 56
2367, 2
2368, 28
2369, 1
2370, 45
2371, 56
2372, 2
2373, 29
2374, 1
2375, 45
2376, 56
2377, 2
2378, 25
2379, 1
2380, 47
2381, 56
2382, 2
2383, 26
2384, 1
2385, 45
2386, 56
2387, 2
2388, 20
2389, 1
2390, 41
2391, 56
2392, 2
2393, 20
2394, 1
2395, 41
2396, 56
2397, 2
2398, 27
2399, 1
2400, 39
2401, 68
2402, 2
2403, 26
2404, 1
2405, 38
2406, 68
2407, 2
2408, 27
2409, 1
2410, 39
2411, 82
2412, 2
2413, 23
2414, 1
2415, 36
2416, 82
2417, 2
2418, 21
2419, 1
2420, 46
2421, 82
2422, 2
2423, 21
2424, 1
2425, 44
2426, 82
2427, 2
2428, 21
2429, 1
2430, 40
2431, 82
2432, 2
2433, 21
2434, 1
2435, 40
2436, 82
2437, 2
2438, 21
2439, 1
2440, 42
2441, 82
2442, 2
2443, 21
2444, 1
2445, 40
2446, 82
2447, 2
2448, 21
2449, 1
2450, 42
2451, 82
2452, 2
2453, 21
2454, 1
2455, 40
2456, 82
2457, 2
2458, 21
2459, 1
2460, 42
2461, 82
2462, 2
2463, 21
2464, 1
2465, 42
2466, 82
2467, 2
2468, 21
2469, 1
2470, 42
2471, 82
2472, 2
2473, 21
2474, 1
2475, 44
2476, 82
2477, 2
2478, 21
2479, 1
2480, 44
2481, 82
2482, 2
2483, 21
2484, 1
2485, 44
2486, 82
2487, 2
2488, 21
2489, 1
2490, 44
2491, 82
2492, 2
2493, 21
2494, 1
2495, 44
2496, 82
2497, 2
2498, 21
2499, 1
2500, 44
2501, 82
2502, 2
2503, 21
2504, 1
2505, 44
2506, 82
2507, 2
2508, 21
2509, 1
2510, 42
2511, 82
2512, 2
2513, 21
2514, 1
2515, 44
2516, 82
2517, 2
2518, 44
2519, 1
2520, 40
2521, 70
2522, 2
2523, 22
2524, 1
2525, 36
2526, 70
2527, 2
2528, 34
2529, 1
2530, 30
2531, 82
2532, 2
2533, 35
2534, 1
2535, 33
2536, 82
2537, 2
2538, 35
2539, 1
2540, 33
2541, 82
2542, 2
2543, 36
2544, 1
2545, 36
2546, 82
2547, 2
2548, 28
2549, 1
2550, 42
2551, 68
2552, 2
2553, 27
2554, 1
2555, 41
2556, 68
2557, 2
2558, 28
2559, 1
2560, 42
2561, 82
2562, 2
2563, 24
2564, 1
2565, 39
2566, 82
2567, 2
2568, 16
2569, 1
2570, 39
2571, 82
2572, 2
2573, 45
2574, 1
2575, 43
2576, 70
2577, 2
2578, 23
2579, 1
2580, 39
2581, 70
2582, 2
2583, 24
2584, 1
2585, 39
2586, 70
2587, 2
2588, 22
2589, 1
2590, 36
2591, 70
2592, 2
2593, 9
2594, 1
2595, 33
2596, 70
2597, 2
2598, 10
2599, 1
2600, 36
2601, 70
2602, 2
2603, 16
2604, 1
2605, 36
2606, 70
2607, 2
2608, 10
2609, 1
2610, 36
2611, 70
2612, 2
2613, 15
2614, 1
2615, 33
2616, 56
2617, 2
2618, 16
2619, 1
2620, 36
2621, 56
2622, 2
2623, 29
2624, 1
2625, 38
2626, 56
2627, 2
2628, 28
2629, 1
2630, 46
2631, 56
2632, 2
2633, 27
2634, 1
2635, 40
2636, 56
2637, 2
2638, 24
2639, 1
2640, 38
2641, 56
2642, 2
2643, 9
2644, 1
2645, 33
2646, 56
2647, 2
2648, 10
2649, 1
2650, 38
2651, 56
2652, 2
2653, 10
2654, 1
2655, 38
2656, 56
2657, 2
2658, 11
2659, 1
2660, 41
2661, 56
2662, 2
2663, 12
2664, 1
2665, 44
2666, 56
2667, 2
2668, 11
2669, 1
2670, 41
2671, 56
2672, 2
2673, 11
2674, 1
2675, 41
2676, 56
2677, 2
2678, 12
2679, 1
2680, 44
2681, 56
2682, 2
2683, 10
2684, 1
2685, 36
2686, 56
2687, 2
2688, 24
2689, 1
2690, 42
2691, 68
2692, 2
2693, 22
2694, 1
2695, 36
2696, 68
2697, 2
2698, 26
2699, 1
2700, 36
2701, 68
2702, 2
2703, 36
2704, 1
2705, 38
2706, 68
2707, 2
2708, 39
2709, 1
2710, 40
2711, 68
2712, 2
2713, 27
2714, 1
2715, 39
2716, 68
2717, 2
2718, 37
2719, 1
2720, 41
2721, 68
2722, 2
2723, 26
2724, 1
2725, 36
2726, 68
2727, 2
2728, 35
2729, 1
2730, 38
2731, 68
2732, 2
2733, 27
2734, 1
2735, 39
2736, 68
2737, 2
2738, 36
2739, 1
2740, 41
2741, 68
2742, 2
2743, 19
2744, 1
2745, 39
2746, 56
2747, 2
2748, 18
2749, 1
2750, 40
2751, 56
2752, 2
2753, 25
2754, 1
2755, 38
2756, 56
2757, 2
2758, 25
2759, 1
2760, 38
2761, 56
2762, 2
2763, 25
2764, 1
2765, 38
2766, 56
2767, 2
2768, 25
2769, 1
2770, 38
2771, 56
2772, 2
2773, 25
2774, 1
2775, 38
2776, 56
2777, 2
2778, 25
2779, 1
2780, 38
2781, 56
2782, 2
2783, 25
2784, 1
2785, 38
2786, 56
2787, 2
2788, 25
2789, 1
2790, 38
2791, 56
2792, 2
2793, 25
2794, 1
2795, 38
2796, 56
2797, 2
2798, 25
2799, 1
2800, 38
2801, 56
2802, 2
2803, 25
2804, 1
2805, 40
2806, 56
2807, 2
2808, 25
2809, 1
2810, 40
2811, 56
2812, 2
2813, 25
2814, 1
2815, 40
2816, 56
2817, 2
2818, 25
2819, 1
2820, 40
2821, 56
2822, 2
2823, 25
2824, 1
2825, 40
2826, 56
2827, 2
2828, 25
2829, 1
2830, 40
2831, 56
2832, 2
2833, 18
2834, 1
2835, 40
2836, 56
2837, 2
2838, 25
2839, 1
2840, 38
2841, 56
2842, 2
2843, 25
2844, 1
2845, 38
2846, 56
2847, 2
2848, 25
2849, 1
2850, 38
2851, 56
2852, 2
2853, 25
2854, 1
2855, 38
2856, 56
2857, 2
2858, 25
2859, 1
2860, 38
2861, 56
2862, 2
2863, 25
2864, 1
2865, 38
2866, 56
2867, 2
2868, 25
2869, 1
2870, 38
2871, 56
2872, 2
2873, 25
2874, 1
2875, 38
2876, 56
2877, 2
2878, 25
2879, 1
2880, 38
2881, 56
2882, 2
2883, 25
2884, 1
2885, 38
2886, 56
2887, 2
2888, 25
2889, 1
2890, 40
2891, 56
2892, 2
2893, 25
2894, 1
2895, 40
2896, 56
2897, 2
2898, 25
2899, 1
2900, 40
2901, 56
2902, 2
2903, 25
2904, 1
2905, 40
2906, 56
2907, 2
2908, 25
2909, 1
2910, 40
2911, 56
2912, 2
2913, 25
2914, 1
2915, 40
2916, 56
2917, 2
2918, 46
2919, 1
2920, 36
2921, 56
2922, 2
2923, 47
2924, 1
2925, 39
2926, 56
2927, 2
2928, 46
2929, 1
2930, 36
2931, 56
2932, 2
2933, 45
2934, 1
2935, 33
2936, 56
2937, 2
2938, 46
2939, 1
2940, 36
2941, 56
2942, 2
2943, 46
2944, 1
2945, 36
2946, 56
2947, 2
2948, 43
2949, 1
2950, 39
2951, 56
2952, 2
2953, 43
2954, 1
2955, 39
2956, 56
2957, 2
2958, 21
2959, 1
2960, 35
2961, 56
2962, 2
2963, 20
2964, 1
2965, 38
2966, 56
2967, 2
2968, 27
2969, 1
2970, 37
2971, 56
2972, 2
2973, 27
2974, 1
2975, 40
2976, 56
2977, 2
2978, 28
2979, 1
2980, 35
2981, 56
2982, 2
2983, 29
2984, 1
2985, 38
2986, 56
2987, 2
2988, 20
2989, 1
2990, 37
2991, 56
2992, 2
2993, 22
2994, 1
2995, 40
2996, 56
2997, 2
2998, 21
2999, 1
3000, 37
3001, 56
3002, 2
3003, 23
3004, 1
3005, 40
3006, 56
3007, 2
3008, 27
3009, 1
3010, 37
3011, 56
3012, 2
3013, 29
3014, 1
3015, 38
3016, 56
3017, 2
3018, 26
3019, 1
3020, 39
3021, 56
3022, 2
3023, 23
3024, 1
3025, 41
3026, 56
3027, 2
3028, 28
3029, 1
3030, 40
3031, 56
3032, 2
3033, 25
3034, 1
3035, 42
3036, 56
3037, 2
3038, 27
3039, 1
3040, 43
3041, 56
3042, 2
3043, 27
3044, 1
3045, 43
3046, 56
3047, 2
3048, 27
3049, 1
3050, 43
3051, 56
3052, 2
3053, 27
3054, 1
3055, 43
3056, 56
3057, 2
3058, 30
3059, 1
3060, 45
3061, 56
3062, 2
3063, 30
3064, 1
3065, 45
3066, 56
3067, 2
3068, 30
3069, 1
3070, 45
3071, 56
3072, 2
3073, 30
3074, 1
3075, 45
3076, 56
3077, 2
3078, 29
3079, 1
3080, 43
3081, 56
3082, 2
3083, 29
3084, 1
3085, 43
3086, 56
3087, 2
3088, 29
3089, 1
3090, 43
3091, 56
3092, 2
3093, 29
3094, 1
3095, 43
3096, 56
3097, 2
3098, 28
3099, 1
3100, 43
3101, 56
3102, 2
3103, 28
3104, 1
3105, 43
3106, 56
3107, 2
3108, 28
3109, 1
3110, 43
3111, 56
3112, 2
3113, 28
3114, 1
3115, 43
3116, 56
3117, 2
3118, 25
3119, 1
3120, 45
3121, 56
3122, 2
3123, 25
3124, 1
3125, 45
3126, 56
3127, 2
3128, 25
3129, 1
3130, 45
3131, 56
3132, 2
3133, 25
3134, 1
3135, 45
3136, 56
3137, 2
3138, 17
3139, 1
3140, 35
3141, 56
3142, 2
3143, 17
3144, 1
3145, 35
3146, 56
3147, 2
3148, 17
3149, 1
3150, 35
3151, 56
3152, 2
3153, 17
3154, 1
3155, 35
3156, 56
3157, 2
3158, 18
3159, 1
3160, 38
3161, 56
3162, 2
3163, 25
3164, 1
3165, 37
3166, 56
3167, 2
3168, 25
3169, 1
3170, 37
3171, 56
3172, 2
3173, 25
3174, 1
3175, 37
3176, 56
3177, 2
3178, 25
3179, 1
3180, 37
3181, 56
3182, 2
3183, 26
3184, 1
3185, 40
3186, 56
3187, 2
3188, 2
3189, 0
3190, 9
3191, 8
3192, 0
3193, 76
3194, 0
3195, 11
3196, 18
3197, 1
3198, 1
3199, 0
3200, 84
3201, 51
3202, 51
3203, 51
3204, 51
3205, 57
3206, 0
3207, 76
3208, 0
3209, 24
3210, 67
3211, 1
3212, 19
3213, 1
3214, 40
3215, 13
3216, 8
3217, 1
3218, 9
3219, 1
3220, 0
3221, 69
3222, 0
3223, 11
3224, 35
3225, 1
3226, 6
3227, 22
3228, 53
3229, 67
3230, 67
3231, 14
3232, 32
3233, 69
3234, 0
3235, 33
3236, 49
3237, 56
3238, 69
3239, 38
3240, 47
3241, 8
3242, 34
3243, 32
3244, 34
3245, 1
3246, 0
3247, 69
3248, 0
3249, 11
3250, 39
3251, 1
3252, 44
3253, 1
3254, 0
3255, 69
3256, 0
3257, 11
3258, 40
3259, 1
3260, 6
3261, 22
3262, 57
3263, 73
3264, 67
3265, 14
3266, 77
3267, 0
3268, 38
3269, 53
3270, 61
3271, 68
3272, 38
3273, 57
3274, 8
3275, 34
3276, 37
3277, 45
3278, 1
3279, 0
3280, 65
3281, 71
3282, 70
3283, 70
3284, 22
3285, 74
3286, 65
3287, 0
3288, 11
3289, 37
3290, 1
3291, 6
3292, 50
3293, 60
3294, 0
3295, 50
3296, 31
3297, 23
3298, 36
3299, 48
3300, 44
3301, 1
3302, 0
3303, 63
3304, 0
3305, 11
3306, 46
3307, 1
3308, 6
3309, 29
3310, 31
3311, 0
3312, 33
3313, 0
3314, 38
3315, 37
3316, 33
3317, 30
3318, 66
3319, 25
3320, 30
3321, 35
3322, 1
3323, 48
3324, 0
3325, 50
3326, 55
3327, 38
3328, 53
3329, 63
3330, 20
3331, 4
3332, 45
3333, 0
3334, 53
3335, 49
3336, 35
3337, 47
3338, 57
3339, 20
3340, 4
3341, 42
3342, 0
3343, 30
3344, 49
3345, 45
3346, 49
3347, 45
3348, 1
3349, 0
3350, 39
3351, 31
3352, 28
3353, 1
3354, 51
3355, 0
3356, 34
3357, 1
3358, 86
3359, 1
3360, 101
3361, 50
3362, 9
3363, 1
3364, 0
3365, 50
3366, 1
3367, 1
3368, 0
3369, 52
3370, 20
3371, 0
3372, 30
3373, 24
3374, 0
3375, 53
3376, 25
3377, 0
3378, 35
3379, 22
3380, 1
3381, 0
3382, 50
3383, 69
3384, 62
3385, 18
3386, 0
3387, 27
3388, 56
3389, 57
3390, 52
3391, 44
3392, 43
3393, 0
3394, 71
3395, 10
3396, 0
3397, 48
3398, 70
3399, 72
3400, 0
3401, 13
3402, 58
3403, 1
3404, 74
3405, 18
3406, 47
3407, 47
3408, 46
3409, 11
3410, 0
3411, 13
3412, 1
3413, 15
3414, 11
3415, 1
3416, 0
3417, 29
3418, 0
3419, 24
3420, 37
3421, 1
3422, 17
3423, 1
3424, 25
3425, 34
3426, 6
3427, 26
3428, 34
3429, 6
3430, 28
3431, 1
3432, 45
3433, 23
3434, 55
3435, 0
3436, 24
3437, 6
3438, 1
3439, 27
3440, 39
3441, 6
3442, 9
3443, 68
3444, 10
3445, 32
3446, 1
3447, 47
3448, 1
3449, 12
3450, 0
3451, 36
3452, 15
3453, 29
3454, 36
3455, 11
3456, 34
3457, 1
3458, 56
3459, 67
3460, 9
3461, 1
3462, 0
3463, 35
3464, 18
3465, 20
3466, 73
3467, 70
3468, 63
3469, 73
3470, 25
3471, 0
3472, 25
3473, 47
3474, 31
3475, 0
3476, 47
3477, 29
3478, 0
3479, 26
3480, 1
3481, 0
3482, 78
3483, 42
3484, 0
3485, 13
3486, 70
3487, 1
3488, 61
3489, 29
3490, 19
3491, 1
3492, 0
3493, 21
3494, 70
3495, 72
3496, 73
3497, 0
3498, 4
3499, 39
3500, 1
3501, 15
3502, 23
3503, 0
3504, 38
3505, 1
3506, 42
3507, 68
3508, 27
3509, 31
3510, 1
3511, 0
3512, 32
3513, 1
3514, 36
3515, 62
3516, 25
3517, 31
3518, 1
3519, 0
3520, 38
3521, 55
3522, 0
3523, 32
3524, 49
3525, 0
3526, 25
3527, 46
3528, 0
3529, 30
3530, 51
3531, 0
3532, 10
3533, 1
3534, 0
