1, 54
2, 77
3, 36
4, 1
5, 32
6, 1
7, 66
8, 72
9, 71
10, 22
11, 1
12, 61
13, 66
14, 65
15, 48
16, 1
17, 69
18, 62
19, 62
20, 35
21, 1
22, 20
23, 20
24, 17
25, 18
26, 18
27, 26
28, 18
29, 25
30, 24
31, 20
32, 23
33, 19
34, 19
35, 18
36, 21
37, 18
38, 20
39, 22
40, 20
41, 23
42, 17
43, 20
44, 24
45, 23
46, 1
47, 72
48, 72
49, 54
50, 75
51, 76
52, 76
53, 59
54, 44
55, 1
56, 76
57, 42
58, 1
59, 34
60, 34
61, 1
62, 38
63, 59
64, 1
65, 45
66, 49
67, 55
68, 1
69, 43
70, 59
71, 53
72, 1
73, 59
74, 82
75, 1
76, 65
77, 76
78, 1
79, 55
80, 55
81, 1
82, 43
83, 43
84, 2
85, 44
86, 32
87, 46
88, 32
89, 45
90, 1
91, 36
92, 67
93, 36
94, 67
95, 32
96, 50
97, 31
98, 48
99, 1
100, 48
101, 2
102, 65
103, 65
104, 63
105, 69
106, 16
107, 1
108, 67
109, 58
110, 1
111, 5
112, 20
113, 2
114, 22
115, 34
116, 1
117, 43
118, 31
119, 55
120, 1
121, 68
122, 29
123, 51
124, 1
125, 49
126, 25
127, 39
128, 52
129, 6
130, 40
131, 43
132, 54
133, 1
134, 62
135, 10
136, 33
137, 26
138, 1
139, 34
140, 14
141, 28
142, 29
143, 19
144, 57
145, 14
146, 1
147, 35
148, 38
149, 1
150, 33
151, 38
152, 1
153, 36
154, 38
155, 1
156, 42
157, 38
158, 1
159, 15
160, 26
161, 1
162, 60
163, 10
164, 1
165, 69
166, 72
167, 56
168, 1
169, 72
170, 77
171, 34
172, 29
173, 44
174, 56
175, 10
176, 30
177, 25
178, 1
179, 6
180, 54
181, 62
182, 57
183, 63
184, 25
185, 7
186, 1
187, 15
188, 26
189, 1
190, 85
191, 10
192, 6
193, 1
194, 6
195, 25
196, 39
197, 52
198, 6
199, 29
200, 44
201, 56
202, 10
203, 66
204, 21
205, 58
206, 63
207, 80
208, 62
209, 45
210, 10
211, 6
212, 7
213, 1
214, 68
215, 68
216, 70
217, 36
218, 58
219, 6
220, 28
221, 1
222, 25
223, 63
224, 76
225, 1
226, 33
227, 25
228, 1
229, 33
230, 25
231, 1
232, 31
233, 33
234, 1
235, 32
236, 28
237, 1
238, 34
239, 29
240, 1
241, 29
242, 25
243, 1
244, 38
245, 26
246, 1
247, 11
248, 25
249, 1
250, 38
251, 1
252, 6
253, 8
254, 60
255, 101
256, 31
257, 45
258, 58
259, 12
260, 59
261, 62
262, 12
263, 32
264, 8
265, 7
266, 6
267, 1
268, 64
269, 65
270, 69
271, 66
272, 68
273, 57
274, 1
275, 65
276, 18
277, 17
278, 17
279, 27
280, 47
281, 32
282, 17
283, 50
284, 1
285, 28
286, 40
287, 1
288, 43
289, 45
290, 40
291, 41
292, 42
293, 42
294, 44
295, 40
296, 40
297, 48
298, 2
299, 1
300, 2
301, 66
302, 1
303, 4
304, 32
305, 22
306, 29
307, 2
308, 28
309, 18
310, 1
311, 49
312, 18
313, 1
314, 75
315, 17
316, 2
317, 1
318, 58
319, 1
320, 4
321, 31
322, 13
323, 29
324, 2
325, 28
326, 18
327, 1
328, 49
329, 18
330, 1
331, 75
332, 17
333, 2
334, 1
335, 62
336, 1
337, 4
338, 31
339, 13
340, 29
341, 2
342, 28
343, 18
344, 1
345, 49
346, 18
347, 1
348, 75
349, 17
350, 2
351, 1
352, 66
353, 16
354, 1
355, 4
356, 37
357, 13
358, 29
359, 2
360, 12
361, 1
362, 28
363, 18
364, 1
365, 49
366, 18
367, 1
368, 23
369, 66
370, 18
371, 1
372, 33
373, 30
374, 1
375, 35
376, 2
377, 1
378, 64
379, 1
380, 4
381, 37
382, 13
383, 29
384, 2
385, 28
386, 18
387, 1
388, 49
389, 18
390, 1
391, 74
392, 18
393, 1
394, 35
395, 6
396, 13
397, 13
398, 1
399, 21
400, 20
401, 20
402, 16
403, 19
404, 6
405, 1
406, 16
407, 2
408, 1
409, 73
410, 1
411, 4
412, 24
413, 13
414, 29
415, 2
416, 28
417, 18
418, 1
419, 49
420, 18
421, 1
422, 74
423, 18
424, 1
425, 35
426, 6
427, 13
428, 13
429, 1
430, 17
431, 28
432, 32
433, 22
434, 1
435, 25
436, 1
437, 14
438, 55
439, 1
440, 21
441, 20
442, 20
443, 16
444, 19
445, 6
446, 1
447, 16
448, 2
449, 1
450, 49
451, 1
452, 4
453, 23
454, 13
455, 29
456, 2
457, 49
458, 18
459, 1
460, 31
461, 6
462, 45
463, 44
464, 1
465, 28
466, 6
467, 1
468, 28
469, 18
470, 1
471, 39
472, 2
473, 1
474, 58
475, 1
476, 4
477, 25
478, 13
479, 29
480, 2
481, 49
482, 18
483, 1
484, 31
485, 6
486, 45
487, 44
488, 1
489, 28
490, 6
491, 1
492, 28
493, 18
494, 1
495, 41
496, 2
497, 1
498, 67
499, 1
500, 4
501, 32
502, 13
503, 29
504, 2
505, 49
506, 18
507, 1
508, 31
509, 6
510, 45
511, 44
512, 1
513, 28
514, 6
515, 1
516, 28
517, 18
518, 1
519, 28
520, 17
521, 1
522, 39
523, 2
524, 1
525, 48
526, 1
527, 4
528, 22
529, 13
530, 29
531, 2
532, 49
533, 18
534, 1
535, 31
536, 6
537, 45
538, 44
539, 1
540, 28
541, 6
542, 1
543, 28
544, 18
545, 1
546, 38
547, 2
548, 1
549, 60
550, 1
551, 4
552, 26
553, 13
554, 29
555, 2
556, 49
557, 18
558, 1
559, 31
560, 6
561, 45
562, 44
563, 1
564, 28
565, 6
566, 1
567, 28
568, 18
569, 1
570, 74
571, 2
572, 1
573, 50
574, 1
575, 4
576, 24
577, 13
578, 29
579, 2
580, 49
581, 18
582, 1
583, 31
584, 6
585, 45
586, 44
587, 1
588, 28
589, 6
590, 1
591, 28
592, 18
593, 1
594, 40
595, 2
596, 1
597, 50
598, 1
599, 4
600, 27
601, 13
602, 29
603, 2
604, 49
605, 18
606, 1
607, 31
608, 6
609, 45
610, 44
611, 1
612, 28
613, 6
614, 1
615, 28
616, 18
617, 1
618, 43
619, 2
620, 1
621, 68
622, 1
623, 4
624, 39
625, 13
626, 29
627, 2
628, 49
629, 18
630, 1
631, 31
632, 6
633, 45
634, 44
635, 1
636, 28
637, 6
638, 1
639, 34
640, 51
641, 1
642, 28
643, 18
644, 1
645, 43
646, 2
647, 1
648, 69
649, 1
650, 4
651, 34
652, 13
653, 29
654, 2
655, 49
656, 18
657, 1
658, 31
659, 6
660, 45
661, 44
662, 1
663, 28
664, 6
665, 1
666, 28
667, 18
668, 1
669, 65
670, 2
671, 1
672, 50
673, 1
674, 4
675, 22
676, 13
677, 29
678, 2
679, 49
680, 18
681, 1
682, 31
683, 6
684, 45
685, 44
686, 1
687, 28
688, 6
689, 1
690, 28
691, 18
692, 1
693, 73
694, 2
695, 1
696, 50
697, 1
698, 4
699, 22
700, 13
701, 29
702, 2
703, 49
704, 18
705, 1
706, 31
707, 6
708, 45
709, 44
710, 1
711, 28
712, 6
713, 1
714, 28
715, 18
716, 1
717, 73
718, 2
719, 1
720, 50
721, 1
722, 4
723, 25
724, 13
725, 29
726, 2
727, 49
728, 18
729, 1
730, 31
731, 6
732, 45
733, 44
734, 1
735, 28
736, 6
737, 1
738, 28
739, 18
740, 1
741, 76
742, 2
743, 1
744, 68
745, 25
746, 1
747, 4
748, 28
749, 13
750, 29
751, 2
752, 25
753, 6
754, 13
755, 13
756, 1
757, 14
758, 17
759, 53
760, 22
761, 1
762, 42
763, 1
764, 20
765, 31
766, 1
767, 23
768, 72
769, 6
770, 1
771, 16
772, 2
773, 1
774, 77
775, 1
776, 4
777, 34
778, 13
779, 29
780, 2
781, 31
782, 6
783, 45
784, 44
785, 1
786, 28
787, 6
788, 1
789, 34
790, 46
791, 1
792, 28
793, 18
794, 1
795, 49
796, 18
797, 1
798, 39
799, 2
800, 1
801, 80
802, 1
803, 4
804, 36
805, 13
806, 29
807, 2
808, 31
809, 6
810, 45
811, 44
812, 1
813, 28
814, 6
815, 1
816, 34
817, 44
818, 1
819, 28
820, 18
821, 1
822, 49
823, 18
824, 1
825, 39
826, 2
827, 1
828, 80
829, 1
830, 4
831, 36
832, 13
833, 29
834, 2
835, 31
836, 6
837, 45
838, 44
839, 1
840, 28
841, 6
842, 1
843, 34
844, 44
845, 1
846, 28
847, 18
848, 1
849, 49
850, 18
851, 1
852, 39
853, 2
854, 1
855, 76
856, 1
857, 4
858, 35
859, 13
860, 29
861, 2
862, 25
863, 6
864, 13
865, 13
866, 1
867, 20
868, 21
869, 20
870, 16
871, 19
872, 1
873, 17
874, 45
875, 44
876, 1
877, 28
878, 25
879, 1
880, 14
881, 53
882, 22
883, 1
884, 43
885, 6
886, 1
887, 16
888, 2
889, 1
890, 72
891, 82
892, 1
893, 4
894, 36
895, 13
896, 29
897, 2
898, 25
899, 6
900, 13
901, 13
902, 1
903, 20
904, 23
905, 21
906, 20
907, 16
908, 19
909, 1
910, 17
911, 45
912, 44
913, 1
914, 28
915, 25
916, 1
917, 14
918, 53
919, 22
920, 1
921, 43
922, 6
923, 1
924, 16
925, 2
926, 1
927, 77
928, 1
929, 4
930, 33
931, 13
932, 29
933, 2
934, 25
935, 6
936, 13
937, 13
938, 1
939, 17
940, 45
941, 44
942, 1
943, 28
944, 25
945, 1
946, 14
947, 53
948, 22
949, 1
950, 43
951, 1
952, 14
953, 79
954, 6
955, 1
956, 16
957, 2
958, 1
959, 71
960, 18
961, 1
962, 4
963, 30
964, 13
965, 29
966, 2
967, 14
968, 22
969, 1
970, 25
971, 6
972, 13
973, 13
974, 1
975, 20
976, 23
977, 21
978, 20
979, 16
980, 19
981, 1
982, 17
983, 53
984, 22
985, 1
986, 32
987, 32
988, 23
989, 71
990, 61
991, 1
992, 28
993, 1
994, 14
995, 53
996, 22
997, 1
998, 19
999, 1
1000, 14
1001, 48
1002, 21
1003, 60
1004, 59
1005, 6
1006, 1
1007, 16
1008, 2
1009, 1
1010, 72
1011, 18
1012, 1
1013, 4
1014, 31
1015, 13
1016, 29
1017, 2
1018, 14
1019, 22
1020, 1
1021, 25
1022, 6
1023, 13
1024, 13
1025, 1
1026, 17
1027, 53
1028, 22
1029, 1
1030, 32
1031, 32
1032, 23
1033, 71
1034, 61
1035, 1
1036, 28
1037, 1
1038, 14
1039, 53
1040, 22
1041, 1
1042, 19
1043, 1
1044, 14
1045, 48
1046, 21
1047, 60
1048, 59
1049, 6
1050, 1
1051, 16
1052, 2
1053, 1
1054, 59
1055, 1
1056, 4
1057, 27
1058, 13
1059, 46
1060, 2
1061, 34
1062, 46
1063, 1
1064, 16
1065, 2
1066, 1
1067, 62
1068, 1
1069, 4
1070, 29
1071, 13
1072, 46
1073, 2
1074, 34
1075, 44
1076, 1
1077, 16
1078, 2
1079, 1
1080, 62
1081, 1
1082, 4
1083, 29
1084, 13
1085, 46
1086, 2
1087, 34
1088, 44
1089, 1
1090, 16
1091, 2
1092, 1
1093, 67
1094, 1
1095, 4
1096, 26
1097, 13
1098, 46
1099, 2
1100, 34
1101, 57
1102, 1
1103, 16
1104, 2
1105, 1
1106, 76
1107, 38
1108, 1
1109, 4
1110, 34
1111, 13
1112, 29
1113, 2
1114, 14
1115, 1
1116, 49
1117, 18
1118, 1
1119, 50
1120, 18
1121, 1
1122, 21
1123, 65
1124, 18
1125, 1
1126, 21
1127, 54
1128, 18
1129, 1
1130, 15
1131, 2
1132, 1
1133, 76
1134, 58
1135, 1
1136, 4
1137, 36
1138, 13
1139, 29
1140, 2
1141, 14
1142, 1
1143, 49
1144, 18
1145, 1
1146, 50
1147, 18
1148, 1
1149, 21
1150, 28
1151, 6
1152, 30
1153, 58
1154, 22
1155, 6
1156, 50
1157, 56
1158, 39
1159, 18
1160, 1
1161, 21
1162, 54
1163, 18
1164, 1
1165, 15
1166, 2
1167, 1
1168, 70
1169, 18
1170, 1
1171, 4
1172, 35
1173, 13
1174, 46
1175, 2
1176, 11
1177, 1
1178, 86
1179, 25
1180, 18
1181, 1
1182, 44
1183, 18
1184, 1
1185, 22
1186, 32
1187, 28
1188, 1
1189, 25
1190, 6
1191, 13
1192, 13
1193, 1
1194, 14
1195, 14
1196, 83
1197, 21
1198, 1
1199, 13
1200, 6
1201, 1
1202, 16
1203, 2
1204, 1
1205, 74
1206, 18
1207, 1
1208, 4
1209, 36
1210, 13
1211, 46
1212, 2
1213, 16
1214, 1
1215, 86
1216, 25
1217, 18
1218, 1
1219, 84
1220, 18
1221, 1
1222, 22
1223, 22
1224, 1
1225, 32
1226, 28
1227, 1
1228, 32
1229, 28
1230, 1
1231, 29
1232, 18
1233, 1
1234, 25
1235, 6
1236, 13
1237, 13
1238, 1
1239, 15
1240, 16
1241, 61
1242, 57
1243, 6
1244, 1
1245, 16
1246, 2
1247, 1
1248, 71
1249, 68
1250, 41
1251, 1
1252, 4
1253, 36
1254, 13
1255, 46
1256, 2
1257, 16
1258, 1
1259, 86
1260, 25
1261, 18
1262, 1
1263, 84
1264, 18
1265, 1
1266, 22
1267, 22
1268, 1
1269, 32
1270, 28
1271, 1
1272, 32
1273, 28
1274, 1
1275, 29
1276, 18
1277, 1
1278, 74
1279, 25
1280, 6
1281, 13
1282, 13
1283, 1
1284, 14
1285, 14
1286, 14
1287, 19
1288, 19
1289, 19
1290, 61
1291, 57
1292, 1
1293, 17
1294, 17
1295, 61
1296, 47
1297, 6
1298, 1
1299, 16
1300, 2
1301, 1
1302, 70
1303, 30
1304, 1
1305, 4
1306, 36
1307, 13
1308, 46
1309, 2
1310, 16
1311, 1
1312, 86
1313, 25
1314, 18
1315, 1
1316, 84
1317, 18
1318, 1
1319, 22
1320, 22
1321, 1
1322, 32
1323, 28
1324, 1
1325, 32
1326, 28
1327, 1
1328, 29
1329, 18
1330, 1
1331, 25
1332, 6
1333, 13
1334, 13
1335, 1
1336, 17
1337, 17
1338, 61
1339, 39
1340, 49
1341, 49
1342, 6
1343, 1
1344, 16
1345, 2
1346, 1
1347, 69
1348, 31
1349, 1
1350, 4
1351, 36
1352, 13
1353, 46
1354, 2
1355, 86
1356, 25
1357, 18
1358, 1
1359, 44
1360, 18
1361, 1
1362, 25
1363, 6
1364, 13
1365, 13
1366, 1
1367, 22
1368, 22
1369, 73
1370, 76
1371, 77
1372, 21
1373, 1
1374, 13
1375, 6
1376, 1
1377, 16
1378, 2
1379, 1
1380, 67
1381, 34
1382, 1
1383, 4
1384, 32
1385, 13
1386, 29
1387, 2
1388, 14
1389, 1
1390, 49
1391, 18
1392, 1
1393, 50
1394, 18
1395, 1
1396, 21
1397, 61
1398, 18
1399, 1
1400, 21
1401, 54
1402, 18
1403, 1
1404, 15
1405, 2
1406, 1
1407, 79
1408, 25
1409, 1
1410, 4
1411, 34
1412, 22
1413, 46
1414, 2
1415, 12
1416, 1
1417, 76
1418, 18
1419, 1
1420, 25
1421, 6
1422, 13
1423, 13
1424, 1
1425, 14
1426, 17
1427, 37
1428, 1
1429, 85
1430, 14
1431, 27
1432, 42
1433, 45
1434, 76
1435, 6
1436, 1
1437, 16
1438, 2
1439, 1
1440, 82
1441, 1
1442, 4
1443, 29
1444, 22
1445, 46
1446, 2
1447, 12
1448, 1
1449, 76
1450, 18
1451, 1
1452, 25
1453, 6
1454, 13
1455, 13
1456, 1
1457, 14
1458, 17
1459, 37
1460, 1
1461, 23
1462, 38
1463, 1
1464, 20
1465, 21
1466, 20
1467, 16
1468, 19
1469, 1
1470, 85
1471, 14
1472, 27
1473, 42
1474, 45
1475, 76
1476, 6
1477, 1
1478, 16
1479, 2
1480, 1
1481, 83
1482, 52
1483, 1
1484, 4
1485, 29
1486, 22
1487, 29
1488, 2
1489, 76
1490, 18
1491, 1
1492, 25
1493, 6
1494, 13
1495, 13
1496, 1
1497, 14
1498, 17
1499, 37
1500, 1
1501, 23
1502, 38
1503, 1
1504, 20
1505, 21
1506, 20
1507, 16
1508, 19
1509, 1
1510, 14
1511, 40
1512, 6
1513, 1
1514, 16
1515, 2
1516, 1
1517, 67
1518, 1
1519, 4
1520, 35
1521, 22
1522, 29
1523, 2
1524, 14
1525, 1
1526, 49
1527, 18
1528, 1
1529, 25
1530, 6
1531, 13
1532, 20
1533, 1
1534, 13
1535, 13
1536, 13
1537, 13
1538, 13
1539, 13
1540, 13
1541, 6
1542, 1
1543, 21
1544, 55
1545, 18
1546, 1
1547, 31
1548, 18
1549, 1
1550, 21
1551, 25
1552, 6
1553, 13
1554, 20
1555, 1
1556, 14
1557, 17
1558, 20
1559, 20
1560, 21
1561, 16
1562, 13
1563, 6
1564, 1
1565, 15
1566, 2
1567, 1
1568, 69
1569, 1
1570, 4
1571, 35
1572, 22
1573, 29
1574, 2
1575, 14
1576, 1
1577, 49
1578, 18
1579, 1
1580, 25
1581, 6
1582, 13
1583, 20
1584, 1
1585, 14
1586, 14
1587, 14
1588, 14
1589, 13
1590, 6
1591, 1
1592, 21
1593, 55
1594, 18
1595, 1
1596, 31
1597, 18
1598, 1
1599, 21
1600, 25
1601, 6
1602, 13
1603, 20
1604, 1
1605, 14
1606, 17
1607, 20
1608, 20
1609, 21
1610, 16
1611, 13
1612, 6
1613, 1
1614, 15
1615, 2
1616, 1
1617, 60
1618, 1
1619, 4
1620, 34
1621, 22
1622, 29
1623, 2
1624, 14
1625, 1
1626, 49
1627, 18
1628, 1
1629, 44
1630, 18
1631, 1
1632, 21
1633, 55
1634, 18
1635, 1
1636, 31
1637, 18
1638, 1
1639, 21
1640, 54
1641, 70
1642, 18
1643, 1
1644, 15
1645, 2
1646, 1
1647, 2
1648, 61
1649, 1
1650, 32
1651, 1
1652, 69
1653, 58
1654, 61
1655, 58
1656, 61
1657, 58
1658, 61
1659, 58
1660, 61
1661, 65
1662, 59
1663, 63
1664, 65
1665, 59
1666, 58
1667, 59
1668, 63
1669, 59
1670, 58
1671, 59
1672, 62
1673, 59
1674, 58
1675, 59
1676, 59
1677, 59
1678, 58
1679, 59
1680, 64
1681, 59
1682, 58
1683, 59
1684, 64
1685, 59
1686, 68
1687, 3
1688, 1
1689, 15
1690, 19
1691, 2
1692, 39
1693, 34
1694, 55
1695, 52
1696, 37
1697, 16
1698, 17
1699, 18
1700, 18
1701, 22
1702, 21
1703, 38
1704, 9
1705, 1
1706, 87
1707, 24
1708, 29
1709, 1
1710, 24
1711, 20
1712, 1
1713, 32
1714, 34
1715, 1
1716, 47
1717, 35
1718, 79
1719, 19
1720, 7
1721, 6
1722, 74
1723, 86
1724, 10
1725, 43
1726, 35
1727, 14
1728, 38
1729, 95
1730, 31
1731, 1
1732, 21
1733, 14
1734, 10
1735, 6
1736, 1
1737, 68
1738, 18
1739, 22
1740, 21
1741, 46
1742, 6
1743, 51
1744, 10
1745, 35
1746, 24
1747, 28
1748, 10
1749, 6
1750, 1
1751, 18
1752, 42
1753, 6
1754, 70
1755, 10
1756, 29
1757, 24
1758, 10
1759, 11
1760, 27
1761, 6
1762, 1
1763, 77
1764, 42
1765, 6
1766, 74
1767, 10
1768, 28
1769, 37
1770, 10
1771, 30
1772, 10
1773, 27
1774, 35
1775, 10
1776, 6
1777, 1
1778, 32
1779, 43
1780, 40
1781, 82
1782, 34
1783, 1
1784, 66
1785, 72
1786, 60
1787, 79
1788, 76
1789, 60
1790, 1
1791, 65
1792, 63
1793, 62
1794, 62
1795, 65
1796, 79
1797, 74
1798, 1
1799, 49
1800, 66
1801, 56
1802, 52
1803, 57
1804, 1
1805, 78
1806, 46
1807, 49
1808, 66
1809, 56
1810, 53
1811, 65
1812, 51
1813, 1
1814, 77
1815, 46
1816, 45
1817, 1
1818, 24
1819, 33
1820, 1
1821, 19
1822, 2
1823, 1
1824, 2
1825, 72
1826, 1
1827, 5
1828, 24
1829, 25
1830, 2
1831, 9
1832, 1
1833, 13
1834, 31
1835, 1
1836, 61
1837, 73
1838, 69
1839, 29
1840, 1
1841, 67
1842, 71
1843, 70
1844, 69
1845, 65
1846, 68
1847, 65
1848, 65
1849, 64
1850, 66
1851, 66
1852, 43
1853, 1
1854, 46
1855, 6
1856, 32
1857, 10
1858, 68
1859, 15
1860, 10
1861, 32
1862, 47
1863, 6
1864, 1
1865, 23
1866, 19
1867, 2
1868, 1
1869, 2
1870, 90
1871, 1
1872, 4
1873, 17
1874, 2
1875, 24
1876, 6
1877, 47
1878, 1
1879, 70
1880, 33
1881, 18
1882, 1
1883, 6
1884, 78
1885, 39
1886, 46
1887, 51
1888, 18
1889, 7
1890, 6
1891, 1
1892, 12
1893, 2
1894, 1
1895, 2
1896, 76
1897, 71
1898, 78
1899, 74
1900, 77
1901, 79
1902, 79
1903, 73
1904, 46
1905, 1
1906, 74
1907, 78
1908, 80
1909, 77
1910, 58
1911, 1
1912, 5
1913, 69
1914, 27
1915, 18
1916, 18
1917, 19
1918, 19
1919, 2
1920, 24
1921, 1
1922, 24
1923, 6
1924, 51
1925, 20
1926, 37
1927, 1
1928, 20
1929, 37
1930, 1
1931, 18
1932, 10
1933, 46
1934, 42
1935, 65
1936, 10
1937, 1
1938, 55
1939, 60
1940, 1
1941, 27
1942, 6
1943, 2
1944, 1
1945, 2
1946, 80
1947, 69
1948, 50
1949, 1
1950, 4
1951, 40
1952, 29
1953, 16
1954, 2
1955, 40
1956, 41
1957, 45
1958, 1
1959, 70
1960, 2
1961, 1
1962, 2
1963, 75
1964, 33
1965, 1
1966, 77
1967, 78
1968, 76
1969, 72
1970, 72
1971, 14
1972, 1
1973, 73
1974, 79
1975, 10
1976, 1
1977, 73
1978, 42
1979, 1
1980, 77
1981, 72
1982, 72
1983, 48
1984, 1
1985, 80
1986, 80
1987, 75
1988, 70
1989, 75
1990, 46
1991, 1
1992, 4
1993, 53
1994, 27
1995, 29
1996, 16
1997, 16
1998, 36
1999, 2
2000, 40
2001, 41
2002, 45
2003, 59
2004, 11
2005, 1
2006, 58
2007, 24
2008, 22
2009, 1
2010, 42
2011, 46
2012, 1
2013, 7
2014, 20
2015, 1
2016, 24
2017, 21
2018, 104
2019, 62
2020, 91
2021, 1
2022, 14
2023, 2
2024, 1
2025, 2
2026, 76
2027, 76
2028, 74
2029, 1
2030, 77
2031, 79
2032, 71
2033, 78
2034, 76
2035, 77
2036, 27
2037, 1
2038, 77
2039, 79
2040, 28
2041, 1
2042, 4
2043, 57
2044, 27
2045, 29
2046, 16
2047, 33
2048, 2
2049, 33
2050, 42
2051, 46
2052, 61
2053, 60
2054, 31
2055, 11
2056, 1
2057, 71
2058, 38
2059, 15
2060, 1
2061, 31
2062, 63
2063, 1
2064, 14
2065, 2
2066, 1
2067, 2
2068, 79
2069, 79
2070, 74
2071, 77
2072, 14
2073, 1
2074, 71
2075, 37
2076, 48
2077, 36
2078, 46
2079, 1
2080, 4
2081, 61
2082, 44
2083, 29
2084, 16
2085, 33
2086, 2
2087, 45
2088, 1
2089, 31
2090, 67
2091, 1
2092, 14
2093, 2
2094, 1
2095, 2
2096, 75
2097, 77
2098, 73
2099, 77
2100, 1
2101, 77
2102, 78
2103, 47
2104, 1
2105, 5
2106, 51
2107, 27
2108, 29
2109, 16
2110, 16
2111, 2
2112, 33
2113, 42
2114, 46
2115, 67
2116, 60
2117, 1
2118, 26
2119, 1
2120, 24
2121, 21
2122, 94
2123, 81
2124, 2
2125, 1
2126, 2
2127, 79
2128, 80
2129, 79
2130, 79
2131, 28
2132, 1
2133, 78
2134, 50
2135, 1
2136, 4
2137, 32
2138, 2
2139, 68
2140, 1
2141, 24
2142, 71
2143, 22
2144, 1
2145, 79
2146, 2
2147, 1
2148, 2
2149, 79
2150, 80
2151, 74
2152, 74
2153, 76
2154, 33
2155, 1
2156, 80
2157, 72
2158, 78
2159, 37
2160, 1
2161, 77
2162, 78
2163, 79
2164, 75
2165, 78
2166, 1
2167, 77
2168, 75
2169, 80
2170, 40
2171, 1
2172, 78
2173, 80
2174, 78
2175, 78
2176, 18
2177, 1
2178, 5
2179, 73
2180, 27
2181, 29
2182, 33
2183, 41
2184, 22
2185, 2
2186, 24
2187, 21
2188, 74
2189, 55
2190, 2
2191, 1
2192, 2
2193, 37
2194, 1
2195, 5
2196, 22
2197, 2
2198, 48
2199, 22
2200, 1
2201, 56
2202, 80
2203, 52
2204, 1
2205, 72
2206, 42
2207, 71
2208, 42
2209, 1
2210, 43
2211, 43
2212, 1
2213, 35
2214, 34
2215, 36
2216, 38
2217, 1
2218, 24
2219, 1
2220, 59
2221, 71
2222, 2
2223, 1
2224, 2
2225, 59
2226, 1
2227, 6
2228, 47
2229, 18
2230, 35
2231, 2
2232, 23
2233, 29
2234, 38
2235, 1
2236, 59
2237, 38
2238, 1
2239, 74
2240, 77
2241, 77
2242, 1
2243, 75
2244, 1
2245, 60
2246, 79
2247, 67
2248, 29
2249, 56
2250, 1
2251, 58
2252, 69
2253, 47
2254, 60
2255, 29
2256, 56
2257, 2
2258, 1
2259, 2
2260, 55
2261, 1
2262, 4
2263, 41
2264, 18
2265, 16
2266, 2
2267, 29
2268, 33
2269, 17
2270, 29
2271, 1
2272, 59
2273, 38
2274, 1
2275, 74
2276, 77
2277, 77
2278, 1
2279, 35
2280, 1
2281, 32
2282, 33
2283, 1
2284, 61
2285, 32
2286, 1
2287, 30
2288, 6
2289, 62
2290, 38
2291, 1
2292, 81
2293, 71
2294, 43
2295, 1
2296, 67
2297, 38
2298, 33
2299, 60
2300, 1
2301, 30
2302, 6
2303, 1
2304, 1
2305, 60
2306, 41
2307, 1
2308, 75
2309, 52
2310, 1
2311, 28
2312, 53
2313, 1
2314, 29
2315, 44
2316, 56
2317, 1
2318, 29
2319, 1
2320, 57
2321, 41
2322, 1
2323, 54
2324, 20
2325, 33
2326, 1
2327, 1
2328, 55
2329, 56
2330, 64
2331, 36
2332, 56
2333, 1
2334, 18
2335, 2
2336, 2
2337, 67
2338, 68
2339, 34
2340, 1
2341, 71
2342, 69
2343, 67
2344, 57
2345, 1
2346, 12
2347, 45
2348, 36
2349, 42
2350, 2
2351, 69
2352, 16
2353, 2
2354, 1
2355, 2
2356, 71
2357, 71
2358, 68
2359, 71
2360, 68
2361, 63
2362, 19
2363, 1
2364, 5
2365, 24
2366, 2
2367, 30
2368, 43
2369, 9
2370, 25
2371, 25
2372, 42
2373, 43
2374, 47
2375, 1
2376, 26
2377, 29
2378, 1
2379, 25
2380, 24
2381, 67
2382, 1
2383, 78
2384, 76
2385, 53
2386, 1
2387, 23
2388, 6
2389, 58
2390, 58
2391, 48
2392, 48
2393, 74
2394, 6
2395, 29
2396, 6
2397, 56
2398, 44
2399, 44
2400, 6
2401, 1
2402, 32
2403, 46
2404, 25
2405, 8
2406, 61
2407, 67
2408, 49
2409, 8
2410, 1
2411, 75
2412, 45
2413, 30
2414, 64
2415, 1
2416, 80
2417, 42
2418, 30
2419, 64
2420, 1
2421, 77
2422, 23
2423, 6
2424, 57
2425, 42
2426, 10
2427, 53
2428, 81
2429, 10
2430, 1
2431, 57
2432, 66
2433, 6
2434, 1
2435, 35
2436, 28
2437, 44
2438, 1
2439, 66
2440, 31
2441, 2
2442, 1
2443, 2
2444, 64
2445, 48
2446, 1
2447, 64
2448, 70
2449, 65
2450, 37
2451, 1
2452, 12
2453, 45
2454, 36
2455, 42
2456, 2
2457, 66
2458, 73
2459, 71
2460, 2
2461, 1
2462, 2
2463, 1
2464, 71
2465, 72
2466, 67
2467, 71
2468, 68
2469, 63
2470, 19
2471, 1
2472, 5
2473, 24
2474, 2
2475, 30
2476, 43
2477, 9
2478, 25
2479, 25
2480, 16
2481, 19
2482, 1
2483, 66
2484, 31
2485, 1
2486, 29
2487, 28
2488, 44
2489, 1
2490, 77
2491, 81
2492, 1
2493, 25
2494, 66
2495, 1
2496, 44
2497, 44
2498, 44
2499, 1
2500, 35
2501, 46
2502, 25
2503, 8
2504, 61
2505, 49
2506, 67
2507, 8
2508, 1
2509, 78
2510, 45
2511, 30
2512, 64
2513, 1
2514, 80
2515, 19
2516, 42
2517, 30
2518, 8
2519, 64
2520, 27
2521, 13
2522, 12
2523, 29
2524, 16
2525, 72
2526, 33
2527, 16
2528, 70
2529, 12
2530, 8
2531, 1
2532, 67
2533, 73
2534, 38
2535, 35
2536, 74
2537, 1
2538, 19
2539, 6
2540, 45
2541, 66
2542, 66
2543, 56
2544, 11
2545, 64
2546, 6
2547, 41
2548, 72
2549, 1
2550, 42
2551, 46
2552, 2
2553, 1
2554, 2
2555, 80
2556, 79
2557, 78
2558, 79
2559, 72
2560, 14
2561, 1
2562, 78
2563, 77
2564, 72
2565, 61
2566, 1
2567, 5
2568, 41
2569, 19
2570, 35
2571, 2
2572, 35
2573, 2
2574, 1
2575, 2
2576, 79
2577, 80
2578, 79
2579, 78
2580, 17
2581, 1
2582, 5
2583, 41
2584, 16
2585, 18
2586, 17
2587, 2
2588, 18
2589, 13
2590, 1
2591, 25
2592, 14
2593, 1
2594, 28
2595, 6
2596, 17
2597, 48
2598, 18
2599, 64
2600, 67
2601, 57
2602, 55
2603, 34
2604, 1
2605, 25
2606, 1
2607, 14
2608, 38
2609, 26
2610, 18
2611, 1
2612, 46
2613, 48
2614, 13
2615, 1
2616, 20
2617, 23
2618, 43
2619, 13
2620, 1
2621, 13
2622, 16
2623, 6
2624, 2
2625, 1
2626, 2
2627, 80
2628, 80
2629, 29
2630, 1
2631, 5
2632, 39
2633, 19
2634, 12
2635, 2
2636, 27
2637, 21
2638, 1
2639, 24
2640, 6
2641, 13
2642, 13
2643, 1
2644, 14
2645, 46
2646, 14
2647, 1
2648, 20
2649, 50
2650, 14
2651, 1
2652, 71
2653, 55
2654, 21
2655, 27
2656, 43
2657, 27
2658, 14
2659, 1
2660, 20
2661, 16
2662, 37
2663, 14
2664, 6
2665, 1
2666, 61
2667, 2
2668, 1
2669, 2
2670, 69
2671, 1
2672, 12
2673, 48
2674, 19
2675, 12
2676, 2
2677, 21
2678, 21
2679, 1
2680, 24
2681, 6
2682, 13
2683, 74
2684, 13
2685, 1
2686, 17
2687, 14
2688, 19
2689, 19
2690, 14
2691, 13
2692, 1
2693, 20
2694, 21
2695, 20
2696, 16
2697, 14
2698, 13
2699, 1
2700, 15
2701, 24
2702, 24
2703, 68
2704, 67
2705, 10
2706, 28
2707, 28
2708, 10
2709, 13
2710, 6
2711, 1
2712, 24
2713, 11
2714, 39
2715, 1
2716, 7
2717, 6
2718, 31
2719, 24
2720, 1
2721, 35
2722, 10
2723, 66
2724, 69
2725, 59
2726, 57
2727, 32
2728, 10
2729, 1
2730, 37
2731, 10
2732, 29
2733, 24
2734, 10
2735, 42
2736, 10
2737, 29
2738, 24
2739, 10
2740, 1
2741, 54
2742, 75
2743, 11
2744, 76
2745, 6
2746, 1
2747, 23
2748, 1
2749, 11
2750, 39
2751, 1
2752, 7
2753, 6
2754, 23
2755, 1
2756, 29
2757, 10
2758, 21
2759, 66
2760, 69
2761, 59
2762, 57
2763, 32
2764, 36
2765, 80
2766, 1
2767, 29
2768, 18
2769, 59
2770, 17
2771, 1
2772, 24
2773, 55
2774, 17
2775, 1
2776, 25
2777, 24
2778, 20
2779, 51
2780, 17
2781, 1
2782, 17
2783, 78
2784, 10
2785, 6
2786, 1
2787, 23
2788, 2
2789, 1
2790, 2
2791, 80
2792, 58
2793, 1
2794, 72
2795, 77
2796, 68
2797, 75
2798, 78
2799, 55
2800, 1
2801, 79
2802, 79
2803, 41
2804, 1
2805, 80
2806, 80
2807, 41
2808, 1
2809, 54
2810, 76
2811, 69
2812, 66
2813, 61
2814, 68
2815, 1
2816, 40
2817, 23
2818, 44
2819, 37
2820, 69
2821, 59
2822, 77
2823, 67
2824, 52
2825, 62
2826, 69
2827, 26
2828, 66
2829, 56
2830, 1
2831, 5
2832, 39
2833, 19
2834, 12
2835, 17
2836, 2
2837, 49
2838, 23
2839, 22
2840, 12
2841, 11
2842, 1
2843, 18
2844, 6
2845, 37
2846, 41
2847, 13
2848, 1
2849, 66
2850, 40
2851, 73
2852, 1
2853, 44
2854, 45
2855, 36
2856, 13
2857, 1
2858, 84
2859, 55
2860, 73
2861, 1
2862, 52
2863, 13
2864, 1
2865, 62
2866, 31
2867, 73
2868, 1
2869, 65
2870, 13
2871, 1
2872, 60
2873, 60
2874, 65
2875, 72
2876, 13
2877, 1
2878, 66
2879, 34
2880, 25
2881, 15
2882, 20
2883, 21
2884, 1
2885, 81
2886, 81
2887, 80
2888, 76
2889, 24
2890, 53
2891, 36
2892, 43
2893, 78
2894, 79
2895, 10
2896, 44
2897, 1
2898, 34
2899, 38
2900, 1
2901, 46
2902, 64
2903, 1
2904, 51
2905, 64
2906, 1
2907, 15
2908, 58
2909, 10
2910, 1
2911, 60
2912, 63
2913, 1
2914, 60
2915, 63
2916, 1
2917, 57
2918, 57
2919, 1
2920, 11
2921, 75
2922, 13
2923, 1
2924, 60
2925, 77
2926, 42
2927, 1
2928, 84
2929, 42
2930, 1
2931, 11
2932, 68
2933, 13
2934, 1
2935, 83
2936, 39
2937, 28
2938, 44
2939, 68
2940, 13
2941, 1
2942, 84
2943, 28
2944, 10
2945, 51
2946, 51
2947, 51
2948, 51
2949, 51
2950, 51
2951, 51
2952, 51
2953, 51
2954, 51
2955, 1
2956, 17
2957, 70
2958, 10
2959, 13
2960, 1
2961, 72
2962, 37
2963, 57
2964, 1
2965, 11
2966, 68
2967, 13
2968, 1
2969, 41
2970, 37
2971, 56
2972, 1
2973, 11
2974, 68
2975, 13
2976, 1
2977, 1
2978, 83
2979, 57
2980, 72
2981, 46
2982, 10
2983, 48
2984, 18
2985, 10
2986, 1
2987, 25
2988, 1
2989, 15
2990, 23
2991, 48
2992, 1
2993, 34
2994, 49
2995, 1
2996, 28
2997, 58
2998, 1
2999, 39
3000, 48
3001, 1
3002, 11
3003, 66
3004, 1
3005, 14
3006, 1
3007, 13
3008, 8
3009, 22
3010, 1
3011, 72
3012, 29
3013, 8
3014, 6
3015, 2
3016, 1
3017, 2
3018, 78
3019, 1
3020, 4
3021, 24
3022, 2
3023, 13
3024, 2
3025, 1
3026, 2
3027, 63
3028, 1
3029, 12
3030, 53
3031, 30
3032, 29
3033, 14
3034, 14
3035, 2
3036, 34
3037, 46
3038, 44
3039, 35
3040, 35
3041, 35
3042, 35
3043, 35
3044, 35
3045, 1
3046, 33
3047, 1
3048, 59
3049, 53
3050, 55
3051, 65
3052, 1
3053, 58
3054, 60
3055, 53
3056, 1
3057, 31
3058, 60
3059, 45
3060, 63
3061, 1
3062, 30
3063, 36
3064, 2
3065, 1
3066, 2
3067, 79
3068, 78
3069, 79
3070, 59
3071, 1
3072, 5
3073, 56
3074, 15
3075, 17
3076, 23
3077, 2
3078, 62
3079, 26
3080, 33
3081, 24
3082, 80
3083, 50
3084, 54
3085, 1
3086, 56
3087, 73
3088, 2
3089, 1
3090, 2
3091, 77
3092, 74
3093, 29
3094, 1
3095, 79
3096, 77
3097, 80
3098, 28
3099, 1
3100, 4
3101, 46
3102, 29
3103, 12
3104, 19
3105, 2
3106, 14
3107, 15
3108, 1
3109, 24
3110, 6
3111, 13
3112, 13
3113, 1
3114, 17
3115, 26
3116, 31
3117, 15
3118, 1
3119, 25
3120, 1
3121, 14
3122, 56
3123, 13
3124, 1
3125, 15
3126, 24
3127, 24
3128, 1
3129, 35
3130, 30
3131, 1
3132, 66
3133, 27
3134, 1
3135, 80
3136, 15
3137, 1
3138, 29
3139, 10
3140, 17
3141, 17
3142, 1
3143, 21
3144, 32
3145, 36
3146, 19
3147, 1
3148, 29
3149, 1
3150, 18
3151, 61
3152, 17
3153, 1
3154, 24
3155, 61
3156, 17
3157, 1
3158, 25
3159, 24
3160, 20
3161, 19
3162, 17
3163, 10
3164, 13
3165, 1
3166, 20
3167, 56
3168, 13
3169, 1
3170, 21
3171, 20
3172, 16
3173, 15
3174, 13
3175, 1
3176, 19
3177, 19
3178, 24
3179, 79
3180, 17
3181, 13
3182, 6
3183, 1
3184, 25
3185, 6
3186, 114
3187, 69
3188, 21
3189, 6
3190, 1
3191, 14
3192, 2
3193, 1
3194, 2
3195, 73
3196, 73
3197, 55
3198, 1
3199, 49
3200, 1
3201, 69
3202, 1
3203, 78
3204, 69
3205, 1
3206, 80
3207, 79
3208, 40
3209, 1
3210, 76
3211, 76
3212, 78
3213, 33
3214, 1
3215, 4
3216, 50
3217, 12
3218, 32
3219, 46
3220, 36
3221, 2
3222, 22
3223, 1
3224, 25
3225, 6
3226, 15
3227, 10
3228, 79
3229, 25
3230, 41
3231, 27
3232, 10
3233, 11
3234, 10
3235, 84
3236, 25
3237, 10
3238, 6
3239, 1
3240, 14
3241, 2
3242, 1
3243, 2
3244, 72
3245, 79
3246, 80
3247, 43
3248, 1
3249, 75
3250, 79
3251, 80
3252, 56
3253, 1
3254, 68
3255, 1
3256, 4
3257, 37
3258, 15
3259, 2
3260, 27
3261, 6
3262, 13
3263, 13
3264, 1
3265, 19
3266, 19
3267, 19
3268, 6
3269, 1
3270, 16
3271, 2
3272, 1
3273, 2
3274, 60
3275, 1
3276, 4
3277, 52
3278, 19
3279, 17
3280, 15
3281, 15
3282, 2
3283, 49
3284, 44
3285, 86
3286, 1
3287, 21
3288, 56
3289, 55
3290, 66
3291, 21
3292, 1
3293, 27
3294, 40
3295, 34
3296, 41
3297, 59
3298, 65
3299, 1
3300, 7
3301, 51
3302, 2
3303, 1
3304, 2
3305, 79
3306, 69
3307, 1
3308, 13
3309, 34
3310, 21
3311, 15
3312, 2
3313, 68
3314, 6
3315, 72
3316, 49
3317, 1
3318, 79
3319, 55
3320, 1
3321, 46
3322, 30
3323, 1
3324, 51
3325, 58
3326, 49
3327, 6
3328, 1
3329, 75
3330, 6
3331, 40
3332, 42
3333, 36
3334, 1
3335, 46
3336, 40
3337, 34
3338, 6
3339, 1
3340, 41
3341, 44
3342, 43
3343, 26
3344, 1
3345, 53
3346, 2
3347, 1
3348, 2
3349, 69
3350, 54
3351, 1
3352, 4
3353, 58
3354, 15
3355, 15
3356, 21
3357, 22
3358, 2
3359, 14
3360, 44
3361, 31
3362, 1
3363, 30
3364, 6
3365, 48
3366, 22
3367, 1
3368, 43
3369, 32
3370, 1
3371, 54
3372, 22
3373, 6
3374, 1
3375, 80
3376, 65
3377, 1
3378, 33
3379, 60
3380, 73
3381, 1
3382, 24
3383, 38
3384, 34
3385, 56
3386, 78
3387, 75
3388, 62
3389, 66
3390, 7
3391, 6
3392, 80
3393, 72
3394, 53
3395, 40
3396, 36
3397, 58
3398, 80
3399, 77
3400, 64
3401, 61
3402, 1
3403, 40
3404, 36
3405, 58
3406, 80
3407, 77
3408, 65
3409, 61
3410, 10
3411, 6
3412, 1
3413, 15
3414, 2
3415, 1
3416, 2
3417, 75
3418, 75
3419, 80
3420, 34
3421, 1
3422, 5
3423, 36
3424, 32
3425, 2
3426, 2
3427, 1
3428, 2
3429, 79
3430, 75
3431, 80
3432, 67
3433, 74
3434, 1
3435, 77
3436, 49
3437, 1
3438, 11
3439, 46
3440, 15
3441, 32
3442, 19
3443, 15
3444, 2
3445, 39
3446, 36
3447, 1
3448, 50
3449, 47
3450, 6
3451, 36
3452, 15
3453, 1
3454, 54
3455, 52
3456, 58
3457, 56
3458, 10
3459, 27
3460, 10
3461, 6
3462, 1
3463, 15
3464, 2
3465, 1
3466, 58
3467, 63
3468, 54
3469, 11
3470, 19
3471, 2
3472, 12
3473, 2
3474, 1
3475, 2
3476, 54
3477, 35
3478, 1
3479, 33
3480, 28
3481, 2
3482, 56
3483, 2
3484, 1
3485, 67
3486, 1
3487, 5
3488, 23
3489, 2
3490, 77
3491, 50
3492, 2
3493, 1
3494, 47
3495, 1
3496, 77
3497, 70
3498, 73
3499, 59
3500, 1
3501, 4
3502, 20
3503, 2
3504, 53
3505, 2
