1, 62
2, 76
3, 75
4, 1
5, 26
6, 1
7, 69
8, 69
9, 69
10, 9
11, 1
12, 71
13, 66
14, 70
15, 18
16, 1
17, 66
18, 65
19, 65
20, 21
21, 1
22, 1
23, 20
24, 20
25, 23
26, 16
27, 17
28, 18
29, 25
30, 23
31, 26
32, 19
33, 18
34, 23
35, 18
36, 22
37, 19
38, 18
39, 20
40, 25
41, 20
42, 20
43, 21
44, 23
45, 1
46, 24
47, 28
48, 32
49, 6
50, 32
51, 7
52, 7
53, 1
54, 23
55, 28
56, 32
57, 6
58, 32
59, 7
60, 7
61, 1
62, 59
63, 44
64, 52
65, 29
66, 1
67, 48
68, 74
69, 62
70, 62
71, 51
72, 1
73, 79
74, 1
75, 17
76, 1
77, 30
78, 1
79, 74
80, 41
81, 85
82, 1
83, 67
84, 22
85, 1
86, 23
87, 1
88, 37
89, 30
90, 52
91, 1
92, 22
93, 1
94, 65
95, 24
96, 1
97, 49
98, 61
99, 64
100, 1
101, 5
102, 30
103, 2
104, 19
105, 2
106, 1
107, 5
108, 18
109, 2
110, 19
111, 2
112, 1
113, 2
114, 59
115, 61
116, 1
117, 4
118, 27
119, 2
120, 17
121, 17
122, 28
123, 9
124, 1
125, 50
126, 24
127, 6
128, 70
129, 40
130, 30
131, 37
132, 6
133, 1
134, 33
135, 21
136, 14
137, 22
138, 14
139, 1
140, 48
141, 54
142, 1
143, 62
144, 1
145, 34
146, 6
147, 38
148, 23
149, 8
150, 58
151, 32
152, 1
153, 45
154, 13
155, 6
156, 1
157, 12
158, 2
159, 2
160, 46
161, 1
162, 24
163, 2
164, 14
165, 16
166, 12
167, 11
168, 12
169, 1
170, 26
171, 30
172, 1
173, 28
174, 1
175, 73
176, 75
177, 30
178, 1
179, 77
180, 73
181, 73
182, 24
183, 1
184, 74
185, 73
186, 70
187, 1
188, 76
189, 76
190, 70
191, 51
192, 1
193, 4
194, 62
195, 2
196, 18
197, 1
198, 44
199, 14
200, 1
201, 50
202, 1
203, 14
204, 1
205, 54
206, 40
207, 6
208, 34
209, 66
210, 58
211, 47
212, 11
213, 27
214, 1
215, 75
216, 6
217, 1
218, 40
219, 34
220, 34
221, 1
222, 33
223, 6
224, 73
225, 22
226, 58
227, 31
228, 6
229, 1
230, 17
231, 1
232, 77
233, 31
234, 1
235, 16
236, 14
237, 7
238, 34
239, 2
240, 1
241, 1
242, 78
243, 62
244, 1
245, 4
246, 26
247, 2
248, 28
249, 24
250, 73
251, 19
252, 32
253, 34
254, 59
255, 33
256, 65
257, 1
258, 1
259, 77
260, 60
261, 56
262, 33
263, 14
264, 1
265, 76
266, 74
267, 30
268, 24
269, 6
270, 18
271, 1
272, 45
273, 13
274, 1
275, 76
276, 36
277, 36
278, 37
279, 6
280, 1
281, 66
282, 24
283, 6
284, 27
285, 1
286, 36
287, 13
288, 6
289, 1
290, 28
291, 12
292, 2
293, 1
294, 60
295, 4
296, 27
297, 2
298, 22
299, 2
300, 1
301, 54
302, 58
303, 1
304, 4
305, 25
306, 2
307, 9
308, 33
309, 1
310, 79
311, 20
312, 1
313, 70
314, 72
315, 73
316, 64
317, 19
318, 1
319, 38
320, 6
321, 38
322, 1
323, 74
324, 40
325, 51
326, 13
327, 1
328, 26
329, 5
330, 67
331, 14
332, 5
333, 40
334, 5
335, 33
336, 1
337, 66
338, 63
339, 70
340, 66
341, 33
342, 36
343, 73
344, 50
345, 9
346, 21
347, 1
348, 36
349, 36
350, 14
351, 8
352, 15
353, 1
354, 15
355, 40
356, 52
357, 50
358, 56
359, 8
360, 1
361, 66
362, 57
363, 54
364, 63
365, 1
366, 62
367, 69
368, 37
369, 1
370, 65
371, 19
372, 9
373, 66
374, 71
375, 32
376, 17
377, 10
378, 14
379, 5
380, 31
381, 6
382, 1
383, 29
384, 2
385, 1
386, 74
387, 76
388, 38
389, 1
390, 5
391, 28
392, 2
393, 9
394, 18
395, 1
396, 36
397, 26
398, 33
399, 49
400, 29
401, 1
402, 19
403, 2
404, 1
405, 70
406, 69
407, 52
408, 1
409, 4
410, 26
411, 2
412, 26
413, 6
414, 31
415, 16
416, 6
417, 7
418, 6
419, 26
420, 16
421, 6
422, 2
423, 1
424, 1
425, 65
426, 1
427, 4
428, 29
429, 2
430, 22
431, 2
432, 1
433, 48
434, 1
435, 5
436, 25
437, 2
438, 9
439, 1
440, 71
441, 25
442, 43
443, 6
444, 40
445, 59
446, 56
447, 6
448, 21
449, 2
450, 1
451, 73
452, 39
453, 1
454, 12
455, 64
456, 2
457, 12
458, 19
459, 16
460, 22
461, 41
462, 34
463, 11
464, 1
465, 10
466, 12
467, 1
468, 23
469, 31
470, 21
471, 39
472, 1
473, 76
474, 75
475, 32
476, 1
477, 16
478, 36
479, 40
480, 35
481, 77
482, 32
483, 6
484, 44
485, 14
486, 6
487, 1
488, 59
489, 74
490, 76
491, 71
492, 1
493, 32
494, 6
495, 48
496, 5
497, 50
498, 68
499, 9
500, 56
501, 74
502, 55
503, 41
504, 64
505, 37
506, 9
507, 10
508, 70
509, 5
510, 6
511, 7
512, 53
513, 8
514, 22
515, 62
516, 27
517, 47
518, 70
519, 8
520, 1
521, 63
522, 35
523, 12
524, 1
525, 75
526, 52
527, 59
528, 39
529, 1
530, 67
531, 48
532, 1
533, 31
534, 65
535, 6
536, 36
537, 60
538, 44
539, 46
540, 37
541, 16
542, 27
543, 6
544, 1
545, 16
546, 6
547, 15
548, 72
549, 52
550, 70
551, 43
552, 68
553, 33
554, 30
555, 62
556, 13
557, 16
558, 46
559, 48
560, 33
561, 30
562, 44
563, 36
564, 48
565, 41
566, 13
567, 22
568, 22
569, 46
570, 5
571, 64
572, 27
573, 65
574, 41
575, 15
576, 57
577, 44
578, 5
579, 13
580, 17
581, 68
582, 69
583, 32
584, 1
585, 57
586, 57
587, 53
588, 15
589, 42
590, 13
591, 23
592, 23
593, 78
594, 78
595, 74
596, 56
597, 1
598, 30
599, 44
600, 44
601, 58
602, 39
603, 5
604, 47
605, 57
606, 37
607, 1
608, 39
609, 9
610, 36
611, 43
612, 43
613, 30
614, 9
615, 44
616, 9
617, 36
618, 42
619, 43
620, 30
621, 9
622, 1
623, 61
624, 33
625, 67
626, 9
627, 43
628, 21
629, 1
630, 62
631, 40
632, 50
633, 15
634, 65
635, 18
636, 1
637, 48
638, 1
639, 72
640, 1
641, 67
642, 60
643, 9
644, 5
645, 1
646, 13
647, 1
648, 13
649, 13
650, 6
651, 2
652, 1
653, 70
654, 74
655, 1
656, 4
657, 50
658, 2
659, 60
660, 32
661, 2
662, 1
663, 63
664, 1
665, 5
666, 56
667, 2
668, 60
669, 2
670, 1
671, 68
672, 33
673, 2
674, 34
675, 32
676, 68
677, 3
678, 1
679, 12
680, 44
681, 2
682, 38
683, 49
684, 1
685, 55
686, 2
687, 1
688, 68
689, 18
690, 1
691, 5
692, 56
693, 2
694, 38
695, 1
696, 17
697, 13
698, 17
699, 59
700, 2
701, 1
702, 22
703, 74
704, 60
705, 1
706, 5
707, 34
708, 2
709, 9
710, 18
711, 21
712, 1
713, 24
714, 1
715, 29
716, 6
717, 45
718, 58
719, 54
720, 46
721, 59
722, 55
723, 6
724, 39
725, 43
726, 8
727, 32
728, 1
729, 46
730, 7
731, 44
732, 57
733, 58
734, 45
735, 58
736, 59
737, 7
738, 8
739, 72
740, 2
741, 2
742, 16
743, 63
744, 53
745, 37
746, 1
747, 4
748, 41
749, 2
750, 35
751, 1
752, 76
753, 17
754, 14
755, 1
756, 24
757, 54
758, 2
759, 7
760, 2
761, 78
762, 70
763, 76
764, 71
765, 1
766, 13
767, 39
768, 2
769, 16
770, 37
771, 19
772, 20
773, 9
774, 19
775, 1
776, 16
777, 6
778, 20
779, 16
780, 20
781, 21
782, 23
783, 23
784, 18
785, 16
786, 1
787, 14
788, 78
789, 65
790, 69
791, 36
792, 41
793, 38
794, 30
795, 45
796, 43
797, 65
798, 54
799, 55
800, 55
801, 10
802, 1
803, 53
804, 1
805, 14
806, 17
807, 53
808, 1
809, 13
810, 13
811, 6
812, 1
813, 75
814, 64
815, 1
816, 31
817, 51
818, 6
819, 25
820, 5
821, 29
822, 49
823, 49
824, 26
825, 10
826, 61
827, 1
828, 22
829, 29
830, 27
831, 31
832, 17
833, 5
834, 30
835, 5
836, 12
837, 1
838, 47
839, 9
840, 39
841, 25
842, 41
843, 59
844, 25
845, 14
846, 66
847, 1
848, 26
849, 28
850, 31
851, 16
852, 9
853, 5
854, 6
855, 1
856, 17
857, 2
858, 2
859, 68
860, 77
861, 15
862, 1
863, 75
864, 1
865, 79
866, 75
867, 27
868, 1
869, 78
870, 43
871, 1
872, 67
873, 76
874, 72
875, 39
876, 1
877, 6
878, 48
879, 2
880, 12
881, 15
882, 12
883, 1
884, 16
885, 23
886, 6
887, 31
888, 20
889, 52
890, 13
891, 1
892, 58
893, 26
894, 17
895, 21
896, 6
897, 7
898, 1
899, 63
900, 14
901, 1
902, 40
903, 37
904, 40
905, 53
906, 8
907, 62
908, 33
909, 14
910, 1
911, 13
912, 7
913, 59
914, 17
915, 23
916, 22
917, 7
918, 8
919, 1
920, 12
921, 2
922, 2
923, 68
924, 60
925, 66
926, 59
927, 1
928, 76
929, 71
930, 1
931, 69
932, 11
933, 1
934, 68
935, 43
936, 1
937, 67
938, 62
939, 1
940, 4
941, 49
942, 2
943, 38
944, 1
945, 24
946, 26
947, 1
948, 48
949, 49
950, 52
951, 43
952, 52
953, 14
954, 1
955, 33
956, 26
957, 64
958, 14
959, 1
960, 23
961, 64
962, 29
963, 56
964, 39
965, 1
966, 70
967, 61
968, 1
969, 29
970, 14
971, 1
972, 22
973, 6
974, 33
975, 1
976, 23
977, 67
978, 61
979, 62
980, 51
981, 43
982, 63
983, 13
984, 7
985, 75
986, 74
987, 72
988, 50
989, 1
990, 30
991, 53
992, 21
993, 13
994, 1
995, 77
996, 48
997, 46
998, 72
999, 13
1000, 1
1001, 16
1002, 28
1003, 6
1004, 1
1005, 19
1006, 71
1007, 48
1008, 52
1009, 1
1010, 19
1011, 6
1012, 28
1013, 1
1014, 48
1015, 13
1016, 1
1017, 65
1018, 47
1019, 13
1020, 6
1021, 1
1022, 12
1023, 2
1024, 2
1025, 67
1026, 17
1027, 1
1028, 68
1029, 47
1030, 1
1031, 4
1032, 49
1033, 2
1034, 38
1035, 2
1036, 1
1037, 56
1038, 55
1039, 1
1040, 68
1041, 43
1042, 1
1043, 64
1044, 67
1045, 68
1046, 65
1047, 65
1048, 65
1049, 72
1050, 1
1051, 4
1052, 50
1053, 2
1054, 49
1055, 14
1056, 1
1057, 31
1058, 6
1059, 33
1060, 1
1061, 77
1062, 54
1063, 47
1064, 63
1065, 66
1066, 32
1067, 45
1068, 38
1069, 1
1070, 32
1071, 22
1072, 44
1073, 69
1074, 60
1075, 63
1076, 13
1077, 7
1078, 1
1079, 77
1080, 48
1081, 46
1082, 72
1083, 13
1084, 1
1085, 16
1086, 6
1087, 1
1088, 56
1089, 35
1090, 21
1091, 45
1092, 55
1093, 2
1094, 1
1095, 65
1096, 1
1097, 4
1098, 73
1099, 2
1100, 39
1101, 2
1102, 1
1103, 73
1104, 27
1105, 1
1106, 4
1107, 49
1108, 2
1109, 49
1110, 14
1111, 1
1112, 35
1113, 20
1114, 50
1115, 2
1116, 1
1117, 62
1118, 1
1119, 68
1120, 47
1121, 1
1122, 4
1123, 51
1124, 2
1125, 48
1126, 49
1127, 52
1128, 43
1129, 52
1130, 14
1131, 1
1132, 33
1133, 26
1134, 64
1135, 14
1136, 1
1137, 26
1138, 51
1139, 39
1140, 54
1141, 37
1142, 2
1143, 1
1144, 58
1145, 1
1146, 4
1147, 51
1148, 2
1149, 34
1150, 14
1151, 1
1152, 23
1153, 64
1154, 14
1155, 1
1156, 12
1157, 2
1158, 1
1159, 72
1160, 30
1161, 1
1162, 4
1163, 54
1164, 2
1165, 48
1166, 49
1167, 52
1168, 43
1169, 52
1170, 14
1171, 1
1172, 72
1173, 51
1174, 41
1175, 2
1176, 1
1177, 77
1178, 1
1179, 4
1180, 54
1181, 2
1182, 60
1183, 2
1184, 1
1185, 79
1186, 1
1187, 4
1188, 51
1189, 2
1190, 23
1191, 6
1192, 52
1193, 48
1194, 56
1195, 42
1196, 51
1197, 13
1198, 1
1199, 37
1200, 25
1201, 63
1202, 13
1203, 1
1204, 66
1205, 31
1206, 58
1207, 41
1208, 6
1209, 1
1210, 49
1211, 14
1212, 1
1213, 31
1214, 6
1215, 77
1216, 54
1217, 47
1218, 63
1219, 66
1220, 32
1221, 57
1222, 38
1223, 28
1224, 6
1225, 1
1226, 56
1227, 35
1228, 21
1229, 45
1230, 55
1231, 2
1232, 1
1233, 63
1234, 38
1235, 1
1236, 68
1237, 47
1238, 1
1239, 4
1240, 46
1241, 2
1242, 52
1243, 1
1244, 21
1245, 47
1246, 7
1247, 1
1248, 19
1249, 14
1250, 1
1251, 49
1252, 14
1253, 1
1254, 21
1255, 1
1256, 44
1257, 6
1258, 44
1259, 13
1260, 6
1261, 7
1262, 6
1263, 38
1264, 40
1265, 47
1266, 55
1267, 28
1268, 64
1269, 6
1270, 62
1271, 7
1272, 7
1273, 13
1274, 6
1275, 1
1276, 44
1277, 2
1278, 1
1279, 63
1280, 37
1281, 1
1282, 68
1283, 47
1284, 1
1285, 4
1286, 45
1287, 2
1288, 19
1289, 14
1290, 1
1291, 49
1292, 14
1293, 1
1294, 21
1295, 1
1296, 39
1297, 14
1298, 1
1299, 44
1300, 2
1301, 1
1302, 65
1303, 1
1304, 4
1305, 69
1306, 2
1307, 46
1308, 12
1309, 1
1310, 6
1311, 12
1312, 2
1313, 1
1314, 62
1315, 30
1316, 1
1317, 68
1318, 47
1319, 1
1320, 4
1321, 48
1322, 2
1323, 13
1324, 1
1325, 26
1326, 74
1327, 71
1328, 53
1329, 1
1330, 49
1331, 14
1332, 1
1333, 14
1334, 34
1335, 32
1336, 1
1337, 56
1338, 2
1339, 1
1340, 71
1341, 71
1342, 1
1343, 4
1344, 50
1345, 2
1346, 78
1347, 25
1348, 61
1349, 6
1350, 37
1351, 35
1352, 1
1353, 53
1354, 13
1355, 1
1356, 74
1357, 71
1358, 66
1359, 17
1360, 1
1361, 72
1362, 48
1363, 61
1364, 57
1365, 65
1366, 6
1367, 1
1368, 21
1369, 34
1370, 48
1371, 2
1372, 1
1373, 70
1374, 57
1375, 1
1376, 4
1377, 53
1378, 2
1379, 54
1380, 28
1381, 2
1382, 2
1383, 51
1384, 70
1385, 28
1386, 1
1387, 4
1388, 25
1389, 2
1390, 27
1391, 6
1392, 23
1393, 66
1394, 47
1395, 14
1396, 53
1397, 74
1398, 58
1399, 11
1400, 14
1401, 19
1402, 49
1403, 67
1404, 5
1405, 66
1406, 81
1407, 12
1408, 17
1409, 1
1410, 74
1411, 45
1412, 9
1413, 57
1414, 13
1415, 61
1416, 17
1417, 9
1418, 1
1419, 53
1420, 17
1421, 1
1422, 41
1423, 54
1424, 56
1425, 34
1426, 9
1427, 41
1428, 36
1429, 17
1430, 55
1431, 17
1432, 75
1433, 51
1434, 52
1435, 68
1436, 17
1437, 9
1438, 72
1439, 19
1440, 5
1441, 64
1442, 5
1443, 38
1444, 65
1445, 12
1446, 1
1447, 73
1448, 49
1449, 55
1450, 20
1451, 1
1452, 62
1453, 5
1454, 11
1455, 14
1456, 13
1457, 17
1458, 6
1459, 2
1460, 1
1461, 57
1462, 71
1463, 79
1464, 58
1465, 47
1466, 34
1467, 1
1468, 57
1469, 33
1470, 1
1471, 13
1472, 66
1473, 63
1474, 2
1475, 9
1476, 17
1477, 28
1478, 1
1479, 75
1480, 6
1481, 34
1482, 78
1483, 1
1484, 57
1485, 1
1486, 38
1487, 5
1488, 23
1489, 61
1490, 19
1491, 56
1492, 22
1493, 70
1494, 16
1495, 58
1496, 5
1497, 1
1498, 35
1499, 54
1500, 20
1501, 34
1502, 24
1503, 39
1504, 23
1505, 60
1506, 17
1507, 42
1508, 48
1509, 6
1510, 44
1511, 6
1512, 24
1513, 62
1514, 1
1515, 53
1516, 1
1517, 69
1518, 67
1519, 38
1520, 5
1521, 23
1522, 57
1523, 19
1524, 52
1525, 22
1526, 66
1527, 16
1528, 54
1529, 5
1530, 48
1531, 6
1532, 39
1533, 48
1534, 68
1535, 6
1536, 50
1537, 67
1538, 51
1539, 59
1540, 1
1541, 54
1542, 1
1543, 38
1544, 58
1545, 38
1546, 5
1547, 53
1548, 39
1549, 1
1550, 19
1551, 54
1552, 23
1553, 59
1554, 22
1555, 66
1556, 16
1557, 62
1558, 13
1559, 5
1560, 1
1561, 32
1562, 5
1563, 23
1564, 64
1565, 19
1566, 59
1567, 22
1568, 73
1569, 16
1570, 61
1571, 5
1572, 1
1573, 48
1574, 6
1575, 39
1576, 58
1577, 6
1578, 44
1579, 1
1580, 40
1581, 51
1582, 1
1583, 32
1584, 5
1585, 23
1586, 57
1587, 19
1588, 52
1589, 22
1590, 66
1591, 16
1592, 54
1593, 5
1594, 1
1595, 48
1596, 6
1597, 1
1598, 19
1599, 2
1600, 1
1601, 52
1602, 58
1603, 1
1604, 4
1605, 48
1606, 2
1607, 18
1608, 1
1609, 46
1610, 34
1611, 1
1612, 22
1613, 6
1614, 28
1615, 15
1616, 17
1617, 5
1618, 13
1619, 19
1620, 15
1621, 13
1622, 13
1623, 13
1624, 13
1625, 13
1626, 13
1627, 13
1628, 13
1629, 12
1630, 1
1631, 53
1632, 53
1633, 62
1634, 63
1635, 61
1636, 26
1637, 8
1638, 21
1639, 36
1640, 19
1641, 20
1642, 15
1643, 1
1644, 13
1645, 41
1646, 19
1647, 12
1648, 1
1649, 13
1650, 35
1651, 40
1652, 19
1653, 12
1654, 1
1655, 31
1656, 46
1657, 19
1658, 12
1659, 1
1660, 13
1661, 71
1662, 68
1663, 72
1664, 33
1665, 1
1666, 72
1667, 1
1668, 20
1669, 15
1670, 46
1671, 49
1672, 19
1673, 12
1674, 1
1675, 13
1676, 20
1677, 15
1678, 46
1679, 49
1680, 19
1681, 12
1682, 1
1683, 13
1684, 13
1685, 39
1686, 43
1687, 65
1688, 19
1689, 12
1690, 1
1691, 13
1692, 39
1693, 68
1694, 19
1695, 12
1696, 13
1697, 39
1698, 68
1699, 19
1700, 12
1701, 1
1702, 13
1703, 36
1704, 43
1705, 39
1706, 14
1707, 26
1708, 1
1709, 13
1710, 75
1711, 19
1712, 12
1713, 1
1714, 13
1715, 36
1716, 43
1717, 39
1718, 19
1719, 12
1720, 1
1721, 13
1722, 36
1723, 70
1724, 19
1725, 12
1726, 13
1727, 36
1728, 70
1729, 19
1730, 12
1731, 13
1732, 36
1733, 70
1734, 19
1735, 12
1736, 13
1737, 36
1738, 70
1739, 19
1740, 12
1741, 13
1742, 36
1743, 70
1744, 19
1745, 12
1746, 13
1747, 36
1748, 70
1749, 19
1750, 12
1751, 13
1752, 36
1753, 70
1754, 19
1755, 12
1756, 13
1757, 36
1758, 70
1759, 19
1760, 12
1761, 1
1762, 13
1763, 17
1764, 12
1765, 1
1766, 13
1767, 41
1768, 19
1769, 12
1770, 1
1771, 12
1772, 68
1773, 49
1774, 63
1775, 9
1776, 17
1777, 39
1778, 13
1779, 46
1780, 18
1781, 9
1782, 28
1783, 56
1784, 19
1785, 54
1786, 61
1787, 43
1788, 19
1789, 55
1790, 62
1791, 44
1792, 19
1793, 7
1794, 12
1795, 5
1796, 44
1797, 9
1798, 17
1799, 36
1800, 15
1801, 13
1802, 6
1803, 1
1804, 17
1805, 2
1806, 2
1807, 72
1808, 74
1809, 41
1810, 1
1811, 6
1812, 32
1813, 2
1814, 12
1815, 38
1816, 1
1817, 59
1818, 1
1819, 67
1820, 24
1821, 14
1822, 1
1823, 59
1824, 1
1825, 29
1826, 14
1827, 1
1828, 66
1829, 1
1830, 48
1831, 52
1832, 14
1833, 1
1834, 71
1835, 1
1836, 25
1837, 6
1838, 52
1839, 20
1840, 15
1841, 6
1842, 1
1843, 25
1844, 6
1845, 52
1846, 20
1847, 15
1848, 6
1849, 1
1850, 12
1851, 2
1852, 2
1853, 40
1854, 42
1855, 40
1856, 39
1857, 40
1858, 1
1859, 69
1860, 1
1861, 57
1862, 35
1863, 1
1864, 4
1865, 30
1866, 2
1867, 23
1868, 65
1869, 2
1870, 1
1871, 56
1872, 57
1873, 1
1874, 4
1875, 40
1876, 2
1877, 23
1878, 65
1879, 2
1880, 1
1881, 68
1882, 67
1883, 36
1884, 1
1885, 69
1886, 52
1887, 1
1888, 63
1889, 40
1890, 1
1891, 4
1892, 67
1893, 2
1894, 38
1895, 9
1896, 14
1897, 11
1898, 45
1899, 60
1900, 47
1901, 1
1902, 30
1903, 14
1904, 1
1905, 76
1906, 30
1907, 1
1908, 36
1909, 14
1910, 1
1911, 69
1912, 69
1913, 67
1914, 40
1915, 20
1916, 49
1917, 1
1918, 49
1919, 68
1920, 1
1921, 62
1922, 6
1923, 16
1924, 1
1925, 16
1926, 46
1927, 77
1928, 71
1929, 38
1930, 1
1931, 58
1932, 16
1933, 19
1934, 6
1935, 1
1936, 44
1937, 14
1938, 1
1939, 64
1940, 67
1941, 61
1942, 72
1943, 55
1944, 29
1945, 25
1946, 63
1947, 51
1948, 52
1949, 7
1950, 40
1951, 1
1952, 73
1953, 72
1954, 34
1955, 2
1956, 1
1957, 66
1958, 54
1959, 1
1960, 68
1961, 64
1962, 1
1963, 4
1964, 104
1965, 2
1966, 44
1967, 12
1968, 75
1969, 29
1970, 12
1971, 2
1972, 2
1973, 76
1974, 78
1975, 76
1976, 48
1977, 5
1978, 31
1979, 2
1980, 56
1981, 12
1982, 23
1983, 26
1984, 2
1985, 1
1986, 75
1987, 29
1988, 5
1989, 41
1990, 2
1991, 30
1992, 30
1993, 49
1994, 33
1995, 2
1996, 1
1997, 65
1998, 4
1999, 39
2000, 2
2001, 31
2002, 40
2003, 7
2004, 14
2005, 2
2006, 2
2007, 44
2008, 1
2009, 5
2010, 24
2011, 2
2012, 9
2013, 13
2014, 17
2015, 29
2016, 1
2017, 26
2018, 29
2019, 33
2020, 25
2021, 26
2022, 1
2023, 27
2024, 6
2025, 14
2026, 18
2027, 20
2028, 19
2029, 24
2030, 14
2031, 1
2032, 14
2033, 53
2034, 18
2035, 11
2036, 21
2037, 19
2038, 50
2039, 68
2040, 57
2041, 18
2042, 11
2043, 21
2044, 23
2045, 14
2046, 64
2047, 26
2048, 5
2049, 49
2050, 1
2051, 75
2052, 51
2053, 1
2054, 72
2055, 52
2056, 40
2057, 40
2058, 42
2059, 24
2060, 9
2061, 53
2062, 40
2063, 20
2064, 50
2065, 9
2066, 12
2067, 5
2068, 35
2069, 1
2070, 13
2071, 17
2072, 72
2073, 33
2074, 1
2075, 37
2076, 21
2077, 32
2078, 1
2079, 71
2080, 67
2081, 51
2082, 1
2083, 27
2084, 1
2085, 38
2086, 5
2087, 73
2088, 68
2089, 71
2090, 49
2091, 70
2092, 5
2093, 6
2094, 34
2095, 31
2096, 54
2097, 53
2098, 14
2099, 1
2100, 68
2101, 2
2102, 1
2103, 73
2104, 68
2105, 53
2106, 5
2107, 30
2108, 2
2109, 9
2110, 1
2111, 46
2112, 59
2113, 54
2114, 1
2115, 46
2116, 6
2117, 13
2118, 42
2119, 49
2120, 1
2121, 32
2122, 1
2123, 54
2124, 5
2125, 29
2126, 31
2127, 29
2128, 29
2129, 1
2130, 34
2131, 9
2132, 36
2133, 19
2134, 9
2135, 1
2136, 14
2137, 9
2138, 22
2139, 23
2140, 9
2141, 18
2142, 37
2143, 36
2144, 8
2145, 13
2146, 15
2147, 8
2148, 1
2149, 20
2150, 8
2151, 46
2152, 46
2153, 36
2154, 46
2155, 46
2156, 55
2157, 15
2158, 1
2159, 16
2160, 31
2161, 15
2162, 16
2163, 33
2164, 15
2165, 16
2166, 36
2167, 15
2168, 1
2169, 56
2170, 56
2171, 10
2172, 21
2173, 53
2174, 58
2175, 19
2176, 10
2177, 18
2178, 1
2179, 16
2180, 33
2181, 15
2182, 16
2183, 33
2184, 15
2185, 16
2186, 33
2187, 15
2188, 16
2189, 36
2190, 15
2191, 16
2192, 33
2193, 15
2194, 16
2195, 35
2196, 15
2197, 1
2198, 16
2199, 34
2200, 62
2201, 65
2202, 15
2203, 1
2204, 16
2205, 16
2206, 23
2207, 69
2208, 15
2209, 1
2210, 15
2211, 44
2212, 12
2213, 37
2214, 19
2215, 12
2216, 45
2217, 12
2218, 38
2219, 25
2220, 31
2221, 33
2222, 54
2223, 32
2224, 19
2225, 12
2226, 1
2227, 21
2228, 32
2229, 34
2230, 72
2231, 15
2232, 8
2233, 37
2234, 9
2235, 5
2236, 6
2237, 2
2238, 1
2239, 72
2240, 35
2241, 73
2242, 70
2243, 1
2244, 62
2245, 72
2246, 24
2247, 1
2248, 56
2249, 61
2250, 63
2251, 48
2252, 74
2253, 1
2254, 73
2255, 52
2256, 1
2257, 69
2258, 66
2259, 77
2260, 77
2261, 74
2262, 74
2263, 79
2264, 78
2265, 1
2266, 19
2267, 2
2268, 19
2269, 3
2270, 1
2271, 4
2272, 32
2273, 2
2274, 47
2275, 45
2276, 40
2277, 9
2278, 1
2279, 54
2280, 25
2281, 1
2282, 25
2283, 68
2284, 14
2285, 1
2286, 46
2287, 6
2288, 50
2289, 33
2290, 6
2291, 1
2292, 5
2293, 6
2294, 37
2295, 16
2296, 20
2297, 29
2298, 1
2299, 59
2300, 5
2301, 40
2302, 45
2303, 40
2304, 21
2305, 18
2306, 14
2307, 14
2308, 1
2309, 29
2310, 1
2311, 66
2312, 52
2313, 23
2314, 26
2315, 1
2316, 34
2317, 9
2318, 37
2319, 60
2320, 61
2321, 49
2322, 39
2323, 37
2324, 31
2325, 9
2326, 1
2327, 49
2328, 55
2329, 31
2330, 16
2331, 1
2332, 8
2333, 55
2334, 11
2335, 20
2336, 15
2337, 13
2338, 19
2339, 16
2340, 13
2341, 1
2342, 51
2343, 30
2344, 13
2345, 1
2346, 19
2347, 51
2348, 47
2349, 9
2350, 13
2351, 31
2352, 15
2353, 13
2354, 1
2355, 19
2356, 30
2357, 36
2358, 37
2359, 13
2360, 1
2361, 63
2362, 63
2363, 8
2364, 60
2365, 65
2366, 52
2367, 1
2368, 65
2369, 1
2370, 60
2371, 45
2372, 1
2373, 19
2374, 19
2375, 1
2376, 39
2377, 17
2378, 1
2379, 24
2380, 19
2381, 13
2382, 12
2383, 49
2384, 48
2385, 1
2386, 66
2387, 61
2388, 31
2389, 30
2390, 31
2391, 30
2392, 1
2393, 47
2394, 12
2395, 1
2396, 41
2397, 41
2398, 1
2399, 22
2400, 19
2401, 1
2402, 60
2403, 59
2404, 58
2405, 36
2406, 12
2407, 56
2408, 60
2409, 12
2410, 8
2411, 15
2412, 13
2413, 1
2414, 19
2415, 64
2416, 66
2417, 68
2418, 31
2419, 22
2420, 70
2421, 25
2422, 17
2423, 13
2424, 1
2425, 49
2426, 64
2427, 61
2428, 57
2429, 19
2430, 68
2431, 64
2432, 22
2433, 10
2434, 25
2435, 37
2436, 32
2437, 53
2438, 63
2439, 21
2440, 10
2441, 57
2442, 17
2443, 13
2444, 1
2445, 19
2446, 60
2447, 60
2448, 23
2449, 15
2450, 13
2451, 1
2452, 19
2453, 54
2454, 33
2455, 22
2456, 10
2457, 25
2458, 53
2459, 38
2460, 19
2461, 26
2462, 61
2463, 19
2464, 19
2465, 10
2466, 66
2467, 46
2468, 17
2469, 44
2470, 48
2471, 50
2472, 17
2473, 13
2474, 1
2475, 19
2476, 21
2477, 49
2478, 50
2479, 17
2480, 13
2481, 1
2482, 19
2483, 21
2484, 49
2485, 50
2486, 17
2487, 13
2488, 1
2489, 19
2490, 19
2491, 40
2492, 44
2493, 66
2494, 17
2495, 13
2496, 1
2497, 19
2498, 19
2499, 40
2500, 58
2501, 17
2502, 13
2503, 1
2504, 19
2505, 37
2506, 44
2507, 40
2508, 15
2509, 19
2510, 27
2511, 17
2512, 13
2513, 1
2514, 19
2515, 37
2516, 44
2517, 40
2518, 17
2519, 13
2520, 1
2521, 19
2522, 19
2523, 19
2524, 19
2525, 19
2526, 19
2527, 19
2528, 19
2529, 37
2530, 60
2531, 17
2532, 13
2533, 1
2534, 19
2535, 21
2536, 58
2537, 24
2538, 50
2539, 32
2540, 29
2541, 56
2542, 17
2543, 13
2544, 1
2545, 19
2546, 52
2547, 66
2548, 63
2549, 25
2550, 45
2551, 48
2552, 47
2553, 50
2554, 17
2555, 13
2556, 1
2557, 18
2558, 8
2559, 27
2560, 1
2561, 23
2562, 64
2563, 27
2564, 12
2565, 27
2566, 27
2567, 29
2568, 55
2569, 56
2570, 26
2571, 60
2572, 23
2573, 12
2574, 28
2575, 50
2576, 19
2577, 1
2578, 48
2579, 64
2580, 43
2581, 62
2582, 28
2583, 51
2584, 54
2585, 53
2586, 57
2587, 19
2588, 49
2589, 65
2590, 27
2591, 19
2592, 7
2593, 15
2594, 8
2595, 11
2596, 26
2597, 1
2598, 28
2599, 45
2600, 36
2601, 16
2602, 17
2603, 5
2604, 52
2605, 67
2606, 18
2607, 5
2608, 22
2609, 1
2610, 66
2611, 21
2612, 1
2613, 51
2614, 42
2615, 38
2616, 16
2617, 56
2618, 58
2619, 65
2620, 33
2621, 46
2622, 59
2623, 46
2624, 57
2625, 29
2626, 63
2627, 50
2628, 51
2629, 60
2630, 47
2631, 67
2632, 49
2633, 20
2634, 1
2635, 17
2636, 9
2637, 42
2638, 8
2639, 65
2640, 69
2641, 8
2642, 1
2643, 19
2644, 9
2645, 5
2646, 1
2647, 27
2648, 6
2649, 57
2650, 1
2651, 26
2652, 70
2653, 71
2654, 19
2655, 36
2656, 7
2657, 14
2658, 2
2659, 1
2660, 50
2661, 67
2662, 29
2663, 73
2664, 1
2665, 4
2666, 62
2667, 32
2668, 2
2669, 31
2670, 1
2671, 21
2672, 14
2673, 1
2674, 36
2675, 58
2676, 30
2677, 6
2678, 14
2679, 23
2680, 51
2681, 20
2682, 58
2683, 26
2684, 12
2685, 22
2686, 6
2687, 1
2688, 12
2689, 2
2690, 2
2691, 70
2692, 76
2693, 32
2694, 1
2695, 11
2696, 22
2697, 2
2698, 61
2699, 32
2700, 50
2701, 1
2702, 20
2703, 21
2704, 1
2705, 54
2706, 27
2707, 1
2708, 65
2709, 66
2710, 41
2711, 6
2712, 33
2713, 15
2714, 5
2715, 25
2716, 40
2717, 24
2718, 14
2719, 32
2720, 5
2721, 6
2722, 15
2723, 2
2724, 1
2725, 78
2726, 1
2727, 5
2728, 31
2729, 2
2730, 18
2731, 16
2732, 18
2733, 1
2734, 45
2735, 25
2736, 19
2737, 1
2738, 27
2739, 6
2740, 22
2741, 27
2742, 1
2743, 55
2744, 5
2745, 64
2746, 52
2747, 30
2748, 37
2749, 24
2750, 9
2751, 38
2752, 1
2753, 65
2754, 61
2755, 63
2756, 38
2757, 8
2758, 64
2759, 65
2760, 58
2761, 62
2762, 34
2763, 30
2764, 12
2765, 63
2766, 46
2767, 60
2768, 11
2769, 40
2770, 27
2771, 11
2772, 64
2773, 42
2774, 12
2775, 8
2776, 14
2777, 8
2778, 38
2779, 18
2780, 12
2781, 63
2782, 58
2783, 28
2784, 1
2785, 37
2786, 34
2787, 41
2788, 28
2789, 12
2790, 8
2791, 9
2792, 5
2793, 6
2794, 1
2795, 15
2796, 6
2797, 51
2798, 1
2799, 43
2800, 1
2801, 64
2802, 58
2803, 6
2804, 1
2805, 27
2806, 59
2807, 31
2808, 1
2809, 23
2810, 23
2811, 7
2812, 1
2813, 25
2814, 2
2815, 1
2816, 67
2817, 47
2818, 1
2819, 13
2820, 30
2821, 2
2822, 18
2823, 1
2824, 47
2825, 6
2826, 31
2827, 25
2828, 5
2829, 61
2830, 62
2831, 64
2832, 34
2833, 34
2834, 9
2835, 65
2836, 61
2837, 54
2838, 58
2839, 26
2840, 1
2841, 67
2842, 31
2843, 36
2844, 9
2845, 10
2846, 26
2847, 5
2848, 6
2849, 12
2850, 2
2851, 2
2852, 22
2853, 23
2854, 2
2855, 12
2856, 22
2857, 3
2858, 1
2859, 72
2860, 26
2861, 62
2862, 25
2863, 1
2864, 60
2865, 66
2866, 41
2867, 27
2868, 1
2869, 74
2870, 74
2871, 32
2872, 1
2873, 4
2874, 24
2875, 2
2876, 41
2877, 1
2878, 22
2879, 36
2880, 34
2881, 1
2882, 34
2883, 2
2884, 1
2885, 61
2886, 24
2887, 1
2888, 4
2889, 40
2890, 2
2891, 46
2892, 1
2893, 24
2894, 38
2895, 36
2896, 1
2897, 54
2898, 1
2899, 70
2900, 2
2901, 1
2902, 28
2903, 1
2904, 4
2905, 36
2906, 2
2907, 16
2908, 1
2909, 46
2910, 1
2911, 24
2912, 38
2913, 36
2914, 1
2915, 54
2916, 1
2917, 23
2918, 47
2919, 19
2920, 71
2921, 16
2922, 12
2923, 2
2924, 1
2925, 76
2926, 75
2927, 77
2928, 75
2929, 24
2930, 75
2931, 1
2932, 72
2933, 71
2934, 17
2935, 1
2936, 4
2937, 67
2938, 58
2939, 2
2940, 25
2941, 21
2942, 21
2943, 9
2944, 1
2945, 47
2946, 45
2947, 1
2948, 25
2949, 39
2950, 37
2951, 23
2952, 37
2953, 35
2954, 1
2955, 55
2956, 69
2957, 1
2958, 21
2959, 6
2960, 30
2961, 1
2962, 45
2963, 13
2964, 59
2965, 78
2966, 42
2967, 6
2968, 1
2969, 43
2970, 62
2971, 1
2972, 46
2973, 6
2974, 40
2975, 1
2976, 64
2977, 34
2978, 46
2979, 39
2980, 23
2981, 42
2982, 6
2983, 25
2984, 7
2985, 1
2986, 45
2987, 29
2988, 13
2989, 59
2990, 63
2991, 13
2992, 47
2993, 46
2994, 13
2995, 61
2996, 62
2997, 13
2998, 68
2999, 80
3000, 54
3001, 13
3002, 1
3003, 19
3004, 63
3005, 5
3006, 49
3007, 49
3008, 9
3009, 22
3010, 16
3011, 9
3012, 5
3013, 19
3014, 5
3015, 62
3016, 47
3017, 1
3018, 58
3019, 47
3020, 22
3021, 29
3022, 1
3023, 39
3024, 5
3025, 6
3026, 1
3027, 18
3028, 19
3029, 2
3030, 1
3031, 48
3032, 1
3033, 12
3034, 26
3035, 2
3036, 18
3037, 15
3038, 9
3039, 18
3040, 34
3041, 18
3042, 16
3043, 7
3044, 31
3045, 38
3046, 39
3047, 1
3048, 52
3049, 48
3050, 67
3051, 39
3052, 1
3053, 34
3054, 45
3055, 25
3056, 19
3057, 6
3058, 41
3059, 7
3060, 1
3061, 27
3062, 6
3063, 40
3064, 28
3065, 22
3066, 1
3067, 73
3068, 48
3069, 39
3070, 31
3071, 1
3072, 67
3073, 61
3074, 43
3075, 1
3076, 35
3077, 59
3078, 77
3079, 1
3080, 34
3081, 65
3082, 6
3083, 80
3084, 7
3085, 1
3086, 46
3087, 5
3088, 30
3089, 24
3090, 9
3091, 33
3092, 24
3093, 19
3094, 32
3095, 1
3096, 34
3097, 34
3098, 43
3099, 55
3100, 60
3101, 29
3102, 53
3103, 41
3104, 74
3105, 1
3106, 41
3107, 8
3108, 60
3109, 39
3110, 56
3111, 33
3112, 20
3113, 8
3114, 14
3115, 33
3116, 64
3117, 1
3118, 26
3119, 8
3120, 67
3121, 66
3122, 39
3123, 41
3124, 12
3125, 19
3126, 42
3127, 1
3128, 35
3129, 46
3130, 39
3131, 48
3132, 36
3133, 19
3134, 29
3135, 1
3136, 28
3137, 41
3138, 11
3139, 34
3140, 20
3141, 44
3142, 11
3143, 1
3144, 47
3145, 1
3146, 48
3147, 48
3148, 1
3149, 46
3150, 18
3151, 35
3152, 39
3153, 13
3154, 30
3155, 28
3156, 34
3157, 58
3158, 37
3159, 44
3160, 20
3161, 49
3162, 20
3163, 13
3164, 1
3165, 67
3166, 37
3167, 11
3168, 34
3169, 45
3170, 43
3171, 47
3172, 44
3173, 11
3174, 19
3175, 12
3176, 1
3177, 39
3178, 42
3179, 40
3180, 1
3181, 55
3182, 41
3183, 1
3184, 54
3185, 68
3186, 64
3187, 39
3188, 59
3189, 1
3190, 46
3191, 64
3192, 12
3193, 26
3194, 30
3195, 1
3196, 51
3197, 62
3198, 18
3199, 1
3200, 64
3201, 24
3202, 42
3203, 40
3204, 57
3205, 13
3206, 23
3207, 29
3208, 53
3209, 39
3210, 39
3211, 1
3212, 46
3213, 17
3214, 29
3215, 23
3216, 1
3217, 40
3218, 36
3219, 46
3220, 28
3221, 43
3222, 56
3223, 28
3224, 1
3225, 54
3226, 30
3227, 54
3228, 1
3229, 66
3230, 34
3231, 49
3232, 28
3233, 7
3234, 28
3235, 28
3236, 17
3237, 13
3238, 1
3239, 68
3240, 51
3241, 53
3242, 12
3243, 1
3244, 34
3245, 61
3246, 61
3247, 60
3248, 60
3249, 61
3250, 37
3251, 24
3252, 1
3253, 54
3254, 46
3255, 57
3256, 33
3257, 6
3258, 60
3259, 39
3260, 44
3261, 17
3262, 61
3263, 1
3264, 61
3265, 17
3266, 11
3267, 12
3268, 28
3269, 11
3270, 24
3271, 38
3272, 57
3273, 55
3274, 36
3275, 40
3276, 40
3277, 64
3278, 11
3279, 31
3280, 12
3281, 27
3282, 1
3283, 59
3284, 44
3285, 1
3286, 27
3287, 7
3288, 1
3289, 61
3290, 60
3291, 58
3292, 26
3293, 14
3294, 45
3295, 16
3296, 14
3297, 8
3298, 9
3299, 1
3300, 31
3301, 14
3302, 5
3303, 1
3304, 71
3305, 67
3306, 78
3307, 29
3308, 5
3309, 35
3310, 12
3311, 5
3312, 1
3313, 39
3314, 6
3315, 1
3316, 48
3317, 51
3318, 23
3319, 1
3320, 30
3321, 40
3322, 1
3323, 74
3324, 70
3325, 20
3326, 22
3327, 6
3328, 23
3329, 36
3330, 6
3331, 29
3332, 73
3333, 34
3334, 7
3335, 6
3336, 47
3337, 70
3338, 6
3339, 25
3340, 7
3341, 2
3342, 28
3343, 1
3344, 53
3345, 1
3346, 71
3347, 66
3348, 72
3349, 20
3350, 1
3351, 4
3352, 48
3353, 2
3354, 23
3355, 1
3356, 33
3357, 23
3358, 1
3359, 34
3360, 18
3361, 1
3362, 35
3363, 15
3364, 6
3365, 67
3366, 17
3367, 6
3368, 7
3369, 6
3370, 19
3371, 13
3372, 1
3373, 36
3374, 51
3375, 1
3376, 49
3377, 5
3378, 40
3379, 1
3380, 36
3381, 17
3382, 1
3383, 41
3384, 1
3385, 62
3386, 21
3387, 5
3388, 6
3389, 1
3390, 15
3391, 2
3392, 1
3393, 78
3394, 80
3395, 80
3396, 60
3397, 1
3398, 4
3399, 45
3400, 2
3401, 23
3402, 1
3403, 33
3404, 16
3405, 6
3406, 57
3407, 20
3408, 6
3409, 1
3410, 51
3411, 18
3412, 29
3413, 1
3414, 35
3415, 15
3416, 6
3417, 65
3418, 64
3419, 17
3420, 6
3421, 7
3422, 6
3423, 19
3424, 13
3425, 1
3426, 36
3427, 51
3428, 1
3429, 49
3430, 5
3431, 40
3432, 1
3433, 36
3434, 17
3435, 1
3436, 41
3437, 1
3438, 64
3439, 68
3440, 21
3441, 5
3442, 6
3443, 1
3444, 15
3445, 2
3446, 2
3447, 12
3448, 29
3449, 2
3450, 43
3451, 2
3452, 1
3453, 20
3454, 32
3455, 2
3456, 22
3457, 25
3458, 7
3459, 12
3460, 2
3461, 1
3462, 38
3463, 2
3464, 51
3465, 51
3466, 54
3467, 50
3468, 51
3469, 65
3470, 52
3471, 66
3472, 66
3473, 67
3474, 63
3475, 64
3476, 53
3477, 3
3478, 1
3479, 20
3480, 38
3481, 2
3482, 23
3483, 12
3484, 2
3485, 1
3486, 44
3487, 2
3488, 51
3489, 51
3490, 54
3491, 50
3492, 51
3493, 65
3494, 52
3495, 66
3496, 66
3497, 67
3498, 63
3499, 64
3500, 53
3501, 3
3502, 1
3503, 66
3504, 65
3505, 12
3506, 27
3507, 2
3508, 56
3509, 12
3510, 6
3511, 12
3512, 8
3513, 2
3514, 1
3515, 55
3516, 2
3517, 51
3518, 51
3519, 54
3520, 50
3521, 51
3522, 65
3523, 52
3524, 66
3525, 66
3526, 67
3527, 63
3528, 64
3529, 53
3530, 3
3531, 1
3532, 1
3533, 12
3534, 41
3535, 2
3536, 55
3537, 60
3538, 64
3539, 53
3540, 30
3541, 24
3542, 58
3543, 7
3544, 21
3545, 8
3546, 6
3547, 12
3548, 7
3549, 2
3550, 1
3551, 50
3552, 2
3553, 51
3554, 51
3555, 54
3556, 50
3557, 51
3558, 65
3559, 52
3560, 66
3561, 66
3562, 67
3563, 63
3564, 64
3565, 53
3566, 3
