1, 62
2, 76
3, 75
4, 1
5, 26
6, 1
7, 69
8, 69
9, 69
10, 9
11, 1
12, 71
13, 66
14, 70
15, 18
16, 1
17, 66
18, 65
19, 65
20, 21
21, 1
22, 1
23, 20
24, 20
25, 23
26, 16
27, 17
28, 18
29, 25
30, 23
31, 26
32, 19
33, 18
34, 23
35, 18
36, 22
37, 19
38, 18
39, 20
40, 25
41, 20
42, 20
43, 21
44, 23
45, 1
46, 24
47, 28
48, 32
49, 6
50, 32
51, 7
52, 7
53, 1
54, 23
55, 28
56, 32
57, 6
58, 32
59, 7
60, 7
61, 1
62, 59
63, 44
64, 52
65, 29
66, 1
67, 48
68, 74
69, 62
70, 62
71, 51
72, 1
73, 79
74, 1
75, 17
76, 1
77, 30
78, 1
79, 74
80, 41
81, 85
82, 1
83, 67
84, 22
85, 1
86, 23
87, 1
88, 37
89, 30
90, 52
91, 1
92, 22
93, 1
94, 65
95, 24
96, 1
97, 49
98, 61
99, 64
100, 1
101, 5
102, 30
103, 2
104, 19
105, 2
106, 1
107, 5
108, 18
109, 2
110, 19
111, 2
112, 1
113, 2
114, 59
115, 61
116, 1
117, 4
118, 27
119, 2
120, 17
121, 17
122, 28
123, 9
124, 1
125, 50
126, 24
127, 6
128, 70
129, 40
130, 30
131, 37
132, 6
133, 1
134, 33
135, 21
136, 14
137, 22
138, 14
139, 1
140, 48
141, 54
142, 1
143, 62
144, 1
145, 34
146, 6
147, 38
148, 23
149, 13
150, 58
151, 37
152, 1
153, 45
154, 18
155, 6
156, 1
157, 12
158, 2
159, 2
160, 46
161, 1
162, 24
163, 2
164, 14
165, 16
166, 12
167, 11
168, 12
169, 1
170, 26
171, 30
172, 1
173, 28
174, 1
175, 73
176, 75
177, 30
178, 1
179, 77
180, 73
181, 73
182, 24
183, 1
184, 74
185, 73
186, 70
187, 1
188, 76
189, 76
190, 70
191, 51
192, 1
193, 4
194, 62
195, 2
196, 18
197, 1
198, 44
199, 14
200, 1
201, 50
202, 1
203, 14
204, 1
205, 54
206, 40
207, 6
208, 34
209, 71
210, 63
211, 52
212, 11
213, 32
214, 1
215, 75
216, 6
217, 1
218, 40
219, 34
220, 34
221, 1
222, 33
223, 6
224, 73
225, 27
226, 58
227, 31
228, 6
229, 1
230, 17
231, 1
232, 77
233, 31
234, 1
235, 16
236, 14
237, 7
238, 34
239, 2
240, 1
241, 1
242, 78
243, 62
244, 1
245, 4
246, 26
247, 2
248, 28
249, 24
250, 73
251, 19
252, 32
253, 44
254, 69
255, 43
256, 65
257, 1
258, 1
259, 77
260, 60
261, 56
262, 33
263, 14
264, 1
265, 76
266, 74
267, 30
268, 24
269, 6
270, 18
271, 1
272, 45
273, 18
274, 1
275, 76
276, 36
277, 36
278, 37
279, 6
280, 1
281, 66
282, 24
283, 6
284, 27
285, 1
286, 36
287, 18
288, 6
289, 1
290, 28
291, 12
292, 2
293, 1
294, 60
295, 4
296, 27
297, 2
298, 22
299, 2
300, 1
301, 54
302, 58
303, 1
304, 4
305, 25
306, 2
307, 9
308, 33
309, 1
310, 79
311, 20
312, 1
313, 70
314, 72
315, 73
316, 64
317, 19
318, 1
319, 38
320, 6
321, 38
322, 1
323, 74
324, 40
325, 51
326, 18
327, 1
328, 26
329, 10
330, 72
331, 19
332, 10
333, 40
334, 10
335, 38
336, 1
337, 71
338, 68
339, 75
340, 71
341, 38
342, 41
343, 78
344, 55
345, 14
346, 26
347, 1
348, 41
349, 46
350, 19
351, 18
352, 25
353, 1
354, 25
355, 50
356, 77
357, 60
358, 66
359, 18
360, 1
361, 71
362, 67
363, 64
364, 73
365, 1
366, 72
367, 79
368, 47
369, 1
370, 70
371, 24
372, 14
373, 71
374, 76
375, 37
376, 22
377, 15
378, 19
379, 10
380, 31
381, 6
382, 1
383, 29
384, 2
385, 1
386, 74
387, 76
388, 38
389, 1
390, 5
391, 28
392, 2
393, 9
394, 18
395, 1
396, 36
397, 26
398, 38
399, 54
400, 29
401, 1
402, 19
403, 2
404, 1
405, 70
406, 69
407, 52
408, 1
409, 4
410, 26
411, 2
412, 26
413, 6
414, 31
415, 16
416, 6
417, 7
418, 6
419, 26
420, 16
421, 6
422, 2
423, 1
424, 1
425, 65
426, 1
427, 4
428, 29
429, 2
430, 22
431, 2
432, 1
433, 48
434, 1
435, 5
436, 25
437, 2
438, 9
439, 1
440, 71
441, 25
442, 43
443, 6
444, 40
445, 59
446, 61
447, 6
448, 21
449, 2
450, 1
451, 73
452, 39
453, 1
454, 12
455, 64
456, 2
457, 12
458, 19
459, 16
460, 22
461, 41
462, 34
463, 11
464, 1
465, 10
466, 12
467, 1
468, 23
469, 31
470, 21
471, 39
472, 1
473, 76
474, 75
475, 32
476, 1
477, 16
478, 36
479, 45
480, 40
481, 77
482, 37
483, 6
484, 44
485, 14
486, 6
487, 1
488, 59
489, 74
490, 76
491, 71
492, 1
493, 32
494, 6
495, 48
496, 10
497, 55
498, 73
499, 14
500, 61
501, 79
502, 70
503, 76
504, 69
505, 57
506, 14
507, 15
508, 75
509, 10
510, 6
511, 7
512, 53
513, 8
514, 27
515, 67
516, 32
517, 52
518, 75
519, 8
520, 1
521, 63
522, 35
523, 12
524, 1
525, 75
526, 52
527, 59
528, 39
529, 1
530, 67
531, 48
532, 1
533, 31
534, 65
535, 6
536, 36
537, 70
538, 64
539, 66
540, 57
541, 16
542, 27
543, 6
544, 1
545, 16
546, 6
547, 15
548, 72
549, 52
550, 70
551, 43
552, 68
553, 38
554, 45
555, 77
556, 13
557, 16
558, 46
559, 53
560, 38
561, 45
562, 59
563, 51
564, 73
565, 66
566, 13
567, 22
568, 22
569, 46
570, 10
571, 69
572, 47
573, 70
574, 46
575, 20
576, 62
577, 49
578, 10
579, 13
580, 17
581, 68
582, 69
583, 47
584, 1
585, 57
586, 57
587, 58
588, 15
589, 47
590, 13
591, 23
592, 23
593, 78
594, 78
595, 74
596, 56
597, 1
598, 30
599, 49
600, 49
601, 63
602, 44
603, 10
604, 52
605, 62
606, 42
607, 1
608, 44
609, 14
610, 41
611, 53
612, 48
613, 40
614, 14
615, 49
616, 14
617, 41
618, 52
619, 48
620, 40
621, 14
622, 1
623, 66
624, 38
625, 72
626, 14
627, 48
628, 26
629, 1
630, 67
631, 45
632, 55
633, 25
634, 75
635, 28
636, 1
637, 53
638, 1
639, 77
640, 1
641, 72
642, 65
643, 14
644, 10
645, 1
646, 13
647, 1
648, 13
649, 13
650, 6
651, 2
652, 1
653, 70
654, 74
655, 1
656, 4
657, 50
658, 2
659, 60
660, 32
661, 2
662, 1
663, 63
664, 1
665, 5
666, 56
667, 2
668, 60
669, 2
670, 1
671, 68
672, 33
673, 2
674, 49
675, 47
676, 83
677, 3
678, 1
679, 12
680, 44
681, 2
682, 38
683, 49
684, 1
685, 55
686, 2
687, 1
688, 68
689, 18
690, 1
691, 5
692, 56
693, 2
694, 38
695, 1
696, 17
697, 13
698, 17
699, 59
700, 2
701, 1
702, 22
703, 74
704, 60
705, 1
706, 5
707, 34
708, 2
709, 9
710, 18
711, 21
712, 1
713, 24
714, 1
715, 29
716, 6
717, 45
718, 58
719, 59
720, 46
721, 59
722, 60
723, 6
724, 39
725, 43
726, 8
727, 37
728, 1
729, 51
730, 12
731, 49
732, 62
733, 63
734, 50
735, 63
736, 64
737, 12
738, 8
739, 72
740, 2
741, 2
742, 16
743, 63
744, 53
745, 37
746, 1
747, 4
748, 41
749, 2
750, 35
751, 1
752, 76
753, 17
754, 14
755, 1
756, 24
757, 59
758, 2
759, 7
760, 2
761, 78
762, 70
763, 76
764, 71
765, 1
766, 13
767, 39
768, 2
769, 16
770, 37
771, 19
772, 20
773, 9
774, 19
775, 1
776, 16
777, 6
778, 20
779, 16
780, 20
781, 21
782, 23
783, 23
784, 18
785, 16
786, 1
787, 14
788, 78
789, 70
790, 74
791, 41
792, 41
793, 43
794, 35
795, 50
796, 53
797, 75
798, 64
799, 65
800, 70
801, 15
802, 1
803, 53
804, 1
805, 14
806, 17
807, 53
808, 1
809, 13
810, 13
811, 6
812, 1
813, 75
814, 64
815, 1
816, 31
817, 51
818, 6
819, 25
820, 10
821, 34
822, 54
823, 59
824, 31
825, 15
826, 66
827, 1
828, 27
829, 34
830, 32
831, 36
832, 22
833, 10
834, 30
835, 10
836, 17
837, 1
838, 52
839, 14
840, 44
841, 35
842, 51
843, 69
844, 35
845, 19
846, 76
847, 1
848, 31
849, 38
850, 36
851, 26
852, 14
853, 10
854, 6
855, 1
856, 17
857, 2
858, 2
859, 68
860, 77
861, 15
862, 1
863, 75
864, 1
865, 79
866, 75
867, 27
868, 1
869, 78
870, 43
871, 1
872, 67
873, 76
874, 72
875, 39
876, 1
877, 6
878, 48
879, 2
880, 12
881, 15
882, 12
883, 1
884, 16
885, 23
886, 6
887, 31
888, 20
889, 57
890, 18
891, 1
892, 58
893, 26
894, 22
895, 21
896, 6
897, 7
898, 1
899, 63
900, 14
901, 1
902, 40
903, 37
904, 40
905, 53
906, 8
907, 67
908, 38
909, 19
910, 1
911, 18
912, 12
913, 64
914, 22
915, 28
916, 27
917, 12
918, 8
919, 1
920, 12
921, 2
922, 2
923, 68
924, 60
925, 66
926, 59
927, 1
928, 76
929, 71
930, 1
931, 69
932, 11
933, 1
934, 68
935, 43
936, 1
937, 67
938, 62
939, 1
940, 4
941, 49
942, 2
943, 38
944, 1
945, 24
946, 26
947, 1
948, 48
949, 49
950, 52
951, 43
952, 52
953, 14
954, 1
955, 33
956, 26
957, 64
958, 14
959, 1
960, 23
961, 64
962, 34
963, 61
964, 44
965, 1
966, 70
967, 61
968, 1
969, 29
970, 14
971, 1
972, 22
973, 6
974, 33
975, 1
976, 23
977, 67
978, 66
979, 67
980, 56
981, 43
982, 68
983, 18
984, 7
985, 75
986, 74
987, 72
988, 55
989, 1
990, 35
991, 53
992, 26
993, 18
994, 1
995, 77
996, 53
997, 46
998, 77
999, 18
1000, 1
1001, 16
1002, 28
1003, 6
1004, 1
1005, 19
1006, 71
1007, 48
1008, 57
1009, 1
1010, 19
1011, 6
1012, 28
1013, 1
1014, 48
1015, 18
1016, 1
1017, 65
1018, 47
1019, 18
1020, 6
1021, 1
1022, 12
1023, 2
1024, 2
1025, 67
1026, 17
1027, 1
1028, 68
1029, 47
1030, 1
1031, 4
1032, 49
1033, 2
1034, 38
1035, 2
1036, 1
1037, 56
1038, 55
1039, 1
1040, 68
1041, 43
1042, 1
1043, 64
1044, 67
1045, 68
1046, 65
1047, 65
1048, 65
1049, 72
1050, 1
1051, 4
1052, 50
1053, 2
1054, 49
1055, 14
1056, 1
1057, 31
1058, 6
1059, 33
1060, 1
1061, 77
1062, 59
1063, 52
1064, 68
1065, 71
1066, 37
1067, 45
1068, 43
1069, 1
1070, 32
1071, 22
1072, 49
1073, 74
1074, 65
1075, 68
1076, 18
1077, 7
1078, 1
1079, 77
1080, 53
1081, 46
1082, 77
1083, 18
1084, 1
1085, 16
1086, 6
1087, 1
1088, 56
1089, 35
1090, 21
1091, 50
1092, 60
1093, 2
1094, 1
1095, 65
1096, 1
1097, 4
1098, 73
1099, 2
1100, 39
1101, 2
1102, 1
1103, 73
1104, 27
1105, 1
1106, 4
1107, 49
1108, 2
1109, 49
1110, 14
1111, 1
1112, 35
1113, 25
1114, 55
1115, 2
1116, 1
1117, 62
1118, 1
1119, 68
1120, 47
1121, 1
1122, 4
1123, 51
1124, 2
1125, 48
1126, 49
1127, 52
1128, 43
1129, 52
1130, 14
1131, 1
1132, 33
1133, 26
1134, 64
1135, 14
1136, 1
1137, 26
1138, 56
1139, 44
1140, 59
1141, 42
1142, 2
1143, 1
1144, 58
1145, 1
1146, 4
1147, 51
1148, 2
1149, 34
1150, 14
1151, 1
1152, 23
1153, 64
1154, 14
1155, 1
1156, 12
1157, 2
1158, 1
1159, 72
1160, 30
1161, 1
1162, 4
1163, 54
1164, 2
1165, 48
1166, 49
1167, 52
1168, 43
1169, 52
1170, 14
1171, 1
1172, 72
1173, 56
1174, 46
1175, 2
1176, 1
1177, 77
1178, 1
1179, 4
1180, 54
1181, 2
1182, 60
1183, 2
1184, 1
1185, 79
1186, 1
1187, 4
1188, 51
1189, 2
1190, 23
1191, 6
1192, 52
1193, 53
1194, 56
1195, 47
1196, 56
1197, 18
1198, 1
1199, 37
1200, 30
1201, 68
1202, 18
1203, 1
1204, 66
1205, 36
1206, 63
1207, 46
1208, 6
1209, 1
1210, 49
1211, 14
1212, 1
1213, 31
1214, 6
1215, 77
1216, 59
1217, 52
1218, 68
1219, 71
1220, 37
1221, 57
1222, 43
1223, 28
1224, 6
1225, 1
1226, 56
1227, 35
1228, 21
1229, 50
1230, 60
1231, 2
1232, 1
1233, 63
1234, 38
1235, 1
1236, 68
1237, 47
1238, 1
1239, 4
1240, 46
1241, 2
1242, 52
1243, 1
1244, 21
1245, 47
1246, 7
1247, 1
1248, 19
1249, 14
1250, 1
1251, 49
1252, 14
1253, 1
1254, 21
1255, 1
1256, 44
1257, 6
1258, 44
1259, 18
1260, 6
1261, 7
1262, 6
1263, 38
1264, 45
1265, 52
1266, 60
1267, 28
1268, 69
1269, 6
1270, 67
1271, 7
1272, 12
1273, 18
1274, 6
1275, 1
1276, 44
1277, 2
1278, 1
1279, 63
1280, 37
1281, 1
1282, 68
1283, 47
1284, 1
1285, 4
1286, 45
1287, 2
1288, 19
1289, 14
1290, 1
1291, 49
1292, 14
1293, 1
1294, 21
1295, 1
1296, 39
1297, 14
1298, 1
1299, 44
1300, 2
1301, 1
1302, 65
1303, 1
1304, 4
1305, 69
1306, 2
1307, 46
1308, 12
1309, 1
1310, 6
1311, 12
1312, 2
1313, 1
1314, 62
1315, 30
1316, 1
1317, 68
1318, 47
1319, 1
1320, 4
1321, 48
1322, 2
1323, 13
1324, 1
1325, 26
1326, 74
1327, 71
1328, 53
1329, 1
1330, 49
1331, 14
1332, 1
1333, 14
1334, 34
1335, 32
1336, 1
1337, 56
1338, 2
1339, 1
1340, 71
1341, 71
1342, 1
1343, 4
1344, 50
1345, 2
1346, 78
1347, 25
1348, 61
1349, 6
1350, 37
1351, 35
1352, 1
1353, 53
1354, 18
1355, 1
1356, 74
1357, 76
1358, 71
1359, 22
1360, 1
1361, 72
1362, 53
1363, 71
1364, 67
1365, 75
1366, 6
1367, 1
1368, 21
1369, 39
1370, 53
1371, 2
1372, 1
1373, 70
1374, 57
1375, 1
1376, 4
1377, 53
1378, 2
1379, 54
1380, 33
1381, 2
1382, 2
1383, 51
1384, 70
1385, 28
1386, 1
1387, 4
1388, 25
1389, 2
1390, 27
1391, 6
1392, 23
1393, 66
1394, 47
1395, 14
1396, 53
1397, 79
1398, 63
1399, 11
1400, 19
1401, 19
1402, 49
1403, 72
1404, 10
1405, 71
1406, 86
1407, 17
1408, 22
1409, 1
1410, 79
1411, 50
1412, 14
1413, 62
1414, 23
1415, 66
1416, 27
1417, 14
1418, 1
1419, 58
1420, 22
1421, 1
1422, 46
1423, 59
1424, 61
1425, 39
1426, 14
1427, 46
1428, 41
1429, 27
1430, 60
1431, 27
1432, 80
1433, 56
1434, 57
1435, 78
1436, 27
1437, 14
1438, 77
1439, 29
1440, 10
1441, 64
1442, 10
1443, 43
1444, 70
1445, 17
1446, 1
1447, 78
1448, 54
1449, 60
1450, 25
1451, 1
1452, 67
1453, 10
1454, 11
1455, 19
1456, 13
1457, 17
1458, 6
1459, 2
1460, 1
1461, 57
1462, 71
1463, 79
1464, 58
1465, 47
1466, 34
1467, 1
1468, 57
1469, 33
1470, 1
1471, 13
1472, 66
1473, 73
1474, 2
1475, 9
1476, 17
1477, 28
1478, 1
1479, 75
1480, 6
1481, 34
1482, 78
1483, 1
1484, 57
1485, 1
1486, 38
1487, 10
1488, 28
1489, 66
1490, 24
1491, 61
1492, 27
1493, 75
1494, 21
1495, 63
1496, 10
1497, 1
1498, 35
1499, 59
1500, 20
1501, 39
1502, 24
1503, 44
1504, 23
1505, 65
1506, 17
1507, 47
1508, 48
1509, 6
1510, 44
1511, 6
1512, 24
1513, 62
1514, 1
1515, 53
1516, 1
1517, 69
1518, 67
1519, 38
1520, 10
1521, 28
1522, 62
1523, 24
1524, 57
1525, 27
1526, 71
1527, 21
1528, 59
1529, 10
1530, 48
1531, 6
1532, 39
1533, 53
1534, 73
1535, 6
1536, 50
1537, 67
1538, 51
1539, 69
1540, 1
1541, 54
1542, 1
1543, 38
1544, 63
1545, 38
1546, 10
1547, 58
1548, 54
1549, 1
1550, 24
1551, 59
1552, 28
1553, 64
1554, 27
1555, 71
1556, 21
1557, 67
1558, 18
1559, 10
1560, 1
1561, 32
1562, 10
1563, 28
1564, 69
1565, 24
1566, 64
1567, 27
1568, 78
1569, 21
1570, 66
1571, 10
1572, 1
1573, 48
1574, 6
1575, 39
1576, 63
1577, 6
1578, 44
1579, 1
1580, 40
1581, 51
1582, 1
1583, 32
1584, 10
1585, 28
1586, 62
1587, 24
1588, 57
1589, 27
1590, 71
1591, 21
1592, 59
1593, 10
1594, 1
1595, 48
1596, 6
1597, 1
1598, 19
1599, 2
1600, 1
1601, 52
1602, 58
1603, 1
1604, 4
1605, 48
1606, 2
1607, 18
1608, 1
1609, 46
1610, 34
1611, 1
1612, 22
1613, 6
1614, 28
1615, 15
1616, 17
1617, 10
1618, 18
1619, 24
1620, 20
1621, 18
1622, 18
1623, 18
1624, 18
1625, 18
1626, 18
1627, 18
1628, 18
1629, 17
1630, 1
1631, 58
1632, 58
1633, 67
1634, 68
1635, 66
1636, 31
1637, 13
1638, 26
1639, 41
1640, 24
1641, 25
1642, 20
1643, 1
1644, 18
1645, 46
1646, 24
1647, 17
1648, 1
1649, 18
1650, 40
1651, 45
1652, 24
1653, 17
1654, 1
1655, 36
1656, 51
1657, 24
1658, 17
1659, 1
1660, 18
1661, 76
1662, 73
1663, 77
1664, 38
1665, 1
1666, 77
1667, 1
1668, 25
1669, 20
1670, 56
1671, 59
1672, 24
1673, 17
1674, 1
1675, 18
1676, 25
1677, 20
1678, 56
1679, 59
1680, 24
1681, 17
1682, 1
1683, 18
1684, 18
1685, 44
1686, 48
1687, 75
1688, 24
1689, 17
1690, 1
1691, 18
1692, 44
1693, 73
1694, 24
1695, 17
1696, 18
1697, 44
1698, 73
1699, 24
1700, 17
1701, 1
1702, 18
1703, 41
1704, 48
1705, 49
1706, 19
1707, 31
1708, 1
1709, 18
1710, 80
1711, 24
1712, 17
1713, 1
1714, 18
1715, 41
1716, 48
1717, 49
1718, 24
1719, 17
1720, 1
1721, 18
1722, 41
1723, 75
1724, 24
1725, 17
1726, 18
1727, 41
1728, 75
1729, 24
1730, 17
1731, 18
1732, 41
1733, 75
1734, 24
1735, 17
1736, 18
1737, 41
1738, 75
1739, 24
1740, 17
1741, 18
1742, 41
1743, 75
1744, 24
1745, 17
1746, 18
1747, 41
1748, 75
1749, 24
1750, 17
1751, 18
1752, 41
1753, 75
1754, 24
1755, 17
1756, 18
1757, 41
1758, 75
1759, 24
1760, 17
1761, 1
1762, 18
1763, 22
1764, 17
1765, 1
1766, 18
1767, 46
1768, 24
1769, 17
1770, 1
1771, 17
1772, 73
1773, 54
1774, 68
1775, 14
1776, 22
1777, 44
1778, 23
1779, 51
1780, 28
1781, 14
1782, 28
1783, 61
1784, 24
1785, 59
1786, 71
1787, 53
1788, 24
1789, 60
1790, 72
1791, 54
1792, 24
1793, 7
1794, 17
1795, 10
1796, 44
1797, 9
1798, 22
1799, 36
1800, 15
1801, 18
1802, 6
1803, 1
1804, 17
1805, 2
1806, 2
1807, 72
1808, 74
1809, 41
1810, 1
1811, 6
1812, 32
1813, 2
1814, 12
1815, 38
1816, 1
1817, 59
1818, 1
1819, 67
1820, 24
1821, 14
1822, 1
1823, 59
1824, 1
1825, 29
1826, 14
1827, 1
1828, 66
1829, 1
1830, 48
1831, 52
1832, 14
1833, 1
1834, 71
1835, 1
1836, 25
1837, 6
1838, 52
1839, 20
1840, 20
1841, 6
1842, 1
1843, 25
1844, 6
1845, 52
1846, 20
1847, 20
1848, 6
1849, 1
1850, 12
1851, 2
1852, 2
1853, 40
1854, 42
1855, 40
1856, 39
1857, 40
1858, 1
1859, 69
1860, 1
1861, 57
1862, 35
1863, 1
1864, 4
1865, 30
1866, 2
1867, 23
1868, 70
1869, 2
1870, 1
1871, 56
1872, 57
1873, 1
1874, 4
1875, 40
1876, 2
1877, 23
1878, 70
1879, 2
1880, 1
1881, 68
1882, 67
1883, 36
1884, 1
1885, 69
1886, 52
1887, 1
1888, 63
1889, 40
1890, 1
1891, 4
1892, 67
1893, 2
1894, 38
1895, 9
1896, 14
1897, 11
1898, 45
1899, 60
1900, 47
1901, 1
1902, 30
1903, 14
1904, 1
1905, 76
1906, 30
1907, 1
1908, 36
1909, 14
1910, 1
1911, 69
1912, 69
1913, 67
1914, 40
1915, 20
1916, 49
1917, 1
1918, 49
1919, 68
1920, 1
1921, 62
1922, 6
1923, 16
1924, 1
1925, 16
1926, 46
1927, 77
1928, 76
1929, 38
1930, 1
1931, 58
1932, 16
1933, 19
1934, 6
1935, 1
1936, 44
1937, 14
1938, 1
1939, 64
1940, 67
1941, 61
1942, 72
1943, 55
1944, 29
1945, 25
1946, 63
1947, 51
1948, 67
1949, 7
1950, 40
1951, 1
1952, 73
1953, 72
1954, 34
1955, 2
1956, 1
1957, 66
1958, 54
1959, 1
1960, 68
1961, 64
1962, 1
1963, 4
1964, 104
1965, 2
1966, 44
1967, 12
1968, 75
1969, 29
1970, 12
1971, 2
1972, 2
1973, 76
1974, 78
1975, 76
1976, 48
1977, 5
1978, 31
1979, 2
1980, 56
1981, 12
1982, 23
1983, 26
1984, 2
1985, 1
1986, 75
1987, 29
1988, 5
1989, 41
1990, 2
1991, 30
1992, 30
1993, 49
1994, 33
1995, 2
1996, 1
1997, 65
1998, 4
1999, 39
2000, 2
2001, 31
2002, 40
2003, 7
2004, 14
2005, 2
2006, 2
2007, 44
2008, 1
2009, 5
2010, 24
2011, 2
2012, 9
2013, 13
2014, 17
2015, 29
2016, 1
2017, 26
2018, 29
2019, 33
2020, 25
2021, 26
2022, 1
2023, 27
2024, 6
2025, 14
2026, 18
2027, 20
2028, 19
2029, 24
2030, 14
2031, 1
2032, 14
2033, 53
2034, 23
2035, 11
2036, 26
2037, 19
2038, 50
2039, 73
2040, 62
2041, 23
2042, 11
2043, 26
2044, 23
2045, 14
2046, 64
2047, 26
2048, 10
2049, 54
2050, 1
2051, 80
2052, 56
2053, 1
2054, 77
2055, 57
2056, 55
2057, 55
2058, 57
2059, 29
2060, 14
2061, 58
2062, 45
2063, 25
2064, 60
2065, 14
2066, 17
2067, 10
2068, 35
2069, 1
2070, 13
2071, 17
2072, 72
2073, 38
2074, 1
2075, 37
2076, 21
2077, 37
2078, 1
2079, 71
2080, 67
2081, 51
2082, 1
2083, 27
2084, 1
2085, 38
2086, 10
2087, 78
2088, 73
2089, 76
2090, 54
2091, 75
2092, 10
2093, 6
2094, 34
2095, 31
2096, 54
2097, 58
2098, 19
2099, 1
2100, 68
2101, 2
2102, 1
2103, 73
2104, 68
2105, 53
2106, 5
2107, 30
2108, 2
2109, 9
2110, 1
2111, 46
2112, 59
2113, 74
2114, 1
2115, 46
2116, 6
2117, 13
2118, 42
2119, 49
2120, 1
2121, 32
2122, 1
2123, 54
2124, 10
2125, 34
2126, 36
2127, 34
2128, 34
2129, 1
2130, 39
2131, 14
2132, 41
2133, 24
2134, 14
2135, 1
2136, 19
2137, 14
2138, 27
2139, 28
2140, 19
2141, 28
2142, 47
2143, 41
2144, 18
2145, 23
2146, 25
2147, 18
2148, 1
2149, 25
2150, 18
2151, 56
2152, 56
2153, 46
2154, 56
2155, 56
2156, 65
2157, 25
2158, 1
2159, 26
2160, 41
2161, 25
2162, 26
2163, 43
2164, 25
2165, 26
2166, 46
2167, 25
2168, 1
2169, 66
2170, 66
2171, 20
2172, 31
2173, 63
2174, 68
2175, 29
2176, 20
2177, 28
2178, 1
2179, 26
2180, 43
2181, 25
2182, 26
2183, 43
2184, 25
2185, 26
2186, 43
2187, 25
2188, 26
2189, 46
2190, 25
2191, 26
2192, 43
2193, 25
2194, 26
2195, 45
2196, 25
2197, 1
2198, 26
2199, 44
2200, 72
2201, 75
2202, 25
2203, 1
2204, 26
2205, 26
2206, 33
2207, 79
2208, 25
2209, 1
2210, 25
2211, 54
2212, 22
2213, 47
2214, 29
2215, 22
2216, 55
2217, 22
2218, 48
2219, 35
2220, 46
2221, 48
2222, 69
2223, 62
2224, 29
2225, 22
2226, 1
2227, 31
2228, 42
2229, 44
2230, 82
2231, 25
2232, 18
2233, 42
2234, 14
2235, 10
2236, 6
2237, 2
2238, 1
2239, 72
2240, 35
2241, 73
2242, 70
2243, 1
2244, 62
2245, 72
2246, 24
2247, 1
2248, 56
2249, 61
2250, 63
2251, 48
2252, 74
2253, 1
2254, 73
2255, 52
2256, 1
2257, 69
2258, 66
2259, 77
2260, 77
2261, 74
2262, 74
2263, 79
2264, 78
2265, 1
2266, 19
2267, 2
2268, 19
2269, 3
2270, 1
2271, 4
2272, 32
2273, 2
2274, 47
2275, 45
2276, 40
2277, 9
2278, 1
2279, 54
2280, 25
2281, 1
2282, 25
2283, 68
2284, 14
2285, 1
2286, 46
2287, 6
2288, 50
2289, 33
2290, 6
2291, 1
2292, 5
2293, 6
2294, 37
2295, 16
2296, 20
2297, 29
2298, 1
2299, 59
2300, 10
2301, 45
2302, 50
2303, 45
2304, 26
2305, 23
2306, 19
2307, 19
2308, 1
2309, 34
2310, 1
2311, 71
2312, 57
2313, 28
2314, 31
2315, 1
2316, 39
2317, 14
2318, 42
2319, 70
2320, 71
2321, 74
2322, 64
2323, 62
2324, 36
2325, 14
2326, 1
2327, 54
2328, 60
2329, 36
2330, 21
2331, 1
2332, 13
2333, 60
2334, 16
2335, 25
2336, 25
2337, 23
2338, 24
2339, 26
2340, 23
2341, 1
2342, 56
2343, 35
2344, 23
2345, 1
2346, 24
2347, 61
2348, 57
2349, 19
2350, 23
2351, 41
2352, 25
2353, 23
2354, 1
2355, 24
2356, 40
2357, 46
2358, 47
2359, 23
2360, 1
2361, 68
2362, 68
2363, 18
2364, 70
2365, 75
2366, 62
2367, 1
2368, 75
2369, 1
2370, 70
2371, 55
2372, 1
2373, 29
2374, 29
2375, 1
2376, 49
2377, 27
2378, 1
2379, 34
2380, 29
2381, 23
2382, 22
2383, 59
2384, 58
2385, 1
2386, 76
2387, 76
2388, 41
2389, 45
2390, 41
2391, 45
2392, 1
2393, 57
2394, 22
2395, 1
2396, 51
2397, 51
2398, 1
2399, 32
2400, 29
2401, 1
2402, 70
2403, 69
2404, 68
2405, 46
2406, 22
2407, 66
2408, 70
2409, 22
2410, 18
2411, 25
2412, 23
2413, 1
2414, 24
2415, 74
2416, 76
2417, 78
2418, 41
2419, 32
2420, 80
2421, 55
2422, 27
2423, 23
2424, 1
2425, 59
2426, 74
2427, 71
2428, 67
2429, 24
2430, 78
2431, 74
2432, 32
2433, 20
2434, 35
2435, 52
2436, 47
2437, 68
2438, 78
2439, 31
2440, 20
2441, 67
2442, 27
2443, 23
2444, 1
2445, 24
2446, 70
2447, 70
2448, 33
2449, 25
2450, 23
2451, 1
2452, 24
2453, 64
2454, 43
2455, 32
2456, 20
2457, 35
2458, 68
2459, 68
2460, 29
2461, 36
2462, 76
2463, 29
2464, 29
2465, 20
2466, 76
2467, 56
2468, 27
2469, 54
2470, 58
2471, 65
2472, 27
2473, 23
2474, 1
2475, 24
2476, 31
2477, 59
2478, 65
2479, 27
2480, 23
2481, 1
2482, 24
2483, 31
2484, 59
2485, 65
2486, 27
2487, 23
2488, 1
2489, 24
2490, 24
2491, 50
2492, 54
2493, 81
2494, 27
2495, 23
2496, 1
2497, 24
2498, 24
2499, 50
2500, 68
2501, 27
2502, 23
2503, 1
2504, 24
2505, 47
2506, 54
2507, 55
2508, 25
2509, 24
2510, 37
2511, 27
2512, 23
2513, 1
2514, 24
2515, 47
2516, 54
2517, 55
2518, 27
2519, 23
2520, 1
2521, 24
2522, 24
2523, 24
2524, 24
2525, 24
2526, 24
2527, 24
2528, 24
2529, 47
2530, 70
2531, 27
2532, 23
2533, 1
2534, 24
2535, 31
2536, 68
2537, 39
2538, 65
2539, 47
2540, 44
2541, 76
2542, 27
2543, 23
2544, 1
2545, 24
2546, 62
2547, 76
2548, 73
2549, 35
2550, 60
2551, 58
2552, 57
2553, 65
2554, 27
2555, 23
2556, 1
2557, 23
2558, 18
2559, 37
2560, 1
2561, 33
2562, 79
2563, 37
2564, 22
2565, 37
2566, 42
2567, 44
2568, 70
2569, 71
2570, 41
2571, 75
2572, 33
2573, 22
2574, 28
2575, 60
2576, 29
2577, 1
2578, 58
2579, 79
2580, 58
2581, 77
2582, 48
2583, 66
2584, 69
2585, 68
2586, 77
2587, 29
2588, 59
2589, 80
2590, 42
2591, 29
2592, 7
2593, 25
2594, 18
2595, 16
2596, 31
2597, 1
2598, 33
2599, 50
2600, 41
2601, 21
2602, 22
2603, 10
2604, 52
2605, 72
2606, 18
2607, 10
2608, 27
2609, 1
2610, 71
2611, 26
2612, 1
2613, 56
2614, 47
2615, 48
2616, 26
2617, 61
2618, 68
2619, 75
2620, 38
2621, 56
2622, 69
2623, 56
2624, 67
2625, 39
2626, 73
2627, 60
2628, 61
2629, 75
2630, 77
2631, 77
2632, 79
2633, 30
2634, 1
2635, 22
2636, 14
2637, 47
2638, 18
2639, 75
2640, 79
2641, 18
2642, 1
2643, 24
2644, 14
2645, 10
2646, 1
2647, 27
2648, 6
2649, 57
2650, 1
2651, 26
2652, 70
2653, 71
2654, 19
2655, 36
2656, 7
2657, 14
2658, 2
2659, 1
2660, 50
2661, 67
2662, 29
2663, 73
2664, 1
2665, 4
2666, 62
2667, 42
2668, 2
2669, 31
2670, 1
2671, 21
2672, 14
2673, 1
2674, 36
2675, 58
2676, 45
2677, 6
2678, 14
2679, 23
2680, 51
2681, 25
2682, 63
2683, 46
2684, 17
2685, 22
2686, 6
2687, 1
2688, 12
2689, 2
2690, 2
2691, 70
2692, 76
2693, 32
2694, 1
2695, 11
2696, 22
2697, 2
2698, 61
2699, 32
2700, 50
2701, 1
2702, 20
2703, 21
2704, 1
2705, 54
2706, 27
2707, 1
2708, 65
2709, 66
2710, 41
2711, 6
2712, 33
2713, 15
2714, 10
2715, 30
2716, 45
2717, 29
2718, 19
2719, 37
2720, 10
2721, 6
2722, 15
2723, 2
2724, 1
2725, 78
2726, 1
2727, 5
2728, 31
2729, 2
2730, 18
2731, 16
2732, 18
2733, 1
2734, 45
2735, 25
2736, 19
2737, 1
2738, 27
2739, 6
2740, 22
2741, 27
2742, 1
2743, 55
2744, 10
2745, 69
2746, 57
2747, 35
2748, 42
2749, 29
2750, 14
2751, 43
2752, 1
2753, 70
2754, 71
2755, 73
2756, 43
2757, 18
2758, 74
2759, 75
2760, 68
2761, 72
2762, 44
2763, 40
2764, 22
2765, 73
2766, 61
2767, 70
2768, 26
2769, 55
2770, 42
2771, 26
2772, 74
2773, 52
2774, 22
2775, 18
2776, 19
2777, 18
2778, 48
2779, 28
2780, 22
2781, 73
2782, 73
2783, 43
2784, 1
2785, 47
2786, 49
2787, 51
2788, 38
2789, 22
2790, 18
2791, 14
2792, 10
2793, 6
2794, 1
2795, 15
2796, 6
2797, 51
2798, 1
2799, 43
2800, 1
2801, 64
2802, 63
2803, 6
2804, 1
2805, 27
2806, 59
2807, 41
2808, 1
2809, 23
2810, 23
2811, 7
2812, 1
2813, 25
2814, 2
2815, 1
2816, 67
2817, 47
2818, 1
2819, 13
2820, 30
2821, 2
2822, 18
2823, 1
2824, 47
2825, 6
2826, 31
2827, 25
2828, 10
2829, 66
2830, 67
2831, 69
2832, 39
2833, 39
2834, 14
2835, 70
2836, 71
2837, 64
2838, 68
2839, 36
2840, 1
2841, 77
2842, 36
2843, 46
2844, 14
2845, 15
2846, 31
2847, 10
2848, 6
2849, 12
2850, 2
2851, 2
2852, 22
2853, 23
2854, 2
2855, 12
2856, 22
2857, 3
2858, 1
2859, 72
2860, 26
2861, 62
2862, 25
2863, 1
2864, 60
2865, 66
2866, 41
2867, 32
2868, 1
2869, 74
2870, 74
2871, 32
2872, 1
2873, 4
2874, 24
2875, 2
2876, 41
2877, 1
2878, 22
2879, 36
2880, 34
2881, 1
2882, 34
2883, 2
2884, 1
2885, 61
2886, 24
2887, 1
2888, 4
2889, 40
2890, 2
2891, 46
2892, 1
2893, 24
2894, 38
2895, 36
2896, 1
2897, 54
2898, 1
2899, 70
2900, 2
2901, 1
2902, 28
2903, 1
2904, 4
2905, 36
2906, 2
2907, 16
2908, 1
2909, 46
2910, 1
2911, 24
2912, 38
2913, 36
2914, 1
2915, 54
2916, 1
2917, 23
2918, 47
2919, 19
2920, 71
2921, 16
2922, 12
2923, 2
2924, 1
2925, 76
2926, 75
2927, 77
2928, 75
2929, 24
2930, 75
2931, 1
2932, 72
2933, 71
2934, 17
2935, 1
2936, 4
2937, 67
2938, 73
2939, 2
2940, 25
2941, 21
2942, 21
2943, 9
2944, 1
2945, 47
2946, 45
2947, 1
2948, 25
2949, 39
2950, 37
2951, 23
2952, 37
2953, 35
2954, 1
2955, 55
2956, 69
2957, 1
2958, 21
2959, 6
2960, 30
2961, 1
2962, 45
2963, 18
2964, 59
2965, 78
2966, 42
2967, 6
2968, 1
2969, 43
2970, 67
2971, 1
2972, 46
2973, 6
2974, 40
2975, 1
2976, 64
2977, 34
2978, 46
2979, 44
2980, 23
2981, 42
2982, 6
2983, 25
2984, 7
2985, 1
2986, 45
2987, 29
2988, 18
2989, 59
2990, 63
2991, 18
2992, 47
2993, 46
2994, 18
2995, 61
2996, 62
2997, 18
2998, 68
2999, 80
3000, 59
3001, 18
3002, 1
3003, 19
3004, 63
3005, 10
3006, 54
3007, 54
3008, 14
3009, 27
3010, 21
3011, 14
3012, 10
3013, 19
3014, 10
3015, 67
3016, 52
3017, 1
3018, 63
3019, 52
3020, 27
3021, 34
3022, 1
3023, 44
3024, 10
3025, 6
3026, 1
3027, 18
3028, 19
3029, 2
3030, 1
3031, 48
3032, 1
3033, 12
3034, 26
3035, 2
3036, 18
3037, 15
3038, 9
3039, 18
3040, 34
3041, 18
3042, 16
3043, 7
3044, 31
3045, 38
3046, 39
3047, 1
3048, 52
3049, 48
3050, 67
3051, 39
3052, 1
3053, 34
3054, 45
3055, 25
3056, 19
3057, 6
3058, 41
3059, 7
3060, 1
3061, 27
3062, 6
3063, 40
3064, 28
3065, 22
3066, 1
3067, 73
3068, 48
3069, 44
3070, 31
3071, 1
3072, 67
3073, 61
3074, 43
3075, 1
3076, 35
3077, 59
3078, 77
3079, 1
3080, 34
3081, 65
3082, 6
3083, 80
3084, 7
3085, 1
3086, 46
3087, 10
3088, 35
3089, 29
3090, 14
3091, 38
3092, 29
3093, 24
3094, 37
3095, 1
3096, 39
3097, 39
3098, 53
3099, 60
3100, 70
3101, 39
3102, 58
3103, 46
3104, 79
3105, 1
3106, 46
3107, 18
3108, 70
3109, 49
3110, 66
3111, 43
3112, 30
3113, 18
3114, 19
3115, 43
3116, 74
3117, 1
3118, 31
3119, 18
3120, 77
3121, 76
3122, 49
3123, 51
3124, 22
3125, 29
3126, 52
3127, 1
3128, 45
3129, 56
3130, 54
3131, 58
3132, 46
3133, 34
3134, 39
3135, 1
3136, 38
3137, 51
3138, 26
3139, 49
3140, 35
3141, 59
3142, 26
3143, 1
3144, 57
3145, 1
3146, 58
3147, 63
3148, 1
3149, 56
3150, 33
3151, 50
3152, 54
3153, 28
3154, 45
3155, 43
3156, 49
3157, 73
3158, 67
3159, 74
3160, 35
3161, 64
3162, 35
3163, 28
3164, 1
3165, 77
3166, 47
3167, 26
3168, 49
3169, 60
3170, 58
3171, 62
3172, 59
3173, 26
3174, 29
3175, 22
3176, 1
3177, 49
3178, 52
3179, 50
3180, 1
3181, 65
3182, 66
3183, 1
3184, 64
3185, 78
3186, 89
3187, 49
3188, 69
3189, 1
3190, 56
3191, 74
3192, 22
3193, 36
3194, 40
3195, 1
3196, 61
3197, 77
3198, 33
3199, 1
3200, 74
3201, 39
3202, 57
3203, 60
3204, 77
3205, 28
3206, 38
3207, 44
3208, 68
3209, 69
3210, 69
3211, 1
3212, 61
3213, 32
3214, 49
3215, 43
3216, 1
3217, 60
3218, 56
3219, 71
3220, 48
3221, 63
3222, 76
3223, 58
3224, 1
3225, 74
3226, 50
3227, 74
3228, 1
3229, 81
3230, 34
3231, 69
3232, 48
3233, 7
3234, 48
3235, 48
3236, 32
3237, 28
3238, 1
3239, 78
3240, 66
3241, 63
3242, 22
3243, 1
3244, 34
3245, 71
3246, 71
3247, 70
3248, 70
3249, 71
3250, 47
3251, 34
3252, 1
3253, 64
3254, 56
3255, 67
3256, 43
3257, 6
3258, 70
3259, 49
3260, 54
3261, 27
3262, 71
3263, 1
3264, 71
3265, 27
3266, 21
3267, 22
3268, 38
3269, 26
3270, 39
3271, 53
3272, 72
3273, 70
3274, 51
3275, 55
3276, 55
3277, 79
3278, 26
3279, 41
3280, 22
3281, 37
3282, 1
3283, 69
3284, 54
3285, 1
3286, 37
3287, 7
3288, 1
3289, 71
3290, 70
3291, 68
3292, 36
3293, 24
3294, 55
3295, 31
3296, 24
3297, 18
3298, 14
3299, 1
3300, 36
3301, 19
3302, 10
3303, 1
3304, 71
3305, 72
3306, 78
3307, 49
3308, 10
3309, 40
3310, 17
3311, 10
3312, 1
3313, 39
3314, 6
3315, 1
3316, 48
3317, 51
3318, 23
3319, 1
3320, 30
3321, 40
3322, 1
3323, 74
3324, 70
3325, 20
3326, 22
3327, 6
3328, 23
3329, 36
3330, 6
3331, 29
3332, 73
3333, 34
3334, 7
3335, 6
3336, 47
3337, 70
3338, 6
3339, 25
3340, 7
3341, 2
3342, 28
3343, 1
3344, 53
3345, 1
3346, 71
3347, 66
3348, 72
3349, 20
3350, 1
3351, 4
3352, 48
3353, 2
3354, 23
3355, 1
3356, 33
3357, 23
3358, 1
3359, 34
3360, 18
3361, 1
3362, 35
3363, 15
3364, 6
3365, 67
3366, 22
3367, 6
3368, 7
3369, 6
3370, 19
3371, 13
3372, 1
3373, 36
3374, 51
3375, 1
3376, 49
3377, 10
3378, 45
3379, 1
3380, 41
3381, 22
3382, 1
3383, 46
3384, 1
3385, 67
3386, 26
3387, 10
3388, 6
3389, 1
3390, 15
3391, 2
3392, 1
3393, 78
3394, 80
3395, 80
3396, 60
3397, 1
3398, 4
3399, 45
3400, 2
3401, 23
3402, 1
3403, 33
3404, 16
3405, 6
3406, 57
3407, 20
3408, 6
3409, 1
3410, 51
3411, 18
3412, 29
3413, 1
3414, 35
3415, 15
3416, 6
3417, 65
3418, 69
3419, 22
3420, 6
3421, 7
3422, 6
3423, 19
3424, 13
3425, 1
3426, 36
3427, 51
3428, 1
3429, 49
3430, 10
3431, 45
3432, 1
3433, 41
3434, 22
3435, 1
3436, 46
3437, 1
3438, 69
3439, 73
3440, 26
3441, 10
3442, 6
3443, 1
3444, 15
3445, 2
3446, 2
3447, 12
3448, 29
3449, 2
3450, 43
3451, 2
3452, 1
3453, 20
3454, 32
3455, 2
3456, 22
3457, 25
3458, 7
3459, 12
3460, 2
3461, 1
3462, 38
3463, 2
3464, 51
3465, 51
3466, 54
3467, 50
3468, 51
3469, 65
3470, 52
3471, 66
3472, 66
3473, 67
3474, 63
3475, 64
3476, 53
3477, 3
3478, 1
3479, 20
3480, 38
3481, 2
3482, 23
3483, 12
3484, 2
3485, 1
3486, 44
3487, 2
3488, 51
3489, 51
3490, 54
3491, 50
3492, 51
3493, 65
3494, 52
3495, 66
3496, 66
3497, 67
3498, 63
3499, 64
3500, 53
3501, 3
3502, 1
3503, 66
3504, 65
3505, 12
3506, 27
3507, 2
3508, 56
3509, 12
3510, 6
3511, 12
3512, 8
3513, 2
3514, 1
3515, 55
3516, 2
3517, 51
3518, 51
3519, 54
3520, 50
3521, 51
3522, 65
3523, 52
3524, 66
3525, 66
3526, 67
3527, 63
3528, 64
3529, 53
3530, 3
3531, 1
3532, 1
3533, 12
3534, 41
3535, 2
3536, 55
3537, 60
3538, 64
3539, 53
3540, 30
3541, 24
3542, 58
3543, 7
3544, 21
3545, 8
3546, 6
3547, 12
3548, 7
3549, 2
3550, 1
3551, 50
3552, 2
3553, 51
3554, 51
3555, 54
3556, 50
3557, 51
3558, 65
3559, 52
3560, 66
3561, 66
3562, 67
3563, 63
3564, 64
3565, 53
3566, 3
