1, 62
2, 60
3, 1
4, 3
5, 39
6, 24
7, 3
8, 57
9, 3
10, 70
11, 70
12, 12
13, 69
14, 68
15, 72
16, 74
17, 75
18, 76
19, 50
20, 75
21, 29
22, 66
23, 76
24, 26
25, 3
26, 67
27, 65
28, 78
29, 66
30, 74
31, 72
32, 76
33, 75
34, 75
35, 78
36, 31
37, 4
38, 1
39, 3
40, 48
41, 39
42, 47
43, 24
44, 3
45, 69
46, 68
47, 72
48, 74
49, 75
50, 72
51, 78
52, 32
53, 3
54, 80
55, 72
56, 72
57, 74
58, 70
59, 70
60, 70
61, 78
62, 77
63, 74
64, 16
65, 4
66, 1
67, 4
68, 50
69, 24
70, 3
71, 75
72, 25
73, 3
74, 70
75, 70
76, 12
77, 69
78, 68
79, 72
80, 74
81, 75
82, 3
83, 77
84, 79
85, 78
86, 77
87, 74
88, 72
89, 76
90, 75
91, 75
92, 78
93, 31
94, 4
95, 1
96, 3
97, 44
98, 29
99, 24
100, 3
101, 75
102, 3
103, 70
104, 70
105, 12
106, 69
107, 68
108, 72
109, 74
110, 75
111, 76
112, 50
113, 64
114, 76
115, 76
116, 3
117, 72
118, 77
119, 75
120, 68
121, 76
122, 77
123, 73
124, 71
125, 76
126, 3
127, 26
128, 3
129, 10
130, 3
131, 30
132, 3
133, 27
134, 4
135, 1
136, 3
137, 70
138, 60
139, 4
140, 1
141, 3
142, 75
143, 74
144, 17
145, 3
146, 58
147, 3
148, 56
149, 3
150, 73
151, 73
152, 24
153, 3
154, 70
155, 73
156, 72
157, 71
158, 73
159, 33
160, 3
161, 73
162, 71
163, 71
164, 73
165, 70
166, 69
167, 19
168, 3
169, 74
170, 42
171, 3
172, 75
173, 72
174, 76
175, 74
176, 4
177, 1
178, 23
179, 23
180, 24
181, 23
182, 22
183, 24
184, 22
185, 22
186, 23
187, 23
188, 2
189, 21
190, 1
191, 25
192, 26
193, 25
194, 27
195, 25
196, 1
197, 21
198, 18
199, 1
200, 3
201, 56
202, 4
203, 26
204, 24
205, 25
206, 26
207, 26
208, 26
209, 28
210, 24
211, 27
212, 27
213, 26
214, 29
215, 28
216, 26
217, 26
218, 27
219, 28
220, 1
221, 42
222, 32
223, 28
224, 20
225, 5
226, 23
227, 44
228, 24
229, 1
230, 3
231, 29
232, 4
233, 35
234, 1
235, 3
236, 59
237, 60
238, 21
239, 4
240, 28
241, 1
242, 3
243, 25
244, 4
245, 26
246, 63
247, 57
248, 54
249, 59
250, 3
251, 1
252, 3
253, 43
254, 64
255, 26
256, 4
257, 32
258, 34
259, 1
260, 3
261, 42
262, 57
263, 33
264, 4
265, 29
266, 31
267, 32
268, 1
269, 3
270, 55
271, 4
272, 43
273, 28
274, 15
275, 27
276, 1
277, 3
278, 54
279, 4
280, 28
281, 1
282, 3
283, 33
284, 4
285, 1
286, 44
287, 45
288, 44
289, 45
290, 1
291, 39
292, 13
293, 32
294, 34
295, 26
296, 1
297, 39
298, 13
299, 32
300, 36
301, 26
302, 1
303, 1
304, 3
305, 39
306, 4
307, 19
308, 34
309, 33
310, 1
311, 46
312, 22
313, 1
314, 33
315, 21
316, 3
317, 1
318, 3
319, 67
320, 72
321, 49
322, 3
323, 56
324, 4
325, 52
326, 1
327, 3
328, 27
329, 4
330, 33
331, 1
332, 3
333, 58
334, 3
335, 71
336, 69
337, 21
338, 4
339, 19
340, 69
341, 21
342, 1
343, 35
344, 20
345, 56
346, 51
347, 52
348, 59
349, 30
350, 3
351, 1
352, 3
353, 72
354, 42
355, 4
356, 56
357, 20
358, 58
359, 1
360, 3
361, 51
362, 61
363, 4
364, 61
365, 1
366, 3
367, 18
368, 4
369, 34
370, 54
371, 35
372, 41
373, 1
374, 3
375, 75
376, 73
377, 39
378, 3
379, 72
380, 60
381, 4
382, 25
383, 1
384, 3
385, 32
386, 4
387, 18
388, 53
389, 55
390, 60
391, 36
392, 3
393, 1
394, 3
395, 60
396, 32
397, 4
398, 81
399, 1
400, 3
401, 60
402, 25
403, 4
404, 49
405, 1
406, 3
407, 20
408, 4
409, 52
410, 53
411, 22
412, 42
413, 57
414, 31
415, 73
416, 68
417, 57
418, 21
419, 1
420, 34
421, 28
422, 1
423, 55
424, 57
425, 62
426, 31
427, 1
428, 46
429, 46
430, 42
431, 1
432, 54
433, 36
434, 1
435, 1
436, 3
437, 32
438, 4
439, 33
440, 42
441, 1
442, 3
443, 18
444, 4
445, 23
446, 21
447, 27
448, 1
449, 29
450, 1
451, 26
452, 27
453, 2
454, 28
455, 57
456, 17
457, 1
458, 17
459, 2
460, 1
461, 3
462, 71
463, 69
464, 15
465, 4
466, 21
467, 43
468, 2
469, 26
470, 26
471, 2
472, 1
473, 21
474, 42
475, 2
476, 26
477, 25
478, 2
479, 1
480, 21
481, 28
482, 2
483, 26
484, 21
485, 2
486, 1
487, 21
488, 27
489, 2
490, 26
491, 20
492, 2
493, 1
494, 3
495, 73
496, 59
497, 4
498, 19
499, 42
500, 2
501, 23
502, 24
503, 16
504, 1
505, 21
506, 1
507, 48
508, 64
509, 17
510, 1
511, 15
512, 2
513, 1
514, 3
515, 41
516, 56
517, 58
518, 3
519, 54
520, 73
521, 4
522, 1
523, 3
524, 53
525, 3
526, 37
527, 73
528, 59
529, 49
530, 4
531, 5
532, 67
533, 29
534, 2
535, 1
536, 21
537, 74
538, 1
539, 20
540, 18
541, 24
542, 1
543, 54
544, 51
545, 54
546, 1
547, 32
548, 30
549, 2
550, 1
551, 3
552, 3
553, 33
554, 3
555, 41
556, 4
557, 34
558, 56
559, 2
560, 22
561, 1
562, 56
563, 44
564, 10
565, 3
566, 1
567, 14
568, 2
569, 1
570, 3
571, 58
572, 3
573, 28
574, 73
575, 67
576, 49
577, 32
578, 4
579, 18
580, 58
581, 2
582, 34
583, 1
584, 21
585, 72
586, 1
587, 66
588, 17
589, 1
590, 15
591, 61
592, 23
593, 85
594, 46
595, 34
596, 35
597, 10
598, 4
599, 51
600, 38
601, 3
602, 1
603, 42
604, 2
605, 1
606, 3
607, 3
608, 35
609, 3
610, 73
611, 49
612, 30
613, 4
614, 53
615, 4
616, 6
617, 58
618, 36
619, 2
620, 23
621, 22
622, 1
623, 47
624, 14
625, 1
626, 21
627, 123
628, 1
629, 4
630, 48
631, 5
632, 1
633, 37
634, 58
635, 1
636, 25
637, 58
638, 1
639, 37
640, 25
641, 31
642, 7
643, 31
644, 3
645, 1
646, 18
647, 2
648, 1
649, 10
650, 3
651, 60
652, 41
653, 4
654, 5
655, 37
656, 2
657, 24
658, 23
659, 22
660, 20
661, 20
662, 24
663, 18
664, 12
665, 1
666, 18
667, 48
668, 7
669, 54
670, 47
671, 1
672, 32
673, 12
674, 49
675, 15
676, 10
677, 27
678, 3
679, 1
680, 12
681, 22
682, 57
683, 52
684, 18
685, 10
686, 27
687, 3
688, 1
689, 27
690, 26
691, 61
692, 35
693, 1
694, 56
695, 5
696, 49
697, 50
698, 23
699, 6
700, 47
701, 41
702, 15
703, 1
704, 59
705, 60
706, 16
707, 19
708, 26
709, 4
710, 1
711, 28
712, 3
713, 1
714, 26
715, 1
716, 17
717, 25
718, 2
719, 1
720, 3
721, 33
722, 44
723, 4
724, 5
725, 24
726, 2
727, 35
728, 22
729, 21
730, 24
731, 19
732, 13
733, 11
734, 1
735, 2
736, 16
737, 1
738, 62
739, 34
740, 1
741, 2
742, 19
743, 38
744, 1
745, 26
746, 21
747, 27
748, 52
749, 47
750, 41
751, 41
752, 40
753, 19
754, 3
755, 51
756, 25
757, 1
758, 23
759, 62
760, 1
761, 21
762, 2
763, 1
764, 3
765, 39
766, 3
767, 32
768, 4
769, 21
770, 33
771, 2
772, 41
773, 2
774, 1
775, 3
776, 73
777, 11
778, 3
779, 74
780, 31
781, 3
782, 70
783, 66
784, 74
785, 36
786, 4
787, 19
788, 44
789, 2
790, 23
791, 24
792, 16
793, 1
794, 21
795, 1
796, 48
797, 5
798, 45
799, 31
800, 39
801, 6
802, 45
803, 18
804, 1
805, 5
806, 34
807, 6
808, 33
809, 3
810, 1
811, 41
812, 1
813, 4
814, 68
815, 5
816, 29
817, 20
818, 1
819, 5
820, 60
821, 56
822, 6
823, 56
824, 22
825, 6
826, 53
827, 52
828, 39
829, 7
830, 32
831, 37
832, 29
833, 5
834, 18
835, 4
836, 25
837, 62
838, 1
839, 22
840, 23
841, 26
842, 3
843, 1
844, 15
845, 2
846, 1
847, 3
848, 76
849, 16
850, 3
851, 74
852, 3
853, 69
854, 25
855, 4
856, 5
857, 67
858, 2
859, 23
860, 26
861, 19
862, 16
863, 1
864, 40
865, 1
866, 4
867, 62
868, 42
869, 5
870, 30
871, 1
872, 4
873, 10
874, 4
875, 69
876, 63
877, 68
878, 68
879, 4
880, 67
881, 4
882, 65
883, 67
884, 16
885, 5
886, 52
887, 10
888, 1
889, 4
890, 65
891, 58
892, 25
893, 5
894, 25
895, 22
896, 22
897, 1
898, 36
899, 1
900, 4
901, 45
902, 32
903, 5
904, 49
905, 54
906, 24
907, 19
908, 3
909, 1
910, 4
911, 60
912, 5
913, 25
914, 1
915, 4
916, 59
917, 5
918, 32
919, 29
920, 10
921, 1
922, 4
923, 59
924, 59
925, 59
926, 5
927, 34
928, 26
929, 2
930, 1
931, 3
932, 66
933, 15
934, 4
935, 5
936, 25
937, 2
938, 24
939, 24
940, 37
941, 1
942, 4
943, 65
944, 66
945, 61
946, 64
947, 66
948, 13
949, 5
950, 46
951, 24
952, 40
953, 14
954, 1
955, 45
956, 41
957, 59
958, 58
959, 61
960, 18
961, 25
962, 16
963, 3
964, 1
965, 61
966, 2
967, 1
968, 3
969, 78
970, 4
971, 5
972, 42
973, 2
974, 21
975, 22
976, 18
977, 1
978, 43
979, 44
980, 18
981, 57
982, 3
983, 1
984, 19
985, 27
986, 35
987, 16
988, 24
989, 15
990, 2
991, 1
992, 3
993, 77
994, 74
995, 74
996, 4
997, 5
998, 50
999, 2
1000, 24
1001, 22
1002, 31
1003, 12
1004, 13
1005, 15
1006, 1
1007, 19
1008, 58
1009, 36
1010, 1
1011, 26
1012, 1
1013, 4
1014, 47
1015, 5
1016, 60
1017, 1
1018, 36
1019, 29
1020, 10
1021, 3
1022, 1
1023, 4
1024, 54
1025, 53
1026, 5
1027, 37
1028, 30
1029, 1
1030, 4
1031, 67
1032, 5
1033, 56
1034, 18
1035, 20
1036, 25
1037, 29
1038, 1
1039, 30
1040, 1
1041, 36
1042, 25
1043, 1
1044, 41
1045, 23
1046, 20
1047, 14
1048, 62
1049, 44
1050, 1
1051, 40
1052, 32
1053, 37
1054, 62
1055, 77
1056, 4
1057, 1
1058, 28
1059, 6
1060, 50
1061, 46
1062, 18
1063, 7
1064, 49
1065, 28
1066, 4
1067, 1
1068, 22
1069, 17
1070, 19
1071, 48
1072, 30
1073, 40
1074, 8
1075, 29
1076, 39
1077, 4
1078, 1
1079, 30
1080, 1
1081, 20
1082, 72
1083, 28
1084, 3
1085, 1
1086, 28
1087, 2
1088, 1
1089, 3
1090, 21
1091, 3
1092, 76
1093, 18
1094, 3
1095, 30
1096, 79
1097, 65
1098, 81
1099, 4
1100, 5
1101, 47
1102, 2
1103, 12
1104, 22
1105, 23
1106, 17
1107, 1
1108, 4
1109, 72
1110, 74
1111, 5
1112, 14
1113, 15
1114, 41
1115, 7
1116, 23
1117, 1
1118, 57
1119, 46
1120, 58
1121, 14
1122, 1
1123, 26
1124, 1
1125, 6
1126, 43
1127, 45
1128, 7
1129, 60
1130, 11
1131, 1
1132, 29
1133, 49
1134, 1
1135, 6
1136, 57
1137, 54
1138, 7
1139, 14
1140, 16
1141, 47
1142, 51
1143, 41
1144, 21
1145, 15
1146, 5
1147, 4
1148, 3
1149, 1
1150, 4
1151, 70
1152, 70
1153, 40
1154, 5
1155, 12
1156, 48
1157, 66
1158, 21
1159, 27
1160, 16
1161, 14
1162, 40
1163, 55
1164, 46
1165, 3
1166, 2
1167, 1
1168, 3
1169, 29
1170, 13
1171, 36
1172, 43
1173, 44
1174, 4
1175, 5
1176, 37
1177, 2
1178, 24
1179, 28
1180, 19
1181, 24
1182, 18
1183, 14
1184, 1
1185, 21
1186, 72
1187, 1
1188, 26
1189, 1
1190, 27
1191, 19
1192, 29
1193, 10
1194, 3
1195, 1
1196, 16
1197, 12
1198, 14
1199, 43
1200, 6
1201, 25
1202, 1
1203, 14
1204, 20
1205, 30
1206, 1
1207, 43
1208, 25
1209, 1
1210, 48
1211, 28
1212, 16
1213, 1
1214, 36
1215, 45
1216, 37
1217, 50
1218, 26
1219, 17
1220, 36
1221, 21
1222, 46
1223, 15
1224, 38
1225, 26
1226, 6
1227, 18
1228, 5
1229, 1
1230, 6
1231, 24
1232, 7
1233, 34
1234, 1
1235, 19
1236, 33
1237, 32
1238, 1
1239, 26
1240, 1
1241, 6
1242, 27
1243, 7
1244, 24
1245, 19
1246, 14
1247, 35
1248, 1
1249, 36
1250, 4
1251, 1
1252, 21
1253, 31
1254, 12
1255, 30
1256, 3
1257, 29
1258, 28
1259, 1
1260, 12
1261, 16
1262, 2
1263, 1
1264, 3
1265, 28
1266, 5
1267, 50
1268, 4
1269, 7
1270, 18
1271, 2
1272, 12
1273, 1
1274, 52
1275, 1
1276, 33
1277, 18
1278, 31
1279, 41
1280, 1
1281, 4
1282, 66
1283, 25
1284, 5
1285, 1
1286, 14
1287, 2
1288, 1
1289, 3
1290, 70
1291, 18
1292, 5
1293, 46
1294, 49
1295, 59
1296, 3
1297, 66
1298, 66
1299, 49
1300, 4
1301, 4
1302, 73
1303, 2
1304, 24
1305, 27
1306, 23
1307, 31
1308, 15
1309, 15
1310, 17
1311, 1
1312, 111
1313, 1
1314, 68
1315, 39
1316, 1
1317, 4
1318, 62
1319, 52
1320, 5
1321, 53
1322, 1
1323, 13
1324, 27
1325, 23
1326, 29
1327, 22
1328, 25
1329, 23
1330, 1
1331, 26
1332, 29
1333, 1
1334, 4
1335, 64
1336, 30
1337, 5
1338, 26
1339, 36
1340, 6
1341, 38
1342, 20
1343, 30
1344, 31
1345, 30
1346, 20
1347, 4
1348, 53
1349, 3
1350, 40
1351, 15
1352, 12
1353, 13
1354, 1
1355, 48
1356, 5
1357, 49
1358, 54
1359, 14
1360, 6
1361, 28
1362, 42
1363, 7
1364, 13
1365, 8
1366, 14
1367, 1
1368, 11
1369, 5
1370, 39
1371, 6
1372, 31
1373, 42
1374, 6
1375, 53
1376, 36
1377, 9
1378, 54
1379, 55
1380, 7
1381, 23
1382, 1
1383, 22
1384, 1
1385, 38
1386, 40
1387, 50
1388, 7
1389, 43
1390, 41
1391, 38
1392, 33
1393, 8
1394, 23
1395, 5
1396, 11
1397, 6
1398, 44
1399, 7
1400, 26
1401, 24
1402, 27
1403, 15
1404, 4
1405, 1
1406, 31
1407, 1
1408, 19
1409, 6
1410, 55
1411, 7
1412, 39
1413, 42
1414, 35
1415, 1
1416, 6
1417, 46
1418, 21
1419, 7
1420, 33
1421, 39
1422, 38
1423, 40
1424, 48
1425, 20
1426, 5
1427, 11
1428, 6
1429, 48
1430, 30
1431, 7
1432, 14
1433, 7
1434, 53
1435, 46
1436, 39
1437, 8
1438, 39
1439, 28
1440, 10
1441, 60
1442, 37
1443, 41
1444, 1
1445, 29
1446, 38
1447, 32
1448, 31
1449, 23
1450, 41
1451, 21
1452, 5
1453, 1
1454, 43
1455, 4
1456, 10
1457, 5
1458, 38
1459, 60
1460, 58
1461, 6
1462, 22
1463, 1
1464, 13
1465, 6
1466, 55
1467, 23
1468, 7
1469, 38
1470, 27
1471, 1
1472, 33
1473, 4
1474, 3
1475, 1
1476, 4
1477, 58
1478, 5
1479, 65
1480, 29
1481, 1
1482, 4
1483, 30
1484, 5
1485, 48
1486, 24
1487, 33
1488, 4
1489, 1
1490, 20
1491, 67
1492, 1
1493, 4
1494, 58
1495, 60
1496, 5
1497, 21
1498, 16
1499, 5
1500, 53
1501, 16
1502, 6
1503, 18
1504, 54
1505, 6
1506, 47
1507, 48
1508, 39
1509, 25
1510, 7
1511, 28
1512, 1
1513, 43
1514, 52
1515, 19
1516, 25
1517, 19
1518, 21
1519, 5
1520, 4
1521, 1
1522, 29
1523, 32
1524, 7
1525, 28
1526, 31
1527, 3
1528, 1
1529, 4
1530, 61
1531, 19
1532, 5
1533, 69
1534, 40
1535, 1
1536, 29
1537, 28
1538, 1
1539, 13
1540, 2
1541, 1
1542, 3
1543, 17
1544, 3
1545, 74
1546, 49
1547, 4
1548, 1
1549, 5
1550, 49
1551, 2
1552, 24
1553, 22
1554, 19
1555, 35
1556, 1
1557, 74
1558, 21
1559, 1
1560, 4
1561, 45
1562, 5
1563, 26
1564, 29
1565, 1
1566, 21
1567, 5
1568, 41
1569, 6
1570, 37
1571, 25
1572, 22
1573, 1
1574, 37
1575, 21
1576, 22
1577, 13
1578, 4
1579, 1
1580, 42
1581, 16
1582, 1
1583, 30
1584, 23
1585, 19
1586, 15
1587, 1
1588, 16
1589, 1
1590, 45
1591, 7
1592, 32
1593, 8
1594, 22
1595, 12
1596, 14
1597, 5
1598, 1
1599, 34
1600, 23
1601, 16
1602, 31
1603, 1
1604, 6
1605, 50
1606, 47
1607, 44
1608, 7
1609, 29
1610, 21
1611, 26
1612, 39
1613, 23
1614, 45
1615, 44
1616, 35
1617, 6
1618, 5
1619, 1
1620, 6
1621, 50
1622, 49
1623, 25
1624, 7
1625, 19
1626, 31
1627, 1
1628, 24
1629, 19
1630, 16
1631, 34
1632, 8
1633, 16
1634, 33
1635, 1
1636, 21
1637, 11
1638, 15
1639, 4
1640, 1
1641, 5
1642, 30
1643, 6
1644, 28
1645, 28
1646, 1
1647, 42
1648, 3
1649, 1
1650, 29
1651, 28
1652, 2
1653, 1
1654, 3
1655, 60
1656, 3
1657, 61
1658, 66
1659, 14
1660, 4
1661, 5
1662, 55
1663, 2
1664, 24
1665, 31
1666, 1
1667, 21
1668, 67
1669, 21
1670, 1
1671, 46
1672, 24
1673, 1
1674, 40
1675, 15
1676, 1
1677, 26
1678, 38
1679, 58
1680, 8
1681, 16
1682, 24
1683, 1
1684, 56
1685, 26
1686, 15
1687, 17
1688, 26
1689, 25
1690, 16
1691, 3
1692, 2
1693, 1
1694, 5
1695, 73
1696, 2
1697, 31
1698, 21
1699, 29
1700, 2
1701, 1
1702, 5
1703, 38
1704, 2
1705, 24
1706, 33
1707, 27
1708, 17
1709, 1
1710, 72
1711, 16
1712, 1
1713, 17
1714, 1
1715, 20
1716, 36
1717, 25
1718, 22
1719, 1
1720, 47
1721, 25
1722, 1
1723, 49
1724, 16
1725, 1
1726, 29
1727, 17
1728, 28
1729, 40
1730, 48
1731, 20
1732, 5
1733, 45
1734, 25
1735, 20
1736, 16
1737, 5
1738, 26
1739, 27
1740, 20
1741, 11
1742, 4
1743, 44
1744, 34
1745, 3
1746, 15
1747, 2
1748, 1
1749, 10
1750, 50
1751, 2
1752, 23
1753, 26
1754, 24
1755, 13
1756, 14
1757, 1
1758, 29
1759, 1
1760, 21
1761, 36
1762, 16
1763, 1
1764, 30
1765, 5
1766, 48
1767, 6
1768, 33
1769, 30
1770, 49
1771, 10
1772, 5
1773, 55
1774, 56
1775, 45
1776, 6
1777, 33
1778, 1
1779, 20
1780, 66
1781, 31
1782, 19
1783, 4
1784, 1
1785, 33
1786, 15
1787, 30
1788, 1
1789, 42
1790, 19
1791, 1
1792, 32
1793, 18
1794, 49
1795, 10
1796, 5
1797, 55
1798, 52
1799, 6
1800, 11
1801, 49
1802, 10
1803, 4
1804, 3
1805, 1
1806, 18
1807, 13
1808, 1
1809, 16
1810, 2
1811, 1
1812, 5
1813, 66
1814, 2
1815, 24
1816, 24
1817, 22
1818, 14
1819, 12
1820, 1
1821, 22
1822, 65
1823, 27
1824, 1
1825, 35
1826, 36
1827, 29
1828, 10
1829, 3
1830, 1
1831, 29
1832, 5
1833, 65
1834, 40
1835, 6
1836, 36
1837, 32
1838, 10
1839, 3
1840, 1
1841, 26
1842, 29
1843, 1
1844, 4
1845, 68
1846, 5
1847, 1
1848, 58
1849, 26
1850, 52
1851, 6
1852, 14
1853, 12
1854, 1
1855, 21
1856, 37
1857, 25
1858, 22
1859, 1
1860, 37
1861, 21
1862, 22
1863, 13
1864, 4
1865, 1
1866, 42
1867, 1
1868, 30
1869, 16
1870, 29
1871, 57
1872, 50
1873, 24
1874, 13
1875, 1
1876, 41
1877, 20
1878, 33
1879, 36
1880, 63
1881, 77
1882, 17
1883, 20
1884, 1
1885, 22
1886, 37
1887, 24
1888, 11
1889, 29
1890, 1
1891, 22
1892, 14
1893, 27
1894, 31
1895, 10
1896, 26
1897, 30
1898, 11
1899, 17
1900, 5
1901, 1
1902, 21
1903, 11
1904, 4
1905, 3
1906, 1
1907, 29
1908, 28
1909, 1
1910, 18
1911, 28
1912, 25
1913, 7
1914, 27
1915, 24
1916, 3
1917, 36
1918, 2
1919, 1
1920, 5
1921, 54
1922, 2
1923, 1
1924, 22
1925, 63
1926, 32
1927, 1
1928, 16
1929, 50
1930, 34
1931, 10
1932, 1
1933, 20
1934, 36
1935, 32
1936, 9
1937, 1
1938, 10
1939, 24
1940, 9
1941, 3
1942, 2
1943, 1
1944, 3
1945, 22
1946, 3
1947, 46
1948, 4
1949, 10
1950, 38
1951, 2
1952, 15
1953, 1
1954, 39
1955, 13
1956, 30
1957, 8
1958, 14
1959, 1
1960, 14
1961, 2
1962, 1
1963, 3
1964, 25
1965, 3
1966, 48
1967, 4
1968, 10
1969, 41
1970, 2
1971, 15
1972, 1
1973, 39
1974, 13
1975, 30
1976, 8
1977, 14
1978, 1
1979, 14
1980, 2
1981, 1
1982, 3
1983, 21
1984, 3
1985, 48
1986, 4
1987, 23
1988, 1
1989, 3
1990, 23
1991, 3
1992, 50
1993, 4
1994, 23
1995, 1
1996, 4
1997, 67
1998, 2
1999, 23
2000, 24
2001, 26
2002, 24
2003, 13
2004, 14
2005, 13
2006, 1
2007, 26
2008, 29
2009, 1
2010, 21
2011, 1
2012, 4
2013, 64
2014, 34
2015, 4
2016, 62
2017, 22
2018, 5
2019, 32
2020, 17
2021, 12
2022, 1
2023, 4
2024, 48
2025, 5
2026, 41
2027, 27
2028, 12
2029, 1
2030, 4
2031, 26
2032, 5
2033, 40
2034, 14
2035, 15
2036, 12
2037, 1
2038, 34
2039, 4
2040, 61
2041, 5
2042, 13
2043, 30
2044, 83
2045, 82
2046, 13
2047, 3
2048, 1
2049, 21
2050, 1
2051, 56
2052, 91
2053, 27
2054, 12
2055, 21
2056, 12
2057, 3
2058, 64
2059, 5
2060, 58
2061, 18
2062, 6
2063, 23
2064, 22
2065, 1
2066, 49
2067, 42
2068, 13
2069, 1
2070, 45
2071, 33
2072, 18
2073, 13
2074, 1
2075, 5
2076, 60
2077, 62
2078, 61
2079, 63
2080, 35
2081, 6
2082, 39
2083, 13
2084, 1
2085, 22
2086, 76
2087, 31
2088, 1
2089, 45
2090, 37
2091, 1
2092, 6
2093, 47
2094, 51
2095, 52
2096, 6
2097, 64
2098, 61
2099, 77
2100, 18
2101, 10
2102, 8
2103, 29
2104, 58
2105, 5
2106, 60
2107, 16
2108, 6
2109, 23
2110, 22
2111, 1
2112, 49
2113, 42
2114, 13
2115, 1
2116, 45
2117, 33
2118, 18
2119, 13
2120, 1
2121, 35
2122, 27
2123, 1
2124, 22
2125, 76
2126, 31
2127, 1
2128, 30
2129, 62
2130, 18
2131, 10
2132, 10
2133, 91
2134, 12
2135, 3
2136, 1
2137, 4
2138, 53
2139, 32
2140, 5
2141, 36
2142, 62
2143, 23
2144, 17
2145, 19
2146, 10
2147, 3
2148, 1
2149, 11
2150, 26
2151, 16
2152, 3
2153, 1
2154, 5
2155, 29
2156, 28
2157, 1
2158, 14
2159, 2
2160, 1
2161, 3
2162, 47
2163, 3
2164, 25
2165, 59
2166, 4
2167, 5
2168, 24
2169, 2
2170, 4
2171, 19
2172, 51
2173, 5
2174, 2
2175, 1
2176, 3
2177, 29
2178, 3
2179, 13
2180, 62
2181, 3
2182, 4
2183, 5
2184, 58
2185, 2
2186, 65
2187, 19
2188, 34
2189, 2
2190, 1
2191, 3
2192, 24
2193, 71
2194, 3
2195, 22
2196, 48
2197, 4
2198, 5
2199, 35
2200, 2
2201, 24
2202, 24
2203, 21
2204, 13
2205, 1
2206, 74
2207, 1
2208, 26
2209, 29
2210, 1
2211, 35
2212, 24
2213, 1
2214, 40
2215, 14
2216, 1
2217, 48
2218, 21
2219, 1
2220, 43
2221, 60
2222, 51
2223, 3
2224, 1
2225, 29
2226, 28
2227, 2
2228, 1
2229, 5
2230, 30
2231, 2
2232, 12
2233, 18
2234, 8
2235, 1
2236, 33
2237, 26
2238, 1
2239, 32
2240, 1
2241, 21
2242, 27
2243, 1
2244, 63
2245, 64
2246, 1
2247, 35
2248, 1
2249, 44
2250, 35
2251, 6
2252, 40
2253, 7
2254, 11
2255, 4
2256, 1
2257, 17
2258, 30
2259, 41
2260, 1
2261, 5
2262, 63
2263, 64
2264, 65
2265, 48
2266, 6
2267, 25
2268, 38
2269, 6
2270, 51
2271, 52
2272, 19
2273, 7
2274, 4
2275, 1
2276, 30
2277, 32
2278, 1
2279, 40
2280, 1
2281, 30
2282, 11
2283, 3
2284, 2
2285, 1
2286, 5
2287, 23
2288, 2
2289, 4
2290, 51
2291, 5
2292, 15
2293, 2
2294, 1
2295, 3
2296, 47
2297, 64
2298, 4
2299, 5
2300, 24
2301, 2
2302, 14
2303, 1
2304, 4
2305, 25
2306, 5
2307, 28
2308, 24
2309, 30
2310, 16
2311, 10
2312, 1
2313, 4
2314, 69
2315, 5
2316, 1
2317, 19
2318, 1
2319, 35
2320, 32
2321, 2
2322, 1
2323, 1
2324, 3
2325, 34
2326, 3
2327, 42
2328, 4
2329, 5
2330, 26
2331, 2
2332, 17
2333, 10
2334, 1
2335, 28
2336, 16
2337, 30
2338, 2
2339, 1
2340, 3
2341, 20
2342, 4
2343, 66
2344, 75
2345, 71
2346, 30
2347, 4
2348, 5
2349, 43
2350, 2
2351, 37
2352, 13
2353, 34
2354, 46
2355, 7
2356, 1
2357, 4
2358, 60
2359, 47
2360, 5
2361, 33
2362, 65
2363, 21
2364, 27
2365, 15
2366, 20
2367, 2
2368, 1
2369, 3
2370, 20
2371, 3
2372, 66
2373, 61
2374, 37
2375, 4
2376, 5
2377, 71
2378, 2
2379, 40
2380, 40
2381, 13
2382, 38
2383, 50
2384, 7
2385, 1
2386, 4
2387, 66
2388, 59
2389, 17
2390, 5
2391, 32
2392, 64
2393, 21
2394, 32
2395, 65
2396, 21
2397, 27
2398, 27
2399, 15
2400, 27
2401, 2
2402, 1
2403, 3
2404, 57
2405, 3
2406, 69
2407, 69
2408, 18
2409, 4
2410, 5
2411, 49
2412, 2
2413, 25
2414, 21
2415, 2
2416, 1
2417, 3
2418, 45
2419, 4
2420, 20
2421, 63
2422, 2
2423, 24
2424, 19
2425, 13
2426, 1
2427, 36
2428, 38
2429, 15
2430, 10
2431, 22
2432, 57
2433, 18
2434, 15
2435, 28
2436, 3
2437, 1
2438, 10
2439, 13
2440, 1
2441, 46
2442, 24
2443, 1
2444, 40
2445, 40
2446, 58
2447, 17
2448, 24
2449, 1
2450, 35
2451, 13
2452, 2
2453, 1
2454, 3
2455, 70
2456, 30
2457, 4
2458, 35
2459, 43
2460, 2
2461, 23
2462, 24
2463, 16
2464, 14
2465, 1
2466, 21
2467, 1
2468, 48
2469, 5
2470, 45
2471, 31
2472, 39
2473, 6
2474, 34
2475, 30
2476, 6
2477, 38
2478, 7
2479, 54
2480, 19
2481, 4
2482, 1
2483, 32
2484, 35
2485, 1
2486, 64
2487, 6
2488, 51
2489, 39
2490, 7
2491, 54
2492, 19
2493, 4
2494, 1
2495, 34
2496, 1
2497, 5
2498, 34
2499, 6
2500, 33
2501, 3
2502, 1
2503, 41
2504, 1
2505, 4
2506, 68
2507, 5
2508, 29
2509, 20
2510, 1
2511, 5
2512, 60
2513, 56
2514, 6
2515, 31
2516, 28
2517, 30
2518, 6
2519, 38
2520, 7
2521, 50
2522, 33
2523, 19
2524, 57
2525, 4
2526, 1
2527, 22
2528, 23
2529, 26
2530, 42
2531, 1
2532, 47
2533, 48
2534, 3
2535, 1
2536, 15
2537, 2
2538, 1
2539, 8
2540, 35
2541, 2
2542, 29
2543, 23
2544, 24
2545, 20
2546, 8
2547, 1
2548, 37
2549, 29
2550, 1
2551, 23
2552, 69
2553, 37
2554, 1
2555, 37
2556, 1
2557, 4
2558, 41
2559, 5
2560, 1
2561, 33
2562, 29
2563, 1
2564, 25
2565, 73
2566, 1
2567, 53
2568, 25
2569, 1
2570, 49
2571, 41
2572, 51
2573, 59
2574, 19
2575, 20
2576, 4
2577, 3
2578, 1
2579, 4
2580, 65
2581, 11
2582, 5
2583, 25
2584, 26
2585, 19
2586, 15
2587, 1
2588, 31
2589, 10
2590, 1
2591, 5
2592, 29
2593, 2
2594, 1
2595, 73
2596, 1
2597, 3
2598, 24
2599, 3
2600, 49
2601, 4
2602, 5
2603, 30
2604, 2
2605, 24
2606, 19
2607, 1
2608, 55
2609, 24
2610, 1
2611, 49
2612, 1
2613, 66
2614, 17
2615, 33
2616, 15
2617, 2
2618, 1
2619, 3
2620, 73
2621, 52
2622, 4
2623, 5
2624, 49
2625, 2
2626, 22
2627, 44
2628, 63
2629, 45
2630, 1
2631, 25
2632, 2
2633, 1
2634, 3
2635, 61
2636, 51
2637, 3
2638, 73
2639, 71
2640, 49
2641, 3
2642, 71
2643, 70
2644, 30
2645, 3
2646, 67
2647, 24
2648, 4
2649, 10
2650, 76
2651, 2
2652, 23
2653, 26
2654, 19
2655, 16
2656, 1
2657, 24
2658, 18
2659, 1
2660, 21
2661, 43
2662, 16
2663, 1
2664, 30
2665, 15
2666, 17
2667, 3
2668, 1
2669, 24
2670, 18
2671, 1
2672, 32
2673, 1
2674, 19
2675, 65
2676, 18
2677, 3
2678, 1
2679, 32
2680, 16
2681, 2
2682, 1
2683, 79
2684, 1
2685, 5
2686, 53
2687, 2
2688, 20
2689, 1
2690, 4
2691, 49
2692, 5
2693, 25
2694, 61
2695, 20
2696, 53
2697, 3
2698, 1
2699, 48
2700, 33
2701, 57
2702, 1
2703, 43
2704, 2
2705, 1
2706, 3
2707, 72
2708, 62
2709, 3
2710, 79
2711, 54
2712, 3
2713, 42
2714, 18
2715, 74
2716, 13
2717, 58
2718, 11
2719, 56
2720, 3
2721, 74
2722, 57
2723, 4
2724, 31
2725, 5
2726, 70
2727, 2
2728, 36
2729, 57
2730, 36
2731, 23
2732, 24
2733, 28
2734, 17
2735, 19
2736, 13
2737, 13
2738, 15
2739, 31
2740, 1
2741, 4
2742, 38
2743, 5
2744, 17
2745, 37
2746, 33
2747, 18
2748, 1
2749, 4
2750, 66
2751, 62
2752, 5
2753, 74
2754, 28
2755, 1
2756, 5
2757, 47
2758, 59
2759, 39
2760, 6
2761, 41
2762, 13
2763, 1
2764, 5
2765, 48
2766, 6
2767, 40
2768, 45
2769, 22
2770, 56
2771, 40
2772, 4
2773, 1
2774, 5
2775, 49
2776, 38
2777, 6
2778, 49
2779, 38
2780, 48
2781, 57
2782, 4
2783, 1
2784, 5
2785, 33
2786, 6
2787, 22
2788, 1
2789, 5
2790, 53
2791, 25
2792, 6
2793, 42
2794, 23
2795, 22
2796, 26
2797, 1
2798, 5
2799, 62
2800, 6
2801, 18
2802, 57
2803, 17
2804, 52
2805, 26
2806, 4
2807, 1
2808, 5
2809, 65
2810, 64
2811, 59
2812, 18
2813, 6
2814, 60
2815, 59
2816, 31
2817, 4
2818, 3
2819, 1
2820, 4
2821, 66
2822, 52
2823, 5
2824, 33
2825, 69
2826, 47
2827, 59
2828, 36
2829, 3
2830, 1
2831, 26
2832, 26
2833, 20
2834, 15
2835, 1
2836, 4
2837, 70
2838, 71
2839, 70
2840, 4
2841, 62
2842, 5
2843, 25
2844, 21
2845, 1
2846, 60
2847, 57
2848, 60
2849, 57
2850, 58
2851, 56
2852, 65
2853, 73
2854, 33
2855, 1
2856, 4
2857, 64
2858, 56
2859, 23
2860, 5
2861, 71
2862, 37
2863, 56
2864, 36
2865, 1
2866, 56
2867, 37
2868, 62
2869, 39
2870, 1
2871, 4
2872, 51
2873, 5
2874, 23
2875, 32
2876, 1
2877, 4
2878, 30
2879, 5
2880, 68
2881, 30
2882, 1
2883, 4
2884, 28
2885, 5
2886, 69
2887, 36
2888, 1
2889, 4
2890, 35
2891, 5
2892, 67
2893, 24
2894, 1
2895, 4
2896, 45
2897, 5
2898, 72
2899, 26
2900, 1
2901, 25
2902, 26
2903, 2
2904, 1
2905, 4
2906, 52
2907, 2
2908, 24
2909, 24
2910, 13
2911, 13
2912, 1
2913, 4
2914, 63
2915, 5
2916, 26
2917, 14
2918, 1
2919, 29
2920, 59
2921, 38
2922, 31
2923, 19
2924, 26
2925, 11
2926, 4
2927, 10
2928, 40
2929, 45
2930, 20
2931, 56
2932, 1
2933, 33
2934, 15
2935, 59
2936, 38
2937, 31
2938, 19
2939, 26
2940, 11
2941, 4
2942, 3
2943, 1
2944, 14
2945, 2
2946, 1
2947, 5
2948, 81
2949, 2
2950, 23
2951, 24
2952, 1
2953, 13
2954, 47
2955, 19
2956, 55
2957, 1
2958, 12
2959, 43
2960, 3
2961, 1
2962, 12
2963, 37
2964, 2
2965, 1
2966, 5
2967, 16
2968, 2
2969, 74
2970, 1
2971, 26
2972, 2
2973, 1
2974, 40
2975, 42
2976, 1
2977, 7
2978, 72
2979, 2
2980, 58
2981, 19
2982, 11
2983, 1
2984, 23
2985, 49
2986, 16
2987, 1
2988, 29
2989, 29
2990, 41
2991, 15
2992, 3
2993, 1
2994, 58
2995, 48
2996, 1
2997, 33
2998, 28
2999, 2
3000, 1
3001, 5
3002, 54
3003, 2
3004, 52
3005, 1
3006, 25
3007, 25
3008, 10
3009, 3
3010, 1
3011, 41
3012, 40
3013, 28
3014, 10
3015, 3
3016, 2
3017, 1
3018, 3
3019, 19
3020, 3
3021, 69
3022, 72
3023, 65
3024, 4
3025, 5
3026, 20
3027, 2
3028, 33
3029, 44
3030, 36
3031, 50
3032, 2
3033, 1
3034, 3
3035, 78
3036, 53
3037, 3
3038, 80
3039, 75
3040, 70
3041, 68
3042, 78
3043, 23
3044, 3
3045, 78
3046, 11
3047, 4
3048, 1
3049, 3
3050, 73
3051, 74
3052, 27
3053, 3
3054, 78
3055, 62
3056, 4
3057, 79
3058, 1
3059, 8
3060, 29
3061, 2
3062, 16
3063, 1
3064, 47
3065, 28
3066, 36
3067, 40
3068, 6
3069, 23
3070, 23
3071, 7
3072, 3
3073, 13
3074, 2
3075, 1
3076, 3
3077, 21
3078, 3
3079, 36
3080, 4
3081, 5
3082, 76
3083, 2
3084, 40
3085, 16
3086, 1
3087, 18
3088, 19
3089, 10
3090, 10
3091, 9
3092, 1
3093, 17
3094, 28
3095, 9
3096, 1
3097, 21
3098, 31
3099, 9
3100, 3
3101, 1
3102, 43
3103, 70
3104, 35
3105, 2
3106, 1
3107, 3
3108, 19
3109, 3
3110, 33
3111, 4
3112, 5
3113, 74
3114, 2
3115, 40
3116, 16
3117, 18
3118, 1
3119, 18
3120, 19
3121, 10
3122, 10
3123, 9
3124, 1
3125, 17
3126, 28
3127, 9
3128, 1
3129, 21
3130, 31
3131, 9
3132, 3
3133, 1
3134, 58
3135, 59
3136, 1
3137, 28
3138, 22
3139, 59
3140, 6
3141, 74
3142, 7
3143, 18
3144, 67
3145, 1
3146, 28
3147, 32
3148, 57
3149, 42
3150, 6
3151, 24
3152, 57
3153, 34
3154, 7
3155, 2
3156, 1
3157, 3
3158, 19
3159, 3
3160, 58
3161, 36
3162, 4
3163, 5
3164, 58
3165, 2
3166, 47
3167, 32
3168, 1
3169, 52
3170, 1
3171, 48
3172, 27
3173, 23
3174, 6
3175, 48
3176, 48
3177, 48
3178, 36
3179, 7
3180, 1
3181, 52
3182, 2
3183, 1
3184, 3
3185, 19
3186, 3
3187, 59
3188, 55
3189, 63
3190, 4
3191, 8
3192, 67
3193, 25
3194, 2
3195, 40
3196, 32
3197, 18
3198, 8
3199, 1
3200, 54
3201, 1
3202, 16
3203, 49
3204, 1
3205, 29
3206, 68
3207, 64
3208, 7
3209, 1
3210, 18
3211, 19
3212, 10
3213, 10
3214, 11
3215, 11
3216, 9
3217, 1
3218, 17
3219, 28
3220, 29
3221, 29
3222, 9
3223, 1
3224, 21
3225, 31
3226, 32
3227, 32
3228, 9
3229, 3
3230, 1
3231, 15
3232, 1
3233, 21
3234, 45
3235, 40
3236, 24
3237, 16
3238, 7
3239, 45
3240, 42
3241, 37
3242, 37
3243, 20
3244, 20
3245, 23
3246, 13
3247, 4
3248, 1
3249, 5
3250, 52
3251, 50
3252, 25
3253, 6
3254, 59
3255, 60
3256, 1
3257, 28
3258, 23
3259, 60
3260, 6
3261, 41
3262, 41
3263, 7
3264, 19
3265, 54
3266, 23
3267, 1
3268, 51
3269, 40
3270, 24
3271, 16
3272, 7
3273, 30
3274, 28
3275, 41
3276, 26
3277, 43
3278, 51
3279, 6
3280, 31
3281, 26
3282, 43
3283, 41
3284, 7
3285, 5
3286, 20
3287, 20
3288, 23
3289, 13
3290, 4
3291, 1
3292, 34
3293, 24
3294, 15
3295, 7
3296, 28
3297, 33
3298, 59
3299, 43
3300, 6
3301, 25
3302, 59
3303, 35
3304, 7
3305, 19
3306, 19
3307, 22
3308, 3
3309, 24
3310, 15
3311, 7
3312, 16
3313, 2
3314, 1
3315, 80
3316, 1
3317, 45
3318, 1
3319, 3
3320, 70
3321, 71
3322, 45
3323, 4
3324, 5
3325, 54
3326, 2
3327, 1
3328, 28
3329, 2
3330, 1
3331, 3
3332, 67
3333, 69
3334, 10
3335, 4
3336, 5
3337, 69
3338, 2
3339, 8
3340, 1
3341, 28
3342, 1
3343, 55
3344, 24
3345, 45
3346, 34
3347, 35
3348, 37
3349, 35
3350, 7
3351, 51
3352, 34
3353, 36
3354, 36
3355, 38
3356, 3
3357, 2
3358, 1
3359, 27
3360, 46
3361, 2
3362, 8
3363, 1
3364, 32
3365, 17
3366, 1
3367, 55
3368, 42
3369, 48
3370, 35
3371, 35
3372, 3
3373, 1
3374, 16
3375, 2
3376, 1
3377, 27
3378, 46
3379, 2
3380, 8
3381, 1
3382, 32
3383, 17
3384, 1
3385, 55
3386, 42
3387, 48
3388, 35
3389, 35
3390, 3
3391, 1
3392, 16
3393, 2
3394, 1
3395, 80
3396, 1
3397, 3
3398, 71
3399, 41
3400, 3
3401, 70
3402, 34
3403, 4
3404, 1
3405, 32
3406, 35
3407, 32
3408, 1
3409, 32
3410, 35
3411, 32
3412, 1
3413, 32
3414, 35
3415, 32
3416, 1
3417, 30
3418, 30
3419, 30
3420, 1
3421, 29
3422, 29
3423, 29
3424, 29
3425, 31
3426, 1
3427, 27
3428, 27
3429, 27
3430, 1
3431, 66
3432, 48
3433, 1
3434, 5
3435, 28
3436, 2
3437, 1
3438, 38
3439, 48
3440, 1
3441, 34
3442, 48
3443, 1
3444, 34
3445, 48
3446, 1
3447, 4
3448, 55
3449, 55
3450, 48
3451, 5
3452, 63
3453, 42
3454, 38
3455, 38
3456, 10
3457, 35
3458, 33
3459, 33
3460, 3
3461, 1
3462, 44
3463, 44
3464, 44
3465, 1
3466, 42
3467, 42
3468, 42
3469, 42
3470, 46
3471, 1
3472, 38
3473, 38
3474, 38
3475, 1
3476, 47
3477, 47
3478, 2
3479, 1
3480, 5
3481, 26
3482, 2
3483, 20
3484, 1
3485, 4
3486, 9
3487, 68
3488, 24
3489, 5
3490, 26
3491, 1
3492, 39
3493, 38
3494, 34
3495, 34
3496, 1
3497, 34
3498, 32
3499, 32
3500, 1
3501, 43
3502, 43
3503, 43
3504, 1
3505, 39
3506, 39
3507, 39
3508, 1
3509, 37
3510, 37
3511, 37
3512, 37
3513, 41
3514, 1
3515, 33
3516, 33
3517, 33
3518, 1
3519, 23
3520, 58
3521, 65
3522, 37
3523, 6
3524, 5
3525, 60
3526, 60
3527, 20
3528, 6
3529, 27
3530, 42
3531, 38
3532, 38
3533, 7
3534, 58
3535, 43
3536, 43
3537, 43
3538, 3
3539, 2
3540, 1
3541, 26
3542, 26
3543, 1
3544, 8
3545, 38
3546, 2
3547, 12
3548, 1
3549, 22
3550, 56
3551, 13
3552, 1
3553, 16
3554, 15
3555, 16
3556, 2
