1, 72
2, 1
3, 3
4, 65
5, 3
6, 73
7, 74
8, 69
9, 3
10, 76
11, 68
12, 75
13, 74
14, 73
15, 75
16, 66
17, 4
18, 1
19, 23
20, 24
21, 22
22, 26
23, 1
24, 19
25, 21
26, 17
27, 18
28, 20
29, 19
30, 20
31, 20
32, 20
33, 1
34, 18
35, 17
36, 17
37, 21
38, 1
39, 39
40, 34
41, 38
42, 40
43, 1
44, 39
45, 66
46, 65
47, 56
48, 79
49, 52
50, 80
51, 32
52, 75
53, 60
54, 76
55, 72
56, 70
57, 43
58, 75
59, 42
60, 83
61, 34
62, 84
63, 34
64, 81
65, 34
66, 76
67, 41
68, 61
69, 72
70, 58
71, 80
72, 76
73, 1
74, 81
75, 27
76, 54
77, 53
78, 76
79, 53
80, 66
81, 73
82, 76
83, 38
84, 65
85, 44
86, 1
87, 79
88, 44
89, 71
90, 70
91, 79
92, 69
93, 52
94, 57
95, 1
96, 43
97, 42
98, 77
99, 67
100, 45
101, 62
102, 43
103, 62
104, 54
105, 65
106, 53
107, 65
108, 1
109, 64
110, 67
111, 70
112, 1
113, 41
114, 67
115, 1
116, 44
117, 41
118, 43
119, 39
120, 42
121, 54
122, 53
123, 40
124, 44
125, 42
126, 36
127, 1
128, 22
129, 50
130, 48
131, 47
132, 3
133, 1
134, 21
135, 39
136, 42
137, 46
138, 3
139, 1
140, 69
141, 19
142, 1
143, 5
144, 21
145, 2
146, 23
147, 21
148, 22
149, 30
150, 23
151, 10
152, 2
153, 1
154, 36
155, 38
156, 37
157, 39
158, 1
159, 6
160, 80
161, 15
162, 2
163, 43
164, 42
165, 50
166, 49
167, 43
168, 58
169, 45
170, 38
171, 1
172, 32
173, 17
174, 38
175, 16
176, 23
177, 17
178, 30
179, 10
180, 1
181, 48
182, 35
183, 1
184, 38
185, 33
186, 30
187, 39
188, 1
189, 47
190, 33
191, 1
192, 41
193, 61
194, 59
195, 48
196, 1
197, 38
198, 37
199, 34
200, 33
201, 34
202, 34
203, 1
204, 28
205, 31
206, 28
207, 28
208, 28
209, 1
210, 44
211, 66
212, 70
213, 66
214, 29
215, 41
216, 48
217, 43
218, 1
219, 19
220, 33
221, 35
222, 33
223, 39
224, 33
225, 1
226, 59
227, 31
228, 29
229, 31
230, 61
231, 32
232, 29
233, 34
234, 68
235, 29
236, 49
237, 1
238, 32
239, 63
240, 73
241, 72
242, 53
243, 78
244, 75
245, 50
246, 51
247, 26
248, 36
249, 65
250, 18
251, 34
252, 62
253, 55
254, 52
255, 45
256, 62
257, 1
258, 56
259, 55
260, 43
261, 65
262, 1
263, 64
264, 59
265, 47
266, 69
267, 45
268, 37
269, 1
270, 36
271, 78
272, 56
273, 53
274, 63
275, 57
276, 37
277, 74
278, 58
279, 67
280, 58
281, 44
282, 47
283, 26
284, 18
285, 1
286, 51
287, 44
288, 53
289, 34
290, 18
291, 1
292, 62
293, 41
294, 81
295, 59
296, 1
297, 57
298, 61
299, 1
300, 65
301, 39
302, 79
303, 59
304, 1
305, 60
306, 60
307, 1
308, 69
309, 43
310, 66
311, 45
312, 59
313, 1
314, 64
315, 64
316, 1
317, 71
318, 47
319, 62
320, 54
321, 55
322, 55
323, 18
324, 1
325, 43
326, 60
327, 55
328, 48
329, 43
330, 10
331, 1
332, 72
333, 19
334, 32
335, 1
336, 57
337, 47
338, 42
339, 51
340, 42
341, 28
342, 10
343, 1
344, 35
345, 23
346, 39
347, 27
348, 37
349, 25
350, 1
351, 51
352, 18
353, 2
354, 1
355, 52
356, 57
357, 1
358, 5
359, 48
360, 2
361, 42
362, 39
363, 42
364, 39
365, 41
366, 48
367, 46
368, 39
369, 37
370, 43
371, 41
372, 43
373, 45
374, 39
375, 38
376, 1
377, 41
378, 69
379, 51
380, 66
381, 1
382, 19
383, 55
384, 77
385, 28
386, 31
387, 1
388, 41
389, 34
390, 52
391, 31
392, 39
393, 78
394, 77
395, 66
396, 59
397, 31
398, 38
399, 76
400, 77
401, 62
402, 56
403, 31
404, 40
405, 52
406, 31
407, 41
408, 78
409, 75
410, 39
411, 26
412, 62
413, 44
414, 71
415, 58
416, 31
417, 41
418, 78
419, 75
420, 39
421, 26
422, 62
423, 44
424, 71
425, 74
426, 78
427, 54
428, 39
429, 26
430, 47
431, 31
432, 45
433, 78
434, 75
435, 39
436, 26
437, 62
438, 44
439, 75
440, 74
441, 78
442, 54
443, 39
444, 26
445, 50
446, 55
447, 31
448, 35
449, 78
450, 75
451, 39
452, 26
453, 62
454, 44
455, 65
456, 57
457, 31
458, 39
459, 63
460, 61
461, 75
462, 39
463, 26
464, 74
465, 56
466, 58
467, 31
468, 42
469, 62
470, 59
471, 75
472, 70
473, 39
474, 26
475, 44
476, 63
477, 62
478, 74
479, 48
480, 77
481, 70
482, 39
483, 26
484, 42
485, 53
486, 44
487, 50
488, 48
489, 50
490, 74
491, 74
492, 45
493, 31
494, 40
495, 64
496, 75
497, 39
498, 26
499, 52
500, 63
501, 45
502, 71
503, 71
504, 50
505, 47
506, 70
507, 39
508, 26
509, 31
510, 40
511, 64
512, 75
513, 39
514, 26
515, 44
516, 56
517, 39
518, 62
519, 53
520, 60
521, 39
522, 40
523, 63
524, 53
525, 60
526, 39
527, 32
528, 67
529, 39
530, 33
531, 8
532, 72
533, 39
534, 26
535, 31
536, 42
537, 63
538, 61
539, 75
540, 39
541, 26
542, 74
543, 56
544, 55
545, 31
546, 41
547, 64
548, 75
549, 39
550, 26
551, 67
552, 44
553, 31
554, 38
555, 63
556, 57
557, 75
558, 39
559, 26
560, 51
561, 59
562, 67
563, 39
564, 26
565, 77
566, 45
567, 73
568, 66
569, 1
570, 61
571, 70
572, 46
573, 26
574, 31
575, 44
576, 40
577, 43
578, 50
579, 47
580, 78
581, 75
582, 39
583, 26
584, 62
585, 77
586, 31
587, 45
588, 63
589, 51
590, 75
591, 39
592, 26
593, 68
594, 52
595, 44
596, 71
597, 61
598, 62
599, 63
600, 64
601, 58
602, 59
603, 61
604, 62
605, 63
606, 64
607, 58
608, 59
609, 26
610, 77
611, 72
612, 31
613, 35
614, 81
615, 42
616, 31
617, 44
618, 76
619, 72
620, 31
621, 43
622, 52
623, 70
624, 46
625, 31
626, 25
627, 31
628, 18
629, 34
630, 10
631, 2
632, 1
633, 5
634, 47
635, 2
636, 42
637, 42
638, 41
639, 43
640, 39
641, 38
642, 37
643, 43
644, 43
645, 39
646, 1
647, 41
648, 68
649, 51
650, 65
651, 1
652, 19
653, 55
654, 76
655, 28
656, 31
657, 1
658, 41
659, 39
660, 63
661, 61
662, 75
663, 39
664, 26
665, 74
666, 56
667, 57
668, 31
669, 40
670, 43
671, 52
672, 31
673, 42
674, 63
675, 61
676, 75
677, 39
678, 26
679, 74
680, 56
681, 55
682, 31
683, 39
684, 63
685, 56
686, 68
687, 49
688, 79
689, 51
690, 45
691, 51
692, 77
693, 48
694, 45
695, 50
696, 76
697, 34
698, 45
699, 78
700, 63
701, 61
702, 47
703, 65
704, 26
705, 31
706, 38
707, 63
708, 52
709, 67
710, 60
711, 49
712, 47
713, 73
714, 70
715, 66
716, 59
717, 69
718, 35
719, 77
720, 78
721, 80
722, 41
723, 36
724, 63
725, 59
726, 54
727, 73
728, 63
729, 31
730, 63
731, 31
732, 41
733, 63
734, 56
735, 70
736, 78
737, 45
738, 74
739, 45
740, 80
741, 77
742, 71
743, 51
744, 41
745, 39
746, 26
747, 46
748, 48
749, 71
750, 50
751, 55
752, 73
753, 56
754, 61
755, 56
756, 79
757, 34
758, 65
759, 31
760, 76
761, 31
762, 42
763, 63
764, 52
765, 71
766, 75
767, 45
768, 71
769, 49
770, 49
771, 68
772, 31
773, 49
774, 42
775, 71
776, 78
777, 39
778, 26
779, 50
780, 31
781, 49
782, 42
783, 71
784, 78
785, 39
786, 26
787, 50
788, 31
789, 47
790, 43
791, 31
792, 39
793, 43
794, 78
795, 43
796, 1
797, 43
798, 31
799, 42
800, 51
801, 31
802, 38
803, 62
804, 55
805, 68
806, 50
807, 71
808, 67
809, 39
810, 26
811, 77
812, 45
813, 73
814, 65
815, 1
816, 61
817, 70
818, 46
819, 26
820, 31
821, 36
822, 38
823, 62
824, 50
825, 61
826, 39
827, 26
828, 64
829, 50
830, 81
831, 63
832, 64
833, 62
834, 62
835, 75
836, 31
837, 43
838, 31
839, 37
840, 74
841, 31
842, 25
843, 31
844, 18
845, 34
846, 10
847, 2
848, 1
849, 54
850, 4
851, 39
852, 2
853, 41
854, 43
855, 46
856, 46
857, 55
858, 57
859, 51
860, 49
861, 48
862, 44
863, 64
864, 39
865, 1
866, 43
867, 67
868, 29
869, 36
870, 76
871, 1
872, 24
873, 1
874, 52
875, 77
876, 29
877, 10
878, 1
879, 28
880, 36
881, 16
882, 72
883, 77
884, 29
885, 10
886, 1
887, 28
888, 28
889, 41
890, 16
891, 28
892, 71
893, 77
894, 29
895, 10
896, 1
897, 19
898, 81
899, 34
900, 1
901, 79
902, 44
903, 34
904, 34
905, 69
906, 40
907, 43
908, 34
909, 36
910, 18
911, 1
912, 65
913, 70
914, 34
915, 81
916, 57
917, 35
918, 18
919, 1
920, 46
921, 1
922, 53
923, 50
924, 62
925, 60
926, 59
927, 69
928, 53
929, 77
930, 77
931, 46
932, 39
933, 26
934, 18
935, 1
936, 42
937, 10
938, 1
939, 24
940, 29
941, 16
942, 30
943, 26
944, 66
945, 42
946, 27
947, 73
948, 77
949, 28
950, 76
951, 74
952, 38
953, 35
954, 18
955, 38
956, 76
957, 74
958, 38
959, 35
960, 18
961, 1
962, 26
963, 28
964, 1
965, 52
966, 52
967, 77
968, 74
969, 38
970, 35
971, 18
972, 1
973, 63
974, 10
975, 1
976, 33
977, 62
978, 37
979, 78
980, 57
981, 56
982, 37
983, 18
984, 42
985, 41
986, 55
987, 18
988, 28
989, 10
990, 1
991, 52
992, 36
993, 35
994, 41
995, 38
996, 26
997, 28
998, 34
999, 31
1000, 25
1001, 1
1002, 54
1003, 52
1004, 62
1005, 74
1006, 38
1007, 35
1008, 18
1009, 1
1010, 47
1011, 52
1012, 72
1013, 74
1014, 38
1015, 35
1016, 18
1017, 1
1018, 76
1019, 41
1020, 50
1021, 18
1022, 1
1023, 31
1024, 32
1025, 44
1026, 78
1027, 67
1028, 68
1029, 73
1030, 73
1031, 61
1032, 75
1033, 51
1034, 34
1035, 55
1036, 68
1037, 73
1038, 73
1039, 61
1040, 75
1041, 51
1042, 34
1043, 1
1044, 44
1045, 46
1046, 1
1047, 79
1048, 26
1049, 31
1050, 35
1051, 44
1052, 75
1053, 67
1054, 68
1055, 74
1056, 73
1057, 61
1058, 75
1059, 51
1060, 34
1061, 54
1062, 68
1063, 74
1064, 73
1065, 61
1066, 75
1067, 51
1068, 34
1069, 1
1070, 44
1071, 46
1072, 1
1073, 79
1074, 26
1075, 31
1076, 25
1077, 75
1078, 31
1079, 18
1080, 1
1081, 62
1082, 35
1083, 35
1084, 18
1085, 10
1086, 1
1087, 40
1088, 31
1089, 1
1090, 78
1091, 72
1092, 43
1093, 1
1094, 32
1095, 31
1096, 71
1097, 42
1098, 72
1099, 74
1100, 38
1101, 35
1102, 18
1103, 38
1104, 72
1105, 74
1106, 38
1107, 35
1108, 18
1109, 1
1110, 26
1111, 33
1112, 1
1113, 52
1114, 52
1115, 75
1116, 74
1117, 38
1118, 35
1119, 18
1120, 1
1121, 66
1122, 1
1123, 41
1124, 45
1125, 65
1126, 77
1127, 78
1128, 38
1129, 35
1130, 18
1131, 1
1132, 10
1133, 1
1134, 45
1135, 34
1136, 33
1137, 39
1138, 38
1139, 26
1140, 28
1141, 34
1142, 31
1143, 25
1144, 1
1145, 54
1146, 52
1147, 60
1148, 74
1149, 38
1150, 35
1151, 18
1152, 1
1153, 47
1154, 52
1155, 70
1156, 74
1157, 38
1158, 35
1159, 18
1160, 1
1161, 19
1162, 57
1163, 67
1164, 20
1165, 36
1166, 48
1167, 60
1168, 45
1169, 18
1170, 78
1171, 72
1172, 74
1173, 55
1174, 35
1175, 18
1176, 28
1177, 30
1178, 1
1179, 31
1180, 32
1181, 44
1182, 78
1183, 67
1184, 68
1185, 69
1186, 73
1187, 61
1188, 71
1189, 51
1190, 34
1191, 55
1192, 73
1193, 61
1194, 71
1195, 51
1196, 34
1197, 1
1198, 44
1199, 46
1200, 1
1201, 70
1202, 48
1203, 1
1204, 57
1205, 61
1206, 81
1207, 68
1208, 69
1209, 72
1210, 76
1211, 51
1212, 34
1213, 1
1214, 26
1215, 31
1216, 35
1217, 44
1218, 75
1219, 67
1220, 68
1221, 70
1222, 73
1223, 61
1224, 71
1225, 51
1226, 34
1227, 54
1228, 73
1229, 61
1230, 71
1231, 51
1232, 34
1233, 1
1234, 44
1235, 46
1236, 1
1237, 70
1238, 48
1239, 1
1240, 57
1241, 61
1242, 81
1243, 68
1244, 69
1245, 72
1246, 76
1247, 51
1248, 34
1249, 1
1250, 26
1251, 31
1252, 25
1253, 75
1254, 31
1255, 18
1256, 10
1257, 1
1258, 6
1259, 33
1260, 57
1261, 36
1262, 48
1263, 60
1264, 18
1265, 77
1266, 31
1267, 10
1268, 1
1269, 24
1270, 2
1271, 1
1272, 5
1273, 65
1274, 50
1275, 2
1276, 40
1277, 44
1278, 50
1279, 37
1280, 1
1281, 36
1282, 50
1283, 40
1284, 74
1285, 1
1286, 41
1287, 43
1288, 31
1289, 35
1290, 80
1291, 38
1292, 1
1293, 34
1294, 36
1295, 1
1296, 46
1297, 58
1298, 78
1299, 71
1300, 40
1301, 76
1302, 26
1303, 69
1304, 54
1305, 29
1306, 18
1307, 1
1308, 43
1309, 33
1310, 40
1311, 10
1312, 1
1313, 15
1314, 36
1315, 20
1316, 36
1317, 2
1318, 1
1319, 5
1320, 69
1321, 24
1322, 2
1323, 19
1324, 21
1325, 1
1326, 38
1327, 1
1328, 40
1329, 43
1330, 31
1331, 75
1332, 74
1333, 40
1334, 29
1335, 18
1336, 28
1337, 31
1338, 10
1339, 1
1340, 15
1341, 36
1342, 2
1343, 1
1344, 3
1345, 31
1346, 4
1347, 1
1348, 39
1349, 34
1350, 15
1351, 35
1352, 26
1353, 29
1354, 20
1355, 1
1356, 38
1357, 47
1358, 1
1359, 4
1360, 64
1361, 46
1362, 2
1363, 34
1364, 47
1365, 33
1366, 33
1367, 42
1368, 36
1369, 32
1370, 31
1371, 31
1372, 1
1373, 23
1374, 9
1375, 76
1376, 29
1377, 10
1378, 1
1379, 38
1380, 37
1381, 1
1382, 35
1383, 36
1384, 38
1385, 49
1386, 44
1387, 17
1388, 45
1389, 33
1390, 10
1391, 1
1392, 35
1393, 30
1394, 1
1395, 71
1396, 31
1397, 1
1398, 24
1399, 25
1400, 76
1401, 34
1402, 23
1403, 26
1404, 35
1405, 38
1406, 1
1407, 63
1408, 11
1409, 76
1410, 38
1411, 37
1412, 18
1413, 1
1414, 50
1415, 53
1416, 73
1417, 38
1418, 37
1419, 18
1420, 46
1421, 39
1422, 43
1423, 23
1424, 26
1425, 61
1426, 40
1427, 69
1428, 42
1429, 27
1430, 73
1431, 69
1432, 43
1433, 28
1434, 54
1435, 67
1436, 70
1437, 39
1438, 73
1439, 38
1440, 37
1441, 18
1442, 46
1443, 39
1444, 41
1445, 35
1446, 41
1447, 23
1448, 68
1449, 43
1450, 53
1451, 32
1452, 37
1453, 34
1454, 23
1455, 27
1456, 35
1457, 38
1458, 61
1459, 40
1460, 47
1461, 39
1462, 44
1463, 1
1464, 50
1465, 40
1466, 58
1467, 19
1468, 75
1469, 68
1470, 20
1471, 50
1472, 65
1473, 74
1474, 38
1475, 37
1476, 18
1477, 52
1478, 19
1479, 70
1480, 73
1481, 49
1482, 20
1483, 38
1484, 23
1485, 23
1486, 35
1487, 38
1488, 59
1489, 40
1490, 43
1491, 39
1492, 40
1493, 1
1494, 46
1495, 39
1496, 23
1497, 29
1498, 35
1499, 38
1500, 61
1501, 40
1502, 39
1503, 71
1504, 35
1505, 31
1506, 18
1507, 49
1508, 39
1509, 46
1510, 1
1511, 46
1512, 41
1513, 23
1514, 36
1515, 35
1516, 38
1517, 61
1518, 40
1519, 30
1520, 30
1521, 61
1522, 60
1523, 27
1524, 68
1525, 69
1526, 58
1527, 28
1528, 57
1529, 46
1530, 71
1531, 58
1532, 42
1533, 31
1534, 18
1535, 71
1536, 35
1537, 40
1538, 42
1539, 70
1540, 44
1541, 41
1542, 53
1543, 53
1544, 59
1545, 46
1546, 47
1547, 31
1548, 18
1549, 65
1550, 30
1551, 31
1552, 41
1553, 27
1554, 77
1555, 69
1556, 58
1557, 28
1558, 57
1559, 46
1560, 54
1561, 72
1562, 70
1563, 18
1564, 71
1565, 35
1566, 40
1567, 30
1568, 35
1569, 41
1570, 27
1571, 77
1572, 69
1573, 58
1574, 28
1575, 57
1576, 46
1577, 54
1578, 76
1579, 70
1580, 18
1581, 71
1582, 35
1583, 40
1584, 30
1585, 33
1586, 35
1587, 38
1588, 59
1589, 40
1590, 30
1591, 32
1592, 39
1593, 38
1594, 59
1595, 40
1596, 30
1597, 33
1598, 34
1599, 38
1600, 59
1601, 40
1602, 71
1603, 48
1604, 39
1605, 45
1606, 1
1607, 32
1608, 43
1609, 34
1610, 23
1611, 35
1612, 34
1613, 38
1614, 59
1615, 40
1616, 71
1617, 50
1618, 39
1619, 47
1620, 1
1621, 34
1622, 45
1623, 34
1624, 23
1625, 34
1626, 37
1627, 54
1628, 57
1629, 46
1630, 75
1631, 58
1632, 42
1633, 31
1634, 18
1635, 71
1636, 35
1637, 40
1638, 48
1639, 30
1640, 28
1641, 71
1642, 35
1643, 40
1644, 66
1645, 27
1646, 74
1647, 76
1648, 76
1649, 78
1650, 79
1651, 50
1652, 76
1653, 62
1654, 79
1655, 28
1656, 74
1657, 62
1658, 77
1659, 78
1660, 46
1661, 33
1662, 81
1663, 46
1664, 45
1665, 26
1666, 18
1667, 48
1668, 30
1669, 17
1670, 52
1671, 81
1672, 38
1673, 37
1674, 18
1675, 9
1676, 70
1677, 10
1678, 75
1679, 38
1680, 37
1681, 18
1682, 1
1683, 34
1684, 23
1685, 10
1686, 1
1687, 23
1688, 2
1689, 1
1690, 4
1691, 61
1692, 2
1693, 36
1694, 36
1695, 32
1696, 31
1697, 31
1698, 1
1699, 69
1700, 28
1701, 21
1702, 29
1703, 1
1704, 38
1705, 37
1706, 1
1707, 35
1708, 36
1709, 37
1710, 49
1711, 44
1712, 17
1713, 45
1714, 33
1715, 10
1716, 1
1717, 35
1718, 29
1719, 1
1720, 60
1721, 29
1722, 20
1723, 2
1724, 1
1725, 16
1726, 19
1727, 1
1728, 9
1729, 68
1730, 2
1731, 53
1732, 60
1733, 47
1734, 28
1735, 1
1736, 45
1737, 38
1738, 45
1739, 38
1740, 49
1741, 46
1742, 39
1743, 19
1744, 56
1745, 49
1746, 20
1747, 2
1748, 1
1749, 4
1750, 62
1751, 28
1752, 2
1753, 41
1754, 47
1755, 1
1756, 22
1757, 29
1758, 1
1759, 25
1760, 20
1761, 15
1762, 1
1763, 25
1764, 29
1765, 1
1766, 42
1767, 27
1768, 23
1769, 24
1770, 19
1771, 68
1772, 54
1773, 74
1774, 73
1775, 71
1776, 28
1777, 20
1778, 50
1779, 74
1780, 37
1781, 18
1782, 55
1783, 23
1784, 27
1785, 19
1786, 73
1787, 76
1788, 57
1789, 76
1790, 67
1791, 75
1792, 77
1793, 31
1794, 75
1795, 74
1796, 55
1797, 20
1798, 35
1799, 74
1800, 37
1801, 18
1802, 43
1803, 40
1804, 63
1805, 23
1806, 17
1807, 65
1808, 29
1809, 10
1810, 1
1811, 46
1812, 11
1813, 62
1814, 65
1815, 41
1816, 12
1817, 32
1818, 1
1819, 62
1820, 29
1821, 27
1822, 1
1823, 25
1824, 2
1825, 1
1826, 4
1827, 62
1828, 35
1829, 2
1830, 37
1831, 68
1832, 39
1833, 31
1834, 36
1835, 1
1836, 46
1837, 33
1838, 37
1839, 34
1840, 56
1841, 32
1842, 31
1843, 25
1844, 37
1845, 32
1846, 37
1847, 18
1848, 10
1849, 23
1850, 2
1851, 1
1852, 4
1853, 74
1854, 25
1855, 2
1856, 33
1857, 34
1858, 1
1859, 21
1860, 29
1861, 1
1862, 23
1863, 15
1864, 1
1865, 49
1866, 32
1867, 29
1868, 1
1869, 75
1870, 40
1871, 29
1872, 1
1873, 65
1874, 2
1875, 1
1876, 4
1877, 75
1878, 25
1879, 2
1880, 33
1881, 32
1882, 1
1883, 21
1884, 29
1885, 1
1886, 23
1887, 15
1888, 1
1889, 49
1890, 33
1891, 29
1892, 1
1893, 75
1894, 40
1895, 29
1896, 1
1897, 65
1898, 2
1899, 1
1900, 4
1901, 72
1902, 25
1903, 2
1904, 42
1905, 33
1906, 32
1907, 1
1908, 21
1909, 29
1910, 1
1911, 31
1912, 16
1913, 18
1914, 1
1915, 49
1916, 1
1917, 26
1918, 13
1919, 54
1920, 37
1921, 49
1922, 53
1923, 37
1924, 73
1925, 73
1926, 71
1927, 69
1928, 34
1929, 34
1930, 41
1931, 27
1932, 33
1933, 25
1934, 1
1935, 17
1936, 51
1937, 44
1938, 29
1939, 56
1940, 41
1941, 32
1942, 35
1943, 1
1944, 21
1945, 36
1946, 29
1947, 1
1948, 72
1949, 55
1950, 29
1951, 1
1952, 28
1953, 2
1954, 1
1955, 5
1956, 71
1957, 32
1958, 2
1959, 34
1960, 1
1961, 76
1962, 61
1963, 44
1964, 59
1965, 61
1966, 46
1967, 41
1968, 35
1969, 32
1970, 2
1971, 1
1972, 5
1973, 51
1974, 63
1975, 56
1976, 2
1977, 39
1978, 39
1979, 39
1980, 1
1981, 45
1982, 24
1983, 1
1984, 26
1985, 67
1986, 34
1987, 70
1988, 26
1989, 39
1990, 61
1991, 54
1992, 50
1993, 1
1994, 17
1995, 17
1996, 17
1997, 2
1998, 1
1999, 3
2000, 31
2001, 40
2002, 75
2003, 66
2004, 4
2005, 5
2006, 63
2007, 2
2008, 50
2009, 30
2010, 1
2011, 11
2012, 69
2013, 40
2014, 52
2015, 12
2016, 77
2017, 24
2018, 1
2019, 39
2020, 46
2021, 53
2022, 1
2023, 33
2024, 52
2025, 28
2026, 71
2027, 61
2028, 44
2029, 18
2030, 29
2031, 71
2032, 67
2033, 45
2034, 18
2035, 24
2036, 10
2037, 44
2038, 64
2039, 57
2040, 54
2041, 45
2042, 73
2043, 34
2044, 52
2045, 35
2046, 53
2047, 32
2048, 18
2049, 29
2050, 60
2051, 45
2052, 76
2053, 71
2054, 77
2055, 18
2056, 10
2057, 59
2058, 19
2059, 37
2060, 1
2061, 41
2062, 18
2063, 39
2064, 2
2065, 1
2066, 1
2067, 3
2068, 35
2069, 4
2070, 5
2071, 61
2072, 2
2073, 31
2074, 28
2075, 31
2076, 30
2077, 1
2078, 56
2079, 43
2080, 24
2081, 1
2082, 59
2083, 66
2084, 79
2085, 57
2086, 51
2087, 32
2088, 18
2089, 56
2090, 37
2091, 42
2092, 21
2093, 56
2094, 72
2095, 51
2096, 69
2097, 10
2098, 1
2099, 51
2100, 49
2101, 73
2102, 52
2103, 60
2104, 70
2105, 76
2106, 69
2107, 67
2108, 48
2109, 34
2110, 1
2111, 75
2112, 64
2113, 42
2114, 80
2115, 55
2116, 56
2117, 78
2118, 78
2119, 43
2120, 79
2121, 43
2122, 77
2123, 33
2124, 78
2125, 70
2126, 69
2127, 10
2128, 2
2129, 1
2130, 3
2131, 30
2132, 4
2133, 5
2134, 80
2135, 2
2136, 41
2137, 42
2138, 39
2139, 41
2140, 50
2141, 36
2142, 1
2143, 34
2144, 40
2145, 37
2146, 28
2147, 34
2148, 70
2149, 58
2150, 38
2151, 49
2152, 36
2153, 71
2154, 47
2155, 71
2156, 47
2157, 17
2158, 64
2159, 68
2160, 68
2161, 55
2162, 55
2163, 10
2164, 44
2165, 46
2166, 34
2167, 23
2168, 33
2169, 44
2170, 35
2171, 46
2172, 45
2173, 46
2174, 74
2175, 46
2176, 38
2177, 47
2178, 58
2179, 53
2180, 43
2181, 53
2182, 1
2183, 72
2184, 52
2185, 24
2186, 55
2187, 53
2188, 35
2189, 24
2190, 39
2191, 1
2192, 34
2193, 56
2194, 58
2195, 39
2196, 61
2197, 60
2198, 54
2199, 40
2200, 81
2201, 49
2202, 40
2203, 26
2204, 69
2205, 63
2206, 49
2207, 40
2208, 26
2209, 55
2210, 18
2211, 2
2212, 1
2213, 5
2214, 60
2215, 38
2216, 2
2217, 39
2218, 39
2219, 39
2220, 1
2221, 42
2222, 24
2223, 1
2224, 38
2225, 64
2226, 52
2227, 17
2228, 45
2229, 13
2230, 33
2231, 1
2232, 31
2233, 63
2234, 1
2235, 30
2236, 31
2237, 2
2238, 1
2239, 5
2240, 68
2241, 2
2242, 46
2243, 1
2244, 41
2245, 60
2246, 76
2247, 32
2248, 57
2249, 59
2250, 71
2251, 32
2252, 64
2253, 67
2254, 42
2255, 32
2256, 72
2257, 32
2258, 69
2259, 49
2260, 41
2261, 58
2262, 32
2263, 35
2264, 68
2265, 66
2266, 32
2267, 18
2268, 10
2269, 2
2270, 1
2271, 5
2272, 49
2273, 2
2274, 41
2275, 47
2276, 1
2277, 46
2278, 47
2279, 2
2280, 1
2281, 5
2282, 56
2283, 2
2284, 47
2285, 41
2286, 44
2287, 39
2288, 1
2289, 25
2290, 31
2291, 45
2292, 24
2293, 48
2294, 24
2295, 74
2296, 54
2297, 55
2298, 2
2299, 1
2300, 5
2301, 62
2302, 25
2303, 2
2304, 41
2305, 37
2306, 45
2307, 38
2308, 43
2309, 1
2310, 55
2311, 46
2312, 39
2313, 79
2314, 36
2315, 24
2316, 10
2317, 55
2318, 73
2319, 44
2320, 79
2321, 36
2322, 27
2323, 24
2324, 10
2325, 1
2326, 69
2327, 28
2328, 30
2329, 51
2330, 41
2331, 33
2332, 36
2333, 62
2334, 23
2335, 32
2336, 35
2337, 42
2338, 58
2339, 23
2340, 39
2341, 45
2342, 73
2343, 31
2344, 18
2345, 43
2346, 31
2347, 35
2348, 39
2349, 31
2350, 32
2351, 40
2352, 31
2353, 25
2354, 64
2355, 18
2356, 48
2357, 66
2358, 21
2359, 79
2360, 24
2361, 50
2362, 36
2363, 24
2364, 17
2365, 67
2366, 10
2367, 46
2368, 35
2369, 44
2370, 34
2371, 2
2372, 1
2373, 5
2374, 25
2375, 2
2376, 47
2377, 1
2378, 65
2379, 26
2380, 19
2381, 2
2382, 1
2383, 5
2384, 53
2385, 2
2386, 40
2387, 38
2388, 1
2389, 55
2390, 46
2391, 24
2392, 10
2393, 52
2394, 41
2395, 31
2396, 44
2397, 37
2398, 32
2399, 77
2400, 27
2401, 24
2402, 10
2403, 1
2404, 48
2405, 61
2406, 1
2407, 51
2408, 41
2409, 50
2410, 41
2411, 41
2412, 42
2413, 49
2414, 23
2415, 34
2416, 2
2417, 1
2418, 3
2419, 29
2420, 4
2421, 4
2422, 63
2423, 2
2424, 37
2425, 1
2426, 47
2427, 75
2428, 36
2429, 10
2430, 20
2431, 2
2432, 1
2433, 5
2434, 73
2435, 2
2436, 39
2437, 39
2438, 41
2439, 43
2440, 45
2441, 1
2442, 11
2443, 73
2444, 70
2445, 12
2446, 72
2447, 70
2448, 24
2449, 1
2450, 70
2451, 43
2452, 25
2453, 17
2454, 43
2455, 25
2456, 10
2457, 1
2458, 38
2459, 32
2460, 54
2461, 45
2462, 49
2463, 38
2464, 52
2465, 41
2466, 40
2467, 71
2468, 41
2469, 65
2470, 31
2471, 1
2472, 28
2473, 27
2474, 32
2475, 62
2476, 31
2477, 1
2478, 57
2479, 64
2480, 42
2481, 78
2482, 37
2483, 28
2484, 56
2485, 52
2486, 71
2487, 57
2488, 79
2489, 52
2490, 61
2491, 18
2492, 23
2493, 17
2494, 79
2495, 44
2496, 53
2497, 23
2498, 10
2499, 2
2500, 1
2501, 3
2502, 31
2503, 4
2504, 5
2505, 55
2506, 27
2507, 2
2508, 32
2509, 1
2510, 21
2511, 24
2512, 1
2513, 43
2514, 22
2515, 24
2516, 1
2517, 34
2518, 72
2519, 51
2520, 23
2521, 1
2522, 36
2523, 58
2524, 48
2525, 45
2526, 2
2527, 1
2528, 5
2529, 30
2530, 2
2531, 43
2532, 22
2533, 24
2534, 1
2535, 79
2536, 16
2537, 45
2538, 2
2539, 1
2540, 3
2541, 30
2542, 4
2543, 5
2544, 52
2545, 2
2546, 42
2547, 1
2548, 19
2549, 41
2550, 13
2551, 44
2552, 1
2553, 58
2554, 45
2555, 45
2556, 2
2557, 1
2558, 3
2559, 36
2560, 4
2561, 5
2562, 22
2563, 2
2564, 43
2565, 46
2566, 39
2567, 39
2568, 1
2569, 42
2570, 51
2571, 56
2572, 60
2573, 37
2574, 57
2575, 63
2576, 21
2577, 64
2578, 10
2579, 57
2580, 35
2581, 28
2582, 29
2583, 21
2584, 22
2585, 1
2586, 38
2587, 53
2588, 44
2589, 45
2590, 45
2591, 1
2592, 64
2593, 59
2594, 56
2595, 45
2596, 45
2597, 26
2598, 10
2599, 26
2600, 33
2601, 40
2602, 1
2603, 11
2604, 73
2605, 75
2606, 30
2607, 12
2608, 24
2609, 35
2610, 28
2611, 1
2612, 38
2613, 48
2614, 40
2615, 34
2616, 38
2617, 38
2618, 63
2619, 53
2620, 77
2621, 64
2622, 55
2623, 79
2624, 46
2625, 34
2626, 18
2627, 51
2628, 73
2629, 46
2630, 18
2631, 10
2632, 33
2633, 47
2634, 45
2635, 34
2636, 50
2637, 41
2638, 61
2639, 45
2640, 1
2641, 43
2642, 36
2643, 46
2644, 31
2645, 34
2646, 65
2647, 59
2648, 53
2649, 39
2650, 57
2651, 42
2652, 36
2653, 76
2654, 41
2655, 31
2656, 36
2657, 59
2658, 42
2659, 34
2660, 31
2661, 18
2662, 10
2663, 48
2664, 38
2665, 75
2666, 47
2667, 43
2668, 80
2669, 62
2670, 10
2671, 40
2672, 30
2673, 47
2674, 45
2675, 34
2676, 57
2677, 47
2678, 47
2679, 10
2680, 1
2681, 38
2682, 56
2683, 26
2684, 2
2685, 1
2686, 5
2687, 53
2688, 2
2689, 46
2690, 46
2691, 44
2692, 46
2693, 53
2694, 44
2695, 39
2696, 1
2697, 25
2698, 31
2699, 65
2700, 19
2701, 75
2702, 40
2703, 20
2704, 42
2705, 33
2706, 34
2707, 1
2708, 46
2709, 51
2710, 72
2711, 62
2712, 58
2713, 25
2714, 79
2715, 42
2716, 36
2717, 18
2718, 65
2719, 49
2720, 50
2721, 1
2722, 61
2723, 66
2724, 43
2725, 63
2726, 47
2727, 76
2728, 70
2729, 52
2730, 75
2731, 71
2732, 59
2733, 50
2734, 68
2735, 52
2736, 18
2737, 1
2738, 33
2739, 40
2740, 33
2741, 40
2742, 10
2743, 2
2744, 1
2745, 5
2746, 54
2747, 2
2748, 54
2749, 44
2750, 52
2751, 47
2752, 44
2753, 39
2754, 1
2755, 32
2756, 58
2757, 1
2758, 23
2759, 24
2760, 1
2761, 25
2762, 31
2763, 1
2764, 42
2765, 24
2766, 1
2767, 63
2768, 52
2769, 59
2770, 52
2771, 48
2772, 48
2773, 1
2774, 53
2775, 58
2776, 35
2777, 55
2778, 34
2779, 63
2780, 62
2781, 36
2782, 63
2783, 63
2784, 61
2785, 51
2786, 71
2787, 10
2788, 1
2789, 31
2790, 32
2791, 31
2792, 32
2793, 2
2794, 1
2795, 5
2796, 62
2797, 2
2798, 52
2799, 54
2800, 44
2801, 40
2802, 40
2803, 39
2804, 1
2805, 25
2806, 31
2807, 1
2808, 44
2809, 42
2810, 24
2811, 1
2812, 63
2813, 52
2814, 48
2815, 1
2816, 31
2817, 35
2818, 27
2819, 1
2820, 28
2821, 55
2822, 6
2823, 31
2824, 32
2825, 2
2826, 1
2827, 3
2828, 29
2829, 4
2830, 31
2831, 1
2832, 5
2833, 52
2834, 2
2835, 52
2836, 1
2837, 38
2838, 61
2839, 32
2840, 24
2841, 64
2842, 2
2843, 1
2844, 5
2845, 78
2846, 2
2847, 54
2848, 1
2849, 11
2850, 74
2851, 72
2852, 31
2853, 12
2854, 40
2855, 24
2856, 1
2857, 48
2858, 40
2859, 34
2860, 42
2861, 34
2862, 44
2863, 34
2864, 64
2865, 10
2866, 2
2867, 1
2868, 5
2869, 30
2870, 2
2871, 46
2872, 79
2873, 53
2874, 1
2875, 50
2876, 13
2877, 26
2878, 56
2879, 48
2880, 42
2881, 52
2882, 42
2883, 46
2884, 75
2885, 77
2886, 63
2887, 36
2888, 59
2889, 48
2890, 55
2891, 35
2892, 1
2893, 54
2894, 75
2895, 35
2896, 37
2897, 33
2898, 41
2899, 51
2900, 80
2901, 71
2902, 50
2903, 34
2904, 39
2905, 32
2906, 51
2907, 43
2908, 79
2909, 69
2910, 44
2911, 50
2912, 34
2913, 50
2914, 33
2915, 43
2916, 39
2917, 26
2918, 1
2919, 57
2920, 78
2921, 59
2922, 61
2923, 32
2924, 35
2925, 41
2926, 63
2927, 26
2928, 18
2929, 29
2930, 40
2931, 2
2932, 1
2933, 5
2934, 39
2935, 2
2936, 46
2937, 42
2938, 74
2939, 39
2940, 1
2941, 34
2942, 13
2943, 26
2944, 56
2945, 48
2946, 42
2947, 52
2948, 42
2949, 66
2950, 76
2951, 1
2952, 39
2953, 42
2954, 57
2955, 78
2956, 50
2957, 61
2958, 32
2959, 18
2960, 29
2961, 40
2962, 1
2963, 31
2964, 37
2965, 13
2966, 26
2967, 56
2968, 48
2969, 42
2970, 52
2971, 42
2972, 66
2973, 74
2974, 37
2975, 33
2976, 42
2977, 33
2978, 58
2979, 42
2980, 33
2981, 51
2982, 39
2983, 26
2984, 1
2985, 57
2986, 78
2987, 50
2988, 61
2989, 32
2990, 18
2991, 29
2992, 40
2993, 2
2994, 1
2995, 3
2996, 27
2997, 4
2998, 10
2999, 19
3000, 2
3001, 27
3002, 2
3003, 1
3004, 4
3005, 21
3006, 2
3007, 43
3008, 22
3009, 28
3010, 1
3011, 54
3012, 2
3013, 1
3014, 4
3015, 24
3016, 2
3017, 56
3018, 2
3019, 1
3020, 4
3021, 35
3022, 2
3023, 37
3024, 2
3025, 1
3026, 3
3027, 18
3028, 4
3029, 20
3030, 51
3031, 49
3032, 13
3033, 1
3034, 38
3035, 63
3036, 1
3037, 5
3038, 30
3039, 2
3040, 31
3041, 33
3042, 1
3043, 46
3044, 18
3045, 75
3046, 44
3047, 36
3048, 1
3049, 33
3050, 55
3051, 30
3052, 1
3053, 42
3054, 1
3055, 32
3056, 55
3057, 1
3058, 37
3059, 30
3060, 46
3061, 1
3062, 35
3063, 2
3064, 1
3065, 5
3066, 20
3067, 2
3068, 28
3069, 1
3070, 55
3071, 61
3072, 69
3073, 1
3074, 38
3075, 2
3076, 1
3077, 18
3078, 23
3079, 2
3080, 43
3081, 46
3082, 1
3083, 30
3084, 1
3085, 43
3086, 41
3087, 39
3088, 10
3089, 23
3090, 2
3091, 1
3092, 18
3093, 51
3094, 2
3095, 43
3096, 46
3097, 1
3098, 37
3099, 73
3100, 31
3101, 10
3102, 1
3103, 51
3104, 26
3105, 35
3106, 1
3107, 34
3108, 65
3109, 32
3110, 48
3111, 39
3112, 67
3113, 33
3114, 23
3115, 1
3116, 30
3117, 1
3118, 46
3119, 51
3120, 1
3121, 23
3122, 2
3123, 1
3124, 5
3125, 64
3126, 2
3127, 51
3128, 1
3129, 37
3130, 37
3131, 1
3132, 67
3133, 57
3134, 31
3135, 1
3136, 27
3137, 68
3138, 1
3139, 61
3140, 59
3141, 67
3142, 56
3143, 56
3144, 45
3145, 70
3146, 31
3147, 18
3148, 10
3149, 61
3150, 60
3151, 67
3152, 27
3153, 80
3154, 38
3155, 28
3156, 56
3157, 56
3158, 45
3159, 56
3160, 59
3161, 53
3162, 51
3163, 59
3164, 51
3165, 42
3166, 70
3167, 31
3168, 18
3169, 10
3170, 1
3171, 27
3172, 2
3173, 1
3174, 5
3175, 46
3176, 2
3177, 38
3178, 28
3179, 1
3180, 29
3181, 28
3182, 62
3183, 24
3184, 10
3185, 1
3186, 68
3187, 36
3188, 46
3189, 55
3190, 40
3191, 54
3192, 40
3193, 61
3194, 1
3195, 49
3196, 1
3197, 31
3198, 23
3199, 1
3200, 30
3201, 19
3202, 78
3203, 61
3204, 20
3205, 24
3206, 1
3207, 40
3208, 38
3209, 42
3210, 10
3211, 2
3212, 1
3213, 5
3214, 24
3215, 2
3216, 46
3217, 46
3218, 1
3219, 29
3220, 28
3221, 64
3222, 24
3223, 10
3224, 32
3225, 33
3226, 23
3227, 1
3228, 70
3229, 73
3230, 47
3231, 34
3232, 10
3233, 34
3234, 30
3235, 1
3236, 55
3237, 35
3238, 1
3239, 35
3240, 35
3241, 20
3242, 2
3243, 1
3244, 3
3245, 76
3246, 15
3247, 4
3248, 5
3249, 48
3250, 2
3251, 46
3252, 45
3253, 1
3254, 23
3255, 76
3256, 73
3257, 47
3258, 58
3259, 10
3260, 1
3261, 55
3262, 35
3263, 1
3264, 48
3265, 34
3266, 1
3267, 42
3268, 47
3269, 13
3270, 38
3271, 2
3272, 1
3273, 5
3274, 39
3275, 2
3276, 46
3277, 44
3278, 1
3279, 29
3280, 28
3281, 65
3282, 24
3283, 10
3284, 1
3285, 51
3286, 34
3287, 39
3288, 49
3289, 1
3290, 65
3291, 13
3292, 26
3293, 37
3294, 2
3295, 1
3296, 5
3297, 38
3298, 2
3299, 46
3300, 1
3301, 29
3302, 28
3303, 64
3304, 24
3305, 10
3306, 1
3307, 64
3308, 59
3309, 13
3310, 77
3311, 41
3312, 47
3313, 2
3314, 1
3315, 34
3316, 5
3317, 51
3318, 2
3319, 33
3320, 1
3321, 11
3322, 78
3323, 80
3324, 79
3325, 74
3326, 78
3327, 74
3328, 12
3329, 73
3330, 45
3331, 45
3332, 2
3333, 1
3334, 5
3335, 51
3336, 2
3337, 30
3338, 30
3339, 1
3340, 33
3341, 1
3342, 31
3343, 32
3344, 1
3345, 33
3346, 70
3347, 44
3348, 70
3349, 17
3350, 36
3351, 47
3352, 1
3353, 53
3354, 58
3355, 1
3356, 53
3357, 47
3358, 57
3359, 47
3360, 40
3361, 47
3362, 55
3363, 32
3364, 47
3365, 31
3366, 1
3367, 70
3368, 44
3369, 70
3370, 10
3371, 2
3372, 1
3373, 3
3374, 30
3375, 4
3376, 5
3377, 55
3378, 2
3379, 43
3380, 39
3381, 54
3382, 43
3383, 37
3384, 1
3385, 28
3386, 57
3387, 58
3388, 42
3389, 50
3390, 39
3391, 64
3392, 72
3393, 63
3394, 61
3395, 71
3396, 62
3397, 64
3398, 62
3399, 64
3400, 61
3401, 64
3402, 61
3403, 79
3404, 54
3405, 39
3406, 33
3407, 70
3408, 62
3409, 40
3410, 26
3411, 31
3412, 18
3413, 34
3414, 50
3415, 71
3416, 81
3417, 32
3418, 18
3419, 10
3420, 1
3421, 44
3422, 31
3423, 17
3424, 34
3425, 51
3426, 42
3427, 61
3428, 59
3429, 77
3430, 10
3431, 25
3432, 45
3433, 78
3434, 20
3435, 80
3436, 41
3437, 43
3438, 31
3439, 66
3440, 36
3441, 10
3442, 23
3443, 38
3444, 2
3445, 1
3446, 5
3447, 58
3448, 2
3449, 35
3450, 35
3451, 54
3452, 29
3453, 1
3454, 25
3455, 40
3456, 1
3457, 28
3458, 57
3459, 58
3460, 42
3461, 50
3462, 39
3463, 64
3464, 72
3465, 63
3466, 61
3467, 71
3468, 62
3469, 64
3470, 62
3471, 64
3472, 61
3473, 64
3474, 61
3475, 79
3476, 39
3477, 33
3478, 70
3479, 40
3480, 26
3481, 18
3482, 10
3483, 1
3484, 45
3485, 43
3486, 31
3487, 78
3488, 28
3489, 10
3490, 2
3491, 1
3492, 5
3493, 53
3494, 2
3495, 41
3496, 38
3497, 39
3498, 47
3499, 1
3500, 48
3501, 62
3502, 34
3503, 46
3504, 1
3505, 38
3506, 60
3507, 50
3508, 64
3509, 54
3510, 21
3511, 78
3512, 48
3513, 52
3514, 36
3515, 61
3516, 44
3517, 72
3518, 60
3519, 58
3520, 51
3521, 10
3522, 2
3523, 1
3524, 15
3525, 5
3526, 19
3527, 2
3528, 43
3529, 37
3530, 1
3531, 11
3532, 66
3533, 41
3534, 12
3535, 1
3536, 11
3537, 29
3538, 12
3539, 55
3540, 77
3541, 47
3542, 1
3543, 27
3544, 36
3545, 41
3546, 43
3547, 31
3548, 51
3549, 10
3550, 1
3551, 28
3552, 25
3553, 27
3554, 25
3555, 23
3556, 25
3557, 2
3558, 1
3559, 4
3560, 48
3561, 2
3562, 41
3563, 43
3564, 1
3565, 44
3566, 28
3567, 1
3568, 32
3569, 22
3570, 48
3571, 59
3572, 36
3573, 23
3574, 23
3575, 50
3576, 16
3577, 68
3578, 64
3579, 47
3580, 79
3581, 54
3582, 61
3583, 18
3584, 7
3585, 52
3586, 46
3587, 36
3588, 23
3589, 17
3590, 64
3591, 33
3592, 10
3593, 1
3594, 20
3595, 2
