1, 4
2, 37
3, 22
4, 3
5, 22
6, 24
7, 3
8, 71
9, 34
10, 29
11, 3
12, 27
13, 4
14, 1
15, 31
16, 1
17, 75
18, 83
19, 40
20, 77
21, 73
22, 65
23, 50
24, 37
25, 37
26, 29
27, 19
28, 25
29, 68
30, 6
31, 25
32, 6
33, 10
34, 21
35, 3
36, 1
37, 42
38, 80
39, 1
40, 62
41, 61
42, 63
43, 24
44, 3
45, 1
46, 21
47, 1
48, 30
49, 1
50, 32
51, 1
52, 28
53, 1
54, 34
55, 1
56, 21
57, 1
58, 36
59, 1
60, 40
61, 1
62, 18
63, 1
64, 1
65, 1
66, 4
67, 21
68, 1
69, 34
70, 42
71, 72
72, 83
73, 50
74, 4
75, 1
76, 31
77, 35
78, 47
79, 1
80, 41
81, 22
82, 30
83, 1
84, 54
85, 40
86, 31
87, 4
88, 1
89, 33
90, 45
91, 18
92, 1
93, 22
94, 1
95, 33
96, 15
97, 1
98, 47
99, 12
100, 1
101, 23
102, 29
103, 4
104, 1
105, 54
106, 55
107, 24
108, 23
109, 1
110, 47
111, 59
112, 1
113, 47
114, 23
115, 4
116, 1
117, 57
118, 44
119, 32
120, 1
121, 44
122, 55
123, 1
124, 56
125, 25
126, 30
127, 1
128, 41
129, 14
130, 4
131, 1
132, 61
133, 67
134, 27
135, 36
136, 46
137, 4
138, 1
139, 29
140, 64
141, 42
142, 7
143, 4
144, 1
145, 21
146, 59
147, 4
148, 1
149, 21
150, 23
151, 4
152, 1
153, 20
154, 24
155, 4
156, 1
157, 21
158, 25
159, 33
160, 65
161, 4
162, 1
163, 19
164, 52
165, 4
166, 1
167, 27
168, 62
169, 13
170, 24
171, 27
172, 3
173, 1
174, 48
175, 51
176, 31
177, 9
178, 29
179, 16
180, 1
181, 33
182, 38
183, 17
184, 1
185, 37
186, 33
187, 7
188, 3
189, 1
190, 77
191, 67
192, 15
193, 3
194, 1
195, 56
196, 23
197, 17
198, 7
199, 3
200, 1
201, 29
202, 46
203, 46
204, 29
205, 29
206, 26
207, 28
208, 1
209, 33
210, 29
211, 15
212, 6
213, 1
214, 56
215, 100
216, 26
217, 27
218, 53
219, 1
220, 14
221, 59
222, 7
223, 1
224, 48
225, 58
226, 1
227, 39
228, 39
229, 28
230, 6
231, 5
232, 4
233, 3
234, 1
235, 31
236, 16
237, 3
238, 1
239, 16
240, 47
241, 71
242, 1
243, 52
244, 16
245, 1
246, 26
247, 26
248, 4
249, 1
250, 22
251, 1
252, 61
253, 60
254, 55
255, 31
256, 42
257, 4
258, 1
259, 45
260, 39
261, 4
262, 1
263, 29
264, 29
265, 43
266, 4
267, 1
268, 30
269, 71
270, 86
271, 42
272, 65
273, 4
274, 1
275, 34
276, 12
277, 24
278, 17
279, 4
280, 15
281, 4
282, 1
283, 34
284, 11
285, 1
286, 24
287, 84
288, 77
289, 91
290, 17
291, 4
292, 1
293, 8
294, 50
295, 27
296, 40
297, 65
298, 18
299, 5
300, 18
301, 64
302, 17
303, 4
304, 1
305, 19
306, 71
307, 27
308, 24
309, 36
310, 5
311, 4
312, 1
313, 60
314, 54
315, 24
316, 1
317, 55
318, 4
319, 1
320, 25
321, 23
322, 20
323, 4
324, 64
325, 50
326, 15
327, 4
328, 1
329, 43
330, 50
331, 92
332, 32
333, 39
334, 45
335, 61
336, 36
337, 45
338, 43
339, 16
340, 4
341, 4
342, 1
343, 66
344, 57
345, 33
346, 79
347, 4
348, 1
349, 36
350, 78
351, 4
352, 1
353, 36
354, 41
355, 13
356, 10
357, 24
358, 33
359, 1
360, 16
361, 20
362, 32
363, 47
364, 1
365, 30
366, 13
367, 7
368, 6
369, 12
370, 23
371, 47
372, 1
373, 30
374, 13
375, 7
376, 6
377, 5
378, 1
379, 59
380, 11
381, 20
382, 32
383, 53
384, 1
385, 30
386, 13
387, 7
388, 6
389, 12
390, 23
391, 53
392, 1
393, 30
394, 13
395, 7
396, 6
397, 5
398, 4
399, 1
400, 14
401, 4
402, 1
403, 31
404, 26
405, 24
406, 8
407, 39
408, 4
409, 1
410, 39
411, 39
412, 27
413, 1
414, 23
415, 39
416, 23
417, 31
418, 19
419, 7
420, 12
421, 27
422, 5
423, 4
424, 1
425, 14
426, 4
427, 1
428, 37
429, 11
430, 1
431, 15
432, 20
433, 41
434, 5
435, 1
436, 21
437, 51
438, 1
439, 28
440, 39
441, 43
442, 15
443, 6
444, 5
445, 4
446, 1
447, 13
448, 4
449, 1
450, 36
451, 28
452, 10
453, 21
454, 1
455, 22
456, 33
457, 4
458, 1
459, 19
460, 91
461, 23
462, 39
463, 34
464, 5
465, 4
466, 1
467, 20
468, 1
469, 16
470, 4
471, 1
472, 45
473, 23
474, 17
475, 10
476, 26
477, 29
478, 1
479, 49
480, 38
481, 30
482, 49
483, 47
484, 32
485, 5
486, 4
487, 1
488, 18
489, 4
490, 1
491, 35
492, 41
493, 13
494, 10
495, 26
496, 35
497, 13
498, 1
499, 77
500, 19
501, 31
502, 44
503, 1
504, 27
505, 24
506, 6
507, 5
508, 1
509, 41
510, 11
511, 24
512, 44
513, 1
514, 27
515, 24
516, 6
517, 5
518, 4
519, 1
520, 31
521, 34
522, 4
523, 1
524, 38
525, 10
526, 1
527, 68
528, 15
529, 34
530, 24
531, 1
532, 39
533, 24
534, 17
535, 13
536, 4
537, 1
538, 65
539, 65
540, 36
541, 21
542, 4
543, 1
544, 20
545, 37
546, 23
547, 79
548, 5
549, 1
550, 90
551, 51
552, 1
553, 16
554, 4
555, 1
556, 19
557, 26
558, 4
559, 1
560, 71
561, 43
562, 18
563, 4
564, 1
565, 31
566, 108
567, 61
568, 4
569, 1
570, 30
571, 26
572, 29
573, 1
574, 56
575, 16
576, 3
577, 1
578, 39
579, 15
580, 3
581, 1
582, 44
583, 69
584, 2
585, 13
586, 4
587, 39
588, 24
589, 3
590, 65
591, 34
592, 29
593, 3
594, 20
595, 4
596, 22
597, 1
598, 7
599, 10
600, 7
601, 10
602, 8
603, 11
604, 10
605, 9
606, 19
607, 12
608, 15
609, 1
610, 24
611, 14
612, 11
613, 10
614, 17
615, 12
616, 16
617, 10
618, 11
619, 1
620, 27
621, 37
622, 33
623, 14
624, 11
625, 29
626, 29
627, 32
628, 32
629, 19
630, 24
631, 4
632, 12
633, 4
634, 1
635, 30
636, 34
637, 25
638, 1
639, 21
640, 31
641, 11
642, 16
643, 25
644, 18
645, 20
646, 61
647, 45
648, 13
649, 22
650, 27
651, 29
652, 14
653, 5
654, 4
655, 13
656, 4
657, 1
658, 138
659, 1
660, 24
661, 1
662, 74
663, 37
664, 49
665, 57
666, 1
667, 49
668, 106
669, 80
670, 54
671, 1
672, 77
673, 84
674, 26
675, 33
676, 96
677, 98
678, 10
679, 1
680, 51
681, 92
682, 51
683, 60
684, 27
685, 53
686, 34
687, 9
688, 12
689, 1
690, 111
691, 98
692, 1
693, 68
694, 99
695, 1
696, 98
697, 1
698, 34
699, 53
700, 1
701, 15
702, 55
703, 60
704, 76
705, 42
706, 41
707, 95
708, 78
709, 48
710, 55
711, 45
712, 46
713, 102
714, 76
715, 4
716, 1
717, 50
718, 21
719, 1
720, 37
721, 1
722, 62
723, 50
724, 1
725, 20
726, 20
727, 1
728, 75
729, 98
730, 57
731, 39
732, 29
733, 25
734, 58
735, 46
736, 13
737, 14
738, 21
739, 44
740, 53
741, 71
742, 4
743, 1
744, 42
745, 6
746, 13
747, 49
748, 26
749, 4
750, 25
751, 39
752, 49
753, 16
754, 30
755, 1
756, 32
757, 28
758, 49
759, 6
760, 1
761, 19
762, 31
763, 28
764, 26
765, 11
766, 34
767, 41
768, 26
769, 4
770, 4
771, 2
772, 1
773, 54
774, 31
775, 14
776, 48
777, 1
778, 85
779, 26
780, 3
781, 1
782, 32
783, 26
784, 1
785, 52
786, 18
787, 3
788, 1
789, 64
790, 13
791, 3
792, 1
793, 34
794, 1
795, 15
796, 49
797, 30
798, 27
799, 28
800, 41
801, 62
802, 64
803, 38
804, 66
805, 31
806, 29
807, 29
808, 23
809, 8
810, 14
811, 22
812, 7
813, 13
814, 34
815, 89
816, 53
817, 28
818, 22
819, 7
820, 6
821, 1
822, 30
823, 28
824, 69
825, 20
826, 1
827, 33
828, 102
829, 64
830, 20
831, 5
832, 4
833, 1
834, 14
835, 70
836, 24
837, 25
838, 45
839, 1
840, 52
841, 68
842, 76
843, 43
844, 74
845, 35
846, 1
847, 48
848, 43
849, 13
850, 40
851, 6
852, 33
853, 1
854, 23
855, 20
856, 48
857, 6
858, 92
859, 36
860, 5
861, 1
862, 24
863, 10
864, 26
865, 49
866, 8
867, 21
868, 24
869, 16
870, 19
871, 37
872, 7
873, 6
874, 5
875, 4
876, 3
877, 1
878, 15
879, 75
880, 2
881, 1
882, 4
883, 43
884, 95
885, 96
886, 29
887, 4
888, 25
889, 16
890, 1
891, 32
892, 90
893, 53
894, 40
895, 33
896, 4
897, 39
898, 3
899, 15
900, 2
901, 1
902, 4
903, 45
904, 45
905, 4
906, 30
907, 23
908, 12
909, 2
910, 1
911, 4
912, 36
913, 76
914, 4
915, 24
916, 42
917, 1
918, 7
919, 22
920, 15
921, 16
922, 13
923, 39
924, 26
925, 38
926, 4
927, 26
928, 14
929, 3
930, 2
931, 1
932, 4
933, 56
934, 59
935, 61
936, 4
937, 39
938, 29
939, 20
940, 1
941, 17
942, 39
943, 3
944, 2
945, 1
946, 4
947, 41
948, 22
949, 22
950, 88
951, 4
952, 32
953, 19
954, 56
955, 40
956, 39
957, 1
958, 50
959, 15
960, 15
961, 3
962, 1
963, 25
964, 14
965, 38
966, 22
967, 15
968, 5
969, 4
970, 3
971, 1
972, 20
973, 2
974, 1
975, 4
976, 56
977, 24
978, 4
979, 37
980, 27
981, 42
982, 49
983, 4
984, 2
985, 1
986, 4
987, 52
988, 24
989, 4
990, 38
991, 27
992, 42
993, 72
994, 4
995, 2
996, 1
997, 4
998, 56
999, 24
1000, 4
1001, 40
1002, 44
1003, 24
1004, 50
1005, 10
1006, 52
1007, 29
1008, 1
1009, 52
1010, 19
1011, 43
1012, 40
1013, 6
1014, 5
1015, 6
1016, 5
1017, 2
1018, 1
1019, 4
1020, 50
1021, 36
1022, 91
1023, 4
1024, 34
1025, 84
1026, 2
1027, 1
1028, 39
1029, 31
1030, 1
1031, 4
1032, 21
1033, 57
1034, 59
1035, 4
1036, 42
1037, 69
1038, 44
1039, 77
1040, 71
1041, 3
1042, 1
1043, 4
1044, 70
1045, 90
1046, 50
1047, 4
1048, 54
1049, 17
1050, 58
1051, 28
1052, 1
1053, 60
1054, 73
1055, 19
1056, 3
1057, 1
1058, 21
1059, 17
1060, 32
1061, 1
1062, 18
1063, 33
1064, 1
1065, 18
1066, 91
1067, 98
1068, 78
1069, 42
1070, 56
1071, 35
1072, 51
1073, 19
1074, 15
1075, 37
1076, 48
1077, 19
1078, 7
1079, 4
1080, 3
1081, 1
1082, 15
1083, 75
1084, 1
1085, 18
1086, 99
1087, 47
1088, 23
1089, 41
1090, 5
1091, 1
1092, 21
1093, 75
1094, 1
1095, 61
1096, 57
1097, 44
1098, 48
1099, 5
1100, 1
1101, 51
1102, 105
1103, 66
1104, 1
1105, 23
1106, 30
1107, 34
1108, 23
1109, 53
1110, 55
1111, 5
1112, 1
1113, 19
1114, 53
1115, 79
1116, 47
1117, 44
1118, 43
1119, 77
1120, 5
1121, 1
1122, 23
1123, 26
1124, 46
1125, 77
1126, 42
1127, 61
1128, 54
1129, 43
1130, 5
1131, 5
1132, 39
1133, 52
1134, 29
1135, 47
1136, 6
1137, 5
1138, 10
1139, 20
1140, 55
1141, 26
1142, 1
1143, 40
1144, 52
1145, 29
1146, 93
1147, 42
1148, 6
1149, 5
1150, 3
1151, 1
1152, 8
1153, 51
1154, 29
1155, 65
1156, 48
1157, 5
1158, 6
1159, 29
1160, 13
1161, 14
1162, 11
1163, 51
1164, 1
1165, 35
1166, 24
1167, 38
1168, 34
1169, 24
1170, 7
1171, 6
1172, 1
1173, 16
1174, 5
1175, 19
1176, 5
1177, 1
1178, 10
1179, 89
1180, 84
1181, 55
1182, 4
1183, 4
1184, 1
1185, 24
1186, 75
1187, 1
1188, 36
1189, 1
1190, 70
1191, 21
1192, 1
1193, 52
1194, 65
1195, 63
1196, 79
1197, 44
1198, 17
1199, 1
1200, 63
1201, 21
1202, 46
1203, 27
1204, 47
1205, 55
1206, 43
1207, 42
1208, 42
1209, 84
1210, 1
1211, 35
1212, 74
1213, 71
1214, 81
1215, 61
1216, 62
1217, 5
1218, 1
1219, 19
1220, 63
1221, 55
1222, 74
1223, 5
1224, 1
1225, 69
1226, 69
1227, 57
1228, 53
1229, 32
1230, 5
1231, 6
1232, 1
1233, 27
1234, 37
1235, 79
1236, 43
1237, 43
1238, 57
1239, 1
1240, 19
1241, 49
1242, 52
1243, 59
1244, 5
1245, 1
1246, 90
1247, 57
1248, 53
1249, 47
1250, 5
1251, 1
1252, 63
1253, 33
1254, 27
1255, 6
1256, 3
1257, 1
1258, 77
1259, 35
1260, 32
1261, 30
1262, 36
1263, 1
1264, 27
1265, 58
1266, 36
1267, 59
1268, 1
1269, 41
1270, 50
1271, 37
1272, 40
1273, 6
1274, 3
1275, 1
1276, 68
1277, 80
1278, 1
1279, 13
1280, 75
1281, 63
1282, 1
1283, 29
1284, 57
1285, 46
1286, 61
1287, 21
1288, 57
1289, 29
1290, 58
1291, 21
1292, 29
1293, 72
1294, 7
1295, 6
1296, 21
1297, 14
1298, 35
1299, 22
1300, 19
1301, 7
1302, 6
1303, 5
1304, 17
1305, 5
1306, 1
1307, 12
1308, 75
1309, 1
1310, 27
1311, 26
1312, 20
1313, 1
1314, 32
1315, 19
1316, 24
1317, 13
1318, 4
1319, 1
1320, 76
1321, 73
1322, 19
1323, 19
1324, 4
1325, 1
1326, 67
1327, 68
1328, 36
1329, 1
1330, 46
1331, 6
1332, 1
1333, 24
1334, 22
1335, 77
1336, 1
1337, 73
1338, 87
1339, 15
1340, 5
1341, 87
1342, 14
1343, 5
1344, 1
1345, 30
1346, 22
1347, 70
1348, 7
1349, 4
1350, 1
1351, 31
1352, 5
1353, 20
1354, 43
1355, 19
1356, 24
1357, 13
1358, 4
1359, 1
1360, 11
1361, 10
1362, 23
1363, 23
1364, 15
1365, 15
1366, 1
1367, 59
1368, 24
1369, 27
1370, 20
1371, 15
1372, 14
1373, 16
1374, 70
1375, 7
1376, 1
1377, 56
1378, 30
1379, 32
1380, 4
1381, 1
1382, 68
1383, 11
1384, 37
1385, 22
1386, 4
1387, 11
1388, 37
1389, 22
1390, 4
1391, 1
1392, 50
1393, 30
1394, 8
1395, 4
1396, 1
1397, 13
1398, 61
1399, 34
1400, 1
1401, 49
1402, 33
1403, 32
1404, 6
1405, 4
1406, 1
1407, 13
1408, 3
1409, 1
1410, 46
1411, 46
1412, 3
1413, 1
1414, 50
1415, 32
1416, 54
1417, 23
1418, 3
1419, 1
1420, 50
1421, 52
1422, 1
1423, 51
1424, 55
1425, 52
1426, 1
1427, 8
1428, 41
1429, 1
1430, 65
1431, 44
1432, 65
1433, 25
1434, 56
1435, 16
1436, 5
1437, 16
1438, 3
1439, 1
1440, 61
1441, 3
1442, 1
1443, 46
1444, 32
1445, 60
1446, 26
1447, 3
1448, 35
1449, 3
1450, 1
1451, 39
1452, 32
1453, 54
1454, 23
1455, 3
1456, 1
1457, 49
1458, 69
1459, 67
1460, 39
1461, 14
1462, 1
1463, 28
1464, 8
1465, 42
1466, 31
1467, 58
1468, 16
1469, 10
1470, 3
1471, 1
1472, 33
1473, 69
1474, 3
1475, 1
1476, 4
1477, 44
1478, 30
1479, 4
1480, 42
1481, 11
1482, 19
1483, 9
1484, 9
1485, 1
1486, 69
1487, 43
1488, 56
1489, 28
1490, 1
1491, 23
1492, 36
1493, 34
1494, 30
1495, 5
1496, 4
1497, 18
1498, 41
1499, 4
1500, 3
1501, 1
1502, 49
1503, 50
1504, 19
1505, 1
1506, 17
1507, 3
1508, 1
1509, 4
1510, 75
1511, 31
1512, 4
1513, 46
1514, 11
1515, 12
1516, 9
1517, 28
1518, 1
1519, 20
1520, 53
1521, 33
1522, 36
1523, 27
1524, 4
1525, 69
1526, 34
1527, 74
1528, 48
1529, 28
1530, 11
1531, 28
1532, 67
1533, 28
1534, 5
1535, 4
1536, 50
1537, 25
1538, 3
1539, 59
1540, 1
1541, 13
1542, 3
1543, 1
1544, 28
1545, 1
1546, 32
1547, 18
1548, 1
1549, 29
1550, 1
1551, 19
1552, 1
1553, 17
1554, 1
1555, 11
1556, 1
1557, 13
1558, 43
1559, 30
1560, 48
1561, 34
1562, 4
1563, 1
1564, 14
1565, 30
1566, 56
1567, 1
1568, 66
1569, 90
1570, 1
1571, 30
1572, 37
1573, 5
1574, 1
1575, 31
1576, 5
1577, 1
1578, 31
1579, 38
1580, 26
1581, 27
1582, 49
1583, 49
1584, 27
1585, 24
1586, 26
1587, 23
1588, 6
1589, 38
1590, 1
1591, 45
1592, 31
1593, 23
1594, 31
1595, 6
1596, 1
1597, 56
1598, 57
1599, 111
1600, 67
1601, 1
1602, 37
1603, 28
1604, 30
1605, 5
1606, 1
1607, 17
1608, 5
1609, 1
1610, 32
1611, 15
1612, 38
1613, 1
1614, 48
1615, 17
1616, 5
1617, 1
1618, 36
1619, 21
1620, 43
1621, 1
1622, 54
1623, 55
1624, 46
1625, 45
1626, 47
1627, 87
1628, 1
1629, 34
1630, 44
1631, 44
1632, 5
1633, 1
1634, 82
1635, 31
1636, 4
1637, 4
1638, 1
1639, 11
1640, 1
1641, 40
1642, 82
1643, 37
1644, 34
1645, 23
1646, 71
1647, 7
1648, 5
1649, 1
1650, 35
1651, 48
1652, 1
1653, 21
1654, 97
1655, 46
1656, 163
1657, 8
1658, 5
1659, 1
1660, 46
1661, 29
1662, 44
1663, 1
1664, 28
1665, 31
1666, 6
1667, 23
1668, 18
1669, 6
1670, 1
1671, 18
1672, 1
1673, 49
1674, 44
1675, 66
1676, 65
1677, 76
1678, 72
1679, 99
1680, 12
1681, 6
1682, 5
1683, 1
1684, 59
1685, 46
1686, 43
1687, 33
1688, 1
1689, 38
1690, 1
1691, 30
1692, 23
1693, 31
1694, 8
1695, 1
1696, 37
1697, 58
1698, 68
1699, 32
1700, 52
1701, 34
1702, 1
1703, 21
1704, 1
1705, 44
1706, 22
1707, 23
1708, 21
1709, 41
1710, 86
1711, 24
1712, 11
1713, 10
1714, 69
1715, 66
1716, 9
1717, 20
1718, 8
1719, 1
1720, 66
1721, 1
1722, 63
1723, 35
1724, 53
1725, 67
1726, 41
1727, 53
1728, 48
1729, 59
1730, 1
1731, 61
1732, 1
1733, 53
1734, 51
1735, 1
1736, 59
1737, 64
1738, 60
1739, 16
1740, 10
1741, 9
1742, 1
1743, 58
1744, 120
1745, 24
1746, 1
1747, 82
1748, 15
1749, 67
1750, 61
1751, 51
1752, 1
1753, 99
1754, 56
1755, 27
1756, 83
1757, 11
1758, 1
1759, 32
1760, 17
1761, 11
1762, 10
1763, 9
1764, 8
1765, 1
1766, 63
1767, 20
1768, 76
1769, 7
1770, 7
1771, 5
1772, 1
1773, 43
1774, 46
1775, 53
1776, 93
1777, 53
1778, 13
1779, 78
1780, 54
1781, 1
1782, 53
1783, 57
1784, 26
1785, 26
1786, 27
1787, 5
1788, 1
1789, 46
1790, 26
1791, 45
1792, 68
1793, 46
1794, 15
1795, 39
1796, 27
1797, 22
1798, 47
1799, 55
1800, 8
1801, 10
1802, 24
1803, 34
1804, 8
1805, 5
1806, 1
1807, 14
1808, 4
1809, 4
1810, 1
1811, 12
1812, 33
1813, 45
1814, 42
1815, 45
1816, 28
1817, 19
1818, 18
1819, 58
1820, 1
1821, 31
1822, 59
1823, 15
1824, 50
1825, 23
1826, 1
1827, 46
1828, 21
1829, 37
1830, 39
1831, 8
1832, 7
1833, 9
1834, 37
1835, 22
1836, 43
1837, 28
1838, 7
1839, 6
1840, 1
1841, 45
1842, 29
1843, 48
1844, 6
1845, 6
1846, 1
1847, 46
1848, 29
1849, 91
1850, 6
1851, 6
1852, 1
1853, 62
1854, 53
1855, 38
1856, 69
1857, 93
1858, 66
1859, 49
1860, 43
1861, 44
1862, 42
1863, 49
1864, 5
1865, 62
1866, 29
1867, 18
1868, 9
1869, 39
1870, 18
1871, 70
1872, 1
1873, 41
1874, 72
1875, 7
1876, 65
1877, 18
1878, 6
1879, 6
1880, 1
1881, 19
1882, 31
1883, 55
1884, 47
1885, 5
1886, 1
1887, 29
1888, 28
1889, 5
1890, 1
1891, 30
1892, 138
1893, 5
1894, 1
1895, 24
1896, 32
1897, 35
1898, 5
1899, 1
1900, 33
1901, 34
1902, 5
1903, 1
1904, 32
1905, 73
1906, 69
1907, 47
1908, 98
1909, 5
1910, 1
1911, 33
1912, 56
1913, 38
1914, 28
1915, 35
1916, 5
1917, 1
1918, 34
1919, 5
1920, 1
1921, 14
1922, 30
1923, 51
1924, 92
1925, 72
1926, 74
1927, 67
1928, 31
1929, 19
1930, 6
1931, 5
1932, 16
1933, 5
1934, 1
1935, 31
1936, 42
1937, 5
1938, 1
1939, 25
1940, 31
1941, 41
1942, 5
1943, 1
1944, 30
1945, 41
1946, 5
1947, 1
1948, 31
1949, 43
1950, 75
1951, 5
1952, 1
1953, 29
1954, 13
1955, 53
1956, 28
1957, 1
1958, 21
1959, 84
1960, 85
1961, 5
1962, 1
1963, 28
1964, 47
1965, 17
1966, 6
1967, 1
1968, 68
1969, 26
1970, 6
1971, 1
1972, 76
1973, 59
1974, 6
1975, 1
1976, 68
1977, 14
1978, 34
1979, 28
1980, 5
1981, 24
1982, 6
1983, 1
1984, 67
1985, 14
1986, 34
1987, 28
1988, 5
1989, 24
1990, 6
1991, 1
1992, 76
1993, 56
1994, 25
1995, 28
1996, 5
1997, 24
1998, 6
1999, 1
2000, 76
2001, 56
2002, 29
2003, 28
2004, 5
2005, 24
2006, 5
2007, 3
2008, 3
2009, 1
2010, 42
2011, 1
2012, 33
2013, 88
2014, 45
2015, 2
2016, 45
2017, 46
2018, 2
2019, 1
2020, 40
2021, 25
2022, 52
2023, 36
2024, 1
2025, 63
2026, 35
2027, 29
2028, 41
2029, 1
2030, 17
2031, 44
2032, 3
2033, 1
2034, 19
2035, 14
2036, 30
2037, 1
2038, 19
2039, 1
2040, 25
2041, 54
2042, 18
2043, 46
2044, 53
2045, 5
2046, 33
2047, 4
2048, 1
2049, 19
2050, 1
2051, 17
2052, 48
2053, 28
2054, 17
2055, 20
2056, 44
2057, 41
2058, 7
2059, 42
2060, 4
2061, 1
2062, 13
2063, 32
2064, 77
2065, 47
2066, 29
2067, 18
2068, 21
2069, 17
2070, 20
2071, 8
2072, 43
2073, 5
2074, 4
2075, 1
2076, 20
2077, 10
2078, 4
2079, 3
2080, 1
2081, 44
2082, 26
2083, 47
2084, 20
2085, 17
2086, 10
2087, 30
2088, 23
2089, 46
2090, 3
2091, 1
2092, 32
2093, 12
2094, 23
2095, 17
2096, 26
2097, 31
2098, 3
2099, 18
2100, 2
2101, 1
2102, 54
2103, 27
2104, 51
2105, 21
2106, 1
2107, 27
2108, 54
2109, 35
2110, 36
2111, 53
2112, 43
2113, 6
2114, 5
2115, 6
2116, 1
2117, 51
2118, 35
2119, 29
2120, 38
2121, 1
2122, 87
2123, 16
2124, 37
2125, 54
2126, 45
2127, 20
2128, 8
2129, 7
2130, 6
2131, 12
2132, 37
2133, 54
2134, 62
2135, 45
2136, 67
2137, 1
2138, 76
2139, 47
2140, 15
2141, 72
2142, 37
2143, 1
2144, 74
2145, 64
2146, 21
2147, 9
2148, 8
2149, 7
2150, 6
2151, 5
2152, 5
2153, 2
2154, 1
2155, 38
2156, 30
2157, 35
2158, 28
2159, 19
2160, 48
2161, 19
2162, 6
2163, 5
2164, 16
2165, 6
2166, 15
2167, 2
2168, 1
2169, 59
2170, 12
2171, 25
2172, 26
2173, 44
2174, 3
2175, 17
2176, 2
2177, 1
2178, 60
2179, 11
2180, 21
2181, 9
2182, 26
2183, 24
2184, 1
2185, 26
2186, 33
2187, 52
2188, 31
2189, 20
2190, 20
2191, 6
2192, 5
2193, 4
2194, 3
2195, 1
2196, 22
2197, 2
2198, 1
2199, 92
2200, 47
2201, 41
2202, 3
2203, 47
2204, 55
2205, 3
2206, 63
2207, 21
2208, 16
2209, 17
2210, 33
2211, 1
2212, 48
2213, 102
2214, 1
2215, 88
2216, 52
2217, 57
2218, 11
2219, 1
2220, 26
2221, 97
2222, 69
2223, 1
2224, 48
2225, 10
2226, 1
2227, 42
2228, 15
2229, 15
2230, 1
2231, 26
2232, 19
2233, 51
2234, 4
2235, 1
2236, 22
2237, 22
2238, 43
2239, 41
2240, 1
2241, 65
2242, 20
2243, 19
2244, 30
2245, 67
2246, 6
2247, 5
2248, 4
2249, 1
2250, 16
2251, 36
2252, 24
2253, 90
2254, 16
2255, 28
2256, 21
2257, 38
2258, 64
2259, 43
2260, 8
2261, 7
2262, 55
2263, 6
2264, 1
2265, 76
2266, 27
2267, 20
2268, 36
2269, 76
2270, 1
2271, 44
2272, 7
2273, 6
2274, 5
2275, 1
2276, 60
2277, 11
2278, 26
2279, 29
2280, 59
2281, 16
2282, 6
2283, 23
2284, 50
2285, 12
2286, 39
2287, 5
2288, 4
2289, 5
2290, 2
2291, 1
2292, 39
2293, 31
2294, 23
2295, 53
2296, 60
2297, 31
2298, 1
2299, 92
2300, 51
2301, 33
2302, 31
2303, 54
2304, 51
2305, 31
2306, 48
2307, 79
2308, 40
2309, 42
2310, 46
2311, 7
2312, 1
2313, 26
2314, 55
2315, 70
2316, 11
2317, 77
2318, 1
2319, 54
2320, 31
2321, 68
2322, 13
2323, 29
2324, 46
2325, 13
2326, 7
2327, 6
2328, 23
2329, 42
2330, 26
2331, 96
2332, 90
2333, 31
2334, 14
2335, 57
2336, 67
2337, 37
2338, 7
2339, 5
2340, 29
2341, 4
2342, 3
2343, 1
2344, 36
2345, 2
2346, 1
2347, 68
2348, 37
2349, 42
2350, 70
2351, 25
2352, 22
2353, 13
2354, 28
2355, 21
2356, 38
2357, 69
2358, 69
2359, 61
2360, 83
2361, 24
2362, 1
2363, 22
2364, 56
2365, 5
2366, 1
2367, 63
2368, 86
2369, 28
2370, 92
2371, 59
2372, 31
2373, 12
2374, 50
2375, 45
2376, 29
2377, 14
2378, 8
2379, 7
2380, 24
2381, 31
2382, 7
2383, 6
2384, 1
2385, 48
2386, 19
2387, 58
2388, 40
2389, 22
2390, 7
2391, 1
2392, 61
2393, 19
2394, 30
2395, 7
2396, 6
2397, 5
2398, 1
2399, 46
2400, 22
2401, 40
2402, 11
2403, 45
2404, 53
2405, 6
2406, 1
2407, 18
2408, 70
2409, 31
2410, 22
2411, 49
2412, 45
2413, 9
2414, 8
2415, 7
2416, 1
2417, 68
2418, 42
2419, 6
2420, 1
2421, 30
2422, 39
2423, 1
2424, 86
2425, 56
2426, 51
2427, 1
2428, 35
2429, 6
2430, 5
2431, 1
2432, 58
2433, 22
2434, 29
2435, 38
2436, 5
2437, 1
2438, 21
2439, 5
2440, 1
2441, 16
2442, 33
2443, 16
2444, 2
2445, 1
2446, 81
2447, 8
2448, 20
2449, 24
2450, 44
2451, 1
2452, 18
2453, 87
2454, 18
2455, 33
2456, 4
2457, 20
2458, 18
2459, 43
2460, 30
2461, 32
2462, 12
2463, 36
2464, 5
2465, 4
2466, 1
2467, 33
2468, 96
2469, 1
2470, 36
2471, 30
2472, 3
2473, 16
2474, 3
2475, 1
2476, 4
2477, 68
2478, 23
2479, 66
2480, 48
2481, 28
2482, 28
2483, 60
2484, 4
2485, 72
2486, 35
2487, 57
2488, 75
2489, 1
2490, 26
2491, 1
2492, 70
2493, 29
2494, 1
2495, 71
2496, 43
2497, 65
2498, 67
2499, 40
2500, 1
2501, 102
2502, 21
2503, 20
2504, 1
2505, 74
2506, 28
2507, 34
2508, 5
2509, 1
2510, 61
2511, 4
2512, 1
2513, 49
2514, 70
2515, 18
2516, 22
2517, 1
2518, 35
2519, 49
2520, 11
2521, 5
2522, 39
2523, 65
2524, 23
2525, 55
2526, 85
2527, 11
2528, 1
2529, 66
2530, 28
2531, 53
2532, 24
2533, 35
2534, 22
2535, 7
2536, 1
2537, 12
2538, 6
2539, 5
2540, 4
2541, 3
2542, 1
2543, 68
2544, 78
2545, 45
2546, 8
2547, 11
2548, 19
2549, 11
2550, 76
2551, 4
2552, 17
2553, 3
2554, 1
2555, 24
2556, 1
2557, 18
2558, 79
2559, 1
2560, 22
2561, 77
2562, 43
2563, 1
2564, 43
2565, 15
2566, 1
2567, 72
2568, 52
2569, 49
2570, 47
2571, 75
2572, 4
2573, 1
2574, 17
2575, 46
2576, 68
2577, 31
2578, 37
2579, 54
2580, 7
2581, 70
2582, 18
2583, 76
2584, 4
2585, 5
2586, 2
2587, 1
2588, 17
2589, 54
2590, 54
2591, 29
2592, 45
2593, 55
2594, 7
2595, 53
2596, 61
2597, 29
2598, 4
2599, 5
2600, 2
2601, 1
2602, 17
2603, 65
2604, 31
2605, 46
2606, 7
2607, 54
2608, 11
2609, 18
2610, 55
2611, 62
2612, 17
2613, 10
2614, 4
2615, 5
2616, 2
2617, 1
2618, 15
2619, 1
2620, 14
2621, 1
2622, 1
2623, 1
2624, 22
2625, 32
2626, 40
2627, 35
2628, 30
2629, 32
2630, 35
2631, 1
2632, 1
2633, 1
2634, 52
2635, 1
2636, 49
2637, 1
2638, 1
2639, 1
2640, 34
2641, 1
2642, 60
2643, 46
2644, 41
2645, 54
2646, 22
2647, 53
2648, 6
2649, 1
2650, 3
2651, 1
2652, 29
2653, 51
2654, 42
2655, 6
2656, 1
2657, 3
2658, 1
2659, 40
2660, 39
2661, 53
2662, 4
2663, 1
2664, 52
2665, 3
2666, 1
2667, 50
2668, 61
2669, 5
2670, 2
2671, 1
2672, 47
2673, 24
2674, 1
2675, 14
2676, 31
2677, 3
2678, 1
2679, 52
2680, 62
2681, 68
2682, 31
2683, 7
2684, 3
2685, 1
2686, 19
2687, 30
2688, 9
2689, 13
2690, 16
2691, 22
2692, 1
2693, 40
2694, 65
2695, 34
2696, 49
2697, 19
2698, 7
2699, 6
2700, 9
2701, 4
2702, 1
2703, 32
2704, 44
2705, 4
2706, 1
2707, 81
2708, 64
2709, 76
2710, 14
2711, 4
2712, 32
2713, 64
2714, 4
2715, 29
2716, 63
2717, 4
2718, 28
2719, 19
2720, 9
2721, 1
2722, 86
2723, 77
2724, 68
2725, 25
2726, 20
2727, 9
2728, 12
2729, 3
2730, 4
2731, 1
2732, 1
2733, 30
2734, 1
2735, 1
2736, 52
2737, 16
2738, 1
2739, 72
2740, 29
2741, 1
2742, 43
2743, 69
2744, 56
2745, 53
2746, 1
2747, 57
2748, 19
2749, 1
2750, 52
2751, 21
2752, 16
2753, 4
2754, 1
2755, 25
2756, 40
2757, 113
2758, 88
2759, 38
2760, 1
2761, 12
2762, 41
2763, 5
2764, 1
2765, 62
2766, 44
2767, 1
2768, 35
2769, 22
2770, 65
2771, 1
2772, 40
2773, 74
2774, 43
2775, 16
2776, 81
2777, 11
2778, 10
2779, 1
2780, 31
2781, 77
2782, 33
2783, 66
2784, 51
2785, 43
2786, 1
2787, 45
2788, 16
2789, 46
2790, 9
2791, 8
2792, 7
2793, 1
2794, 18
2795, 1
2796, 22
2797, 13
2798, 49
2799, 1
2800, 62
2801, 55
2802, 38
2803, 57
2804, 31
2805, 36
2806, 43
2807, 8
2808, 1
2809, 74
2810, 23
2811, 22
2812, 7
2813, 1
2814, 30
2815, 31
2816, 18
2817, 6
2818, 1
2819, 30
2820, 46
2821, 55
2822, 1
2823, 31
2824, 58
2825, 12
2826, 57
2827, 5
2828, 1
2829, 27
2830, 36
2831, 38
2832, 20
2833, 16
2834, 1
2835, 25
2836, 33
2837, 48
2838, 52
2839, 35
2840, 51
2841, 24
2842, 4
2843, 1
2844, 43
2845, 38
2846, 36
2847, 4
2848, 1
2849, 45
2850, 4
2851, 1
2852, 71
2853, 28
2854, 1
2855, 32
2856, 33
2857, 1
2858, 1
2859, 53
2860, 79
2861, 22
2862, 18
2863, 18
2864, 14
2865, 13
2866, 4
2867, 1
2868, 16
2869, 37
2870, 20
2871, 22
2872, 1
2873, 117
2874, 31
2875, 25
2876, 5
2877, 19
2878, 4
2879, 18
2880, 4
2881, 1
2882, 32
2883, 14
2884, 1
2885, 35
2886, 43
2887, 17
2888, 5
2889, 4
2890, 1
2891, 12
2892, 3
2893, 4
2894, 1
2895, 19
2896, 27
2897, 9
2898, 37
2899, 25
2900, 1
2901, 34
2902, 33
2903, 49
2904, 18
2905, 6
2906, 5
2907, 6
2908, 4
2909, 1
2910, 43
2911, 11
2912, 10
2913, 20
2914, 17
2915, 76
2916, 51
2917, 7
2918, 1
2919, 25
2920, 73
2921, 38
2922, 37
2923, 27
2924, 1
2925, 42
2926, 27
2927, 55
2928, 1
2929, 26
2930, 12
2931, 6
2932, 5
2933, 4
2934, 1
2935, 84
2936, 4
2937, 1
2938, 48
2939, 32
2940, 27
2941, 1
2942, 41
2943, 17
2944, 82
2945, 4
2946, 1
2947, 23
2948, 36
2949, 53
2950, 4
2951, 1
2952, 48
2953, 25
2954, 64
2955, 41
2956, 4
2957, 1
2958, 38
2959, 25
2960, 18
2961, 60
2962, 5
2963, 5
2964, 4
2965, 1
2966, 33
2967, 38
2968, 54
2969, 5
2970, 3
2971, 4
2972, 1
2973, 31
2974, 6
2975, 20
2976, 40
2977, 1
2978, 13
2979, 2
2980, 1
2981, 14
2982, 28
2983, 32
2984, 59
2985, 4
2986, 29
2987, 43
2988, 4
2989, 44
2990, 50
2991, 4
2992, 26
2993, 41
2994, 4
2995, 26
2996, 45
2997, 4
2998, 29
2999, 44
3000, 4
3001, 29
3002, 48
3003, 4
3004, 41
3005, 51
3006, 4
3007, 41
3008, 55
3009, 4
3010, 30
3011, 71
3012, 4
3013, 30
3014, 44
3015, 4
3016, 30
3017, 45
3018, 57
3019, 40
3020, 3
3021, 26
3022, 51
3023, 43
3024, 1
3025, 40
3026, 21
3027, 4
3028, 1
3029, 52
3030, 41
3031, 4
3032, 1
3033, 27
3034, 24
3035, 38
3036, 32
3037, 5
3038, 1
3039, 54
3040, 38
3041, 25
3042, 5
3043, 4
3044, 1
3045, 32
3046, 4
3047, 4
3048, 26
3049, 1
3050, 1
3051, 1
3052, 41
3053, 23
3054, 1
3055, 82
3056, 36
3057, 44
3058, 70
3059, 25
3060, 5
3061, 16
3062, 2
3063, 1
3064, 3
3065, 58
3066, 3
3067, 77
3068, 67
3069, 3
3070, 78
3071, 27
3072, 3
3073, 21
3074, 3
3075, 82
3076, 3
3077, 81
3078, 76
3079, 32
3080, 3
3081, 86
3082, 3
3083, 65
3084, 3
3085, 4
3086, 41
3087, 1
3088, 72
3089, 30
3090, 41
3091, 60
3092, 32
3093, 1
3094, 49
3095, 10
3096, 49
3097, 10
3098, 44
3099, 9
3100, 33
3101, 16
3102, 71
3103, 15
3104, 66
3105, 15
3106, 26
3107, 13
3108, 46
3109, 31
3110, 20
3111, 28
3112, 36
3113, 17
3114, 35
3115, 20
3116, 31
3117, 18
3118, 65
3119, 96
3120, 59
3121, 12
3122, 6
3123, 5
3124, 19
3125, 17
3126, 19
3127, 27
3128, 29
3129, 7
3130, 27
3131, 16
3132, 13
3133, 21
3134, 6
3135, 5
3136, 5
3137, 29
3138, 11
3139, 62
3140, 21
3141, 18
3142, 42
3143, 30
3144, 29
3145, 46
3146, 38
3147, 36
3148, 53
3149, 27
3150, 10
3151, 62
3152, 31
3153, 20
3154, 9
3155, 10
3156, 22
3157, 47
3158, 30
3159, 21
3160, 34
3161, 46
3162, 34
3163, 28
3164, 27
3165, 22
3166, 7
3167, 6
3168, 17
3169, 6
3170, 38
3171, 24
3172, 18
3173, 50
3174, 17
3175, 70
3176, 32
3177, 32
3178, 23
3179, 39
3180, 25
3181, 10
3182, 38
3183, 24
3184, 10
3185, 9
3186, 8
3187, 9
3188, 6
3189, 17
3190, 6
3191, 48
3192, 82
3193, 25
3194, 77
3195, 6
3196, 41
3197, 23
3198, 15
3199, 22
3200, 17
3201, 6
3202, 39
3203, 25
3204, 39
3205, 17
3206, 6
3207, 22
3208, 26
3209, 18
3210, 6
3211, 41
3212, 22
3213, 23
3214, 21
3215, 21
3216, 6
3217, 17
3218, 6
3219, 20
3220, 24
3221, 19
3222, 6
3223, 62
3224, 41
3225, 41
3226, 24
3227, 59
3228, 21
3229, 26
3230, 14
3231, 20
3232, 7
3233, 6
3234, 17
3235, 6
3236, 54
3237, 22
3238, 38
3239, 17
3240, 6
3241, 70
3242, 23
3243, 20
3244, 5
3245, 5
3246, 1
3247, 14
3248, 3
3249, 1
3250, 1
3251, 16
3252, 1
3253, 30
3254, 17
3255, 56
3256, 72
3257, 71
3258, 57
3259, 6
3260, 22
3261, 15
3262, 24
3263, 19
3264, 7
3265, 25
3266, 51
3267, 18
3268, 7
3269, 57
3270, 26
3271, 51
3272, 50
3273, 59
3274, 80
3275, 41
3276, 58
3277, 67
3278, 28
3279, 36
3280, 35
3281, 40
3282, 17
3283, 121
3284, 10
3285, 11
3286, 10
3287, 18
3288, 19
3289, 7
3290, 39
3291, 69
3292, 31
3293, 67
3294, 6
3295, 6
3296, 18
3297, 1
3298, 31
3299, 31
3300, 1
3301, 31
3302, 46
3303, 26
3304, 30
3305, 1
3306, 51
3307, 35
3308, 1
3309, 19
3310, 24
3311, 26
3312, 40
3313, 26
3314, 1
3315, 66
3316, 62
3317, 5
3318, 1
3319, 44
3320, 39
3321, 84
3322, 17
3323, 6
3324, 50
3325, 6
3326, 1
3327, 33
3328, 31
3329, 1
3330, 28
3331, 16
3332, 36
3333, 4
3334, 1
3335, 15
3336, 19
3337, 4
3338, 1
3339, 20
3340, 59
3341, 13
3342, 44
3343, 34
3344, 1
3345, 44
3346, 105
3347, 1
3348, 94
3349, 65
3350, 1
3351, 59
3352, 50
3353, 31
3354, 27
3355, 75
3356, 40
3357, 47
3358, 1
3359, 36
3360, 48
3361, 7
3362, 7
3363, 6
3364, 1
3365, 54
3366, 1
3367, 70
3368, 22
3369, 41
3370, 43
3371, 42
3372, 31
3373, 83
3374, 34
3375, 63
3376, 31
3377, 70
3378, 13
3379, 18
3380, 6
3381, 5
3382, 4
3383, 1
3384, 58
3385, 22
3386, 59
3387, 4
3388, 1
3389, 29
3390, 3
3391, 4
3392, 1
3393, 1
3394, 34
3395, 15
3396, 1
3397, 35
3398, 21
3399, 36
3400, 1
3401, 14
3402, 3
3403, 1
3404, 16
3405, 61
3406, 17
3407, 1
3408, 57
3409, 37
3410, 15
3411, 1
3412, 38
3413, 31
3414, 16
3415, 23
3416, 11
3417, 25
3418, 4
3419, 4
3420, 1
3421, 33
3422, 27
3423, 1
3424, 61
3425, 63
3426, 11
3427, 4
3428, 1
3429, 91
3430, 26
3431, 38
3432, 4
3433, 1
3434, 36
3435, 25
3436, 1
3437, 71
3438, 51
3439, 11
3440, 4
3441, 1
3442, 46
3443, 49
3444, 1
3445, 36
3446, 36
3447, 49
3448, 38
3449, 4
3450, 3
3451, 4
3452, 1
3453, 4
3454, 40
3455, 4
3456, 20
3457, 36
3458, 72
3459, 58
3460, 1
3461, 10
3462, 59
3463, 45
3464, 3
3465, 2
3466, 1
3467, 4
3468, 51
3469, 4
3470, 23
3471, 83
3472, 99
3473, 12
3474, 18
3475, 3
3476, 2
3477, 1
3478, 41
3479, 21
3480, 1
3481, 33
3482, 1
3483, 99
3484, 91
3485, 79
3486, 46
3487, 79
3488, 31
3489, 1
3490, 55
3491, 44
3492, 35
3493, 70
3494, 1
3495, 57
3496, 56
3497, 1
3498, 31
3499, 11
3500, 72
3501, 60
3502, 1
3503, 57
3504, 46
3505, 1
3506, 28
3507, 56
3508, 20
3509, 1
3510, 9
3511, 67
3512, 17
3513, 1
3514, 32
3515, 32
3516, 30
3517, 1
3518, 12
3519, 40
3520, 55
3521, 29
3522, 19
3523, 47
3524, 8
3525, 1
3526, 37
3527, 16
3528, 1
3529, 43
3530, 22
3531, 7
3532, 10
3533, 5
3534, 4
3535, 3
3536, 34
3537, 3
3538, 1
3539, 1
3540, 37
3541, 1
3542, 1
3543, 1
3544, 17
3545, 63
3546, 7
3547, 33
3548, 8
3549, 2
3550, 29
3551, 1
3552, 69
3553, 31
3554, 40
3555, 1
3556, 55
3557, 20
3558, 26
3559, 32
3560, 1
3561, 54
3562, 31
3563, 53
3564, 10
3565, 3
3566, 1
3567, 10
3568, 40
3569, 46
3570, 93
3571, 51
3572, 1
3573, 49
3574, 19
3575, 66
3576, 64
3577, 17
3578, 87
3579, 1
3580, 64
3581, 15
3582, 72
3583, 61
3584, 20
3585, 24
3586, 4
3587, 3
3588, 1
3589, 32
3590, 4
3591, 1
3592, 1
3593, 1
3594, 1
3595, 14
3596, 44
3597, 1
3598, 69
3599, 38
3600, 19
3601, 32
3602, 8
3603, 20
3604, 17
3605, 34
3606, 4
3607, 3
3608, 1
3609, 40
3610, 13
3611, 6
3612, 1
3613, 1
3614, 4
3615, 46
3616, 4
3617, 39
3618, 68
3619, 34
3620, 1
3621, 85
3622, 43
3623, 10
3624, 1
3625, 80
3626, 73
3627, 3
3628, 1
3629, 1
3630, 46
3631, 26
3632, 1
3633, 39
3634, 54
3635, 41
3636, 52
3637, 1
3638, 71
3639, 1
3640, 36
3641, 1
3642, 36
3643, 9
3644, 36
3645, 32
3646, 30
3647, 65
3648, 35
3649, 54
3650, 11
3651, 19
3652, 1
3653, 58
3654, 35
3655, 1
3656, 11
3657, 21
3658, 4
3659, 3
3660, 1
3661, 14
3662, 2
3663, 1
3664, 39
3665, 36
3666, 11
3667, 23
3668, 1
3669, 68
3670, 64
3671, 13
3672, 4
3673, 29
3674, 17
3675, 4
3676, 3
3677, 1
3678, 14
3679, 2
3680, 1
3681, 73
3682, 37
3683, 10
3684, 3
3685, 1
3686, 21
3687, 32
3688, 1
3689, 74
3690, 68
3691, 26
3692, 1
3693, 68
3694, 67
3695, 40
3696, 1
3697, 75
3698, 71
3699, 74
3700, 1
3701, 76
3702, 35
3703, 109
3704, 10
3705, 3
3706, 1
3707, 14
3708, 75
3709, 33
3710, 18
3711, 65
3712, 11
3713, 21
3714, 4
3715, 3
3716, 1
3717, 23
3718, 72
3719, 40
3720, 55
3721, 3
3722, 1
3723, 82
3724, 48
3725, 65
3726, 15
3727, 53
3728, 11
3729, 63
3730, 4
3731, 3
3732, 1
3733, 26
3734, 1
3735, 83
3736, 82
3737, 10
3738, 15
3739, 27
3740, 24
3741, 4
3742, 1
3743, 30
3744, 3
3745, 1
3746, 29
3747, 48
3748, 3
3749, 1
3750, 76
3751, 37
3752, 35
3753, 1
3754, 43
3755, 27
3756, 1
3757, 43
3758, 23
3759, 1
3760, 42
3761, 48
3762, 4
3763, 10
3764, 19
3765, 3
3766, 1
3767, 13
3768, 2
3769, 1
3770, 49
3771, 37
3772, 10
3773, 3
3774, 1
3775, 19
3776, 26
3777, 1
3778, 42
3779, 40
3780, 57
3781, 1
3782, 68
3783, 26
3784, 23
3785, 10
3786, 3
3787, 1
3788, 15
3789, 1
3790, 52
3791, 1
3792, 21
3793, 1
3794, 66
3795, 36
3796, 1
3797, 55
3798, 31
3799, 22
3800, 13
3801, 1
3802, 84
3803, 38
3804, 32
3805, 23
3806, 14
3807, 30
3808, 7
3809, 6
3810, 12
3811, 40
3812, 69
3813, 44
3814, 67
3815, 48
3816, 56
3817, 64
3818, 5
3819, 1
3820, 20
3821, 19
3822, 33
3823, 5
3824, 1
3825, 65
3826, 52
3827, 83
3828, 12
3829, 5
3830, 4
3831, 3
3832, 1
3833, 41
3834, 15
3835, 27
3836, 1
3837, 68
3838, 40
3839, 45
3840, 11
3841, 4
3842, 3
3843, 1
3844, 22
3845, 17
3846, 38
3847, 1
3848, 92
3849, 28
3850, 64
3851, 28
3852, 22
3853, 1
3854, 30
3855, 10
3856, 22
3857, 3
3858, 2
3859, 1
3860, 16
3861, 12
3862, 1
3863, 81
3864, 74
3865, 11
3866, 19
3867, 18
3868, 74
3869, 58
3870, 4
3871, 1
3872, 29
3873, 88
3874, 47
3875, 4
3876, 1
3877, 38
3878, 43
3879, 4
3880, 1
3881, 38
3882, 43
3883, 4
3884, 1
3885, 27
3886, 39
3887, 49
3888, 4
3889, 1
3890, 39
3891, 49
3892, 3
3893, 4
3894, 1
3895, 19
3896, 32
3897, 21
3898, 19
3899, 36
3900, 1
3901, 65
3902, 50
3903, 1
3904, 21
3905, 29
3906, 24
3907, 32
3908, 1
3909, 73
3910, 23
3911, 21
3912, 1
3913, 24
3914, 49
3915, 26
3916, 31
3917, 46
3918, 50
3919, 46
3920, 9
3921, 8
3922, 7
3923, 48
3924, 6
3925, 5
3926, 1
3927, 16
3928, 4
3929, 1
3930, 26
3931, 35
3932, 33
3933, 30
3934, 7
3935, 4
3936, 1
3937, 32
3938, 1
3939, 21
3940, 26
3941, 37
3942, 8
3943, 1
3944, 21
3945, 52
3946, 71
3947, 4
3948, 1
3949, 31
3950, 32
3951, 35
3952, 6
3953, 3
3954, 4
3955, 1
3956, 1
3957, 16
3958, 39
3959, 13
3960, 1
3961, 16
3962, 38
3963, 39
3964, 1
3965, 71
3966, 17
3967, 44
3968, 65
3969, 13
3970, 25
3971, 6
3972, 5
3973, 23
3974, 4
3975, 4
3976, 1
3977, 35
3978, 23
3979, 1
3980, 42
3981, 31
3982, 23
3983, 45
3984, 23
3985, 34
3986, 6
3987, 1
3988, 70
3989, 31
3990, 23
3991, 18
3992, 4
3993, 1
3994, 14
3995, 1
3996, 65
3997, 29
3998, 26
3999, 35
4000, 5
4001, 1
4002, 44
4003, 22
4004, 33
4005, 4
4006, 1
4007, 33
4008, 23
4009, 4
4010, 4
4011, 1
4012, 100
4013, 39
4014, 33
4015, 65
4016, 59
4017, 48
4018, 37
4019, 6
4020, 6
4021, 3
4022, 4
4023, 1
4024, 19
4025, 33
4026, 18
4027, 1
4028, 36
4029, 16
4030, 16
4031, 13
4032, 4
4033, 1
4034, 37
4035, 41
4036, 4
4037, 1
4038, 30
4039, 10
4040, 26
4041, 50
4042, 1
4043, 37
4044, 38
4045, 1
4046, 56
4047, 35
4048, 6
4049, 7
4050, 4
4051, 29
4052, 32
4053, 33
4054, 6
4055, 4
4056, 32
4057, 41
4058, 4
4059, 57
4060, 44
4061, 34
4062, 11
4063, 14
4064, 30
4065, 20
4066, 20
4067, 26
4068, 26
4069, 50
4070, 6
4071, 6
4072, 1
4073, 36
4074, 15
4075, 21
4076, 4
4077, 23
4078, 1
4079, 18
4080, 61
4081, 29
4082, 13
4083, 30
4084, 5
4085, 4
4086, 13
4087, 31
4088, 3
4089, 4
4090, 59
4091, 1
4092, 54
4093, 1
4094, 38
4095, 59
4096, 51
4097, 21
4098, 99
4099, 4
4100, 1
4101, 1
4102, 1
4103, 64
4104, 61
4105, 91
4106, 12
4107, 25
4108, 22
4109, 1
4110, 21
4111, 42
4112, 20
4113, 21
4114, 63
4115, 4
4116, 1
4117, 19
4118, 37
4119, 20
4120, 1
4121, 39
4122, 15
4123, 4
4124, 1
4125, 16
4126, 49
4127, 16
4128, 29
4129, 15
4130, 1
4131, 47
4132, 12
4133, 15
4134, 40
4135, 48
4136, 7
4137, 5
4138, 4
4139, 1
4140, 14
4141, 31
4142, 87
4143, 5
4144, 4
4145, 3
4146, 1
4147, 20
4148, 10
4149, 1
4150, 10
4151, 9
4152, 22
4153, 44
4154, 3
4155, 48
4156, 1
4157, 1
4158, 1
4159, 14
4160, 24
4161, 48
4162, 41
4163, 48
4164, 1
4165, 10
4166, 87
4167, 1
4168, 57
4169, 60
4170, 1
4171, 64
4172, 42
4173, 62
4174, 1
4175, 71
4176, 42
4177, 70
4178, 1
4179, 64
4180, 51
4181, 22
4182, 83
4183, 1
4184, 61
4185, 52
4186, 26
4187, 23
4188, 32
4189, 40
4190, 1
4191, 70
4192, 23
4193, 43
4194, 74
4195, 1
4196, 77
4197, 30
4198, 69
4199, 1
4200, 59
4201, 66
4202, 81
4203, 1
4204, 18
4205, 76
4206, 85
4207, 30
4208, 26
4209, 43
4210, 33
4211, 6
4212, 1
4213, 33
4214, 3
4215, 1
4216, 69
4217, 38
4218, 19
4219, 32
4220, 8
4221, 20
4222, 17
4223, 34
4224, 4
4225, 3
4226, 6
4227, 1
4228, 1
4229, 14
4230, 19
4231, 41
4232, 1
4233, 80
4234, 61
4235, 24
4236, 1
4237, 61
4238, 81
4239, 39
4240, 77
4241, 4
4242, 3
4243, 1
4244, 40
4245, 13
4246, 6
4247, 1
4248, 1
4249, 49
4250, 21
4251, 55
4252, 50
4253, 42
4254, 1
4255, 24
4256, 14
4257, 2
4258, 1
4259, 25
4260, 15
4261, 2
4262, 1
4263, 31
4264, 7
4265, 33
4266, 21
4267, 2
4268, 1
4269, 3
4270, 77
4271, 66
4272, 4
4273, 17
4274, 1
4275, 13
4276, 1
4277, 57
4278, 35
4279, 36
4280, 41
4281, 36
4282, 1
4283, 83
4284, 21
4285, 11
4286, 4
4287, 1
4288, 72
4289, 27
4290, 26
4291, 34
4292, 36
4293, 4
4294, 1
4295, 78
4296, 25
4297, 33
4298, 4
4299, 1
4300, 79
4301, 39
4302, 34
4303, 4
4304, 44
4305, 51
4306, 64
4307, 57
4308, 89
4309, 66
4310, 16
4311, 6
4312, 97
4313, 28
4314, 4
4315, 1
4316, 49
4317, 56
4318, 20
4319, 18
4320, 48
4321, 29
4322, 54
4323, 1
4324, 67
4325, 18
4326, 14
4327, 5
4328, 1
4329, 85
4330, 49
4331, 1
4332, 82
4333, 74
4334, 1
4335, 47
4336, 49
4337, 1
4338, 48
4339, 31
4340, 16
4341, 24
4342, 16
4343, 22
4344, 24
4345, 24
4346, 79
4347, 36
4348, 21
4349, 1
4350, 54
4351, 41
4352, 36
4353, 32
4354, 1
4355, 89
4356, 99
4357, 53
4358, 36
4359, 57
4360, 1
4361, 38
4362, 52
4363, 7
4364, 6
4365, 5
4366, 1
4367, 24
4368, 41
4369, 1
4370, 37
4371, 44
4372, 6
4373, 5
4374, 1
4375, 60
4376, 21
4377, 63
4378, 12
4379, 32
4380, 5
4381, 1
4382, 77
4383, 39
4384, 4
4385, 1
4386, 48
4387, 15
4388, 4
4389, 1
4390, 53
4391, 67
4392, 25
4393, 25
4394, 28
4395, 25
4396, 62
4397, 1
4398, 52
4399, 11
4400, 4
4401, 1
4402, 64
4403, 56
4404, 20
4405, 18
4406, 48
4407, 29
4408, 54
4409, 1
4410, 73
4411, 18
4412, 29
4413, 78
4414, 6
4415, 14
4416, 5
4417, 1
4418, 49
4419, 74
4420, 36
4421, 91
4422, 1
4423, 29
4424, 36
4425, 19
4426, 31
4427, 1
4428, 63
4429, 56
4430, 52
4431, 101
4432, 30
4433, 1
4434, 33
4435, 32
4436, 7
4437, 29
4438, 46
4439, 7
4440, 6
4441, 5
4442, 1
4443, 86
4444, 88
4445, 42
4446, 103
4447, 56
4448, 6
4449, 1
4450, 27
4451, 5
4452, 4
4453, 1
4454, 47
4455, 42
4456, 27
4457, 1
4458, 75
4459, 34
4460, 41
4461, 4
4462, 4
4463, 1
4464, 56
4465, 27
4466, 32
4467, 37
4468, 61
4469, 85
4470, 1
4471, 39
4472, 1
4473, 47
4474, 54
4475, 11
4476, 4
4477, 1
4478, 78
4479, 61
4480, 11
4481, 4
4482, 1
4483, 34
4484, 74
4485, 33
4486, 30
4487, 22
4488, 4
4489, 49
4490, 1
4491, 84
4492, 36
4493, 11
4494, 65
4495, 1
4496, 76
4497, 42
4498, 42
4499, 41
4500, 76
4501, 9
4502, 1
4503, 51
4504, 28
4505, 25
4506, 24
4507, 4
4508, 1
4509, 82
4510, 24
4511, 15
4512, 40
4513, 1
4514, 52
4515, 48
4516, 93
4517, 11
4518, 4
4519, 1
4520, 78
4521, 89
4522, 74
4523, 1
4524, 46
4525, 51
4526, 26
4527, 5
4528, 41
4529, 27
4530, 15
4531, 5
4532, 1
4533, 82
4534, 53
4535, 69
4536, 5
4537, 4
4538, 1
4539, 37
4540, 9
4541, 70
4542, 1
4543, 24
4544, 17
4545, 30
4546, 1
4547, 21
4548, 100
4549, 19
4550, 31
4551, 5
4552, 1
4553, 21
4554, 37
4555, 63
4556, 46
4557, 36
4558, 29
4559, 6
4560, 5
4561, 4
4562, 21
4563, 1
4564, 55
4565, 56
4566, 1
4567, 92
4568, 34
4569, 1
4570, 84
4571, 76
4572, 84
4573, 64
4574, 1
4575, 70
4576, 27
4577, 1
4578, 18
4579, 29
4580, 7
4581, 1
4582, 83
4583, 36
4584, 11
4585, 22
4586, 21
4587, 66
4588, 68
4589, 7
4590, 41
4591, 1
4592, 18
4593, 28
4594, 7
4595, 6
4596, 5
4597, 4
4598, 1
4599, 23
4600, 4
4601, 1
4602, 31
4603, 1
4604, 63
4605, 37
4606, 1
4607, 37
4608, 22
4609, 35
4610, 76
4611, 55
4612, 1
4613, 74
4614, 19
4615, 31
4616, 1
4617, 79
4618, 84
4619, 11
4620, 4
4621, 1
4622, 24
4623, 70
4624, 1
4625, 71
4626, 9
4627, 79
4628, 39
4629, 1
4630, 10
4631, 95
4632, 1
4633, 60
4634, 104
4635, 83
4636, 1
4637, 34
4638, 34
4639, 1
4640, 94
4641, 37
4642, 1
4643, 32
4644, 46
4645, 31
4646, 32
4647, 8
4648, 7
4649, 6
4650, 5
4651, 4
4652, 1
4653, 52
4654, 32
4655, 45
4656, 4
4657, 1
4658, 23
4659, 4
4660, 1
4661, 41
4662, 34
4663, 22
4664, 43
4665, 23
4666, 1
4667, 28
4668, 50
4669, 54
4670, 86
4671, 1
4672, 30
4673, 57
4674, 30
4675, 1
4676, 41
4677, 80
4678, 85
4679, 19
4680, 45
4681, 33
4682, 1
4683, 66
4684, 38
4685, 1
4686, 44
4687, 49
4688, 48
4689, 56
4690, 8
4691, 30
4692, 34
4693, 8
4694, 7
4695, 29
4696, 59
4697, 7
4698, 6
4699, 5
4700, 4
4701, 1
4702, 49
4703, 43
4704, 81
4705, 4
4706, 1
4707, 23
4708, 4
4709, 1
4710, 26
4711, 35
4712, 17
4713, 4
4714, 1
4715, 78
4716, 21
4717, 22
4718, 26
4719, 36
4720, 1
4721, 20
4722, 37
4723, 49
4724, 45
4725, 8
4726, 4
4727, 74
4728, 1
4729, 45
4730, 1
4731, 19
4732, 18
4733, 21
4734, 42
4735, 4
4736, 1
4737, 19
4738, 33
4739, 25
4740, 56
4741, 4
4742, 1
4743, 34
4744, 53
4745, 39
4746, 43
4747, 4
4748, 1
4749, 19
4750, 76
4751, 35
4752, 1
4753, 74
4754, 4
4755, 1
4756, 64
4757, 140
4758, 1
4759, 15
4760, 1
4761, 13
4762, 49
4763, 40
4764, 1
4765, 31
4766, 32
4767, 84
4768, 5
4769, 1
4770, 17
4771, 4
4772, 4
4773, 1
4774, 15
4775, 120
4776, 40
4777, 28
4778, 30
4779, 40
4780, 1
4781, 59
4782, 60
4783, 55
4784, 36
4785, 26
4786, 1
4787, 156
4788, 156
4789, 5
4790, 1
4791, 38
4792, 48
4793, 91
4794, 5
4795, 1
4796, 65
4797, 54
4798, 49
4799, 84
4800, 5
4801, 1
4802, 17
4803, 4
4804, 4
4805, 1
4806, 12
4807, 10
4808, 71
4809, 18
4810, 5
4811, 11
4812, 70
4813, 25
4814, 56
4815, 11
4816, 20
4817, 20
4818, 21
4819, 23
4820, 65
4821, 41
4822, 7
4823, 6
4824, 6
4825, 27
4826, 5
4827, 10
4828, 25
4829, 55
4830, 18
4831, 19
4832, 6
4833, 6
4834, 28
4835, 5
4836, 11
4837, 69
4838, 25
4839, 88
4840, 19
4841, 19
4842, 6
4843, 6
4844, 1
4845, 73
4846, 33
4847, 49
4848, 5
4849, 5
4850, 1
4851, 18
4852, 37
4853, 1
4854, 28
4855, 66
4856, 63
4857, 53
4858, 6
4859, 5
4860, 4
4861, 4
4862, 1
4863, 51
4864, 61
4865, 69
4866, 72
4867, 25
4868, 23
4869, 10
4870, 5
4871, 16
4872, 23
4873, 22
4874, 5
4875, 5
4876, 18
4877, 42
4878, 11
4879, 42
4880, 4
4881, 34
4882, 27
4883, 4
4884, 3
4885, 3
4886, 1
4887, 52
4888, 34
4889, 36
4890, 52
4891, 4
4892, 5
4893, 34
4894, 26
4895, 1
4896, 28
4897, 1
4898, 71
4899, 97
4900, 49
4901, 25
4902, 5
4903, 1
4904, 37
4905, 4
4906, 4
4907, 1
4908, 40
4909, 50
4910, 42
4911, 41
4912, 3
4913, 1
4914, 17
4915, 26
4916, 28
4917, 24
4918, 1
4919, 71
4920, 66
4921, 52
4922, 42
4923, 38
4924, 32
4925, 16
4926, 16
4927, 1
4928, 15
4929, 10
4930, 19
4931, 3
4932, 1
4933, 61
4934, 16
4935, 32
4936, 3
4937, 1
4938, 58
4939, 56
4940, 1
4941, 21
4942, 32
4943, 3
4944, 1
4945, 88
4946, 85
4947, 27
4948, 34
4949, 36
4950, 45
4951, 1
4952, 30
4953, 30
4954, 1
4955, 40
4956, 14
4957, 11
4958, 4
4959, 1
4960, 60
4961, 28
4962, 23
4963, 1
4964, 17
4965, 75
4966, 11
4967, 26
4968, 4
4969, 4
4970, 31
4971, 30
4972, 1
4973, 42
4974, 14
4975, 11
4976, 4
4977, 61
4978, 29
4979, 24
4980, 4
4981, 1
4982, 17
4983, 65
4984, 25
4985, 4
4986, 40
4987, 30
4988, 1
4989, 51
4990, 1
4991, 43
4992, 33
4993, 4
4994, 1
4995, 26
4996, 3
4997, 3
4998, 1
4999, 76
5000, 14
5001, 26
5002, 25
5003, 30
5004, 28
5005, 27
5006, 34
5007, 21
5008, 17
5009, 1
5010, 30
5011, 12
5012, 19
5013, 35
5014, 33
5015, 1
5016, 77
5017, 72
5018, 84
5019, 37
5020, 54
5021, 22
5022, 5
5023, 15
5024, 4
5025, 4
5026, 4
5027, 1
5028, 24
5029, 32
5030, 1
5031, 33
5032, 22
5033, 54
5034, 44
5035, 18
5036, 5
5037, 1
5038, 84
5039, 77
5040, 64
5041, 25
5042, 107
5043, 60
5044, 67
5045, 35
5046, 9
5047, 50
5048, 6
5049, 7
5050, 61
5051, 5
5052, 1
5053, 36
5054, 70
5055, 33
5056, 33
5057, 49
5058, 70
5059, 6
5060, 5
5061, 5
5062, 1
5063, 25
5064, 54
5065, 44
5066, 18
5067, 5
5068, 1
5069, 91
5070, 44
5071, 4
5072, 4
5073, 2
5074, 1
5075, 47
5076, 32
5077, 1
5078, 33
5079, 1
5080, 22
5081, 1
5082, 45
5083, 79
5084, 77
5085, 75
5086, 63
5087, 75
5088, 62
5089, 34
5090, 8
5091, 9
5092, 66
5093, 54
5094, 35
5095, 8
5096, 59
5097, 60
5098, 9
5099, 6
5100, 18
5101, 5
5102, 70
5103, 69
5104, 25
5105, 1
5106, 88
5107, 67
5108, 73
5109, 72
5110, 8
5111, 9
5112, 50
5113, 6
5114, 7
5115, 5
5116, 1
5117, 30
5118, 28
5119, 1
5120, 88
5121, 121
5122, 61
5123, 5
5124, 5
5125, 1
5126, 25
5127, 44
5128, 1
5129, 45
5130, 4
5131, 4
5132, 2
5133, 1
5134, 43
5135, 33
5136, 77
5137, 1
5138, 92
5139, 36
5140, 81
5141, 6
5142, 1
5143, 34
5144, 23
5145, 42
5146, 42
5147, 1
5148, 23
5149, 50
5150, 6
5151, 53
5152, 6
5153, 26
5154, 42
5155, 46
5156, 1
5157, 23
5158, 53
5159, 37
5160, 13
5161, 41
5162, 6
5163, 5
5164, 5
5165, 5
5166, 2
5167, 1
5168, 19
5169, 1
5170, 63
5171, 20
5172, 1
5173, 42
5174, 37
5175, 39
5176, 41
5177, 30
5178, 29
5179, 26
5180, 5
5181, 27
5182, 57
5183, 5
5184, 16
5185, 4
5186, 1
5187, 38
5188, 20
5189, 18
5190, 32
5191, 29
5192, 41
5193, 31
5194, 15
5195, 22
5196, 12
5197, 27
5198, 15
5199, 21
5200, 26
5201, 5
5202, 4
5203, 24
5204, 21
5205, 22
5206, 16
5207, 4
5208, 1
5209, 21
5210, 16
5211, 28
5212, 59
5213, 27
5214, 44
5215, 6
5216, 54
5217, 61
5218, 4
5219, 33
5220, 56
5221, 6
5222, 4
5223, 46
5224, 50
5225, 4
5226, 40
5227, 23
5228, 60
5229, 41
5230, 32
5231, 39
5232, 95
5233, 24
5234, 22
5235, 6
5236, 16
5237, 4
5238, 37
5239, 36
5240, 27
5241, 47
5242, 5
5243, 16
5244, 4
5245, 64
5246, 23
5247, 18
5248, 25
5249, 4
5250, 24
5251, 21
5252, 4
5253, 32
5254, 53
5255, 6
5256, 4
5257, 1
5258, 35
5259, 32
5260, 45
5261, 6
5262, 4
5263, 42
5264, 22
5265, 16
5266, 58
5267, 4
5268, 3
5269, 4
5270, 1
5271, 1
5272, 42
5273, 36
5274, 48
5275, 1
5276, 33
5277, 26
5278, 27
5279, 15
5280, 6
5281, 4
5282, 3
5283, 18
5284, 2
5285, 1
5286, 104
5287, 77
5288, 47
5289, 66
5290, 30
5291, 88
5292, 25
5293, 21
5294, 22
5295, 43
5296, 33
5297, 49
5298, 44
5299, 36
5300, 60
5301, 1
5302, 58
5303, 13
5304, 62
5305, 46
5306, 34
5307, 41
5308, 39
5309, 51
5310, 73
5311, 60
5312, 1
5313, 77
5314, 74
5315, 79
5316, 4
5317, 48
5318, 74
5319, 1
5320, 35
5321, 84
5322, 25
5323, 1
5324, 34
5325, 18
5326, 9
5327, 110
5328, 95
5329, 14
5330, 1
5331, 17
5332, 94
5333, 49
5334, 24
5335, 12
5336, 48
5337, 5
5338, 4
5339, 3
5340, 1
5341, 70
5342, 39
5343, 9
5344, 2
5345, 1
5346, 60
5347, 37
5348, 43
5349, 38
5350, 3
5351, 2
5352, 1
5353, 17
5354, 40
5355, 47
5356, 44
5357, 84
5358, 1
5359, 43
5360, 67
5361, 8
5362, 2
5363, 1
5364, 83
5365, 33
5366, 76
5367, 14
5368, 2
5369, 33
5370, 50
5371, 16
5372, 24
5373, 10
5374, 32
5375, 3
5376, 14
5377, 2
5378, 1
5379, 49
5380, 47
5381, 11
5382, 9
5383, 44
5384, 100
5385, 3
5386, 2
5387, 1
5388, 39
5389, 1
5390, 56
5391, 10
5392, 3
5393, 1
5394, 17
5395, 33
5396, 43
5397, 27
5398, 1
5399, 17
5400, 25
5401, 23
5402, 1
5403, 27
5404, 58
5405, 57
5406, 5
5407, 4
5408, 3
5409, 1
5410, 64
5411, 23
5412, 52
5413, 3
5414, 2
5415, 1
5416, 43
5417, 24
5418, 1
5419, 51
5420, 30
5421, 10
5422, 3
5423, 1
5424, 41
5425, 1
5426, 68
5427, 58
5428, 31
5429, 1
5430, 29
5431, 47
5432, 4
5433, 1
5434, 81
5435, 42
5436, 3
5437, 1
5438, 82
5439, 58
5440, 41
5441, 25
5442, 1
5443, 72
5444, 70
5445, 39
5446, 27
5447, 35
5448, 4
5449, 1
5450, 67
5451, 69
5452, 60
5453, 60
5454, 83
5455, 35
5456, 4
5457, 1
5458, 73
5459, 67
5460, 67
5461, 69
5462, 1
5463, 52
5464, 1
5465, 65
5466, 62
5467, 36
5468, 27
5469, 4
5470, 1
5471, 70
5472, 31
5473, 39
5474, 62
5475, 1
5476, 66
5477, 40
5478, 65
5479, 40
5480, 3
5481, 2
5482, 1
5483, 16
5484, 61
5485, 49
5486, 57
5487, 1
5488, 106
5489, 35
5490, 1
5491, 67
5492, 11
5493, 43
5494, 62
5495, 4
5496, 1
5497, 61
5498, 80
5499, 1
5500, 90
5501, 35
5502, 33
5503, 1
5504, 32
5505, 57
5506, 65
5507, 29
5508, 50
5509, 6
5510, 5
5511, 4
5512, 1
5513, 52
5514, 25
5515, 30
5516, 49
5517, 52
5518, 1
5519, 58
5520, 46
5521, 6
5522, 12
5523, 35
5524, 5
5525, 4
5526, 1
5527, 40
5528, 44
5529, 35
5530, 71
5531, 4
5532, 1
5533, 44
5534, 1
5535, 27
5536, 16
5537, 4
5538, 1
5539, 65
5540, 25
5541, 26
5542, 21
5543, 1
5544, 29
5545, 41
5546, 1
5547, 15
5548, 10
5549, 1
5550, 25
5551, 22
5552, 1
5553, 31
5554, 1
5555, 26
5556, 46
5557, 61
5558, 1
5559, 41
5560, 40
5561, 51
5562, 1
5563, 35
5564, 13
5565, 68
5566, 1
5567, 46
5568, 69
5569, 48
5570, 1
5571, 81
5572, 1
5573, 54
5574, 18
5575, 21
5576, 27
5577, 7
5578, 1
5579, 54
5580, 76
5581, 82
5582, 7
5583, 1
5584, 62
5585, 29
5586, 1
5587, 59
5588, 55
5589, 24
5590, 1
5591, 47
5592, 55
5593, 14
5594, 11
5595, 1
5596, 42
5597, 22
5598, 101
5599, 35
5600, 9
5601, 8
5602, 7
5603, 1
5604, 44
5605, 1
5606, 41
5607, 27
5608, 1
5609, 29
5610, 32
5611, 41
5612, 7
5613, 1
5614, 60
5615, 27
5616, 6
5617, 5
5618, 4
5619, 1
5620, 46
5621, 15
5622, 28
5623, 4
5624, 1
5625, 56
5626, 55
5627, 34
5628, 63
5629, 4
5630, 1
5631, 9
5632, 36
5633, 1
5634, 75
5635, 39
5636, 66
5637, 14
5638, 5
5639, 1
5640, 59
5641, 1
5642, 25
5643, 55
5644, 1
5645, 41
5646, 21
5647, 26
5648, 5
5649, 1
5650, 26
5651, 20
5652, 11
5653, 36
5654, 50
5655, 28
5656, 7
5657, 6
5658, 5
5659, 4
5660, 1
5661, 14
5662, 1
5663, 15
5664, 4
5665, 1
5666, 59
5667, 28
5668, 10
5669, 33
5670, 25
5671, 42
5672, 35
5673, 1
5674, 45
5675, 52
5676, 1
5677, 30
5678, 30
5679, 1
5680, 18
5681, 26
5682, 36
5683, 32
5684, 43
5685, 1
5686, 69
5687, 16
5688, 55
5689, 9
5690, 8
5691, 7
5692, 1
5693, 79
5694, 26
5695, 1
5696, 26
5697, 1
5698, 71
5699, 72
5700, 43
5701, 29
5702, 35
5703, 1
5704, 67
5705, 44
5706, 1
5707, 15
5708, 35
5709, 8
5710, 1
5711, 29
5712, 7
5713, 6
5714, 5
5715, 4
5716, 3
5717, 4
5718, 1
5719, 19
5720, 27
5721, 43
5722, 32
5723, 26
5724, 101
5725, 38
5726, 4
5727, 1
5728, 22
5729, 54
5730, 79
5731, 51
5732, 32
5733, 5
5734, 6
5735, 4
5736, 1
5737, 23
5738, 54
5739, 79
5740, 51
5741, 52
5742, 5
5743, 6
5744, 4
5745, 1
5746, 22
5747, 54
5748, 28
5749, 48
5750, 5
5751, 6
5752, 4
5753, 1
5754, 21
5755, 54
5756, 28
5757, 60
5758, 5
5759, 6
5760, 4
5761, 1
5762, 66
5763, 12
5764, 62
5765, 10
5766, 1
5767, 45
5768, 1
5769, 45
5770, 40
5771, 5
5772, 1
5773, 28
5774, 69
5775, 48
5776, 6
5777, 41
5778, 5
5779, 4
5780, 1
5781, 15
5782, 4
5783, 1
5784, 21
5785, 12
5786, 10
5787, 1
5788, 44
5789, 52
5790, 32
5791, 47
5792, 5
5793, 1
5794, 33
5795, 31
5796, 41
5797, 5
5798, 1
5799, 66
5800, 20
5801, 62
5802, 29
5803, 5
5804, 4
5805, 1
5806, 15
5807, 4
5808, 1
5809, 55
5810, 65
5811, 85
5812, 1
5813, 31
5814, 66
5815, 6
5816, 4
5817, 1
5818, 27
5819, 43
5820, 31
5821, 11
5822, 21
5823, 1
5824, 32
5825, 33
5826, 51
5827, 16
5828, 5
5829, 1
5830, 59
5831, 68
5832, 65
5833, 74
5834, 78
5835, 1
5836, 53
5837, 1
5838, 10
5839, 27
5840, 55
5841, 28
5842, 35
5843, 50
5844, 31
5845, 8
5846, 7
5847, 1
5848, 15
5849, 1
5850, 71
5851, 18
5852, 5
5853, 1
5854, 17
5855, 34
5856, 5
5857, 38
5858, 4
5859, 1
5860, 27
5861, 28
5862, 1
5863, 75
5864, 47
5865, 26
5866, 1
5867, 39
5868, 1
5869, 16
5870, 36
5871, 5
5872, 6
5873, 1
5874, 76
5875, 69
5876, 4
5877, 1
5878, 32
5879, 40
5880, 4
5881, 1
5882, 40
5883, 1
5884, 31
5885, 35
5886, 1
5887, 31
5888, 27
5889, 10
5890, 20
5891, 15
5892, 21
5893, 20
5894, 44
5895, 1
5896, 66
5897, 21
5898, 44
5899, 57
5900, 40
5901, 32
5902, 24
5903, 55
5904, 6
5905, 37
5906, 7
5907, 4
5908, 1
5909, 13
5910, 82
5911, 32
5912, 1
5913, 45
5914, 22
5915, 5
5916, 1
5917, 18
5918, 73
5919, 33
5920, 1
5921, 94
5922, 64
5923, 27
5924, 22
5925, 1
5926, 29
5927, 47
5928, 1
5929, 65
5930, 26
5931, 58
5932, 8
5933, 7
5934, 1
5935, 40
5936, 6
5937, 1
5938, 24
5939, 56
5940, 1
5941, 25
5942, 43
5943, 1
5944, 64
5945, 42
5946, 27
5947, 50
5948, 79
5949, 1
5950, 25
5951, 74
5952, 33
5953, 38
5954, 10
5955, 16
5956, 116
5957, 9
5958, 8
5959, 7
5960, 6
5961, 1
5962, 40
5963, 29
5964, 5
5965, 4
5966, 1
5967, 15
5968, 3
5969, 4
5970, 1
5971, 14
5972, 21
5973, 23
5974, 25
5975, 23
5976, 27
5977, 32
5978, 44
5979, 13
5980, 10
5981, 13
5982, 32
5983, 29
5984, 1
5985, 29
5986, 49
5987, 45
5988, 1
5989, 87
5990, 35
5991, 4
5992, 1
5993, 32
5994, 4
5995, 4
5996, 1
5997, 1
5998, 12
5999, 19
6000, 1
6001, 4
6002, 44
6003, 48
6004, 39
6005, 4
6006, 42
6007, 38
6008, 12
6009, 67
6010, 1
6011, 77
6012, 104
6013, 1
6014, 104
6015, 71
6016, 55
6017, 1
6018, 50
6019, 65
6020, 16
6021, 1
6022, 17
6023, 2
6024, 1
6025, 4
6026, 60
6027, 28
6028, 4
6029, 38
6030, 21
6031, 37
6032, 1
6033, 19
6034, 44
6035, 1
6036, 57
6037, 42
6038, 1
6039, 49
6040, 116
6041, 1
6042, 82
6043, 80
6044, 1
6045, 18
6046, 16
6047, 16
6048, 1
6049, 45
6050, 20
6051, 4
6052, 1
6053, 39
6054, 37
6055, 3
6056, 1
6057, 17
6058, 2
6059, 1
6060, 1
6061, 14
6062, 26
6063, 1
6064, 41
6065, 39
6066, 31
6067, 4
6068, 1
6069, 38
6070, 31
6071, 1
6072, 25
6073, 28
6074, 1
6075, 55
6076, 32
6077, 67
6078, 11
6079, 4
6080, 1
6081, 11
6082, 41
6083, 47
6084, 94
6085, 52
6086, 1
6087, 18
6088, 62
6089, 50
6090, 53
6091, 23
6092, 40
6093, 32
6094, 68
6095, 64
6096, 36
6097, 75
6098, 48
6099, 4
6100, 1
6101, 33
6102, 1
6103, 30
6104, 4
6105, 1
6106, 6
6107, 27
6108, 1
6109, 68
6110, 1
6111, 1
6112, 1
6113, 23
6114, 42
6115, 1
6116, 33
6117, 32
6118, 72
6119, 4
6120, 1
6121, 45
6122, 38
6123, 23
6124, 1
6125, 44
6126, 1
6127, 75
6128, 86
6129, 1
6130, 20
6131, 1
6132, 71
6133, 38
6134, 5
6135, 1
6136, 54
6137, 96
6138, 115
6139, 91
6140, 58
6141, 1
6142, 36
6143, 25
6144, 31
6145, 31
6146, 1
6147, 57
6148, 57
6149, 26
6150, 1
6151, 33
6152, 25
6153, 31
6154, 31
6155, 5
6156, 4
6157, 1
6158, 17
6159, 44
6160, 29
6161, 9
6162, 13
6163, 4
6164, 54
6165, 32
6166, 28
6167, 4
6168, 1
6169, 45
6170, 29
6171, 23
6172, 1
6173, 44
6174, 49
6175, 1
6176, 44
6177, 33
6178, 49
6179, 24
6180, 4
6181, 1
6182, 43
6183, 70
6184, 1
6185, 54
6186, 75
6187, 94
6188, 97
6189, 60
6190, 1
6191, 35
6192, 22
6193, 27
6194, 27
6195, 1
6196, 56
6197, 19
6198, 38
6199, 5
6200, 51
6201, 33
6202, 1
6203, 32
6204, 22
6205, 19
6206, 22
6207, 5
6208, 4
6209, 1
6210, 17
6211, 44
6212, 29
6213, 9
6214, 23
6215, 4
6216, 2
6217, 1
6218, 1
6219, 1
6220, 1
6221, 47
6222, 73
6223, 10
6224, 20
6225, 34
6226, 1
6227, 30
6228, 70
6229, 46
6230, 12
6231, 5
6232, 1
6233, 22
6234, 83
6235, 18
6236, 80
6237, 21
6238, 12
6239, 5
6240, 1
6241, 79
6242, 1
6243, 56
6244, 4
6245, 4
6246, 2
6247, 1
6248, 1
6249, 14
6250, 35
6251, 60
6252, 52
6253, 1
6254, 10
6255, 40
6256, 87
6257, 43
6258, 23
6259, 1
6260, 55
6261, 17
6262, 10
6263, 3
6264, 1
6265, 42
6266, 1
6267, 18
6268, 65
6269, 44
6270, 1
6271, 33
6272, 45
6273, 38
6274, 1
6275, 43
6276, 50
6277, 71
6278, 1
6279, 37
6280, 29
6281, 76
6282, 32
6283, 1
6284, 26
6285, 38
6286, 45
6287, 25
6288, 5
6289, 36
6290, 5
6291, 1
6292, 34
6293, 41
6294, 25
6295, 5
6296, 32
6297, 5
6298, 1
6299, 30
6300, 37
6301, 25
6302, 5
6303, 28
6304, 5
6305, 1
6306, 26
6307, 36
6308, 43
6309, 25
6310, 5
6311, 34
6312, 4
6313, 5
6314, 1
6315, 32
6316, 27
6317, 38
6318, 1
6319, 55
6320, 32
6321, 67
6322, 11
6323, 4
6324, 1
6325, 11
6326, 41
6327, 47
6328, 94
6329, 52
6330, 1
6331, 22
6332, 39
6333, 31
6334, 65
6335, 65
6336, 57
6337, 1
6338, 19
6339, 65
6340, 51
6341, 33
6342, 1
6343, 70
6344, 35
6345, 83
6346, 26
6347, 82
6348, 1
6349, 27
6350, 62
6351, 69
6352, 79
6353, 66
6354, 1
6355, 62
6356, 48
6357, 40
6358, 32
6359, 68
6360, 72
6361, 60
6362, 28
6363, 1
6364, 28
6365, 84
6366, 4
6367, 1
6368, 18
6369, 74
6370, 72
6371, 72
6372, 62
6373, 74
6374, 73
6375, 65
6376, 47
6377, 76
6378, 63
6379, 36
6380, 37
6381, 41
6382, 64
6383, 4
6384, 1
6385, 33
6386, 3
6387, 1
6388, 6
6389, 1
6390, 1
6391, 84
6392, 58
6393, 16
6394, 12
6395, 1
6396, 53
6397, 27
6398, 36
6399, 40
6400, 3
6401, 1
6402, 43
6403, 1
6404, 26
6405, 27
6406, 36
6407, 3
6408, 1
6409, 13
6410, 3
6411, 1
6412, 1
6413, 4
6414, 30
6415, 37
6416, 1
6417, 103
6418, 86
6419, 45
6420, 56
6421, 56
6422, 1
6423, 77
6424, 24
6425, 22
6426, 20
6427, 4
6428, 1
6429, 47
6430, 1
6431, 1
6432, 74
6433, 41
6434, 1
6435, 52
6436, 24
6437, 15
6438, 3
6439, 1
6440, 36
6441, 61
6442, 19
6443, 26
6444, 1
6445, 17
6446, 37
6447, 25
6448, 16
6449, 4
6450, 3
6451, 1
6452, 18
6453, 2
6454, 1
6455, 38
6456, 28
6457, 15
6458, 13
6459, 28
6460, 1
6461, 37
6462, 28
6463, 23
6464, 13
6465, 4
6466, 1
6467, 56
6468, 32
6469, 16
6470, 65
6471, 44
6472, 51
6473, 29
6474, 5
6475, 1
6476, 65
6477, 63
6478, 26
6479, 58
6480, 89
6481, 5
6482, 11
6483, 30
6484, 1
6485, 53
6486, 90
6487, 5
6488, 4
6489, 3
6490, 1
6491, 61
6492, 33
6493, 46
6494, 28
6495, 23
6496, 13
6497, 4
6498, 79
6499, 63
6500, 4
6501, 3
6502, 1
6503, 18
6504, 2
6505, 1
6506, 54
6507, 40
6508, 18
6509, 72
6510, 79
6511, 9
6512, 2
6513, 1
6514, 74
6515, 60
6516, 66
6517, 6
6518, 64
6519, 28
6520, 1
6521, 11
6522, 1
6523, 27
6524, 61
6525, 30
6526, 68
6527, 4
6528, 1
6529, 23
6530, 67
6531, 32
6532, 73
6533, 5
6534, 1
6535, 69
6536, 31
6537, 82
6538, 5
6539, 11
6540, 57
6541, 72
6542, 1
6543, 68
6544, 32
6545, 82
6546, 5
6547, 4
6548, 3
6549, 1
6550, 13
6551, 2
6552, 1
6553, 49
6554, 1
6555, 76
6556, 30
6557, 65
6558, 30
6559, 102
6560, 1
6561, 89
6562, 62
6563, 65
6564, 34
6565, 60
6566, 38
6567, 34
6568, 29
6569, 4
6570, 1
6571, 56
6572, 31
6573, 15
6574, 4
6575, 1
6576, 83
6577, 73
6578, 99
6579, 1
6580, 47
6581, 32
6582, 3
6583, 1
6584, 70
6585, 16
6586, 24
6587, 9
6588, 9
6589, 52
6590, 21
6591, 10
6592, 4
6593, 11
6594, 2
6595, 1
6596, 16
6597, 59
6598, 53
6599, 13
6600, 13
6601, 37
6602, 22
6603, 56
6604, 42
6605, 36
6606, 6
6607, 5
6608, 4
6609, 4
6610, 1
6611, 71
6612, 14
6613, 23
6614, 23
6615, 20
6616, 22
6617, 22
6618, 22
6619, 19
6620, 17
6621, 19
6622, 18
6623, 18
6624, 15
6625, 4
6626, 1
6627, 57
6628, 33
6629, 13
6630, 34
6631, 56
6632, 4
6633, 1
6634, 49
6635, 47
6636, 48
6637, 78
6638, 11
6639, 4
6640, 1
6641, 54
6642, 24
6643, 40
6644, 23
6645, 1
6646, 109
6647, 1
6648, 40
6649, 40
6650, 66
6651, 1
6652, 36
6653, 31
6654, 24
6655, 1
6656, 76
6657, 63
6658, 78
6659, 23
6660, 21
6661, 5
6662, 1
6663, 64
6664, 45
6665, 12
6666, 5
6667, 1
6668, 85
6669, 63
6670, 19
6671, 5
6672, 1
6673, 83
6674, 93
6675, 89
6676, 31
6677, 5
6678, 1
6679, 85
6680, 99
6681, 1
6682, 19
6683, 56
6684, 10
6685, 28
6686, 18
6687, 5
6688, 1
6689, 11
6690, 67
6691, 93
6692, 16
6693, 5
6694, 1
6695, 57
6696, 25
6697, 4
6698, 4
6699, 1
6700, 46
6701, 23
6702, 40
6703, 1
6704, 54
6705, 114
6706, 1
6707, 40
6708, 40
6709, 66
6710, 1
6711, 62
6712, 35
6713, 41
6714, 4
6715, 1
6716, 68
6717, 29
6718, 39
6719, 4
6720, 1
6721, 39
6722, 58
6723, 37
6724, 4
6725, 1
6726, 94
6727, 33
6728, 28
6729, 70
6730, 4
6731, 14
6732, 3
6733, 4
6734, 1
6735, 57
6736, 29
6737, 43
6738, 21
6739, 74
6740, 82
6741, 90
6742, 46
6743, 52
6744, 10
6745, 44
6746, 5
6747, 5
6748, 1
6749, 40
6750, 44
6751, 50
6752, 26
6753, 11
6754, 11
6755, 12
6756, 91
6757, 12
6758, 10
6759, 6
6760, 4
6761, 4
6762, 4
6763, 1
6764, 26
6765, 29
6766, 36
6767, 34
6768, 114
6769, 46
6770, 25
6771, 5
6772, 1
6773, 33
6774, 27
6775, 38
6776, 85
6777, 72
6778, 1
6779, 61
6780, 41
6781, 19
6782, 1
6783, 101
6784, 57
6785, 42
6786, 59
6787, 31
6788, 1
6789, 83
6790, 84
6791, 80
6792, 39
6793, 1
6794, 94
6795, 66
6796, 13
6797, 6
6798, 5
6799, 1
6800, 39
6801, 42
6802, 40
6803, 28
6804, 4
6805, 4
6806, 2
6807, 1
6808, 73
6809, 30
6810, 20
6811, 79
6812, 73
6813, 60
6814, 39
6815, 4
6816, 3
6817, 3
6818, 1
6819, 56
6820, 14
6821, 13
6822, 14
6823, 17
6824, 32
6825, 40
6826, 30
6827, 14
6828, 19
6829, 1
6830, 47
6831, 70
6832, 1
6833, 26
6834, 51
6835, 49
6836, 5
6837, 1
6838, 20
6839, 4
6840, 4
6841, 1
6842, 34
6843, 62
6844, 3
6845, 4
6846, 1
6847, 19
6848, 32
6849, 55
6850, 20
6851, 14
6852, 11
6853, 1
6854, 35
6855, 32
6856, 23
6857, 1
6858, 29
6859, 70
6860, 6
6861, 1
6862, 16
6863, 5
6864, 1
6865, 32
6866, 40
6867, 30
6868, 42
6869, 4
6870, 20
6871, 33
6872, 4
6873, 20
6874, 27
6875, 4
6876, 29
6877, 38
6878, 45
6879, 4
6880, 1
6881, 32
6882, 29
6883, 27
6884, 12
6885, 27
6886, 5
6887, 6
6888, 3
6889, 4
6890, 1
6891, 1
6892, 53
6893, 70
6894, 2
6895, 22
6896, 1
6897, 20
6898, 21
6899, 60
6900, 20
6901, 20
6902, 35
6903, 26
6904, 38
6905, 18
6906, 64
6907, 4
6908, 19
6909, 44
6910, 1
6911, 30
6912, 23
6913, 41
6914, 4
6915, 28
6916, 13
6917, 41
6918, 1
6919, 33
6920, 52
6921, 74
6922, 6
6923, 11
6924, 31
6925, 4
6926, 61
6927, 1
6928, 29
6929, 56
6930, 4
6931, 1
6932, 30
6933, 22
6934, 11
6935, 41
6936, 4
6937, 15
6938, 3
6939, 3
6940, 1
6941, 50
6942, 1
6943, 20
6944, 13
6945, 27
6946, 15
6947, 1
6948, 44
6949, 70
6950, 37
6951, 5
6952, 1
6953, 76
6954, 71
6955, 60
6956, 64
6957, 54
6958, 68
6959, 53
6960, 5
6961, 27
6962, 83
6963, 57
6964, 41
6965, 43
6966, 134
6967, 68
6968, 12
6969, 42
6970, 5
6971, 4
6972, 3
6973, 3
6974, 1
6975, 19
6976, 64
6977, 1
6978, 59
6979, 26
6980, 56
6981, 41
6982, 4
6983, 3
6984, 3
6985, 1
6986, 18
6987, 25
6988, 12
6989, 4
6990, 24
6991, 44
6992, 3
6993, 3
6994, 1
6995, 34
6996, 1
6997, 36
6998, 21
6999, 1
7000, 1
7001, 1
7002, 1
7003, 4
7004, 17
7005, 38
7006, 70
7007, 23
7008, 45
7009, 14
7010, 35
7011, 48
7012, 26
7013, 34
7014, 76
7015, 1
7016, 76
7017, 72
7018, 52
7019, 15
7020, 24
7021, 1
7022, 41
7023, 42
7024, 31
7025, 1
7026, 57
7027, 25
7028, 1
7029, 61
7030, 26
7031, 1
7032, 9
7033, 74
7034, 95
7035, 28
7036, 1
7037, 25
7038, 28
7039, 53
7040, 1
7041, 61
7042, 91
7043, 92
7044, 5
7045, 1
7046, 30
7047, 18
7048, 50
7049, 23
7050, 71
7051, 29
7052, 47
7053, 18
7054, 5
7055, 1
7056, 17
7057, 6
7058, 4
7059, 1
7060, 59
7061, 25
7062, 25
7063, 21
7064, 5
7065, 34
7066, 2
7067, 1
7068, 54
7069, 39
7070, 12
7071, 28
7072, 9
7073, 1
7074, 69
7075, 75
7076, 38
7077, 43
7078, 26
7079, 65
7080, 3
7081, 1
7082, 23
7083, 38
7084, 3
7085, 1
7086, 15
7087, 2
7088, 1
7089, 49
7090, 12
7091, 69
7092, 13
7093, 30
7094, 37
7095, 72
7096, 1
7097, 36
7098, 17
7099, 4
7100, 3
7101, 2
7102, 1
7103, 49
7104, 30
7105, 72
7106, 15
7107, 13
7108, 22
7109, 46
7110, 45
7111, 1
7112, 33
7113, 22
7114, 44
7115, 34
7116, 23
7117, 31
7118, 35
7119, 29
7120, 16
7121, 6
7122, 6
7123, 4
7124, 20
7125, 1
7126, 27
7127, 69
7128, 28
7129, 28
7130, 22
7131, 48
7132, 25
7133, 6
7134, 7
7135, 6
7136, 3
7137, 1
7138, 31
7139, 75
7140, 39
7141, 58
7142, 54
7143, 41
7144, 72
7145, 1
7146, 59
7147, 73
7148, 43
7149, 1
7150, 57
7151, 38
7152, 84
7153, 1
7154, 79
7155, 1
7156, 49
7157, 57
7158, 92
7159, 36
7160, 12
7161, 20
7162, 5
7163, 4
7164, 3
7165, 1
7166, 24
7167, 29
7168, 39
7169, 28
7170, 41
7171, 42
7172, 42
7173, 7
7174, 4
7175, 3
7176, 1
7177, 19
7178, 25
7179, 25
7180, 34
7181, 25
7182, 42
7183, 51
7184, 1
7185, 136
7186, 76
7187, 20
7188, 13
7189, 15
7190, 6
7191, 5
7192, 78
7193, 1
7194, 73
7195, 11
7196, 24
7197, 4
7198, 3
7199, 1
7200, 40
7201, 20
7202, 33
7203, 30
7204, 5
7205, 11
7206, 50
7207, 4
7208, 1
7209, 71
7210, 18
7211, 30
7212, 4
7213, 18
7214, 26
7215, 11
7216, 26
7217, 27
7218, 7
7219, 4
7220, 25
7221, 13
7222, 41
7223, 26
7224, 46
7225, 5
7226, 6
7227, 25
7228, 69
7229, 1
7230, 34
7231, 36
7232, 20
7233, 30
7234, 66
7235, 6
7236, 5
7237, 4
7238, 1
7239, 80
7240, 95
7241, 27
7242, 3
7243, 2
7244, 1
7245, 46
7246, 40
7247, 1
7248, 53
7249, 26
7250, 36
7251, 34
7252, 26
7253, 35
7254, 24
7255, 40
7256, 4
7257, 1
7258, 26
7259, 26
7260, 26
7261, 4
7262, 1
7263, 35
7264, 38
7265, 34
7266, 25
7267, 1
7268, 68
7269, 75
7270, 28
7271, 33
7272, 38
7273, 38
7274, 6
7275, 5
7276, 11
7277, 35
7278, 4
7279, 3
7280, 2
7281, 1
7282, 50
7283, 13
7284, 11
7285, 13
7286, 39
7287, 52
7288, 49
7289, 21
7290, 6
7291, 22
7292, 20
7293, 18
7294, 5
7295, 45
7296, 87
7297, 73
7298, 48
7299, 24
7300, 15
7301, 38
7302, 1
7303, 40
7304, 46
7305, 5
7306, 1
7307, 66
7308, 1
7309, 34
7310, 22
7311, 12
7312, 49
7313, 18
7314, 5
7315, 5
7316, 33
7317, 15
7318, 43
7319, 64
7320, 35
7321, 29
7322, 38
7323, 31
7324, 15
7325, 40
7326, 63
7327, 71
7328, 36
7329, 18
7330, 6
7331, 31
7332, 19
7333, 66
7334, 36
7335, 53
7336, 21
7337, 18
7338, 6
7339, 20
7340, 41
7341, 41
7342, 6
7343, 1
7344, 45
7345, 25
7346, 21
7347, 59
7348, 13
7349, 58
7350, 6
7351, 17
7352, 5
7353, 6
7354, 27
7355, 1
7356, 52
7357, 1
7358, 38
7359, 88
7360, 18
7361, 18
7362, 4
7363, 3
7364, 1
7365, 46
7366, 1
7367, 52
7368, 48
7369, 3
7370, 1
7371, 18
7372, 25
7373, 15
7374, 20
7375, 31
7376, 5
7377, 4
7378, 1
7379, 34
7380, 54
7381, 56
7382, 31
7383, 36
7384, 2
7385, 1
7386, 47
7387, 40
7388, 38
7389, 21
7390, 20
7391, 11
7392, 29
7393, 4
7394, 1
7395, 12
7396, 14
7397, 26
7398, 1
7399, 39
7400, 26
7401, 46
7402, 41
7403, 4
7404, 4
7405, 1
7406, 44
7407, 19
7408, 44
7409, 11
7410, 41
7411, 4
7412, 3
7413, 4
7414, 1
7415, 47
7416, 79
7417, 35
7418, 40
7419, 19
7420, 75
7421, 4
7422, 1
7423, 86
7424, 99
7425, 1
7426, 54
7427, 50
7428, 20
7429, 3
7430, 1
7431, 13
7432, 25
7433, 1
7434, 29
7435, 40
7436, 25
7437, 4
7438, 1
7439, 21
7440, 38
7441, 4
7442, 4
7443, 1
7444, 13
7445, 3
7446, 1
7447, 19
7448, 51
7449, 1
7450, 57
7451, 60
7452, 1
7453, 37
7454, 62
7455, 4
7456, 54
7457, 44
7458, 53
7459, 30
7460, 70
7461, 69
7462, 1
7463, 59
7464, 53
7465, 24
7466, 6
7467, 6
7468, 37
7469, 1
7470, 43
7471, 30
7472, 44
7473, 4
7474, 47
7475, 38
7476, 26
7477, 22
7478, 20
7479, 5
7480, 1
7481, 36
7482, 25
7483, 22
7484, 21
7485, 4
7486, 40
7487, 35
7488, 4
7489, 1
7490, 32
7491, 23
7492, 49
7493, 28
7494, 33
7495, 1
7496, 18
7497, 49
7498, 33
7499, 6
7500, 12
7501, 28
7502, 72
7503, 34
7504, 7
7505, 6
7506, 5
7507, 1
7508, 45
7509, 95
7510, 43
7511, 22
7512, 32
7513, 6
7514, 5
7515, 1
7516, 65
7517, 78
7518, 36
7519, 32
7520, 34
7521, 5
7522, 6
7523, 4
7524, 28
7525, 26
7526, 24
7527, 4
7528, 32
7529, 14
7530, 33
7531, 36
7532, 41
7533, 28
7534, 39
7535, 1
7536, 44
7537, 23
7538, 1
7539, 28
7540, 35
7541, 1
7542, 32
7543, 35
7544, 5
7545, 1
7546, 54
7547, 45
7548, 77
7549, 40
7550, 32
7551, 6
7552, 5
7553, 1
7554, 63
7555, 48
7556, 53
7557, 41
7558, 6
7559, 5
7560, 1
7561, 30
7562, 23
7563, 6
7564, 3
7565, 4
7566, 1
7567, 64
7568, 32
7569, 59
7570, 55
7571, 36
7572, 65
7573, 4
7574, 4
7575, 1
7576, 44
7577, 14
7578, 27
7579, 25
7580, 31
7581, 30
7582, 31
7583, 35
7584, 29
7585, 59
7586, 57
7587, 4
7588, 4
7589, 1
7590, 20
7591, 30
7592, 12
7593, 26
7594, 9
7595, 1
7596, 23
7597, 1
7598, 36
7599, 23
7600, 51
7601, 45
7602, 28
7603, 4
7604, 3
7605, 1
7606, 25
7607, 20
7608, 3
7609, 20
7610, 3
7611, 1
7612, 38
7613, 30
7614, 18
7615, 21
7616, 10
7617, 23
7618, 3
7619, 3
7620, 1
7621, 25
7622, 1
7623, 31
7624, 19
7625, 63
7626, 3
7627, 3
7628, 1
7629, 30
7630, 27
7631, 17
7632, 3
7633, 1
7634, 21
7635, 12
7636, 12
7637, 18
7638, 15
7639, 3
7640, 1
7641, 1
7642, 62
7643, 59
7644, 43
7645, 61
7646, 22
7647, 1
7648, 52
7649, 42
7650, 28
7651, 28
7652, 5
7653, 5
7654, 3
7655, 1
7656, 1
7657, 14
7658, 28
7659, 33
7660, 1
7661, 10
7662, 40
7663, 39
7664, 87
7665, 41
7666, 1
7667, 26
7668, 44
7669, 63
7670, 49
7671, 1
7672, 30
7673, 1
7674, 109
7675, 50
7676, 1
7677, 48
7678, 31
7679, 56
7680, 1
7681, 43
7682, 34
7683, 59
7684, 1
7685, 74
7686, 34
7687, 1
7688, 81
7689, 79
7690, 37
7691, 1
7692, 48
7693, 61
7694, 1
7695, 81
7696, 36
7697, 25
7698, 38
7699, 1
7700, 22
7701, 48
7702, 44
7703, 36
7704, 55
7705, 1
7706, 65
7707, 20
7708, 40
7709, 43
7710, 6
7711, 1
7712, 1
7713, 21
7714, 1
7715, 19
7716, 26
7717, 30
7718, 19
7719, 1
7720, 29
7721, 17
7722, 92
7723, 1
7724, 89
7725, 17
7726, 6
7727, 1
7728, 22
7729, 1
7730, 37
7731, 40
7732, 32
7733, 57
7734, 29
7735, 5
7736, 1
7737, 11
7738, 4
7739, 1
7740, 43
7741, 1
7742, 35
7743, 12
7744, 1
7745, 32
7746, 12
7747, 5
7748, 1
7749, 23
7750, 55
7751, 12
7752, 17
7753, 5
7754, 1
7755, 60
7756, 24
7757, 14
7758, 43
7759, 15
7760, 41
7761, 47
7762, 45
7763, 8
7764, 5
7765, 1
7766, 91
7767, 1
7768, 60
7769, 89
7770, 22
7771, 5
7772, 6
7773, 3
7774, 4
7775, 1
7776, 16
7777, 13
7778, 12
7779, 27
7780, 49
7781, 25
7782, 11
7783, 26
7784, 55
7785, 41
7786, 5
7787, 5
7788, 12
7789, 27
7790, 23
7791, 29
7792, 33
7793, 52
7794, 31
7795, 45
7796, 21
7797, 12
7798, 23
7799, 1
7800, 45
7801, 29
7802, 28
7803, 1
7804, 63
7805, 48
7806, 75
7807, 96
7808, 96
7809, 1
7810, 47
7811, 38
7812, 1
7813, 48
7814, 19
7815, 21
7816, 8
7817, 1
7818, 39
7819, 28
7820, 7
7821, 6
7822, 1
7823, 19
7824, 6
7825, 1
7826, 34
7827, 27
7828, 29
7829, 41
7830, 25
7831, 1
7832, 20
7833, 28
7834, 1
7835, 82
7836, 1
7837, 22
7838, 67
7839, 71
7840, 38
7841, 12
7842, 43
7843, 1
7844, 22
7845, 1
7846, 39
7847, 28
7848, 8
7849, 1
7850, 14
7851, 31
7852, 7
7853, 6
7854, 1
7855, 76
7856, 24
7857, 30
7858, 6
7859, 1
7860, 20
7861, 5
7862, 4
7863, 3
7864, 4
7865, 1
7866, 39
7867, 50
7868, 29
7869, 33
7870, 36
7871, 80
7872, 5
7873, 4
7874, 4
7875, 27
7876, 51
7877, 22
7878, 64
7879, 67
7880, 5
7881, 3
7882, 4
7883, 1
7884, 1
7885, 1
7886, 1
7887, 24
7888, 38
7889, 42
7890, 44
7891, 30
7892, 1
7893, 19
7894, 33
7895, 73
7896, 4
7897, 1
7898, 32
7899, 32
7900, 36
7901, 6
7902, 3
7903, 4
7904, 1
7905, 16
7906, 39
7907, 18
7908, 26
7909, 1
7910, 67
7911, 62
7912, 11
7913, 4
7914, 1
7915, 56
7916, 53
7917, 44
7918, 4
7919, 1
7920, 34
7921, 43
7922, 51
7923, 30
7924, 39
7925, 67
7926, 4
7927, 1
7928, 31
7929, 1
7930, 27
7931, 37
7932, 1
7933, 99
7934, 16
7935, 1
7936, 12
7937, 43
7938, 18
7939, 5
7940, 1
7941, 86
7942, 15
7943, 1
7944, 11
7945, 41
7946, 1
7947, 69
7948, 24
7949, 16
7950, 9
7951, 4
7952, 4
7953, 1
7954, 39
7955, 22
7956, 10
7957, 50
7958, 1
7959, 44
7960, 39
7961, 47
7962, 1
7963, 57
7964, 49
7965, 44
7966, 74
7967, 32
7968, 22
7969, 67
7970, 14
7971, 54
7972, 33
7973, 7
7974, 1
7975, 80
7976, 13
7977, 36
7978, 6
7979, 1
7980, 63
7981, 5
7982, 4
7983, 4
7984, 1
7985, 14
7986, 10
7987, 34
7988, 88
7989, 85
7990, 79
7991, 27
7992, 41
7993, 18
7994, 24
7995, 7
7996, 19
7997, 6
7998, 5
7999, 4
8000, 3
8001, 4
8002, 1
8003, 31
8004, 13
8005, 38
8006, 27
8007, 50
8008, 36
8009, 78
8010, 37
8011, 82
8012, 1
8013, 54
8014, 11
8015, 72
8016, 4
8017, 1
8018, 15
8019, 3
8020, 3
8021, 1
8022, 31
8023, 82
8024, 1
8025, 54
8026, 1
8027, 84
8028, 34
8029, 20
8030, 19
8031, 84
8032, 33
8033, 30
8034, 48
8035, 26
8036, 11
8037, 33
8038, 5
8039, 15
8040, 6
8041, 34
8042, 19
8043, 59
8044, 26
8045, 11
8046, 5
8047, 5
8048, 4
8049, 1
8050, 26
8051, 42
8052, 28
8053, 39
8054, 45
8055, 57
8056, 31
8057, 12
8058, 71
8059, 58
8060, 5
8061, 4
8062, 4
8063, 2
8064, 1
8065, 78
8066, 26
8067, 1
8068, 40
8069, 40
8070, 14
8071, 39
8072, 54
8073, 44
8074, 17
8075, 27
8076, 56
8077, 7
8078, 5
8079, 1
8080, 28
8081, 1
8082, 80
8083, 68
8084, 18
8085, 5
8086, 4
8087, 4
8088, 1
8089, 78
8090, 55
8091, 34
8092, 12
8093, 19
8094, 71
8095, 17
8096, 11
8097, 5
8098, 5
8099, 1
8100, 60
8101, 28
8102, 32
8103, 44
8104, 33
8105, 22
8106, 5
8107, 5
8108, 20
8109, 4
8110, 1
8111, 53
8112, 64
8113, 38
8114, 39
8115, 61
8116, 4
8117, 4
8118, 1
8119, 75
8120, 25
8121, 58
8122, 31
8123, 34
8124, 26
8125, 40
8126, 19
8127, 6
8128, 5
8129, 5
8130, 5
8131, 2
8132, 1
8133, 24
8134, 28
8135, 26
8136, 51
8137, 79
8138, 84
8139, 43
8140, 5
8141, 33
8142, 47
8143, 4
8144, 4
8145, 2
8146, 1
8147, 1
8148, 1
8149, 1
8150, 63
8151, 31
8152, 1
8153, 19
8154, 33
8155, 73
8156, 4
8157, 1
8158, 32
8159, 41
8160, 32
8161, 85
8162, 9
8163, 30
8164, 25
8165, 19
8166, 6
8167, 3
8168, 4
8169, 1
8170, 16
8171, 12
8172, 20
8173, 23
8174, 4
8175, 1
8176, 39
8177, 26
8178, 26
8179, 1
8180, 67
8181, 62
8182, 11
8183, 4
8184, 1
8185, 52
8186, 1
8187, 18
8188, 32
8189, 42
8190, 37
8191, 4
8192, 1
8193, 31
8194, 92
8195, 10
8196, 30
8197, 1
8198, 11
8199, 80
8200, 10
8201, 18
8202, 4
8203, 4
8204, 1
8205, 14
8206, 14
8207, 27
8208, 96
8209, 109
8210, 46
8211, 57
8212, 1
8213, 22
8214, 32
8215, 89
8216, 10
8217, 10
8218, 5
8219, 4
8220, 3
8221, 4
8222, 1
8223, 48
8224, 68
8225, 33
8226, 73
8227, 54
8228, 31
8229, 27
8230, 41
8231, 5
8232, 5
8233, 5
8234, 2
8235, 1
8236, 25
8237, 58
8238, 58
8239, 30
8240, 31
8241, 26
8242, 33
8243, 1
8244, 19
8245, 26
8246, 1
8247, 62
8248, 31
8249, 38
8250, 6
8251, 5
8252, 16
8253, 4
8254, 4
8255, 2
8256, 1
8257, 14
8258, 13
8259, 13
8260, 14
8261, 16
8262, 16
8263, 12
8264, 12
8265, 11
8266, 16
8267, 19
8268, 16
8269, 46
8270, 4
8271, 1
8272, 31
8273, 26
8274, 38
8275, 2
8276, 1
8277, 1
8278, 1
8279, 1
8280, 28
8281, 1
8282, 19
8283, 31
8284, 48
8285, 10
8286, 22
8287, 49
8288, 1
8289, 38
8290, 36
8291, 70
8292, 7
8293, 4
8294, 1
8295, 19
8296, 75
8297, 55
8298, 1
8299, 28
8300, 22
8301, 52
8302, 61
8303, 9
8304, 7
8305, 1
8306, 17
8307, 12
8308, 40
8309, 52
8310, 27
8311, 8
8312, 7
8313, 1
8314, 62
8315, 38
8316, 44
8317, 35
8318, 7
8319, 6
8320, 5
8321, 4
8322, 1
8323, 15
8324, 4
8325, 1
8326, 34
8327, 48
8328, 10
8329, 22
8330, 75
8331, 1
8332, 38
8333, 36
8334, 73
8335, 7
8336, 4
8337, 19
8338, 55
8339, 1
8340, 28
8341, 22
8342, 73
8343, 52
8344, 61
8345, 8
8346, 7
8347, 1
8348, 17
8349, 12
8350, 40
8351, 32
8352, 56
8353, 52
8354, 8
8355, 7
8356, 1
8357, 62
8358, 51
8359, 44
8360, 35
8361, 7
8362, 6
8363, 5
8364, 4
8365, 1
8366, 15
8367, 4
8368, 1
8369, 44
8370, 27
8371, 1
8372, 62
8373, 73
8374, 4
8375, 1
8376, 38
8377, 36
8378, 91
8379, 7
8380, 4
8381, 1
8382, 32
8383, 30
8384, 37
8385, 19
8386, 12
8387, 28
8388, 50
8389, 1
8390, 48
8391, 57
8392, 41
8393, 37
8394, 14
8395, 34
8396, 7
8397, 6
8398, 1
8399, 30
8400, 63
8401, 28
8402, 31
8403, 60
8404, 6
8405, 1
8406, 67
8407, 79
8408, 73
8409, 63
8410, 107
8411, 5
8412, 6
8413, 4
8414, 1
8415, 34
8416, 40
8417, 10
8418, 20
8419, 25
8420, 117
8421, 17
8422, 5
8423, 4
8424, 1
8425, 16
8426, 3
8427, 4
8428, 1
8429, 1
8430, 1
8431, 1
8432, 47
8433, 1
8434, 1
8435, 88
8436, 75
8437, 100
8438, 1
8439, 25
8440, 44
8441, 32
8442, 37
8443, 25
8444, 4
8445, 4
8446, 1
8447, 19
8448, 36
8449, 66
8450, 4
8451, 1
8452, 37
8453, 43
8454, 4
8455, 33
8456, 38
8457, 4
8458, 1
8459, 51
8460, 47
8461, 4
8462, 47
8463, 49
8464, 104
8465, 3
8466, 4
8467, 1
8468, 1
8469, 26
8470, 1
8471, 21
8472, 1
8473, 1
8474, 1
8475, 151
8476, 1
8477, 38
8478, 56
8479, 43
8480, 26
8481, 50
8482, 41
8483, 3
8484, 1
8485, 22
8486, 16
8487, 34
8488, 1
8489, 90
8490, 32
8491, 96
8492, 1
8493, 51
8494, 36
8495, 14
8496, 4
8497, 1
8498, 69
8499, 23
8500, 17
8501, 4
8502, 1
8503, 45
8504, 35
8505, 1
8506, 25
8507, 71
8508, 72
8509, 73
8510, 27
8511, 1
8512, 23
8513, 13
8514, 8
8515, 38
8516, 43
8517, 3
8518, 1
8519, 1
8520, 29
8521, 37
8522, 15
8523, 44
8524, 15
8525, 3
8526, 7
8527, 40
8528, 26
8529, 50
8530, 17
8531, 50
8532, 24
8533, 24
8534, 4
8535, 16
8536, 19
8537, 3
8538, 91
8539, 42
8540, 3
8541, 13
8542, 3
8543, 1
8544, 1
8545, 4
8546, 22
8547, 15
8548, 15
8549, 1
8550, 17
8551, 24
8552, 81
8553, 50
8554, 79
8555, 32
8556, 22
8557, 69
8558, 1
8559, 15
8560, 88
8561, 25
8562, 39
8563, 81
8564, 27
8565, 43
8566, 92
8567, 5
8568, 18
8569, 1
8570, 24
8571, 27
8572, 43
8573, 81
8574, 5
8575, 18
8576, 1
8577, 89
8578, 30
8579, 1
8580, 51
8581, 64
8582, 6
8583, 31
8584, 15
8585, 43
8586, 52
8587, 47
8588, 25
8589, 35
8590, 2
8591, 1
8592, 31
8593, 62
8594, 1
8595, 72
8596, 52
8597, 1
8598, 55
8599, 47
8600, 1
8601, 50
8602, 30
8603, 29
8604, 4
8605, 1
8606, 16
8607, 10
8608, 74
8609, 1
8610, 37
8611, 50
8612, 43
8613, 28
8614, 42
8615, 44
8616, 76
8617, 1
8618, 24
8619, 13
8620, 73
8621, 6
8622, 5
8623, 4
8624, 4
8625, 2
8626, 1
8627, 58
8628, 87
8629, 1
8630, 21
8631, 51
8632, 1
8633, 32
8634, 16
8635, 32
8636, 80
8637, 84
8638, 110
8639, 54
8640, 36
8641, 18
8642, 36
8643, 48
8644, 5
8645, 6
8646, 19
8647, 3
8648, 1
8649, 82
8650, 2
8651, 1
8652, 37
8653, 55
8654, 15
8655, 37
8656, 16
8657, 55
8658, 1
8659, 22
8660, 36
8661, 82
8662, 4
8663, 3
8664, 15
8665, 39
8666, 3
8667, 1
8668, 16
8669, 2
8670, 1
8671, 41
8672, 84
8673, 40
8674, 4
8675, 54
8676, 45
8677, 25
8678, 27
8679, 1
8680, 61
8681, 36
8682, 21
8683, 28
8684, 63
8685, 4
8686, 3
8687, 1
8688, 53
8689, 13
8690, 29
8691, 60
8692, 31
8693, 11
8694, 5
8695, 4
8696, 3
8697, 1
8698, 65
8699, 38
8700, 34
8701, 10
8702, 31
8703, 30
8704, 73
8705, 26
8706, 11
8707, 5
8708, 27
8709, 26
8710, 5
8711, 4
8712, 27
8713, 50
8714, 3
8715, 1
8716, 27
8717, 46
8718, 42
8719, 24
8720, 44
8721, 39
8722, 4
8723, 37
8724, 3
8725, 2
8726, 1
8727, 65
8728, 58
8729, 4
8730, 56
8731, 38
8732, 19
8733, 79
8734, 35
8735, 1
8736, 47
8737, 25
8738, 33
8739, 60
8740, 4
8741, 3
8742, 1
8743, 30
8744, 1
8745, 40
8746, 21
8747, 1
8748, 39
8749, 52
8750, 4
8751, 1
8752, 38
8753, 46
8754, 52
8755, 4
8756, 1
8757, 18
8758, 31
8759, 1
8760, 19
8761, 1
8762, 62
8763, 28
8764, 1
8765, 20
8766, 1
8767, 77
8768, 52
8769, 1
8770, 31
8771, 79
8772, 1
8773, 34
8774, 19
8775, 35
8776, 1
8777, 34
8778, 32
8779, 36
8780, 1
8781, 53
8782, 53
8783, 39
8784, 21
8785, 43
8786, 31
8787, 37
8788, 1
8789, 55
8790, 53
8791, 29
8792, 40
8793, 10
8794, 15
8795, 9
8796, 8
8797, 7
8798, 6
8799, 1
8800, 47
8801, 27
8802, 1
8803, 67
8804, 36
8805, 35
8806, 14
8807, 12
8808, 36
8809, 22
8810, 107
8811, 8
8812, 7
8813, 6
8814, 5
8815, 4
8816, 3
8817, 1
8818, 46
8819, 2
8820, 1
8821, 16
8822, 1
8823, 53
8824, 12
8825, 1
8826, 48
8827, 19
8828, 11
8829, 1
8830, 17
8831, 21
8832, 15
8833, 53
8834, 16
8835, 21
8836, 15
8837, 67
8838, 5
8839, 14
8840, 14
8841, 18
8842, 18
8843, 18
8844, 15
8845, 17
8846, 22
8847, 15
8848, 5
8849, 1
8850, 13
8851, 18
8852, 23
8853, 22
8854, 37
8855, 45
8856, 5
8857, 1
8858, 14
8859, 15
8860, 17
8861, 16
8862, 5
8863, 1
8864, 20
8865, 23
8866, 25
8867, 24
8868, 5
8869, 1
8870, 21
8871, 86
8872, 16
8873, 1
8874, 31
8875, 21
8876, 1
8877, 46
8878, 22
8879, 1
8880, 41
8881, 34
8882, 1
8883, 24
8884, 31
8885, 5
8886, 1
8887, 50
8888, 49
8889, 47
8890, 36
8891, 17
8892, 14
8893, 17
8894, 4
8895, 4
8896, 1
8897, 55
8898, 48
8899, 52
8900, 43
8901, 20
8902, 1
8903, 33
8904, 71
8905, 1
8906, 29
8907, 46
8908, 4
8909, 1
8910, 59
8911, 59
8912, 1
8913, 16
8914, 34
8915, 1
8916, 53
8917, 35
8918, 18
8919, 20
8920, 4
8921, 1
8922, 35
8923, 27
8924, 1
8925, 37
8926, 10
8927, 20
8928, 6
8929, 35
8930, 13
8931, 33
8932, 26
8933, 21
8934, 17
8935, 1
8936, 52
8937, 16
8938, 1
8939, 14
8940, 23
8941, 20
8942, 38
8943, 40
8944, 24
8945, 37
8946, 92
8947, 94
8948, 32
8949, 18
8950, 16
8951, 33
8952, 55
8953, 33
8954, 36
8955, 42
8956, 24
8957, 29
8958, 22
8959, 14
8960, 28
8961, 26
8962, 15
8963, 13
8964, 19
8965, 1
8966, 42
8967, 41
8968, 16
8969, 26
8970, 32
8971, 29
8972, 68
8973, 64
8974, 9
8975, 8
8976, 52
8977, 7
8978, 42
8979, 7
8980, 1
8981, 18
8982, 40
8983, 56
8984, 7
8985, 1
8986, 25
8987, 48
8988, 37
8989, 21
8990, 82
8991, 38
8992, 7
8993, 18
8994, 7
8995, 1
8996, 46
8997, 41
8998, 21
8999, 25
9000, 7
9001, 18
9002, 7
9003, 1
9004, 34
9005, 34
9006, 15
9007, 18
9008, 25
9009, 29
9010, 70
9011, 66
9012, 9
9013, 15
9014, 44
9015, 44
9016, 8
9017, 7
9018, 18
9019, 7
9020, 1
9021, 26
9022, 36
9023, 45
9024, 24
9025, 36
9026, 7
9027, 27
9028, 18
9029, 6
9030, 6
9031, 1
9032, 22
9033, 61
9034, 30
9035, 28
9036, 1
9037, 57
9038, 77
9039, 86
9040, 48
9041, 121
9042, 1
9043, 54
9044, 65
9045, 1
9046, 28
9047, 93
9048, 1
9049, 83
9050, 33
9051, 45
9052, 32
9053, 78
9054, 69
9055, 82
9056, 6
9057, 4
9058, 1
9059, 42
9060, 65
9061, 51
9062, 4
9063, 1
9064, 22
9065, 66
9066, 1
9067, 59
9068, 23
9069, 17
9070, 4
9071, 1
9072, 53
9073, 26
9074, 1
9075, 37
9076, 48
9077, 38
9078, 4
9079, 1
9080, 24
9081, 33
9082, 1
9083, 38
9084, 45
9085, 1
9086, 66
9087, 42
9088, 20
9089, 1
9090, 56
9091, 25
9092, 1
9093, 47
9094, 19
9095, 78
9096, 69
9097, 19
9098, 5
9099, 1
9100, 38
9101, 30
9102, 35
9103, 1
9104, 59
9105, 49
9106, 1
9107, 37
9108, 74
9109, 5
9110, 4
9111, 1
9112, 83
9113, 24
9114, 44
9115, 84
9116, 5
9117, 36
9118, 72
9119, 5
9120, 4
9121, 1
9122, 51
9123, 84
9124, 60
9125, 4
9126, 1
9127, 70
9128, 26
9129, 13
9130, 53
9131, 101
9132, 21
9133, 5
9134, 1
9135, 30
9136, 27
9137, 48
9138, 4
9139, 1
9140, 52
9141, 103
9142, 43
9143, 25
9144, 4
9145, 1
9146, 42
9147, 22
9148, 1
9149, 36
9150, 55
9151, 25
9152, 4
9153, 1
9154, 19
9155, 78
9156, 1
9157, 36
9158, 22
9159, 31
9160, 11
9161, 25
9162, 1
9163, 24
9164, 24
9165, 60
9166, 5
9167, 14
9168, 37
9169, 43
9170, 29
9171, 20
9172, 5
9173, 1
9174, 9
9175, 15
9176, 44
9177, 19
9178, 48
9179, 23
9180, 20
9181, 32
9182, 13
9183, 14
9184, 6
9185, 5
9186, 4
9187, 1
9188, 42
9189, 66
9190, 54
9191, 35
9192, 1
9193, 18
9194, 24
9195, 12
9196, 5
9197, 1
9198, 26
9199, 14
9200, 1
9201, 33
9202, 25
9203, 34
9204, 5
9205, 1
9206, 57
9207, 57
9208, 26
9209, 1
9210, 29
9211, 42
9212, 1
9213, 21
9214, 42
9215, 1
9216, 30
9217, 64
9218, 1
9219, 24
9220, 22
9221, 59
9222, 5
9223, 1
9224, 74
9225, 60
9226, 1
9227, 42
9228, 22
9229, 1
9230, 85
9231, 26
9232, 58
9233, 23
9234, 50
9235, 7
9236, 49
9237, 23
9238, 42
9239, 7
9240, 6
9241, 1
9242, 21
9243, 49
9244, 31
9245, 1
9246, 23
9247, 35
9248, 33
9249, 1
9250, 41
9251, 13
9252, 34
9253, 30
9254, 29
9255, 25
9256, 6
9257, 12
9258, 40
9259, 59
9260, 24
9261, 35
9262, 27
9263, 25
9264, 18
9265, 7
9266, 6
9267, 5
9268, 1
9269, 39
9270, 26
9271, 63
9272, 1
9273, 20
9274, 22
9275, 77
9276, 12
9277, 74
9278, 5
9279, 1
9280, 33
9281, 35
9282, 27
9283, 1
9284, 24
9285, 73
9286, 50
9287, 5
9288, 1
9289, 15
9290, 72
9291, 1
9292, 24
9293, 64
9294, 38
9295, 34
9296, 39
9297, 6
9298, 5
9299, 4
9300, 1
9301, 16
9302, 4
9303, 1
9304, 44
9305, 52
9306, 4
9307, 1
9308, 40
9309, 59
9310, 3
9311, 4
9312, 1
9313, 56
9314, 60
9315, 50
9316, 37
9317, 28
9318, 20
9319, 21
9320, 4
9321, 1
9322, 23
9323, 13
9324, 17
9325, 19
9326, 15
9327, 21
9328, 6
9329, 4
9330, 4
9331, 1
9332, 63
9333, 120
9334, 38
9335, 30
9336, 4
9337, 4
9338, 1
9339, 1
9340, 36
9341, 22
9342, 12
9343, 15
9344, 22
9345, 16
9346, 17
9347, 17
9348, 5
9349, 3
9350, 1
9351, 1
9352, 19
9353, 29
9354, 37
9355, 34
9356, 48
9357, 7
9358, 4
9359, 1
9360, 19
9361, 45
9362, 71
9363, 1
9364, 31
9365, 34
9366, 5
9367, 1
9368, 25
9369, 21
9370, 1
9371, 66
9372, 29
9373, 6
9374, 1
9375, 17
9376, 22
9377, 4
9378, 1
9379, 15
9380, 4
9381, 1
9382, 31
9383, 37
9384, 34
9385, 50
9386, 7
9387, 4
9388, 1
9389, 32
9390, 30
9391, 32
9392, 1
9393, 28
9394, 30
9395, 1
9396, 12
9397, 25
9398, 5
9399, 6
9400, 4
9401, 1
9402, 26
9403, 46
9404, 1
9405, 33
9406, 69
9407, 6
9408, 4
9409, 1
9410, 22
9411, 41
9412, 45
9413, 51
9414, 5
9415, 12
9416, 3
9417, 4
9418, 1
9419, 1
9420, 48
9421, 28
9422, 81
9423, 59
9424, 39
9425, 86
9426, 3
9427, 1
9428, 49
9429, 45
9430, 3
9431, 1
9432, 1
9433, 1
9434, 1
9435, 18
9436, 21
9437, 19
9438, 60
9439, 54
9440, 1
9441, 56
9442, 11
9443, 1
9444, 32
9445, 27
9446, 39
9447, 51
9448, 42
9449, 22
9450, 1
9451, 12
9452, 71
9453, 97
9454, 5
9455, 6
9456, 1
9457, 65
9458, 28
9459, 24
9460, 76
9461, 4
9462, 1
9463, 10
9464, 28
9465, 22
9466, 3
9467, 2
9468, 1
9469, 51
9470, 34
9471, 44
9472, 13
9473, 10
9474, 33
9475, 61
9476, 82
9477, 82
9478, 5
9479, 1
9480, 58
9481, 36
9482, 72
9483, 3
9484, 1
9485, 76
9486, 76
9487, 33
9488, 31
9489, 33
9490, 6
9491, 1
9492, 10
9493, 66
9494, 51
9495, 24
9496, 57
9497, 4
9498, 3
9499, 1
9500, 39
9501, 43
9502, 3
9503, 1
9504, 19
9505, 25
9506, 48
9507, 4
9508, 30
9509, 31
9510, 69
9511, 51
9512, 58
9513, 5
9514, 23
9515, 25
9516, 60
9517, 60
9518, 75
9519, 54
9520, 5
9521, 29
9522, 35
9523, 1
9524, 24
9525, 11
9526, 28
9527, 40
9528, 71
9529, 10
9530, 63
9531, 12
9532, 3
9533, 4
9534, 1
9535, 1
9536, 29
9537, 71
9538, 63
9539, 18
9540, 14
9541, 1
9542, 69
9543, 26
9544, 1
9545, 21
9546, 62
9547, 76
9548, 69
9549, 59
9550, 59
9551, 64
9552, 1
9553, 45
9554, 5
9555, 67
9556, 20
9557, 1
9558, 15
9559, 20
9560, 43
9561, 1
9562, 18
9563, 60
9564, 30
9565, 45
9566, 36
9567, 43
9568, 4
9569, 5
9570, 2
9571, 1
9572, 32
9573, 72
9574, 46
9575, 1
9576, 54
9577, 22
9578, 1
9579, 44
9580, 67
9581, 48
9582, 1
9583, 17
9584, 1
9585, 12
9586, 42
9587, 12
9588, 27
9589, 20
9590, 1
9591, 24
9592, 95
9593, 1
9594, 40
9595, 32
9596, 39
9597, 42
9598, 8
9599, 7
9600, 1
9601, 37
9602, 55
9603, 48
9604, 7
9605, 1
9606, 32
9607, 76
9608, 68
9609, 78
9610, 75
9611, 67
9612, 54
9613, 7
9614, 1
9615, 20
9616, 28
9617, 23
9618, 76
9619, 41
9620, 9
9621, 75
9622, 43
9623, 42
9624, 53
9625, 8
9626, 7
9627, 1
9628, 28
9629, 54
9630, 54
9631, 65
9632, 1
9633, 17
9634, 41
9635, 41
9636, 1
9637, 53
9638, 63
9639, 19
9640, 34
9641, 29
9642, 45
9643, 1
9644, 35
9645, 24
9646, 38
9647, 22
9648, 10
9649, 16
9650, 24
9651, 29
9652, 1
9653, 26
9654, 66
9655, 20
9656, 54
9657, 44
9658, 10
9659, 1
9660, 54
9661, 55
9662, 14
9663, 38
9664, 23
9665, 64
9666, 26
9667, 10
9668, 1
9669, 52
9670, 1
9671, 70
9672, 72
9673, 49
9674, 68
9675, 46
9676, 68
9677, 40
9678, 23
9679, 10
9680, 9
9681, 8
9682, 1
9683, 33
9684, 25
9685, 79
9686, 8
9687, 8
9688, 1
9689, 29
9690, 52
9691, 18
9692, 42
9693, 51
9694, 57
9695, 30
9696, 14
9697, 49
9698, 62
9699, 7
9700, 7
9701, 1
9702, 24
9703, 23
9704, 35
9705, 7
9706, 6
9707, 6
9708, 4
9709, 5
9710, 2
9711, 1
9712, 28
9713, 31
9714, 7
9715, 38
9716, 17
9717, 2
9718, 1
9719, 29
9720, 7
9721, 58
9722, 17
9723, 2
9724, 1
9725, 1
9726, 1
9727, 1
9728, 27
9729, 19
9730, 12
9731, 102
9732, 4
9733, 13
9734, 32
9735, 4
9736, 15
9737, 36
9738, 30
9739, 16
9740, 4
9741, 3
9742, 4
9743, 1
9744, 42
9745, 48
9746, 32
9747, 19
9748, 3
9749, 24
9750, 18
9751, 20
9752, 3
9753, 4
9754, 1
9755, 34
9756, 46
9757, 1
9758, 57
9759, 24
9760, 1
9761, 14
9762, 74
9763, 1
9764, 11
9765, 1
9766, 35
9767, 1
9768, 47
9769, 1
9770, 25
9771, 1
9772, 29
9773, 39
9774, 6
9775, 1
9776, 24
9777, 1
9778, 40
9779, 73
9780, 1
9781, 91
9782, 1
9783, 34
9784, 56
9785, 1
9786, 27
9787, 33
9788, 48
9789, 8
9790, 1
9791, 32
9792, 21
9793, 1
9794, 31
9795, 24
9796, 35
9797, 8
9798, 7
9799, 7
9800, 1
9801, 78
9802, 71
9803, 50
9804, 6
9805, 1
9806, 23
9807, 20
9808, 39
9809, 6
9810, 5
9811, 5
9812, 3
9813, 4
9814, 1
9815, 1
9816, 1
9817, 1
9818, 23
9819, 31
9820, 1
9821, 26
9822, 19
9823, 20
9824, 29
9825, 79
9826, 27
9827, 19
9828, 3
9829, 4
9830, 1
9831, 70
9832, 77
9833, 1
9834, 51
9835, 59
9836, 11
9837, 138
9838, 5
9839, 1
9840, 79
9841, 51
9842, 1
9843, 73
9844, 74
9845, 23
9846, 20
9847, 1
9848, 43
9849, 20
9850, 73
9851, 36
9852, 81
9853, 4
9854, 1
9855, 64
9856, 45
9857, 31
9858, 54
9859, 5
9860, 34
9861, 5
9862, 1
9863, 25
9864, 29
9865, 1
9866, 22
9867, 40
9868, 40
9869, 34
9870, 5
9871, 1
9872, 48
9873, 28
9874, 32
9875, 41
9876, 1
9877, 24
9878, 30
9879, 71
9880, 54
9881, 1
9882, 45
9883, 39
9884, 5
9885, 1
9886, 55
9887, 66
9888, 43
9889, 5
9890, 1
9891, 48
9892, 6
9893, 1
9894, 24
9895, 19
9896, 3
9897, 4
9898, 1
9899, 1
9900, 1
9901, 1
9902, 24
9903, 104
9904, 83
9905, 60
9906, 44
9907, 15
9908, 3
9909, 39
9910, 25
9911, 19
9912, 3
9913, 32
9914, 1
9915, 39
9916, 32
9917, 1
9918, 15
9919, 17
9920, 49
9921, 3
9922, 1
9923, 62
9924, 1
9925, 36
9926, 30
9927, 3
9928, 1
9929, 47
9930, 3
9931, 1
9932, 1
9933, 38
9934, 28
9935, 1
9936, 4
9937, 26
9938, 4
9939, 53
9940, 43
9941, 41
9942, 3
9943, 1
9944, 31
9945, 15
9946, 26
9947, 1
9948, 19
9949, 58
9950, 29
9951, 3
9952, 1
9953, 23
9954, 38
9955, 1
9956, 38
9957, 21
9958, 22
9959, 1
9960, 36
9961, 54
9962, 17
9963, 3
9964, 1
9965, 52
9966, 26
9967, 16
9968, 13
9969, 1
9970, 70
9971, 15
9972, 21
9973, 16
9974, 37
9975, 1
9976, 49
9977, 25
9978, 1
9979, 25
9980, 1
9981, 77
9982, 62
9983, 82
9984, 1
9985, 37
9986, 20
9987, 1
9988, 55
9989, 77
9990, 6
9991, 3
9992, 1
9993, 14
9994, 3
9995, 1
9996, 1
9997, 1
9998, 1
9999, 50
10000, 52
10001, 27
10002, 12
10003, 3
10004, 1
10005, 1
10006, 1
10007, 1
10008, 1
10009, 47
10010, 1
10011, 4
10012, 33
10013, 4
10014, 29
10015, 34
10016, 9
10017, 24
10018, 43
10019, 10
10020, 2
10021, 1
10022, 18
10023, 43
10024, 89
10025, 46
10026, 29
10027, 15
10028, 1
10029, 70
10030, 33
10031, 37
10032, 4
10033, 1
10034, 32
10035, 41
10036, 43
10037, 77
10038, 60
10039, 1
10040, 114
10041, 29
10042, 37
10043, 29
10044, 31
10045, 11
10046, 42
10047, 44
10048, 4
10049, 1
10050, 40
10051, 49
10052, 4
10053, 1
10054, 31
10055, 57
10056, 4
10057, 32
10058, 61
10059, 4
10060, 1
10061, 30
10062, 38
10063, 11
10064, 25
10065, 4
10066, 3
10067, 3
10068, 1
10069, 19
10070, 31
10071, 28
10072, 34
10073, 11
10074, 30
10075, 50
10076, 8
10077, 4
10078, 1
10079, 20
10080, 30
10081, 21
10082, 37
10083, 1
10084, 16
10085, 11
10086, 4
10087, 1
10088, 33
10089, 1
10090, 48
10091, 45
10092, 15
10093, 4
10094, 1
10095, 59
10096, 43
10097, 62
10098, 39
10099, 4
10100, 26
10101, 11
10102, 92
10103, 92
10104, 5
10105, 4
10106, 1
10107, 24
10108, 22
10109, 11
10110, 4
10111, 1
10112, 28
10113, 39
10114, 21
10115, 1
10116, 114
10117, 54
10118, 88
10119, 42
10120, 11
10121, 30
10122, 39
10123, 1
10124, 26
10125, 27
10126, 58
10127, 42
10128, 5
10129, 1
10130, 31
10131, 81
10132, 82
10133, 4
10134, 1
10135, 49
10136, 74
10137, 68
10138, 11
10139, 81
10140, 81
10141, 5
10142, 4
10143, 1
10144, 28
10145, 31
10146, 52
10147, 1
10148, 131
10149, 46
10150, 5
10151, 35
10152, 6
10153, 3
10154, 4
10155, 1
10156, 43
10157, 97
10158, 29
10159, 1
10160, 41
10161, 55
10162, 32
10163, 1
10164, 30
10165, 47
10166, 46
10167, 21
10168, 5
10169, 1
10170, 16
10171, 18
10172, 46
10173, 43
10174, 7
10175, 1
10176, 12
10177, 26
10178, 5
10179, 44
10180, 4
10181, 4
10182, 1
10183, 54
10184, 61
10185, 77
10186, 90
10187, 54
10188, 64
10189, 31
10190, 21
10191, 37
10192, 56
10193, 40
10194, 48
10195, 15
10196, 5
10197, 4
10198, 4
10199, 4
10200, 1
10201, 1
10202, 85
10203, 76
10204, 115
10205, 48
10206, 54
10207, 88
10208, 89
10209, 1
10210, 56
10211, 13
10212, 1
10213, 37
10214, 86
10215, 82
10216, 50
10217, 62
10218, 6
10219, 1
10220, 36
10221, 33
10222, 33
10223, 1
10224, 107
10225, 113
10226, 22
10227, 60
10228, 60
10229, 29
10230, 8
10231, 6
10232, 1
10233, 33
10234, 82
10235, 39
10236, 1
10237, 43
10238, 47
10239, 63
10240, 5
10241, 5
10242, 4
10243, 1
10244, 1
10245, 63
10246, 30
10247, 21
10248, 3
10249, 1
10250, 39
10251, 1
10252, 1
10253, 1
10254, 1
10255, 79
10256, 77
10257, 76
10258, 74
10259, 76
10260, 79
10261, 68
10262, 1
10263, 75
10264, 77
10265, 78
10266, 83
10267, 1
10268, 52
10269, 36
10270, 17
10271, 5
10272, 2
10273, 1
10274, 1
10275, 1
10276, 1
10277, 4
10278, 41
10279, 26
10280, 1
10281, 40
10282, 16
10283, 1
10284, 39
10285, 30
10286, 17
10287, 3
10288, 1
10289, 43
10290, 27
10291, 3
10292, 1
10293, 16
10294, 3
10295, 1
10296, 44
10297, 69
10298, 47
10299, 42
10300, 36
10301, 2
10302, 1
10303, 1
10304, 1
10305, 1
10306, 15
10307, 1
10308, 5
