1, 1
2, 1
3, 1
4, 1
5, 16
6, 26
7, 168
8, 27
9, 58
10, 54
11, 5
12, 5
13, 62
14, 107
15, 83
16, 81
17, 83
18, 81
19, 83
20, 59
21, 1
22, 320
23, 375
24, 1
25, 56
26, 62
27, 64
28, 45
29, 46
30, 1
31, 70
32, 60
33, 72
34, 60
35, 1
36, 503
37, 5
38, 78
39, 1
40, 5
41, 5
42, 91
43, 1
44, 1
45, 60
46, 126
47, 1
48, 178
49, 179
50, 5
51, 5
52, 1
53, 1
54, 82
55, 1
56, 7
57, 60
58, 98
59, 1
60, 567
61, 150
62, 1
63, 10
64, 1
65, 1
66, 64
67, 110
68, 26
69, 7
70, 7
71, 7
72, 7
73, 1
74, 1
75, 63
76, 35
77, 1
78, 157
79, 57
80, 5
81, 1
82, 1
83, 72
84, 291
85, 21
86, 46
87, 20
88, 13
89, 25
90, 50
91, 41
92, 17
93, 26
94, 49
95, 8
96, 13
97, 53
98, 45
99, 117
100, 14
101, 39
102, 125
103, 16
104, 39
105, 107
106, 16
107, 37
108, 123
109, 14
110, 12
111, 1
112, 5
113, 55
114, 58
115, 109
116, 155
117, 34
118, 60
119, 14
120, 9
121, 8
122, 1
123, 58
124, 152
125, 49
126, 43
127, 9
128, 1
129, 56
130, 7
131, 27
132, 7
133, 81
134, 8
135, 7
136, 105
137, 8
138, 1
139, 1
140, 39
141, 33
142, 55
143, 10
144, 11
145, 107
146, 12
147, 6
148, 1
149, 11
150, 8
151, 1
152, 31
153, 224
154, 51
155, 52
156, 5
157, 8
158, 1
159, 31
160, 179
161, 49
162, 9
163, 8
164, 1
165, 31
166, 336
167, 147
168, 55
169, 16
170, 15
171, 1
172, 6
173, 1
174, 1
175, 5
176, 9
177, 7
178, 1
179, 7
180, 1
181, 9
182, 1
183, 1
184, 66
185, 76
186, 34
187, 7
188, 11
189, 71
190, 30
191, 9
192, 30
193, 1
194, 30
195, 483
196, 1
197, 63
198, 76
199, 14
200, 11
201, 42
202, 121
203, 40
204, 52
205, 16
206, 16
207, 11
208, 1
209, 45
210, 99
211, 43
212, 65
213, 99
214, 47
215, 1
216, 77
217, 1
218, 100
219, 80
220, 50
221, 101
222, 38
223, 95
224, 79
225, 60
226, 24
227, 24
228, 21
229, 47
230, 1
231, 92
232, 88
233, 50
234, 87
235, 34
236, 83
237, 79
238, 60
239, 26
240, 24
241, 21
242, 47
243, 1
244, 92
245, 80
246, 50
247, 79
248, 34
249, 68
250, 79
251, 61
252, 32
253, 24
254, 21
255, 47
256, 1
257, 45
258, 1
259, 44
260, 49
261, 34
262, 1
263, 8
264, 10
265, 1
266, 7
267, 5
268, 77
269, 1
270, 396
271, 14
272, 68
273, 72
274, 51
275, 15
276, 16
277, 80
278, 17
279, 13
280, 8
281, 394
282, 14
283, 68
284, 68
285, 51
286, 13
287, 16
288, 80
289, 17
290, 13
291, 16
292, 1
293, 8
294, 1
295, 1
296, 13
297, 256
298, 62
299, 17
300, 15
301, 72
302, 14
303, 1
304, 6
305, 1
306, 99
307, 58
308, 142
309, 50
310, 108
311, 1
312, 45
313, 125
314, 18
315, 1
316, 14
317, 33
318, 30
319, 1
320, 28
321, 85
322, 50
323, 13
324, 178
325, 37
326, 35
327, 61
328, 260
329, 89
330, 143
331, 16
332, 1
333, 65
334, 230
335, 101
336, 59
337, 145
338, 18
339, 1
340, 70
341, 204
342, 112
343, 58
344, 145
345, 16
346, 1
347, 1
348, 10
349, 46
350, 35
351, 1
352, 62
353, 188
354, 91
355, 143
356, 16
357, 1
358, 63
359, 201
360, 92
361, 143
362, 16
363, 10
364, 1
365, 1
366, 9
367, 7
368, 1
369, 47
370, 17
371, 3
372, 28
373, 28
374, 81
375, 64
376, 28
377, 71
378, 75
379, 38
380, 254
381, 12
382, 9
383, 7
384, 1
385, 3
386, 24
387, 27
388, 80
389, 62
390, 28
391, 71
392, 71
393, 38
394, 250
395, 12
396, 9
397, 7
398, 1
399, 3
400, 24
401, 34
402, 87
403, 72
404, 28
405, 71
406, 71
407, 38
408, 250
409, 12
410, 9
411, 7
412, 1
413, 1
414, 44
415, 76
416, 73
417, 90
418, 166
419, 51
420, 7
421, 5
422, 1
423, 305
424, 57
425, 21
426, 7
427, 1
428, 1
429, 58
430, 53
431, 83
432, 78
433, 35
434, 71
435, 31
436, 21
437, 21
438, 44
439, 1
440, 114
441, 11
442, 30
443, 3
444, 64
445, 90
446, 32
447, 22
448, 19
449, 90
450, 53
451, 19
452, 69
453, 10
454, 1
455, 110
456, 1
457, 36
458, 39
459, 68
460, 95
461, 43
462, 1
463, 40
464, 46
465, 184
466, 15
467, 39
468, 15
469, 41
470, 93
471, 18
472, 41
473, 85
474, 18
475, 16
476, 42
477, 43
478, 1
479, 113
480, 1
481, 100
482, 1
483, 1
484, 63
485, 80
486, 66
487, 40
488, 39
489, 32
490, 86
491, 51
492, 47
493, 63
494, 80
495, 66
496, 40
497, 39
498, 32
499, 86
500, 51
501, 47
502, 63
503, 80
504, 66
505, 40
506, 39
507, 32
508, 86
509, 51
510, 47
511, 63
512, 80
513, 66
514, 40
515, 39
516, 32
517, 86
518, 51
519, 47
520, 63
521, 80
522, 66
523, 40
524, 39
525, 32
526, 86
527, 51
528, 47
529, 63
530, 80
531, 66
532, 40
533, 39
534, 32
535, 86
536, 51
537, 47
538, 63
539, 80
540, 69
541, 43
542, 39
543, 32
544, 86
545, 57
546, 47
547, 63
548, 80
549, 66
550, 40
551, 39
552, 32
553, 86
554, 51
555, 47
556, 63
557, 80
558, 66
559, 40
560, 39
561, 32
562, 86
563, 51
564, 47
565, 63
566, 80
567, 66
568, 40
569, 39
570, 32
571, 86
572, 51
573, 47
574, 63
575, 80
576, 66
577, 40
578, 39
579, 32
580, 86
581, 51
582, 47
583, 63
584, 80
585, 61
586, 35
587, 39
588, 32
589, 86
590, 41
591, 47
592, 63
593, 80
594, 71
595, 45
596, 39
597, 32
598, 86
599, 61
600, 47
601, 63
602, 80
603, 80
604, 54
605, 39
606, 32
607, 86
608, 79
609, 47
610, 63
611, 80
612, 72
613, 46
614, 39
615, 32
616, 86
617, 63
618, 47
619, 63
620, 80
621, 69
622, 43
623, 39
624, 32
625, 86
626, 57
627, 47
628, 63
629, 80
630, 64
631, 38
632, 39
633, 32
634, 86
635, 47
636, 47
637, 63
638, 80
639, 69
640, 43
641, 39
642, 32
643, 86
644, 57
645, 47
646, 63
647, 80
648, 62
649, 36
650, 39
651, 32
652, 86
653, 43
654, 47
655, 63
656, 80
657, 73
658, 47
659, 39
660, 32
661, 86
662, 65
663, 47
664, 63
665, 80
666, 72
667, 46
668, 39
669, 32
670, 86
671, 63
672, 47
673, 63
674, 80
675, 78
676, 52
677, 39
678, 32
679, 86
680, 75
681, 47
682, 63
683, 80
684, 80
685, 54
686, 39
687, 32
688, 86
689, 79
690, 47
691, 71
692, 80
693, 62
694, 36
695, 39
696, 32
697, 86
698, 43
699, 47
700, 63
701, 80
702, 66
703, 40
704, 39
705, 32
706, 86
707, 51
708, 47
709, 63
710, 80
711, 75
712, 49
713, 39
714, 32
715, 86
716, 69
717, 47
718, 63
719, 80
720, 89
721, 63
722, 39
723, 32
724, 86
725, 97
726, 47
727, 63
728, 80
729, 77
730, 51
731, 39
732, 32
733, 86
734, 73
735, 47
736, 63
737, 80
738, 95
739, 69
740, 39
741, 32
742, 86
743, 109
744, 47
745, 63
746, 80
747, 79
748, 53
749, 39
750, 32
751, 86
752, 77
753, 47
754, 63
755, 80
756, 82
757, 56
758, 39
759, 32
760, 86
761, 83
762, 47
763, 63
764, 80
765, 67
766, 41
767, 39
768, 32
769, 86
770, 53
771, 47
772, 63
773, 80
774, 82
775, 56
776, 39
777, 32
778, 86
779, 83
780, 47
781, 63
782, 80
783, 67
784, 41
785, 39
786, 32
787, 86
788, 53
789, 47
790, 63
791, 80
792, 93
793, 67
794, 39
795, 32
796, 86
797, 105
798, 47
799, 15
800, 1
801, 68
802, 41
803, 1
804, 109
805, 100
806, 1
807, 1
808, 63
809, 80
810, 68
811, 42
812, 39
813, 32
814, 86
815, 55
816, 47
817, 63
818, 80
819, 68
820, 42
821, 39
822, 32
823, 86
824, 55
825, 47
826, 63
827, 80
828, 66
829, 40
830, 39
831, 32
832, 86
833, 51
834, 47
835, 63
836, 80
837, 66
838, 40
839, 39
840, 32
841, 86
842, 51
843, 47
844, 63
845, 80
846, 62
847, 36
848, 39
849, 32
850, 86
851, 43
852, 47
853, 63
854, 80
855, 62
856, 36
857, 39
858, 32
859, 86
860, 43
861, 47
862, 63
863, 80
864, 62
865, 36
866, 39
867, 32
868, 86
869, 43
870, 47
871, 63
872, 80
873, 62
874, 36
875, 39
876, 32
877, 86
878, 43
879, 47
880, 63
881, 80
882, 66
883, 40
884, 39
885, 32
886, 86
887, 51
888, 47
889, 63
890, 80
891, 66
892, 40
893, 39
894, 32
895, 86
896, 51
897, 47
898, 63
899, 80
900, 66
901, 40
902, 39
903, 32
904, 86
905, 51
906, 47
907, 63
908, 80
909, 62
910, 36
911, 39
912, 32
913, 86
914, 43
915, 47
916, 63
917, 80
918, 62
919, 36
920, 39
921, 32
922, 86
923, 43
924, 47
925, 63
926, 80
927, 66
928, 40
929, 39
930, 32
931, 86
932, 51
933, 47
934, 63
935, 80
936, 66
937, 40
938, 39
939, 32
940, 86
941, 51
942, 47
943, 63
944, 80
945, 68
946, 42
947, 39
948, 32
949, 86
950, 55
951, 47
952, 63
953, 80
954, 68
955, 42
956, 39
957, 32
958, 86
959, 55
960, 47
961, 63
962, 80
963, 62
964, 36
965, 39
966, 32
967, 86
968, 43
969, 47
970, 63
971, 80
972, 67
973, 41
974, 39
975, 32
976, 86
977, 53
978, 47
979, 63
980, 80
981, 67
982, 41
983, 39
984, 32
985, 86
986, 53
987, 47
988, 63
989, 80
990, 63
991, 37
992, 39
993, 32
994, 86
995, 45
996, 47
997, 63
998, 80
999, 62
1000, 36
1001, 39
1002, 32
1003, 86
1004, 43
1005, 47
1006, 63
1007, 80
1008, 62
1009, 36
1010, 39
1011, 32
1012, 86
1013, 43
1014, 47
1015, 63
1016, 80
1017, 62
1018, 36
1019, 39
1020, 32
1021, 86
1022, 43
1023, 47
1024, 63
1025, 80
1026, 66
1027, 40
1028, 39
1029, 32
1030, 86
1031, 51
1032, 47
1033, 63
1034, 80
1035, 66
1036, 40
1037, 39
1038, 32
1039, 86
1040, 51
1041, 47
1042, 63
1043, 80
1044, 66
1045, 40
1046, 39
1047, 32
1048, 86
1049, 51
1050, 47
1051, 63
1052, 80
1053, 62
1054, 36
1055, 39
1056, 32
1057, 86
1058, 43
1059, 47
1060, 63
1061, 80
1062, 62
1063, 36
1064, 39
1065, 32
1066, 86
1067, 43
1068, 47
1069, 63
1070, 80
1071, 66
1072, 40
1073, 39
1074, 32
1075, 86
1076, 51
1077, 47
1078, 63
1079, 80
1080, 62
1081, 36
1082, 39
1083, 32
1084, 86
1085, 43
1086, 47
1087, 63
1088, 80
1089, 62
1090, 36
1091, 39
1092, 32
1093, 86
1094, 43
1095, 47
1096, 63
1097, 80
1098, 62
1099, 36
1100, 39
1101, 32
1102, 86
1103, 43
1104, 47
1105, 63
1106, 80
1107, 66
1108, 40
1109, 39
1110, 32
1111, 86
1112, 51
1113, 47
1114, 63
1115, 80
1116, 66
1117, 40
1118, 39
1119, 32
1120, 86
1121, 51
1122, 47
1123, 63
1124, 80
1125, 66
1126, 40
1127, 39
1128, 32
1129, 86
1130, 51
1131, 47
1132, 63
1133, 80
1134, 66
1135, 40
1136, 39
1137, 32
1138, 86
1139, 51
1140, 47
1141, 63
1142, 80
1143, 62
1144, 36
1145, 39
1146, 32
1147, 86
1148, 43
1149, 47
1150, 63
1151, 80
1152, 66
1153, 40
1154, 39
1155, 32
1156, 86
1157, 51
1158, 47
1159, 63
1160, 80
1161, 66
1162, 40
1163, 39
1164, 32
1165, 86
1166, 51
1167, 47
1168, 63
1169, 80
1170, 68
1171, 42
1172, 39
1173, 32
1174, 86
1175, 55
1176, 47
1177, 63
1178, 80
1179, 62
1180, 36
1181, 39
1182, 32
1183, 86
1184, 43
1185, 47
1186, 63
1187, 80
1188, 63
1189, 37
1190, 39
1191, 32
1192, 86
1193, 45
1194, 47
1195, 63
1196, 80
1197, 63
1198, 37
1199, 39
1200, 32
1201, 86
1202, 45
1203, 47
1204, 63
1205, 80
1206, 63
1207, 37
1208, 39
1209, 32
1210, 86
1211, 45
1212, 47
1213, 63
1214, 80
1215, 63
1216, 37
1217, 39
1218, 32
1219, 86
1220, 45
1221, 47
1222, 63
1223, 80
1224, 67
1225, 41
1226, 39
1227, 32
1228, 86
1229, 53
1230, 47
1231, 63
1232, 80
1233, 67
1234, 41
1235, 39
1236, 32
1237, 86
1238, 53
1239, 47
1240, 63
1241, 80
1242, 67
1243, 41
1244, 39
1245, 32
1246, 86
1247, 53
1248, 47
1249, 63
1250, 80
1251, 63
1252, 37
1253, 39
1254, 32
1255, 86
1256, 45
1257, 47
1258, 63
1259, 80
1260, 67
1261, 41
1262, 39
1263, 32
1264, 86
1265, 53
1266, 47
1267, 63
1268, 80
1269, 67
1270, 41
1271, 39
1272, 32
1273, 86
1274, 53
1275, 47
1276, 63
1277, 80
1278, 63
1279, 37
1280, 39
1281, 32
1282, 86
1283, 45
1284, 47
1285, 63
1286, 80
1287, 67
1288, 41
1289, 39
1290, 32
1291, 86
1292, 53
1293, 47
1294, 63
1295, 80
1296, 67
1297, 41
1298, 39
1299, 32
1300, 86
1301, 53
1302, 47
1303, 63
1304, 80
1305, 63
1306, 37
1307, 39
1308, 32
1309, 86
1310, 45
1311, 47
1312, 63
1313, 80
1314, 63
1315, 37
1316, 39
1317, 32
1318, 86
1319, 45
1320, 47
1321, 63
1322, 80
1323, 63
1324, 37
1325, 39
1326, 32
1327, 86
1328, 45
1329, 47
1330, 63
1331, 80
1332, 63
1333, 37
1334, 39
1335, 32
1336, 86
1337, 45
1338, 47
1339, 63
1340, 80
1341, 66
1342, 40
1343, 39
1344, 32
1345, 86
1346, 51
1347, 47
1348, 63
1349, 80
1350, 66
1351, 40
1352, 39
1353, 32
1354, 86
1355, 51
1356, 47
1357, 63
1358, 80
1359, 66
1360, 40
1361, 39
1362, 32
1363, 86
1364, 51
1365, 47
1366, 63
1367, 80
1368, 62
1369, 36
1370, 39
1371, 32
1372, 86
1373, 43
1374, 47
1375, 63
1376, 80
1377, 66
1378, 40
1379, 39
1380, 32
1381, 86
1382, 51
1383, 47
1384, 63
1385, 80
1386, 66
1387, 40
1388, 39
1389, 32
1390, 86
1391, 51
1392, 47
1393, 63
1394, 80
1395, 62
1396, 36
1397, 39
1398, 32
1399, 86
1400, 43
1401, 47
1402, 63
1403, 80
1404, 66
1405, 40
1406, 39
1407, 32
1408, 86
1409, 51
1410, 47
1411, 63
1412, 80
1413, 62
1414, 36
1415, 39
1416, 32
1417, 86
1418, 43
1419, 47
1420, 63
1421, 80
1422, 62
1423, 36
1424, 39
1425, 32
1426, 86
1427, 43
1428, 47
1429, 63
1430, 80
1431, 62
1432, 36
1433, 39
1434, 32
1435, 86
1436, 43
1437, 47
1438, 63
1439, 80
1440, 66
1441, 40
1442, 39
1443, 32
1444, 86
1445, 51
1446, 47
1447, 63
1448, 80
1449, 62
1450, 36
1451, 39
1452, 32
1453, 86
1454, 43
1455, 47
1456, 63
1457, 80
1458, 66
1459, 40
1460, 39
1461, 32
1462, 86
1463, 51
1464, 47
1465, 63
1466, 80
1467, 66
1468, 40
1469, 39
1470, 32
1471, 86
1472, 51
1473, 47
1474, 63
1475, 80
1476, 62
1477, 36
1478, 39
1479, 32
1480, 86
1481, 43
1482, 47
1483, 63
1484, 80
1485, 66
1486, 40
1487, 39
1488, 32
1489, 86
1490, 51
1491, 47
1492, 63
1493, 80
1494, 62
1495, 36
1496, 39
1497, 32
1498, 86
1499, 43
1500, 47
1501, 63
1502, 80
1503, 62
1504, 36
1505, 39
1506, 32
1507, 86
1508, 43
1509, 47
1510, 63
1511, 80
1512, 66
1513, 40
1514, 39
1515, 32
1516, 86
1517, 51
1518, 47
1519, 63
1520, 80
1521, 66
1522, 40
1523, 39
1524, 32
1525, 86
1526, 51
1527, 47
1528, 63
1529, 80
1530, 62
1531, 36
1532, 39
1533, 32
1534, 86
1535, 43
1536, 47
1537, 63
1538, 80
1539, 63
1540, 37
1541, 39
1542, 32
1543, 86
1544, 45
1545, 47
1546, 63
1547, 80
1548, 63
1549, 37
1550, 39
1551, 32
1552, 86
1553, 45
1554, 47
1555, 63
1556, 80
1557, 63
1558, 37
1559, 39
1560, 32
1561, 86
1562, 45
1563, 47
1564, 63
1565, 80
1566, 62
1567, 36
1568, 39
1569, 32
1570, 86
1571, 43
1572, 47
1573, 63
1574, 80
1575, 62
1576, 36
1577, 39
1578, 32
1579, 86
1580, 43
1581, 47
1582, 63
1583, 80
1584, 62
1585, 36
1586, 39
1587, 32
1588, 86
1589, 43
1590, 47
1591, 63
1592, 80
1593, 62
1594, 36
1595, 39
1596, 32
1597, 86
1598, 43
1599, 47
1600, 63
1601, 80
1602, 66
1603, 40
1604, 39
1605, 32
1606, 86
1607, 51
1608, 47
1609, 63
1610, 80
1611, 62
1612, 36
1613, 39
1614, 32
1615, 86
1616, 43
1617, 47
1618, 63
1619, 80
1620, 66
1621, 40
1622, 39
1623, 32
1624, 86
1625, 51
1626, 47
1627, 63
1628, 80
1629, 62
1630, 36
1631, 39
1632, 32
1633, 86
1634, 43
1635, 47
1636, 63
1637, 80
1638, 62
1639, 36
1640, 39
1641, 32
1642, 86
1643, 43
1644, 47
1645, 63
1646, 80
1647, 66
1648, 40
1649, 39
1650, 32
1651, 86
1652, 51
1653, 47
1654, 63
1655, 80
1656, 66
1657, 40
1658, 39
1659, 32
1660, 86
1661, 51
1662, 47
1663, 63
1664, 80
1665, 62
1666, 36
1667, 39
1668, 32
1669, 86
1670, 43
1671, 47
1672, 63
1673, 80
1674, 66
1675, 40
1676, 39
1677, 32
1678, 86
1679, 51
1680, 47
1681, 63
1682, 80
1683, 66
1684, 40
1685, 39
1686, 32
1687, 86
1688, 51
1689, 47
1690, 63
1691, 80
1692, 66
1693, 40
1694, 39
1695, 32
1696, 86
1697, 51
1698, 47
1699, 63
1700, 80
1701, 62
1702, 36
1703, 39
1704, 32
1705, 86
1706, 43
1707, 47
1708, 63
1709, 80
1710, 66
1711, 40
1712, 39
1713, 32
1714, 86
1715, 51
1716, 47
1717, 63
1718, 80
1719, 66
1720, 40
1721, 39
1722, 32
1723, 86
1724, 51
1725, 47
1726, 63
1727, 80
1728, 66
1729, 40
1730, 39
1731, 32
1732, 86
1733, 51
1734, 47
1735, 63
1736, 80
1737, 66
1738, 40
1739, 39
1740, 32
1741, 86
1742, 51
1743, 47
1744, 63
1745, 80
1746, 66
1747, 40
1748, 39
1749, 32
1750, 86
1751, 51
1752, 47
1753, 63
1754, 80
1755, 66
1756, 40
1757, 39
1758, 32
1759, 86
1760, 51
1761, 47
1762, 63
1763, 80
1764, 66
1765, 40
1766, 39
1767, 32
1768, 86
1769, 51
1770, 47
1771, 63
1772, 80
1773, 66
1774, 40
1775, 39
1776, 32
1777, 86
1778, 51
1779, 47
1780, 63
1781, 80
1782, 68
1783, 42
1784, 39
1785, 32
1786, 86
1787, 55
1788, 47
1789, 63
1790, 80
1791, 62
1792, 36
1793, 39
1794, 32
1795, 86
1796, 43
1797, 47
1798, 63
1799, 80
1800, 63
1801, 37
1802, 39
1803, 32
1804, 86
1805, 45
1806, 47
1807, 63
1808, 80
1809, 63
1810, 37
1811, 39
1812, 32
1813, 86
1814, 45
1815, 47
1816, 63
1817, 80
1818, 63
1819, 37
1820, 39
1821, 32
1822, 86
1823, 45
1824, 47
1825, 63
1826, 80
1827, 63
1828, 37
1829, 39
1830, 32
1831, 86
1832, 45
1833, 47
1834, 63
1835, 80
1836, 63
1837, 37
1838, 39
1839, 32
1840, 86
1841, 45
1842, 47
1843, 63
1844, 80
1845, 63
1846, 37
1847, 39
1848, 32
1849, 86
1850, 45
1851, 47
1852, 63
1853, 80
1854, 63
1855, 37
1856, 39
1857, 32
1858, 86
1859, 45
1860, 47
1861, 63
1862, 80
1863, 67
1864, 41
1865, 39
1866, 32
1867, 86
1868, 53
1869, 47
1870, 63
1871, 80
1872, 63
1873, 37
1874, 39
1875, 32
1876, 86
1877, 45
1878, 47
1879, 63
1880, 80
1881, 67
1882, 41
1883, 39
1884, 32
1885, 86
1886, 53
1887, 47
1888, 63
1889, 80
1890, 63
1891, 37
1892, 39
1893, 32
1894, 86
1895, 45
1896, 47
1897, 63
1898, 80
1899, 63
1900, 37
1901, 39
1902, 32
1903, 86
1904, 45
1905, 47
1906, 63
1907, 80
1908, 67
1909, 41
1910, 39
1911, 32
1912, 86
1913, 53
1914, 47
1915, 63
1916, 80
1917, 63
1918, 37
1919, 39
1920, 32
1921, 86
1922, 45
1923, 47
1924, 63
1925, 80
1926, 66
1927, 40
1928, 39
1929, 32
1930, 86
1931, 51
1932, 47
1933, 63
1934, 80
1935, 66
1936, 40
1937, 39
1938, 32
1939, 86
1940, 51
1941, 47
1942, 63
1943, 80
1944, 66
1945, 40
1946, 39
1947, 32
1948, 86
1949, 51
1950, 47
1951, 63
1952, 80
1953, 66
1954, 40
1955, 39
1956, 32
1957, 86
1958, 51
1959, 47
1960, 63
1961, 80
1962, 66
1963, 40
1964, 39
1965, 32
1966, 86
1967, 51
1968, 47
1969, 63
1970, 80
1971, 62
1972, 36
1973, 39
1974, 32
1975, 86
1976, 43
1977, 47
1978, 63
1979, 80
1980, 66
1981, 40
1982, 39
1983, 32
1984, 86
1985, 51
1986, 47
1987, 63
1988, 80
1989, 66
1990, 40
1991, 39
1992, 32
1993, 86
1994, 51
1995, 47
1996, 63
1997, 80
1998, 66
1999, 40
2000, 39
2001, 32
2002, 86
2003, 51
2004, 47
2005, 63
2006, 80
2007, 66
2008, 40
2009, 39
2010, 32
2011, 86
2012, 51
2013, 47
2014, 63
2015, 80
2016, 62
2017, 36
2018, 39
2019, 32
2020, 86
2021, 43
2022, 47
2023, 63
2024, 80
2025, 66
2026, 40
2027, 39
2028, 32
2029, 86
2030, 51
2031, 47
2032, 63
2033, 80
2034, 66
2035, 40
2036, 39
2037, 32
2038, 86
2039, 51
2040, 47
2041, 63
2042, 80
2043, 62
2044, 36
2045, 39
2046, 32
2047, 86
2048, 43
2049, 47
2050, 63
2051, 80
2052, 66
2053, 40
2054, 39
2055, 32
2056, 86
2057, 51
2058, 47
2059, 63
2060, 80
2061, 66
2062, 40
2063, 39
2064, 32
2065, 86
2066, 51
2067, 47
2068, 63
2069, 80
2070, 62
2071, 36
2072, 39
2073, 32
2074, 86
2075, 43
2076, 47
2077, 63
2078, 80
2079, 66
2080, 40
2081, 39
2082, 32
2083, 86
2084, 51
2085, 47
2086, 63
2087, 80
2088, 62
2089, 36
2090, 39
2091, 32
2092, 86
2093, 43
2094, 47
2095, 63
2096, 80
2097, 66
2098, 40
2099, 39
2100, 32
2101, 86
2102, 51
2103, 47
2104, 63
2105, 80
2106, 62
2107, 36
2108, 39
2109, 32
2110, 86
2111, 43
2112, 47
2113, 63
2114, 80
2115, 62
2116, 36
2117, 39
2118, 32
2119, 86
2120, 43
2121, 47
2122, 63
2123, 80
2124, 62
2125, 36
2126, 39
2127, 32
2128, 86
2129, 43
2130, 47
2131, 63
2132, 80
2133, 62
2134, 36
2135, 39
2136, 32
2137, 86
2138, 43
2139, 47
2140, 63
2141, 80
2142, 68
2143, 42
2144, 39
2145, 32
2146, 86
2147, 55
2148, 47
2149, 63
2150, 80
2151, 68
2152, 42
2153, 39
2154, 32
2155, 86
2156, 55
2157, 47
2158, 63
2159, 80
2160, 69
2161, 43
2162, 39
2163, 32
2164, 86
2165, 57
2166, 47
2167, 63
2168, 80
2169, 68
2170, 42
2171, 39
2172, 32
2173, 86
2174, 55
2175, 47
2176, 63
2177, 80
2178, 69
2179, 43
2180, 39
2181, 32
2182, 86
2183, 57
2184, 47
2185, 63
2186, 80
2187, 68
2188, 42
2189, 39
2190, 32
2191, 86
2192, 55
2193, 47
2194, 63
2195, 80
2196, 66
2197, 40
2198, 39
2199, 32
2200, 86
2201, 51
2202, 47
2203, 63
2204, 80
2205, 65
2206, 39
2207, 39
2208, 32
2209, 86
2210, 49
2211, 47
2212, 63
2213, 80
2214, 62
2215, 36
2216, 39
2217, 32
2218, 86
2219, 43
2220, 47
2221, 63
2222, 80
2223, 63
2224, 37
2225, 39
2226, 32
2227, 86
2228, 45
2229, 47
2230, 63
2231, 80
2232, 63
2233, 37
2234, 39
2235, 32
2236, 86
2237, 45
2238, 47
2239, 63
2240, 80
2241, 63
2242, 37
2243, 39
2244, 32
2245, 86
2246, 45
2247, 47
2248, 63
2249, 80
2250, 63
2251, 37
2252, 39
2253, 32
2254, 86
2255, 45
2256, 47
2257, 63
2258, 80
2259, 63
2260, 37
2261, 39
2262, 32
2263, 86
2264, 45
2265, 47
2266, 63
2267, 80
2268, 63
2269, 37
2270, 39
2271, 32
2272, 86
2273, 45
2274, 47
2275, 63
2276, 80
2277, 63
2278, 37
2279, 39
2280, 32
2281, 86
2282, 45
2283, 47
2284, 63
2285, 80
2286, 63
2287, 37
2288, 39
2289, 32
2290, 86
2291, 45
2292, 47
2293, 63
2294, 80
2295, 63
2296, 37
2297, 39
2298, 32
2299, 86
2300, 45
2301, 47
2302, 63
2303, 80
2304, 66
2305, 40
2306, 39
2307, 32
2308, 86
2309, 51
2310, 47
2311, 63
2312, 80
2313, 62
2314, 36
2315, 39
2316, 32
2317, 86
2318, 43
2319, 47
2320, 63
2321, 80
2322, 62
2323, 36
2324, 39
2325, 32
2326, 86
2327, 43
2328, 47
2329, 63
2330, 80
2331, 62
2332, 36
2333, 39
2334, 32
2335, 86
2336, 43
2337, 47
2338, 63
2339, 80
2340, 62
2341, 36
2342, 39
2343, 32
2344, 86
2345, 43
2346, 47
2347, 63
2348, 80
2349, 62
2350, 36
2351, 39
2352, 32
2353, 86
2354, 43
2355, 47
2356, 63
2357, 80
2358, 62
2359, 36
2360, 39
2361, 32
2362, 86
2363, 43
2364, 47
2365, 63
2366, 80
2367, 64
2368, 38
2369, 39
2370, 32
2371, 86
2372, 47
2373, 47
2374, 63
2375, 80
2376, 62
2377, 36
2378, 39
2379, 32
2380, 86
2381, 43
2382, 47
2383, 63
2384, 80
2385, 64
2386, 38
2387, 39
2388, 32
2389, 86
2390, 47
2391, 47
2392, 63
2393, 80
2394, 62
2395, 36
2396, 39
2397, 32
2398, 86
2399, 43
2400, 47
2401, 63
2402, 80
2403, 62
2404, 36
2405, 39
2406, 32
2407, 86
2408, 43
2409, 47
2410, 63
2411, 80
2412, 62
2413, 36
2414, 39
2415, 32
2416, 86
2417, 43
2418, 47
2419, 63
2420, 80
2421, 62
2422, 36
2423, 39
2424, 32
2425, 86
2426, 43
2427, 47
2428, 63
2429, 80
2430, 62
2431, 36
2432, 39
2433, 32
2434, 86
2435, 43
2436, 47
2437, 63
2438, 80
2439, 62
2440, 36
2441, 39
2442, 32
2443, 86
2444, 43
2445, 47
2446, 63
2447, 80
2448, 62
2449, 36
2450, 39
2451, 32
2452, 86
2453, 43
2454, 47
2455, 63
2456, 80
2457, 62
2458, 36
2459, 39
2460, 32
2461, 86
2462, 43
2463, 47
2464, 63
2465, 80
2466, 62
2467, 36
2468, 39
2469, 32
2470, 86
2471, 43
2472, 47
2473, 63
2474, 80
2475, 66
2476, 40
2477, 39
2478, 32
2479, 86
2480, 51
2481, 47
2482, 63
2483, 80
2484, 62
2485, 36
2486, 39
2487, 32
2488, 86
2489, 43
2490, 47
2491, 63
2492, 80
2493, 62
2494, 36
2495, 39
2496, 32
2497, 86
2498, 43
2499, 47
2500, 63
2501, 80
2502, 62
2503, 36
2504, 39
2505, 32
2506, 86
2507, 43
2508, 47
2509, 63
2510, 80
2511, 62
2512, 36
2513, 39
2514, 32
2515, 86
2516, 43
2517, 47
2518, 63
2519, 80
2520, 62
2521, 36
2522, 39
2523, 32
2524, 86
2525, 43
2526, 47
2527, 63
2528, 80
2529, 62
2530, 36
2531, 39
2532, 32
2533, 86
2534, 43
2535, 47
2536, 63
2537, 80
2538, 66
2539, 40
2540, 39
2541, 32
2542, 86
2543, 51
2544, 47
2545, 63
2546, 80
2547, 66
2548, 40
2549, 39
2550, 32
2551, 86
2552, 51
2553, 47
2554, 63
2555, 80
2556, 65
2557, 39
2558, 39
2559, 32
2560, 86
2561, 49
2562, 47
2563, 63
2564, 80
2565, 62
2566, 36
2567, 39
2568, 32
2569, 86
2570, 43
2571, 47
2572, 63
2573, 80
2574, 62
2575, 36
2576, 39
2577, 32
2578, 86
2579, 43
2580, 47
2581, 63
2582, 80
2583, 62
2584, 36
2585, 39
2586, 32
2587, 86
2588, 43
2589, 47
2590, 63
2591, 80
2592, 62
2593, 36
2594, 39
2595, 32
2596, 86
2597, 43
2598, 47
2599, 63
2600, 80
2601, 62
2602, 36
2603, 39
2604, 32
2605, 86
2606, 43
2607, 47
2608, 63
2609, 80
2610, 62
2611, 36
2612, 39
2613, 32
2614, 86
2615, 43
2616, 47
2617, 63
2618, 80
2619, 62
2620, 36
2621, 39
2622, 32
2623, 86
2624, 43
2625, 47
2626, 63
2627, 80
2628, 66
2629, 40
2630, 39
2631, 32
2632, 86
2633, 51
2634, 47
2635, 63
2636, 80
2637, 66
2638, 40
2639, 39
2640, 32
2641, 86
2642, 51
2643, 47
2644, 63
2645, 80
2646, 62
2647, 36
2648, 39
2649, 32
2650, 86
2651, 43
2652, 47
2653, 63
2654, 80
2655, 62
2656, 36
2657, 39
2658, 32
2659, 86
2660, 43
2661, 47
2662, 63
2663, 80
2664, 62
2665, 36
2666, 39
2667, 32
2668, 86
2669, 43
2670, 47
2671, 63
2672, 80
2673, 62
2674, 36
2675, 39
2676, 32
2677, 86
2678, 43
2679, 47
2680, 63
2681, 80
2682, 62
2683, 36
2684, 39
2685, 32
2686, 86
2687, 43
2688, 47
2689, 63
2690, 80
2691, 62
2692, 36
2693, 39
2694, 32
2695, 86
2696, 43
2697, 47
2698, 63
2699, 80
2700, 62
2701, 36
2702, 39
2703, 32
2704, 86
2705, 43
2706, 47
2707, 63
2708, 80
2709, 66
2710, 40
2711, 39
2712, 32
2713, 86
2714, 51
2715, 47
2716, 63
2717, 80
2718, 62
2719, 36
2720, 39
2721, 32
2722, 86
2723, 43
2724, 47
2725, 63
2726, 80
2727, 62
2728, 36
2729, 39
2730, 32
2731, 86
2732, 43
2733, 47
2734, 63
2735, 80
2736, 63
2737, 37
2738, 39
2739, 32
2740, 86
2741, 45
2742, 47
2743, 63
2744, 80
2745, 63
2746, 37
2747, 39
2748, 32
2749, 86
2750, 45
2751, 47
2752, 63
2753, 80
2754, 63
2755, 37
2756, 39
2757, 32
2758, 86
2759, 45
2760, 47
2761, 63
2762, 80
2763, 63
2764, 37
2765, 39
2766, 32
2767, 86
2768, 45
2769, 47
2770, 63
2771, 80
2772, 63
2773, 37
2774, 39
2775, 32
2776, 86
2777, 45
2778, 47
2779, 63
2780, 80
2781, 63
2782, 37
2783, 39
2784, 32
2785, 86
2786, 45
2787, 47
2788, 63
2789, 80
2790, 63
2791, 37
2792, 39
2793, 32
2794, 86
2795, 45
2796, 47
2797, 63
2798, 80
2799, 63
2800, 37
2801, 39
2802, 32
2803, 86
2804, 45
2805, 47
2806, 63
2807, 80
2808, 63
2809, 37
2810, 39
2811, 32
2812, 86
2813, 45
2814, 47
2815, 63
2816, 80
2817, 63
2818, 37
2819, 39
2820, 32
2821, 86
2822, 45
2823, 47
2824, 63
2825, 80
2826, 63
2827, 37
2828, 39
2829, 32
2830, 86
2831, 45
2832, 47
2833, 63
2834, 80
2835, 62
2836, 36
2837, 39
2838, 32
2839, 86
2840, 43
2841, 47
2842, 63
2843, 80
2844, 64
2845, 38
2846, 39
2847, 32
2848, 86
2849, 47
2850, 47
2851, 63
2852, 80
2853, 62
2854, 36
2855, 39
2856, 32
2857, 86
2858, 43
2859, 47
2860, 63
2861, 80
2862, 62
2863, 36
2864, 39
2865, 32
2866, 86
2867, 43
2868, 47
2869, 63
2870, 80
2871, 62
2872, 36
2873, 39
2874, 32
2875, 86
2876, 43
2877, 47
2878, 63
2879, 80
2880, 62
2881, 36
2882, 39
2883, 32
2884, 86
2885, 43
2886, 47
2887, 15
2888, 1
2889, 66
2890, 41
2891, 1
2892, 40
2893, 45
2894, 30
2895, 1
2896, 1
2897, 35
2898, 180
2899, 59
2900, 9
2901, 154
2902, 52
2903, 9
2904, 9
2905, 1
2906, 767
2907, 1
2908, 7
2909, 1
2910, 1
2911, 1
2912, 3
2913, 58
2914, 30
2915, 194
2916, 9
2917, 9
2918, 30
2919, 238
2920, 159
2921, 1
2922, 31
2923, 167
2924, 100
2925, 110
2926, 1
2927, 13
2928, 11
2929, 9
2930, 1
2931, 26
2932, 36
2933, 29
2934, 20
2935, 95
2936, 20
2937, 20
2938, 14
2939, 1
2940, 22
2941, 56
2942, 75
2943, 1
2944, 9
2945, 24
2946, 61
2947, 137
2948, 12
2949, 27
2950, 254
2951, 12
2952, 27
2953, 57
2954, 169
2955, 1
2956, 93
2957, 19
2958, 73
2959, 73
2960, 73
2961, 126
2962, 16
2963, 12
2964, 23
2965, 133
2966, 12
2967, 10
2968, 9
2969, 24
2970, 61
2971, 137
2972, 12
2973, 27
2974, 239
2975, 12
2976, 27
2977, 57
2978, 196
2979, 16
2980, 12
2981, 23
2982, 134
2983, 12
2984, 10
2985, 9
2986, 24
2987, 61
2988, 137
2989, 12
2990, 27
2991, 242
2992, 12
2993, 27
2994, 57
2995, 297
2996, 16
2997, 12
2998, 23
2999, 134
3000, 12
3001, 10
3002, 9
3003, 24
3004, 56
3005, 137
3006, 12
3007, 27
3008, 266
3009, 12
3010, 27
3011, 57
3012, 170
3013, 1
3014, 71
3015, 75
3016, 1
3017, 62
3018, 44
3019, 1
3020, 70
3021, 1
3022, 64
3023, 16
3024, 12
3025, 23
3026, 134
3027, 12
3028, 10
3029, 9
3030, 24
3031, 56
3032, 137
3033, 12
3034, 27
3035, 263
3036, 12
3037, 27
3038, 57
3039, 214
3040, 16
3041, 12
3042, 23
3043, 133
3044, 12
3045, 10
3046, 9
3047, 24
3048, 56
3049, 137
3050, 12
3051, 27
3052, 263
3053, 12
3054, 27
3055, 57
3056, 191
3057, 120
3058, 16
3059, 12
3060, 23
3061, 133
3062, 12
3063, 10
3064, 9
3065, 24
3066, 56
3067, 137
3068, 12
3069, 27
3070, 299
3071, 12
3072, 27
3073, 57
3074, 171
3075, 1
3076, 341
3077, 1
3078, 26
3079, 16
3080, 12
3081, 23
3082, 134
3083, 12
3084, 10
3085, 9
3086, 24
3087, 56
3088, 137
3089, 12
3090, 27
3091, 254
3092, 12
3093, 27
3094, 57
3095, 141
3096, 1
3097, 71
3098, 71
3099, 43
3100, 1
3101, 69
3102, 34
3103, 1
3104, 69
3105, 224
3106, 16
3107, 12
3108, 23
3109, 134
3110, 12
3111, 10
3112, 9
3113, 24
3114, 56
3115, 137
3116, 12
3117, 27
3118, 290
3119, 12
3120, 27
3121, 57
3122, 162
3123, 16
3124, 12
3125, 23
3126, 134
3127, 12
3128, 10
3129, 9
3130, 1
3131, 13
3132, 9
3133, 1
3134, 1
3135, 85
3136, 9
3137, 49
3138, 18
3139, 10
3140, 1
3141, 79
3142, 5
3143, 267
3144, 1
3145, 77
3146, 69
3147, 71
3148, 76
3149, 76
3150, 71
3151, 25
3152, 1
3153, 68
3154, 75
3155, 76
3156, 71
3157, 30
3158, 1
3159, 54
3160, 9
3161, 77
3162, 1
3163, 43
3164, 10
3165, 1
3166, 101
3167, 86
3168, 32
3169, 1
3170, 29
3171, 38
3172, 21
3173, 20
3174, 9
3175, 1
3176, 70
3177, 31
3178, 5
3179, 5
3180, 69
3181, 1
3182, 40
3183, 22
3184, 22
3185, 27
3186, 10
3187, 1
3188, 109
3189, 13
3190, 6
3191, 5
3192, 38
3193, 1
3194, 43
3195, 45
3196, 42
3197, 24
3198, 74
3199, 10
3200, 1
3201, 109
3202, 13
3203, 6
3204, 5
3205, 69
3206, 1
3207, 43
3208, 73
3209, 41
3210, 61
3211, 71
3212, 10
3213, 1
3214, 108
3215, 6
3216, 5
3217, 73
3218, 35
3219, 1
3220, 42
3221, 42
3222, 80
3223, 10
3224, 1
3225, 106
3226, 6
3227, 5
3228, 32
3229, 1
3230, 48
3231, 29
3232, 31
3233, 44
3234, 1
3235, 101
3236, 6
3237, 5
3238, 21
3239, 1
3240, 28
3241, 23
3242, 24
3243, 20
3244, 10
3245, 1
3246, 109
3247, 13
3248, 6
3249, 5
3250, 63
3251, 1
3252, 56
3253, 40
3254, 80
3255, 1
3256, 120
3257, 6
3258, 5
3259, 53
3260, 1
3261, 26
3262, 88
3263, 1
3264, 39
3265, 41
3266, 22
3267, 25
3268, 18
3269, 22
3270, 27
3271, 8
3272, 1
3273, 116
3274, 138
3275, 127
3276, 129
3277, 6
3278, 5
3279, 76
3280, 80
3281, 1
3282, 67
3283, 71
3284, 6
3285, 5
3286, 60
3287, 1
3288, 58
3289, 9
3290, 41
3291, 22
3292, 23
3293, 23
3294, 22
3295, 26
3296, 8
3297, 1
3298, 72
3299, 6
3300, 1
3301, 11
3302, 32
3303, 6
3304, 10
3305, 1
3306, 106
3307, 6
3308, 10
3309, 149
3310, 1
3311, 77
3312, 79
3313, 49
3314, 1
3315, 62
3316, 77
3317, 1
3318, 78
3319, 73
3320, 71
3321, 73
3322, 75
3323, 64
3324, 1
3325, 38
3326, 5
3327, 5
3328, 21
3329, 6
3330, 5
3331, 49
3332, 6
3333, 5
3334, 42
3335, 6
3336, 32
3337, 5
3338, 5
3339, 63
3340, 6
3341, 5
3342, 64
3343, 6
3344, 10
3345, 194
3346, 1
3347, 75
3348, 1
3349, 45
3350, 1
3351, 77
3352, 9
3353, 125
3354, 15
3355, 140
3356, 1
3357, 56
3358, 9
3359, 92
3360, 15
3361, 140
3362, 1
3363, 32
3364, 9
3365, 68
3366, 78
3367, 9
3368, 89
3369, 91
3370, 9
3371, 149
3372, 21
3373, 9
3374, 1
3375, 1
3376, 15
3377, 1
3378, 38
3379, 41
3380, 31
3381, 24
3382, 1
3383, 1
3384, 29
3385, 1
3386, 30
3387, 47
3388, 41
3389, 63
3390, 61
3391, 65
3392, 57
3393, 40
3394, 42
3395, 1
3396, 10
3397, 1
3398, 39
3399, 76
3400, 9
3401, 1
3402, 35
3403, 111
3404, 49
3405, 53
3406, 50
3407, 48
3408, 10
3409, 31
3410, 27
3411, 1
3412, 1
3413, 83
3414, 60
3415, 32
3416, 165
3417, 11
3418, 9
3419, 35
3420, 111
3421, 63
3422, 9
3423, 81
3424, 34
3425, 55
3426, 9
3427, 9
3428, 7
3429, 1
3430, 1
3431, 1
3432, 60
3433, 50
3434, 110
3435, 64
3436, 11
3437, 1
3438, 1
3439, 193
3440, 203
3441, 7
3442, 7
3443, 10
3444, 8
3445, 1
