1, 4
2, 37
3, 22
4, 3
5, 22
6, 24
7, 3
8, 71
9, 34
10, 29
11, 3
12, 27
13, 4
14, 1
15, 31
16, 1
17, 77
18, 87
19, 44
20, 81
21, 77
22, 69
23, 54
24, 41
25, 41
26, 35
27, 25
28, 33
29, 78
30, 14
31, 33
32, 12
33, 12
34, 25
35, 5
36, 1
37, 42
38, 80
39, 1
40, 62
41, 61
42, 63
43, 24
44, 3
45, 1
46, 21
47, 1
48, 30
49, 1
50, 32
51, 1
52, 28
53, 1
54, 34
55, 1
56, 21
57, 1
58, 36
59, 1
60, 40
61, 1
62, 18
63, 1
64, 1
65, 1
66, 4
67, 23
68, 1
69, 36
70, 44
71, 76
72, 87
73, 54
74, 6
75, 1
76, 33
77, 37
78, 49
79, 1
80, 43
81, 24
82, 32
83, 1
84, 56
85, 42
86, 35
87, 6
88, 1
89, 33
90, 47
91, 20
92, 1
93, 24
94, 1
95, 35
96, 17
97, 1
98, 49
99, 14
100, 1
101, 25
102, 33
103, 6
104, 1
105, 56
106, 57
107, 26
108, 27
109, 1
110, 53
111, 65
112, 1
113, 53
114, 29
115, 6
116, 1
117, 59
118, 46
119, 34
120, 1
121, 48
122, 59
123, 1
124, 60
125, 29
126, 34
127, 1
128, 45
129, 18
130, 6
131, 1
132, 63
133, 69
134, 29
135, 38
136, 50
137, 6
138, 1
139, 31
140, 68
141, 48
142, 11
143, 6
144, 1
145, 23
146, 63
147, 6
148, 1
149, 23
150, 27
151, 6
152, 1
153, 22
154, 28
155, 6
156, 1
157, 23
158, 29
159, 39
160, 69
161, 6
162, 1
163, 21
164, 56
165, 6
166, 1
167, 29
168, 64
169, 15
170, 26
171, 29
172, 3
173, 1
174, 48
175, 53
176, 35
177, 13
178, 33
179, 20
180, 1
181, 35
182, 40
183, 21
184, 1
185, 41
186, 37
187, 11
188, 5
189, 1
190, 79
191, 69
192, 19
193, 5
194, 1
195, 58
196, 25
197, 21
198, 11
199, 5
200, 1
201, 31
202, 50
203, 50
204, 35
205, 35
206, 34
207, 36
208, 1
209, 41
210, 37
211, 25
212, 14
213, 1
214, 64
215, 108
216, 36
217, 39
218, 65
219, 1
220, 24
221, 71
222, 17
223, 1
224, 58
225, 68
226, 1
227, 47
228, 47
229, 38
230, 14
231, 11
232, 8
233, 5
234, 1
235, 33
236, 18
237, 3
238, 1
239, 16
240, 49
241, 73
242, 1
243, 54
244, 18
245, 1
246, 28
247, 30
248, 6
249, 1
250, 24
251, 1
252, 63
253, 62
254, 57
255, 33
256, 46
257, 6
258, 1
259, 47
260, 43
261, 6
262, 1
263, 31
264, 33
265, 47
266, 6
267, 1
268, 32
269, 75
270, 90
271, 46
272, 69
273, 6
274, 1
275, 36
276, 16
277, 28
278, 23
279, 8
280, 19
281, 6
282, 1
283, 36
284, 15
285, 1
286, 28
287, 88
288, 81
289, 95
290, 23
291, 8
292, 1
293, 12
294, 56
295, 33
296, 48
297, 73
298, 26
299, 11
300, 22
301, 70
302, 23
303, 8
304, 1
305, 23
306, 75
307, 31
308, 30
309, 44
310, 11
311, 8
312, 1
313, 64
314, 58
315, 28
316, 1
317, 59
318, 6
319, 1
320, 27
321, 27
322, 26
323, 8
324, 68
325, 56
326, 21
327, 6
328, 1
329, 45
330, 52
331, 94
332, 34
333, 43
334, 51
335, 67
336, 42
337, 51
338, 51
339, 22
340, 8
341, 6
342, 1
343, 68
344, 59
345, 35
346, 83
347, 6
348, 1
349, 38
350, 82
351, 6
352, 1
353, 38
354, 43
355, 17
356, 16
357, 30
358, 39
359, 1
360, 20
361, 26
362, 40
363, 57
364, 1
365, 40
366, 25
367, 17
368, 14
369, 18
370, 31
371, 57
372, 1
373, 40
374, 25
375, 17
376, 14
377, 11
378, 1
379, 63
380, 15
381, 26
382, 40
383, 63
384, 1
385, 40
386, 25
387, 17
388, 14
389, 18
390, 31
391, 63
392, 1
393, 40
394, 25
395, 17
396, 14
397, 11
398, 8
399, 1
400, 18
401, 6
402, 1
403, 33
404, 28
405, 28
406, 14
407, 45
408, 6
409, 1
410, 41
411, 41
412, 31
413, 1
414, 27
415, 45
416, 31
417, 41
418, 29
419, 15
420, 18
421, 35
422, 11
423, 8
424, 1
425, 18
426, 6
427, 1
428, 39
429, 15
430, 1
431, 19
432, 26
433, 49
434, 11
435, 1
436, 27
437, 57
438, 1
439, 34
440, 47
441, 51
442, 25
443, 14
444, 11
445, 8
446, 1
447, 17
448, 6
449, 1
450, 38
451, 32
452, 16
453, 27
454, 1
455, 26
456, 39
457, 8
458, 1
459, 23
460, 95
461, 27
462, 45
463, 42
464, 11
465, 8
466, 1
467, 24
468, 1
469, 20
470, 6
471, 1
472, 47
473, 27
474, 23
475, 16
476, 32
477, 35
478, 1
479, 53
480, 42
481, 34
482, 55
483, 53
484, 40
485, 11
486, 8
487, 1
488, 22
489, 6
490, 1
491, 37
492, 43
493, 17
494, 16
495, 32
496, 41
497, 19
498, 1
499, 81
500, 23
501, 37
502, 52
503, 1
504, 35
505, 34
506, 14
507, 11
508, 1
509, 45
510, 15
511, 30
512, 52
513, 1
514, 35
515, 34
516, 14
517, 11
518, 8
519, 1
520, 35
521, 38
522, 6
523, 1
524, 40
525, 12
526, 1
527, 70
528, 17
529, 36
530, 28
531, 1
532, 43
533, 30
534, 23
535, 19
536, 8
537, 1
538, 69
539, 69
540, 40
541, 27
542, 8
543, 1
544, 24
545, 41
546, 27
547, 85
548, 9
549, 1
550, 94
551, 55
552, 1
553, 20
554, 6
555, 1
556, 21
557, 30
558, 6
559, 1
560, 73
561, 45
562, 20
563, 4
564, 1
565, 31
566, 108
567, 63
568, 4
569, 1
570, 30
571, 28
572, 33
573, 1
574, 58
575, 20
576, 5
577, 1
578, 41
579, 19
580, 5
581, 1
582, 46
583, 73
584, 2
585, 13
586, 4
587, 39
588, 24
589, 3
590, 65
591, 34
592, 29
593, 3
594, 20
595, 4
596, 22
597, 1
598, 7
599, 12
600, 9
601, 12
602, 10
603, 13
604, 12
605, 11
606, 21
607, 14
608, 17
609, 1
610, 26
611, 16
612, 13
613, 12
614, 19
615, 14
616, 18
617, 12
618, 13
619, 1
620, 29
621, 39
622, 35
623, 16
624, 13
625, 31
626, 31
627, 34
628, 34
629, 23
630, 30
631, 8
632, 16
633, 6
634, 1
635, 32
636, 36
637, 27
638, 1
639, 23
640, 33
641, 13
642, 18
643, 27
644, 20
645, 22
646, 63
647, 47
648, 17
649, 28
650, 31
651, 35
652, 22
653, 11
654, 8
655, 17
656, 6
657, 1
658, 140
659, 1
660, 26
661, 1
662, 76
663, 39
664, 51
665, 59
666, 1
667, 51
668, 108
669, 82
670, 56
671, 1
672, 79
673, 86
674, 30
675, 37
676, 100
677, 102
678, 14
679, 1
680, 53
681, 96
682, 55
683, 64
684, 31
685, 57
686, 38
687, 13
688, 16
689, 1
690, 113
691, 100
692, 1
693, 70
694, 101
695, 1
696, 100
697, 1
698, 36
699, 55
700, 1
701, 17
702, 59
703, 64
704, 80
705, 46
706, 45
707, 99
708, 84
709, 54
710, 59
711, 49
712, 50
713, 106
714, 82
715, 6
716, 1
717, 52
718, 23
719, 1
720, 39
721, 1
722, 64
723, 52
724, 1
725, 22
726, 22
727, 1
728, 77
729, 100
730, 59
731, 43
732, 33
733, 29
734, 62
735, 50
736, 19
737, 20
738, 29
739, 52
740, 61
741, 79
742, 6
743, 1
744, 42
745, 6
746, 15
747, 53
748, 30
749, 6
750, 27
751, 41
752, 51
753, 16
754, 32
755, 1
756, 36
757, 32
758, 55
759, 10
760, 1
761, 23
762, 35
763, 32
764, 32
765, 19
766, 40
767, 47
768, 32
769, 8
770, 6
771, 2
772, 1
773, 54
774, 33
775, 18
776, 52
777, 1
778, 87
779, 30
780, 5
781, 1
782, 34
783, 28
784, 1
785, 54
786, 22
787, 5
788, 1
789, 66
790, 17
791, 5
792, 1
793, 36
794, 1
795, 19
796, 53
797, 36
798, 33
799, 36
800, 51
801, 72
802, 74
803, 48
804, 78
805, 43
806, 41
807, 43
808, 37
809, 20
810, 24
811, 34
812, 17
813, 21
814, 44
815, 99
816, 65
817, 40
818, 34
819, 17
820, 14
821, 1
822, 36
823, 34
824, 77
825, 28
826, 1
827, 39
828, 108
829, 72
830, 28
831, 11
832, 8
833, 1
834, 18
835, 74
836, 30
837, 31
838, 51
839, 1
840, 58
841, 74
842, 82
843, 49
844, 80
845, 43
846, 1
847, 56
848, 53
849, 21
850, 50
851, 14
852, 41
853, 1
854, 31
855, 28
856, 58
857, 14
858, 100
859, 44
860, 11
861, 1
862, 30
863, 18
864, 36
865, 61
866, 18
867, 31
868, 32
869, 24
870, 29
871, 49
872, 17
873, 14
874, 11
875, 8
876, 5
877, 1
878, 17
879, 77
880, 2
881, 1
882, 4
883, 43
884, 95
885, 98
886, 31
887, 4
888, 25
889, 18
890, 1
891, 34
892, 94
893, 57
894, 46
895, 39
896, 8
897, 43
898, 5
899, 17
900, 2
901, 1
902, 4
903, 45
904, 45
905, 4
906, 30
907, 25
908, 14
909, 2
910, 1
911, 4
912, 36
913, 76
914, 4
915, 24
916, 44
917, 1
918, 9
919, 26
920, 17
921, 20
922, 15
923, 43
924, 30
925, 44
926, 8
927, 30
928, 18
929, 5
930, 2
931, 1
932, 4
933, 56
934, 59
935, 61
936, 4
937, 39
938, 31
939, 24
940, 1
941, 19
942, 43
943, 5
944, 2
945, 1
946, 4
947, 41
948, 22
949, 22
950, 88
951, 4
952, 32
953, 21
954, 60
955, 46
956, 45
957, 1
958, 52
959, 17
960, 19
961, 5
962, 1
963, 27
964, 16
965, 42
966, 28
967, 23
968, 11
969, 8
970, 5
971, 1
972, 22
973, 2
974, 1
975, 4
976, 56
977, 24
978, 4
979, 37
980, 29
981, 46
982, 53
983, 6
984, 2
985, 1
986, 4
987, 52
988, 24
989, 4
990, 38
991, 29
992, 46
993, 76
994, 6
995, 2
996, 1
997, 4
998, 56
999, 24
1000, 4
1001, 40
1002, 46
1003, 28
1004, 54
1005, 16
1006, 60
1007, 37
1008, 1
1009, 58
1010, 25
1011, 51
1012, 50
1013, 14
1014, 11
1015, 10
1016, 7
1017, 2
1018, 1
1019, 4
1020, 50
1021, 36
1022, 91
1023, 4
1024, 34
1025, 86
1026, 2
1027, 1
1028, 39
1029, 31
1030, 1
1031, 4
1032, 21
1033, 57
1034, 59
1035, 4
1036, 42
1037, 71
1038, 46
1039, 79
1040, 73
1041, 3
1042, 1
1043, 4
1044, 70
1045, 90
1046, 50
1047, 4
1048, 54
1049, 19
1050, 62
1051, 32
1052, 1
1053, 62
1054, 75
1055, 23
1056, 5
1057, 1
1058, 23
1059, 19
1060, 34
1061, 1
1062, 20
1063, 35
1064, 1
1065, 20
1066, 93
1067, 100
1068, 80
1069, 44
1070, 60
1071, 39
1072, 57
1073, 27
1074, 21
1075, 41
1076, 54
1077, 27
1078, 13
1079, 8
1080, 5
1081, 1
1082, 17
1083, 77
1084, 1
1085, 20
1086, 101
1087, 49
1088, 27
1089, 45
1090, 7
1091, 1
1092, 23
1093, 77
1094, 1
1095, 63
1096, 59
1097, 48
1098, 52
1099, 7
1100, 1
1101, 53
1102, 107
1103, 70
1104, 1
1105, 27
1106, 34
1107, 38
1108, 27
1109, 57
1110, 59
1111, 7
1112, 1
1113, 21
1114, 55
1115, 81
1116, 49
1117, 46
1118, 47
1119, 81
1120, 7
1121, 1
1122, 25
1123, 28
1124, 50
1125, 83
1126, 50
1127, 69
1128, 62
1129, 51
1130, 11
1131, 9
1132, 43
1133, 58
1134, 35
1135, 55
1136, 12
1137, 9
1138, 12
1139, 24
1140, 59
1141, 30
1142, 1
1143, 44
1144, 58
1145, 35
1146, 101
1147, 50
1148, 12
1149, 9
1150, 5
1151, 1
1152, 10
1153, 53
1154, 33
1155, 71
1156, 56
1157, 11
1158, 10
1159, 33
1160, 19
1161, 22
1162, 19
1163, 59
1164, 1
1165, 41
1166, 30
1167, 46
1168, 44
1169, 36
1170, 17
1171, 14
1172, 1
1173, 24
1174, 11
1175, 25
1176, 9
1177, 1
1178, 12
1179, 91
1180, 88
1181, 61
1182, 8
1183, 6
1184, 1
1185, 26
1186, 77
1187, 1
1188, 38
1189, 1
1190, 72
1191, 23
1192, 1
1193, 54
1194, 67
1195, 65
1196, 81
1197, 46
1198, 19
1199, 1
1200, 65
1201, 25
1202, 50
1203, 31
1204, 53
1205, 61
1206, 49
1207, 48
1208, 48
1209, 90
1210, 1
1211, 41
1212, 80
1213, 77
1214, 87
1215, 67
1216, 70
1217, 11
1218, 1
1219, 25
1220, 69
1221, 61
1222, 82
1223, 11
1224, 1
1225, 75
1226, 75
1227, 63
1228, 59
1229, 40
1230, 11
1231, 10
1232, 1
1233, 31
1234, 43
1235, 85
1236, 49
1237, 49
1238, 63
1239, 1
1240, 25
1241, 55
1242, 58
1243, 67
1244, 11
1245, 1
1246, 96
1247, 63
1248, 59
1249, 55
1250, 11
1251, 1
1252, 69
1253, 39
1254, 33
1255, 10
1256, 5
1257, 1
1258, 79
1259, 39
1260, 36
1261, 34
1262, 40
1263, 1
1264, 31
1265, 64
1266, 42
1267, 65
1268, 1
1269, 47
1270, 56
1271, 43
1272, 46
1273, 10
1274, 5
1275, 1
1276, 70
1277, 82
1278, 1
1279, 15
1280, 77
1281, 65
1282, 1
1283, 31
1284, 59
1285, 48
1286, 63
1287, 25
1288, 63
1289, 37
1290, 64
1291, 29
1292, 39
1293, 82
1294, 13
1295, 10
1296, 25
1297, 20
1298, 43
1299, 32
1300, 31
1301, 17
1302, 14
1303, 11
1304, 23
1305, 9
1306, 1
1307, 14
1308, 77
1309, 1
1310, 29
1311, 28
1312, 22
1313, 1
1314, 36
1315, 23
1316, 30
1317, 19
1318, 8
1319, 1
1320, 80
1321, 77
1322, 23
1323, 25
1324, 8
1325, 1
1326, 71
1327, 72
1328, 42
1329, 1
1330, 52
1331, 12
1332, 1
1333, 28
1334, 26
1335, 83
1336, 1
1337, 79
1338, 93
1339, 23
1340, 11
1341, 93
1342, 22
1343, 11
1344, 1
1345, 36
1346, 28
1347, 78
1348, 15
1349, 8
1350, 1
1351, 35
1352, 7
1353, 22
1354, 47
1355, 23
1356, 30
1357, 19
1358, 8
1359, 1
1360, 15
1361, 16
1362, 29
1363, 29
1364, 21
1365, 21
1366, 1
1367, 63
1368, 28
1369, 33
1370, 28
1371, 23
1372, 22
1373, 24
1374, 78
1375, 15
1376, 1
1377, 60
1378, 34
1379, 38
1380, 8
1381, 1
1382, 72
1383, 15
1384, 41
1385, 28
1386, 8
1387, 15
1388, 41
1389, 28
1390, 8
1391, 1
1392, 54
1393, 34
1394, 14
1395, 8
1396, 1
1397, 17
1398, 67
1399, 40
1400, 1
1401, 55
1402, 39
1403, 38
1404, 12
1405, 6
1406, 1
1407, 15
1408, 3
1409, 1
1410, 46
1411, 48
1412, 3
1413, 1
1414, 50
1415, 34
1416, 56
1417, 27
1418, 5
1419, 1
1420, 52
1421, 54
1422, 1
1423, 53
1424, 59
1425, 56
1426, 1
1427, 12
1428, 47
1429, 1
1430, 71
1431, 50
1432, 75
1433, 35
1434, 66
1435, 24
1436, 11
1437, 20
1438, 5
1439, 1
1440, 63
1441, 3
1442, 1
1443, 46
1444, 34
1445, 62
1446, 30
1447, 5
1448, 37
1449, 3
1450, 1
1451, 39
1452, 34
1453, 56
1454, 27
1455, 5
1456, 1
1457, 51
1458, 73
1459, 71
1460, 45
1461, 20
1462, 1
1463, 30
1464, 12
1465, 46
1466, 37
1467, 64
1468, 24
1469, 18
1470, 3
1471, 1
1472, 33
1473, 71
1474, 3
1475, 1
1476, 4
1477, 44
1478, 30
1479, 4
1480, 42
1481, 13
1482, 23
1483, 13
1484, 13
1485, 1
1486, 71
1487, 45
1488, 58
1489, 30
1490, 1
1491, 25
1492, 40
1493, 40
1494, 38
1495, 11
1496, 8
1497, 22
1498, 47
1499, 8
1500, 5
1501, 1
1502, 51
1503, 52
1504, 21
1505, 1
1506, 19
1507, 3
1508, 1
1509, 4
1510, 75
1511, 31
1512, 4
1513, 46
1514, 13
1515, 16
1516, 13
1517, 32
1518, 1
1519, 22
1520, 57
1521, 37
1522, 42
1523, 33
1524, 8
1525, 71
1526, 38
1527, 78
1528, 52
1529, 34
1530, 15
1531, 34
1532, 73
1533, 36
1534, 11
1535, 8
1536, 52
1537, 29
1538, 5
1539, 61
1540, 1
1541, 15
1542, 3
1543, 1
1544, 28
1545, 1
1546, 34
1547, 20
1548, 1
1549, 31
1550, 1
1551, 21
1552, 1
1553, 19
1554, 1
1555, 13
1556, 1
1557, 15
1558, 47
1559, 34
1560, 52
1561, 38
1562, 6
1563, 1
1564, 16
1565, 34
1566, 62
1567, 1
1568, 72
1569, 96
1570, 1
1571, 36
1572, 45
1573, 11
1574, 1
1575, 37
1576, 9
1577, 1
1578, 35
1579, 44
1580, 34
1581, 35
1582, 57
1583, 57
1584, 35
1585, 32
1586, 34
1587, 31
1588, 12
1589, 44
1590, 1
1591, 51
1592, 39
1593, 31
1594, 41
1595, 14
1596, 1
1597, 64
1598, 65
1599, 119
1600, 75
1601, 1
1602, 43
1603, 34
1604, 38
1605, 11
1606, 1
1607, 23
1608, 9
1609, 1
1610, 36
1611, 21
1612, 46
1613, 1
1614, 54
1615, 25
1616, 11
1617, 1
1618, 42
1619, 27
1620, 51
1621, 1
1622, 60
1623, 61
1624, 54
1625, 53
1626, 55
1627, 95
1628, 1
1629, 42
1630, 52
1631, 52
1632, 11
1633, 1
1634, 88
1635, 37
1636, 8
1637, 6
1638, 1
1639, 13
1640, 1
1641, 44
1642, 88
1643, 43
1644, 42
1645, 31
1646, 81
1647, 15
1648, 9
1649, 1
1650, 39
1651, 54
1652, 1
1653, 27
1654, 105
1655, 54
1656, 173
1657, 16
1658, 9
1659, 1
1660, 50
1661, 35
1662, 52
1663, 1
1664, 36
1665, 41
1666, 14
1667, 31
1668, 28
1669, 14
1670, 1
1671, 26
1672, 1
1673, 57
1674, 54
1675, 76
1676, 75
1677, 86
1678, 82
1679, 109
1680, 22
1681, 12
1682, 9
1683, 1
1684, 63
1685, 52
1686, 51
1687, 41
1688, 1
1689, 44
1690, 1
1691, 38
1692, 31
1693, 41
1694, 16
1695, 1
1696, 45
1697, 68
1698, 80
1699, 44
1700, 64
1701, 46
1702, 1
1703, 31
1704, 1
1705, 56
1706, 34
1707, 37
1708, 37
1709, 57
1710, 104
1711, 44
1712, 29
1713, 26
1714, 85
1715, 82
1716, 23
1717, 34
1718, 20
1719, 1
1720, 78
1721, 1
1722, 75
1723, 47
1724, 67
1725, 81
1726, 55
1727, 67
1728, 62
1729, 73
1730, 1
1731, 75
1732, 1
1733, 69
1734, 67
1735, 1
1736, 75
1737, 80
1738, 78
1739, 34
1740, 26
1741, 23
1742, 1
1743, 70
1744, 132
1745, 38
1746, 1
1747, 94
1748, 27
1749, 81
1750, 75
1751, 67
1752, 1
1753, 115
1754, 74
1755, 45
1756, 103
1757, 29
1758, 1
1759, 50
1760, 37
1761, 29
1762, 26
1763, 23
1764, 20
1765, 1
1766, 75
1767, 32
1768, 88
1769, 17
1770, 15
1771, 9
1772, 1
1773, 47
1774, 52
1775, 59
1776, 99
1777, 59
1778, 19
1779, 86
1780, 64
1781, 1
1782, 59
1783, 63
1784, 32
1785, 32
1786, 35
1787, 11
1788, 1
1789, 52
1790, 32
1791, 53
1792, 76
1793, 56
1794, 27
1795, 53
1796, 41
1797, 34
1798, 61
1799, 69
1800, 20
1801, 20
1802, 34
1803, 46
1804, 18
1805, 11
1806, 1
1807, 20
1808, 8
1809, 6
1810, 1
1811, 14
1812, 37
1813, 49
1814, 48
1815, 51
1816, 34
1817, 25
1818, 26
1819, 66
1820, 1
1821, 37
1822, 67
1823, 25
1824, 62
1825, 35
1826, 1
1827, 56
1828, 31
1829, 49
1830, 53
1831, 20
1832, 17
1833, 17
1834, 45
1835, 32
1836, 53
1837, 38
1838, 15
1839, 10
1840, 1
1841, 49
1842, 35
1843, 56
1844, 12
1845, 10
1846, 1
1847, 50
1848, 35
1849, 99
1850, 12
1851, 10
1852, 1
1853, 66
1854, 57
1855, 42
1856, 73
1857, 97
1858, 70
1859, 53
1860, 47
1861, 50
1862, 48
1863, 57
1864, 11
1865, 68
1866, 35
1867, 26
1868, 17
1869, 49
1870, 30
1871, 82
1872, 1
1873, 53
1874, 84
1875, 17
1876, 73
1877, 26
1878, 12
1879, 10
1880, 1
1881, 23
1882, 35
1883, 61
1884, 53
1885, 9
1886, 1
1887, 33
1888, 34
1889, 9
1890, 1
1891, 34
1892, 144
1893, 9
1894, 1
1895, 28
1896, 36
1897, 41
1898, 9
1899, 1
1900, 37
1901, 40
1902, 9
1903, 1
1904, 36
1905, 79
1906, 75
1907, 53
1908, 104
1909, 9
1910, 1
1911, 37
1912, 62
1913, 44
1914, 34
1915, 43
1916, 11
1917, 1
1918, 40
1919, 9
1920, 1
1921, 18
1922, 34
1923, 57
1924, 98
1925, 78
1926, 80
1927, 73
1928, 39
1929, 29
1930, 14
1931, 11
1932, 22
1933, 9
1934, 1
1935, 35
1936, 48
1937, 9
1938, 1
1939, 29
1940, 35
1941, 47
1942, 9
1943, 1
1944, 34
1945, 47
1946, 9
1947, 1
1948, 35
1949, 49
1950, 81
1951, 9
1952, 1
1953, 33
1954, 19
1955, 59
1956, 36
1957, 1
1958, 29
1959, 92
1960, 93
1961, 9
1962, 1
1963, 32
1964, 51
1965, 23
1966, 10
1967, 1
1968, 72
1969, 32
1970, 10
1971, 1
1972, 80
1973, 65
1974, 10
1975, 1
1976, 72
1977, 20
1978, 40
1979, 36
1980, 11
1981, 30
1982, 10
1983, 1
1984, 71
1985, 20
1986, 40
1987, 36
1988, 11
1989, 30
1990, 10
1991, 1
1992, 80
1993, 62
1994, 31
1995, 36
1996, 11
1997, 30
1998, 10
1999, 1
2000, 80
2001, 62
2002, 35
2003, 36
2004, 11
2005, 30
2006, 9
2007, 5
2008, 3
2009, 1
2010, 42
2011, 1
2012, 33
2013, 88
2014, 47
2015, 2
2016, 45
2017, 48
2018, 2
2019, 1
2020, 40
2021, 25
2022, 52
2023, 36
2024, 1
2025, 63
2026, 37
2027, 33
2028, 45
2029, 1
2030, 19
2031, 48
2032, 5
2033, 1
2034, 21
2035, 16
2036, 32
2037, 1
2038, 21
2039, 1
2040, 29
2041, 58
2042, 24
2043, 54
2044, 61
2045, 11
2046, 39
2047, 8
2048, 1
2049, 23
2050, 1
2051, 21
2052, 52
2053, 34
2054, 23
2055, 28
2056, 52
2057, 49
2058, 13
2059, 48
2060, 8
2061, 1
2062, 17
2063, 36
2064, 83
2065, 55
2066, 37
2067, 26
2068, 31
2069, 27
2070, 30
2071, 16
2072, 51
2073, 11
2074, 8
2075, 1
2076, 24
2077, 16
2078, 8
2079, 5
2080, 1
2081, 46
2082, 28
2083, 49
2084, 22
2085, 21
2086, 14
2087, 36
2088, 29
2089, 52
2090, 3
2091, 1
2092, 32
2093, 14
2094, 27
2095, 21
2096, 28
2097, 35
2098, 5
2099, 20
2100, 2
2101, 1
2102, 54
2103, 29
2104, 55
2105, 25
2106, 1
2107, 29
2108, 58
2109, 39
2110, 42
2111, 61
2112, 53
2113, 14
2114, 11
2115, 10
2116, 1
2117, 55
2118, 39
2119, 35
2120, 46
2121, 1
2122, 93
2123, 22
2124, 45
2125, 64
2126, 57
2127, 34
2128, 20
2129, 17
2130, 14
2131, 18
2132, 45
2133, 64
2134, 74
2135, 57
2136, 81
2137, 1
2138, 90
2139, 61
2140, 27
2141, 86
2142, 51
2143, 1
2144, 88
2145, 78
2146, 37
2147, 23
2148, 20
2149, 17
2150, 14
2151, 11
2152, 9
2153, 2
2154, 1
2155, 38
2156, 32
2157, 39
2158, 34
2159, 25
2160, 56
2161, 29
2162, 14
2163, 11
2164, 22
2165, 10
2166, 19
2167, 2
2168, 1
2169, 59
2170, 14
2171, 29
2172, 28
2173, 48
2174, 5
2175, 19
2176, 2
2177, 1
2178, 60
2179, 13
2180, 25
2181, 13
2182, 30
2183, 28
2184, 1
2185, 28
2186, 37
2187, 58
2188, 39
2189, 28
2190, 30
2191, 14
2192, 11
2193, 8
2194, 5
2195, 1
2196, 24
2197, 2
2198, 1
2199, 92
2200, 49
2201, 45
2202, 5
2203, 49
2204, 59
2205, 5
2206, 65
2207, 25
2208, 22
2209, 23
2210, 39
2211, 1
2212, 54
2213, 108
2214, 1
2215, 94
2216, 58
2217, 65
2218, 19
2219, 1
2220, 32
2221, 105
2222, 77
2223, 1
2224, 58
2225, 20
2226, 1
2227, 52
2228, 25
2229, 23
2230, 1
2231, 30
2232, 23
2233, 57
2234, 8
2235, 1
2236, 26
2237, 26
2238, 49
2239, 47
2240, 1
2241, 71
2242, 26
2243, 25
2244, 38
2245, 77
2246, 14
2247, 11
2248, 8
2249, 1
2250, 20
2251, 42
2252, 32
2253, 100
2254, 26
2255, 38
2256, 31
2257, 50
2258, 78
2259, 57
2260, 20
2261, 17
2262, 65
2263, 14
2264, 1
2265, 84
2266, 35
2267, 28
2268, 46
2269, 88
2270, 1
2271, 56
2272, 17
2273, 14
2274, 11
2275, 1
2276, 64
2277, 15
2278, 32
2279, 37
2280, 69
2281, 26
2282, 12
2283, 29
2284, 58
2285, 18
2286, 47
2287, 11
2288, 8
2289, 7
2290, 2
2291, 1
2292, 39
2293, 33
2294, 27
2295, 57
2296, 64
2297, 35
2298, 1
2299, 96
2300, 55
2301, 39
2302, 35
2303, 58
2304, 57
2305, 35
2306, 52
2307, 85
2308, 48
2309, 52
2310, 56
2311, 11
2312, 1
2313, 28
2314, 59
2315, 76
2316, 15
2317, 83
2318, 1
2319, 60
2320, 37
2321, 76
2322, 21
2323, 37
2324, 56
2325, 25
2326, 17
2327, 14
2328, 31
2329, 52
2330, 36
2331, 108
2332, 102
2333, 41
2334, 24
2335, 67
2336, 77
2337, 47
2338, 15
2339, 11
2340, 35
2341, 8
2342, 5
2343, 1
2344, 38
2345, 2
2346, 1
2347, 68
2348, 39
2349, 46
2350, 74
2351, 31
2352, 30
2353, 21
2354, 36
2355, 29
2356, 46
2357, 77
2358, 77
2359, 69
2360, 91
2361, 32
2362, 1
2363, 28
2364, 64
2365, 11
2366, 1
2367, 69
2368, 92
2369, 34
2370, 98
2371, 65
2372, 39
2373, 22
2374, 60
2375, 57
2376, 43
2377, 28
2378, 20
2379, 17
2380, 34
2381, 43
2382, 17
2383, 14
2384, 1
2385, 56
2386, 27
2387, 68
2388, 50
2389, 34
2390, 17
2391, 1
2392, 71
2393, 29
2394, 42
2395, 17
2396, 14
2397, 11
2398, 1
2399, 52
2400, 28
2401, 46
2402, 19
2403, 53
2404, 63
2405, 14
2406, 1
2407, 26
2408, 80
2409, 41
2410, 34
2411, 63
2412, 61
2413, 23
2414, 20
2415, 17
2416, 1
2417, 78
2418, 52
2419, 14
2420, 1
2421, 38
2422, 47
2423, 1
2424, 94
2425, 64
2426, 61
2427, 1
2428, 45
2429, 14
2430, 11
2431, 1
2432, 64
2433, 28
2434, 37
2435, 46
2436, 11
2437, 1
2438, 27
2439, 9
2440, 1
2441, 18
2442, 37
2443, 20
2444, 2
2445, 1
2446, 81
2447, 10
2448, 24
2449, 28
2450, 48
2451, 1
2452, 20
2453, 91
2454, 22
2455, 39
2456, 8
2457, 24
2458, 22
2459, 49
2460, 36
2461, 40
2462, 18
2463, 44
2464, 11
2465, 8
2466, 1
2467, 37
2468, 100
2469, 1
2470, 40
2471, 34
2472, 5
2473, 18
2474, 3
2475, 1
2476, 4
2477, 68
2478, 23
2479, 66
2480, 48
2481, 28
2482, 28
2483, 60
2484, 4
2485, 72
2486, 37
2487, 61
2488, 79
2489, 1
2490, 28
2491, 1
2492, 72
2493, 31
2494, 1
2495, 75
2496, 47
2497, 69
2498, 75
2499, 48
2500, 1
2501, 108
2502, 27
2503, 28
2504, 1
2505, 80
2506, 34
2507, 42
2508, 11
2509, 1
2510, 67
2511, 8
2512, 1
2513, 53
2514, 74
2515, 22
2516, 28
2517, 1
2518, 41
2519, 55
2520, 19
2521, 11
2522, 45
2523, 73
2524, 31
2525, 65
2526, 95
2527, 19
2528, 1
2529, 76
2530, 38
2531, 63
2532, 34
2533, 47
2534, 34
2535, 17
2536, 1
2537, 22
2538, 14
2539, 11
2540, 8
2541, 5
2542, 1
2543, 70
2544, 80
2545, 47
2546, 12
2547, 15
2548, 23
2549, 15
2550, 80
2551, 6
2552, 19
2553, 3
2554, 1
2555, 24
2556, 1
2557, 18
2558, 79
2559, 1
2560, 22
2561, 77
2562, 43
2563, 1
2564, 43
2565, 15
2566, 1
2567, 72
2568, 52
2569, 49
2570, 49
2571, 77
2572, 4
2573, 1
2574, 17
2575, 46
2576, 68
2577, 31
2578, 39
2579, 56
2580, 7
2581, 72
2582, 22
2583, 82
2584, 8
2585, 7
2586, 2
2587, 1
2588, 17
2589, 54
2590, 54
2591, 31
2592, 47
2593, 57
2594, 7
2595, 55
2596, 65
2597, 35
2598, 8
2599, 7
2600, 2
2601, 1
2602, 17
2603, 65
2604, 31
2605, 48
2606, 7
2607, 56
2608, 15
2609, 22
2610, 61
2611, 72
2612, 27
2613, 18
2614, 8
2615, 7
2616, 2
2617, 1
2618, 15
2619, 1
2620, 14
2621, 1
2622, 1
2623, 1
2624, 22
2625, 32
2626, 40
2627, 35
2628, 30
2629, 32
2630, 35
2631, 1
2632, 1
2633, 1
2634, 52
2635, 1
2636, 49
2637, 1
2638, 1
2639, 1
2640, 34
2641, 1
2642, 60
2643, 46
2644, 43
2645, 58
2646, 28
2647, 59
2648, 10
2649, 1
2650, 5
2651, 1
2652, 31
2653, 55
2654, 48
2655, 10
2656, 1
2657, 5
2658, 1
2659, 42
2660, 43
2661, 59
2662, 8
2663, 1
2664, 56
2665, 5
2666, 1
2667, 52
2668, 65
2669, 7
2670, 2
2671, 1
2672, 47
2673, 26
2674, 1
2675, 16
2676, 35
2677, 5
2678, 1
2679, 54
2680, 66
2681, 72
2682, 37
2683, 11
2684, 3
2685, 1
2686, 19
2687, 32
2688, 13
2689, 19
2690, 22
2691, 28
2692, 1
2693, 44
2694, 71
2695, 42
2696, 59
2697, 31
2698, 17
2699, 14
2700, 15
2701, 8
2702, 1
2703, 36
2704, 50
2705, 8
2706, 1
2707, 85
2708, 68
2709, 80
2710, 18
2711, 6
2712, 34
2713, 68
2714, 6
2715, 31
2716, 67
2717, 6
2718, 30
2719, 23
2720, 15
2721, 1
2722, 92
2723, 83
2724, 74
2725, 33
2726, 28
2727, 15
2728, 16
2729, 5
2730, 4
2731, 1
2732, 1
2733, 30
2734, 1
2735, 1
2736, 52
2737, 16
2738, 1
2739, 74
2740, 31
2741, 1
2742, 45
2743, 71
2744, 58
2745, 55
2746, 1
2747, 59
2748, 23
2749, 1
2750, 56
2751, 25
2752, 22
2753, 8
2754, 1
2755, 29
2756, 44
2757, 119
2758, 96
2759, 46
2760, 1
2761, 18
2762, 49
2763, 11
2764, 1
2765, 68
2766, 50
2767, 1
2768, 43
2769, 30
2770, 75
2771, 1
2772, 50
2773, 84
2774, 53
2775, 28
2776, 93
2777, 23
2778, 20
2779, 1
2780, 41
2781, 87
2782, 45
2783, 80
2784, 65
2785, 59
2786, 1
2787, 59
2788, 30
2789, 62
2790, 23
2791, 20
2792, 17
2793, 1
2794, 28
2795, 1
2796, 30
2797, 21
2798, 59
2799, 1
2800, 72
2801, 65
2802, 48
2803, 69
2804, 43
2805, 48
2806, 57
2807, 20
2808, 1
2809, 86
2810, 35
2811, 34
2812, 17
2813, 1
2814, 40
2815, 41
2816, 28
2817, 14
2818, 1
2819, 36
2820, 52
2821, 63
2822, 1
2823, 37
2824, 64
2825, 18
2826, 65
2827, 11
2828, 1
2829, 31
2830, 40
2831, 44
2832, 26
2833, 22
2834, 1
2835, 29
2836, 37
2837, 52
2838, 58
2839, 43
2840, 59
2841, 32
2842, 8
2843, 1
2844, 47
2845, 44
2846, 42
2847, 8
2848, 1
2849, 49
2850, 6
2851, 1
2852, 71
2853, 28
2854, 1
2855, 32
2856, 33
2857, 1
2858, 1
2859, 53
2860, 81
2861, 24
2862, 22
2863, 22
2864, 18
2865, 17
2866, 6
2867, 1
2868, 16
2869, 39
2870, 24
2871, 28
2872, 1
2873, 121
2874, 37
2875, 33
2876, 11
2877, 25
2878, 8
2879, 22
2880, 6
2881, 1
2882, 34
2883, 18
2884, 1
2885, 39
2886, 49
2887, 25
2888, 11
2889, 8
2890, 1
2891, 16
2892, 5
2893, 4
2894, 1
2895, 19
2896, 29
2897, 13
2898, 43
2899, 31
2900, 1
2901, 38
2902, 39
2903, 57
2904, 28
2905, 14
2906, 11
2907, 10
2908, 6
2909, 1
2910, 45
2911, 15
2912, 16
2913, 26
2914, 23
2915, 82
2916, 59
2917, 15
2918, 1
2919, 29
2920, 79
2921, 46
2922, 45
2923, 37
2924, 1
2925, 52
2926, 37
2927, 67
2928, 1
2929, 36
2930, 22
2931, 14
2932, 11
2933, 8
2934, 1
2935, 88
2936, 6
2937, 1
2938, 50
2939, 34
2940, 29
2941, 1
2942, 45
2943, 21
2944, 88
2945, 8
2946, 1
2947, 27
2948, 40
2949, 59
2950, 8
2951, 1
2952, 52
2953, 29
2954, 70
2955, 47
2956, 6
2957, 1
2958, 40
2959, 29
2960, 24
2961, 68
2962, 11
2963, 9
2964, 6
2965, 1
2966, 35
2967, 42
2968, 60
2969, 9
2970, 5
2971, 4
2972, 1
2973, 31
2974, 8
2975, 24
2976, 42
2977, 1
2978, 15
2979, 2
2980, 1
2981, 14
2982, 30
2983, 36
2984, 63
2985, 6
2986, 31
2987, 47
2988, 6
2989, 46
2990, 54
2991, 6
2992, 28
2993, 45
2994, 6
2995, 28
2996, 49
2997, 6
2998, 31
2999, 48
3000, 6
3001, 31
3002, 52
3003, 6
3004, 43
3005, 55
3006, 6
3007, 43
3008, 59
3009, 6
3010, 32
3011, 75
3012, 6
3013, 32
3014, 48
3015, 6
3016, 32
3017, 49
3018, 63
3019, 46
3020, 5
3021, 26
3022, 53
3023, 47
3024, 1
3025, 44
3026, 27
3027, 8
3028, 1
3029, 56
3030, 47
3031, 8
3032, 1
3033, 31
3034, 30
3035, 44
3036, 40
3037, 11
3038, 1
3039, 60
3040, 44
3041, 33
3042, 11
3043, 8
3044, 1
3045, 36
3046, 6
3047, 4
3048, 26
3049, 1
3050, 1
3051, 1
3052, 41
3053, 23
3054, 1
3055, 82
3056, 36
3057, 46
3058, 72
3059, 29
3060, 7
3061, 18
3062, 2
3063, 1
3064, 3
3065, 58
3066, 3
3067, 79
3068, 73
3069, 3
3070, 78
3071, 27
3072, 3
3073, 21
3074, 3
3075, 90
3076, 3
3077, 89
3078, 86
3079, 42
3080, 3
3081, 94
3082, 3
3083, 69
3084, 3
3085, 4
3086, 41
3087, 1
3088, 74
3089, 32
3090, 43
3091, 64
3092, 36
3093, 1
3094, 51
3095, 14
3096, 53
3097, 14
3098, 48
3099, 13
3100, 37
3101, 20
3102, 75
3103, 19
3104, 70
3105, 19
3106, 30
3107, 17
3108, 50
3109, 35
3110, 24
3111, 32
3112, 42
3113, 23
3114, 41
3115, 26
3116, 37
3117, 24
3118, 71
3119, 104
3120, 69
3121, 22
3122, 14
3123, 11
3124, 25
3125, 23
3126, 27
3127, 37
3128, 41
3129, 17
3130, 35
3131, 26
3132, 21
3133, 31
3134, 14
3135, 11
3136, 9
3137, 33
3138, 15
3139, 68
3140, 27
3141, 26
3142, 52
3143, 40
3144, 39
3145, 58
3146, 52
3147, 50
3148, 69
3149, 45
3150, 26
3151, 76
3152, 47
3153, 36
3154, 23
3155, 22
3156, 32
3157, 57
3158, 40
3159, 31
3160, 46
3161, 56
3162, 44
3163, 38
3164, 39
3165, 34
3166, 17
3167, 14
3168, 25
3169, 12
3170, 44
3171, 30
3172, 26
3173, 60
3174, 29
3175, 82
3176, 46
3177, 46
3178, 37
3179, 55
3180, 43
3181, 26
3182, 54
3183, 42
3184, 26
3185, 23
3186, 20
3187, 19
3188, 14
3189, 25
3190, 12
3191, 54
3192, 88
3193, 31
3194, 85
3195, 12
3196, 47
3197, 29
3198, 23
3199, 30
3200, 25
3201, 12
3202, 45
3203, 31
3204, 47
3205, 25
3206, 12
3207, 28
3208, 32
3209, 26
3210, 12
3211, 47
3212, 28
3213, 31
3214, 29
3215, 31
3216, 14
3217, 25
3218, 12
3219, 26
3220, 30
3221, 27
3222, 12
3223, 68
3224, 47
3225, 49
3226, 34
3227, 69
3228, 31
3229, 38
3230, 24
3231, 32
3232, 17
3233, 14
3234, 25
3235, 12
3236, 60
3237, 28
3238, 46
3239, 25
3240, 12
3241, 76
3242, 29
3243, 28
3244, 11
3245, 9
3246, 1
3247, 16
3248, 3
3249, 1
3250, 1
3251, 16
3252, 1
3253, 32
3254, 21
3255, 64
3256, 80
3257, 79
3258, 65
3259, 12
3260, 28
3261, 21
3262, 32
3263, 29
3264, 15
3265, 33
3266, 61
3267, 28
3268, 15
3269, 65
3270, 36
3271, 61
3272, 62
3273, 73
3274, 94
3275, 55
3276, 74
3277, 83
3278, 46
3279, 56
3280, 55
3281, 60
3282, 33
3283, 139
3284, 26
3285, 25
3286, 22
3287, 30
3288, 29
3289, 15
3290, 47
3291, 77
3292, 39
3293, 77
3294, 14
3295, 12
3296, 24
3297, 1
3298, 35
3299, 35
3300, 1
3301, 35
3302, 50
3303, 32
3304, 38
3305, 1
3306, 57
3307, 41
3308, 1
3309, 25
3310, 30
3311, 34
3312, 50
3313, 36
3314, 1
3315, 74
3316, 70
3317, 11
3318, 1
3319, 50
3320, 45
3321, 92
3322, 25
3323, 12
3324, 56
3325, 10
3326, 1
3327, 37
3328, 35
3329, 1
3330, 32
3331, 20
3332, 42
3333, 8
3334, 1
3335, 19
3336, 23
3337, 6
3338, 1
3339, 22
3340, 61
3341, 17
3342, 50
3343, 40
3344, 1
3345, 50
3346, 111
3347, 1
3348, 100
3349, 71
3350, 1
3351, 65
3352, 56
3353, 39
3354, 37
3355, 85
3356, 50
3357, 59
3358, 1
3359, 46
3360, 60
3361, 17
3362, 15
3363, 12
3364, 1
3365, 60
3366, 1
3367, 74
3368, 26
3369, 47
3370, 49
3371, 48
3372, 37
3373, 91
3374, 44
3375, 75
3376, 43
3377, 82
3378, 21
3379, 28
3380, 14
3381, 11
3382, 8
3383, 1
3384, 62
3385, 26
3386, 65
3387, 8
3388, 1
3389, 33
3390, 5
3391, 4
3392, 1
3393, 1
3394, 34
3395, 15
3396, 1
3397, 35
3398, 23
3399, 38
3400, 1
3401, 16
3402, 3
3403, 1
3404, 16
3405, 63
3406, 19
3407, 1
3408, 59
3409, 39
3410, 17
3411, 1
3412, 40
3413, 33
3414, 20
3415, 29
3416, 15
3417, 31
3418, 8
3419, 6
3420, 1
3421, 35
3422, 29
3423, 1
3424, 65
3425, 67
3426, 17
3427, 8
3428, 1
3429, 95
3430, 30
3431, 44
3432, 8
3433, 1
3434, 40
3435, 29
3436, 1
3437, 75
3438, 55
3439, 17
3440, 8
3441, 1
3442, 50
3443, 53
3444, 1
3445, 40
3446, 40
3447, 55
3448, 44
3449, 8
3450, 5
3451, 4
3452, 1
3453, 4
3454, 40
3455, 4
3456, 20
3457, 38
3458, 76
3459, 62
3460, 1
3461, 12
3462, 63
3463, 49
3464, 5
3465, 2
3466, 1
3467, 4
3468, 51
3469, 4
3470, 23
3471, 85
3472, 101
3473, 16
3474, 22
3475, 5
3476, 2
3477, 1
3478, 41
3479, 23
3480, 1
3481, 37
3482, 1
3483, 103
3484, 95
3485, 83
3486, 50
3487, 85
3488, 37
3489, 1
3490, 59
3491, 48
3492, 41
3493, 76
3494, 1
3495, 63
3496, 62
3497, 1
3498, 35
3499, 15
3500, 78
3501, 66
3502, 1
3503, 63
3504, 52
3505, 1
3506, 34
3507, 62
3508, 26
3509, 1
3510, 15
3511, 75
3512, 23
3513, 1
3514, 38
3515, 40
3516, 40
3517, 1
3518, 24
3519, 54
3520, 69
3521, 43
3522, 31
3523, 61
3524, 20
3525, 1
3526, 49
3527, 28
3528, 1
3529, 55
3530, 34
3531, 17
3532, 18
3533, 11
3534, 8
3535, 5
3536, 36
3537, 3
3538, 1
3539, 1
3540, 37
3541, 1
3542, 1
3543, 1
3544, 17
3545, 63
3546, 7
3547, 33
3548, 10
3549, 2
3550, 29
3551, 1
3552, 69
3553, 31
3554, 40
3555, 1
3556, 55
3557, 20
3558, 28
3559, 34
3560, 1
3561, 56
3562, 33
3563, 57
3564, 14
3565, 5
3566, 1
3567, 12
3568, 42
3569, 48
3570, 95
3571, 53
3572, 1
3573, 51
3574, 23
3575, 70
3576, 68
3577, 21
3578, 91
3579, 1
3580, 68
3581, 19
3582, 78
3583, 67
3584, 26
3585, 30
3586, 8
3587, 5
3588, 1
3589, 34
3590, 4
3591, 1
3592, 1
3593, 1
3594, 1
3595, 14
3596, 46
3597, 1
3598, 71
3599, 40
3600, 23
3601, 36
3602, 12
3603, 26
3604, 21
3605, 40
3606, 8
3607, 5
3608, 1
3609, 42
3610, 15
3611, 6
3612, 1
3613, 1
3614, 4
3615, 46
3616, 4
3617, 39
3618, 70
3619, 38
3620, 1
3621, 87
3622, 45
3623, 14
3624, 1
3625, 84
3626, 77
3627, 3
3628, 1
3629, 1
3630, 46
3631, 28
3632, 1
3633, 39
3634, 56
3635, 43
3636, 54
3637, 1
3638, 75
3639, 1
3640, 40
3641, 1
3642, 40
3643, 15
3644, 44
3645, 42
3646, 40
3647, 75
3648, 45
3649, 64
3650, 21
3651, 25
3652, 1
3653, 64
3654, 41
3655, 1
3656, 15
3657, 27
3658, 8
3659, 5
3660, 1
3661, 16
3662, 2
3663, 1
3664, 39
3665, 36
3666, 13
3667, 25
3668, 1
3669, 72
3670, 68
3671, 19
3672, 8
3673, 33
3674, 23
3675, 8
3676, 5
3677, 1
3678, 16
3679, 2
3680, 1
3681, 73
3682, 39
3683, 14
3684, 5
3685, 1
3686, 23
3687, 36
3688, 1
3689, 78
3690, 72
3691, 30
3692, 1
3693, 72
3694, 71
3695, 44
3696, 1
3697, 79
3698, 75
3699, 78
3700, 1
3701, 78
3702, 37
3703, 111
3704, 14
3705, 5
3706, 1
3707, 16
3708, 79
3709, 37
3710, 22
3711, 71
3712, 15
3713, 27
3714, 8
3715, 5
3716, 1
3717, 25
3718, 76
3719, 44
3720, 59
3721, 5
3722, 1
3723, 84
3724, 50
3725, 67
3726, 19
3727, 59
3728, 15
3729, 69
3730, 8
3731, 5
3732, 1
3733, 28
3734, 1
3735, 85
3736, 84
3737, 12
3738, 17
3739, 31
3740, 30
3741, 8
3742, 1
3743, 34
3744, 5
3745, 1
3746, 31
3747, 52
3748, 5
3749, 1
3750, 78
3751, 39
3752, 37
3753, 1
3754, 47
3755, 31
3756, 1
3757, 47
3758, 27
3759, 1
3760, 48
3761, 54
3762, 8
3763, 12
3764, 23
3765, 5
3766, 1
3767, 15
3768, 2
3769, 1
3770, 49
3771, 39
3772, 14
3773, 5
3774, 1
3775, 21
3776, 30
3777, 1
3778, 46
3779, 44
3780, 61
3781, 1
3782, 70
3783, 28
3784, 25
3785, 14
3786, 5
3787, 1
3788, 17
3789, 1
3790, 56
3791, 1
3792, 25
3793, 1
3794, 72
3795, 42
3796, 1
3797, 63
3798, 39
3799, 32
3800, 21
3801, 1
3802, 94
3803, 48
3804, 42
3805, 35
3806, 24
3807, 42
3808, 17
3809, 14
3810, 18
3811, 48
3812, 77
3813, 52
3814, 75
3815, 56
3816, 64
3817, 72
3818, 11
3819, 1
3820, 26
3821, 25
3822, 41
3823, 11
3824, 1
3825, 71
3826, 58
3827, 89
3828, 20
3829, 11
3830, 8
3831, 5
3832, 1
3833, 43
3834, 17
3835, 31
3836, 1
3837, 72
3838, 44
3839, 49
3840, 17
3841, 8
3842, 5
3843, 1
3844, 24
3845, 19
3846, 42
3847, 1
3848, 94
3849, 30
3850, 66
3851, 32
3852, 26
3853, 1
3854, 32
3855, 12
3856, 26
3857, 5
3858, 2
3859, 1
3860, 16
3861, 14
3862, 1
3863, 83
3864, 76
3865, 13
3866, 23
3867, 22
3868, 78
3869, 62
3870, 6
3871, 1
3872, 31
3873, 92
3874, 51
3875, 6
3876, 1
3877, 40
3878, 47
3879, 6
3880, 1
3881, 40
3882, 47
3883, 6
3884, 1
3885, 29
3886, 41
3887, 53
3888, 6
3889, 1
3890, 41
3891, 53
3892, 5
3893, 4
3894, 1
3895, 19
3896, 34
3897, 25
3898, 25
3899, 42
3900, 1
3901, 69
3902, 54
3903, 1
3904, 25
3905, 33
3906, 30
3907, 40
3908, 1
3909, 81
3910, 33
3911, 31
3912, 1
3913, 36
3914, 61
3915, 38
3916, 45
3917, 60
3918, 66
3919, 62
3920, 23
3921, 20
3922, 17
3923, 58
3924, 14
3925, 11
3926, 1
3927, 22
3928, 8
3929, 1
3930, 30
3931, 39
3932, 39
3933, 38
3934, 13
3935, 8
3936, 1
3937, 36
3938, 1
3939, 27
3940, 32
3941, 45
3942, 14
3943, 1
3944, 27
3945, 58
3946, 77
3947, 6
3948, 1
3949, 33
3950, 36
3951, 41
3952, 10
3953, 5
3954, 4
3955, 1
3956, 1
3957, 16
3958, 41
3959, 17
3960, 1
3961, 20
3962, 44
3963, 45
3964, 1
3965, 77
3966, 23
3967, 52
3968, 75
3969, 21
3970, 35
3971, 14
3972, 11
3973, 29
3974, 8
3975, 6
3976, 1
3977, 37
3978, 27
3979, 1
3980, 46
3981, 37
3982, 29
3983, 51
3984, 29
3985, 42
3986, 12
3987, 1
3988, 74
3989, 35
3990, 29
3991, 24
3992, 8
3993, 1
3994, 18
3995, 1
3996, 71
3997, 35
3998, 32
3999, 43
4000, 11
4001, 1
4002, 50
4003, 28
4004, 39
4005, 8
4006, 1
4007, 37
4008, 29
4009, 8
4010, 6
4011, 1
4012, 102
4013, 41
4014, 37
4015, 69
4016, 65
4017, 56
4018, 45
4019, 12
4020, 10
4021, 5
4022, 4
4023, 1
4024, 19
4025, 35
4026, 22
4027, 1
4028, 40
4029, 22
4030, 22
4031, 19
4032, 8
4033, 1
4034, 41
4035, 47
4036, 8
4037, 1
4038, 34
4039, 16
4040, 32
4041, 58
4042, 1
4043, 45
4044, 46
4045, 1
4046, 64
4047, 45
4048, 14
4049, 13
4050, 6
4051, 31
4052, 36
4053, 39
4054, 10
4055, 6
4056, 34
4057, 45
4058, 6
4059, 59
4060, 46
4061, 36
4062, 15
4063, 20
4064, 36
4065, 26
4066, 26
4067, 32
4068, 34
4069, 60
4070, 14
4071, 12
4072, 1
4073, 40
4074, 21
4075, 27
4076, 8
4077, 27
4078, 1
4079, 22
4080, 67
4081, 35
4082, 21
4083, 38
4084, 11
4085, 8
4086, 17
4087, 35
4088, 5
4089, 4
4090, 59
4091, 1
4092, 54
4093, 1
4094, 38
4095, 63
4096, 55
4097, 25
4098, 103
4099, 6
4100, 1
4101, 1
4102, 1
4103, 64
4104, 61
4105, 91
4106, 14
4107, 29
4108, 26
4109, 1
4110, 23
4111, 44
4112, 24
4113, 25
4114, 69
4115, 8
4116, 1
4117, 21
4118, 39
4119, 24
4120, 1
4121, 43
4122, 21
4123, 8
4124, 1
4125, 20
4126, 55
4127, 22
4128, 37
4129, 23
4130, 1
4131, 53
4132, 18
4133, 23
4134, 48
4135, 58
4136, 15
4137, 11
4138, 8
4139, 1
4140, 18
4141, 37
4142, 95
4143, 11
4144, 8
4145, 5
4146, 1
4147, 22
4148, 14
4149, 1
4150, 14
4151, 13
4152, 28
4153, 50
4154, 3
4155, 48
4156, 1
4157, 1
4158, 1
4159, 14
4160, 26
4161, 50
4162, 45
4163, 52
4164, 1
4165, 12
4166, 89
4167, 1
4168, 59
4169, 62
4170, 1
4171, 66
4172, 44
4173, 64
4174, 1
4175, 73
4176, 44
4177, 72
4178, 1
4179, 66
4180, 53
4181, 24
4182, 87
4183, 1
4184, 63
4185, 54
4186, 28
4187, 25
4188, 34
4189, 42
4190, 1
4191, 72
4192, 25
4193, 45
4194, 76
4195, 1
4196, 79
4197, 32
4198, 71
4199, 1
4200, 61
4201, 68
4202, 83
4203, 1
4204, 20
4205, 78
4206, 87
4207, 32
4208, 28
4209, 47
4210, 39
4211, 10
4212, 1
4213, 37
4214, 5
4215, 1
4216, 71
4217, 40
4218, 23
4219, 36
4220, 12
4221, 26
4222, 21
4223, 40
4224, 8
4225, 5
4226, 6
4227, 1
4228, 1
4229, 14
4230, 21
4231, 45
4232, 1
4233, 82
4234, 63
4235, 28
4236, 1
4237, 65
4238, 87
4239, 45
4240, 83
4241, 8
4242, 5
4243, 1
4244, 42
4245, 15
4246, 6
4247, 1
4248, 1
4249, 49
4250, 23
4251, 57
4252, 52
4253, 44
4254, 1
4255, 24
4256, 16
4257, 2
4258, 1
4259, 25
4260, 17
4261, 2
4262, 1
4263, 31
4264, 9
4265, 37
4266, 23
4267, 2
4268, 1
4269, 3
4270, 77
4271, 66
4272, 4
4273, 17
4274, 1
4275, 15
4276, 1
4277, 59
4278, 39
4279, 42
4280, 47
4281, 42
4282, 1
4283, 87
4284, 25
4285, 17
4286, 8
4287, 1
4288, 76
4289, 31
4290, 32
4291, 40
4292, 42
4293, 8
4294, 1
4295, 82
4296, 29
4297, 39
4298, 8
4299, 1
4300, 83
4301, 43
4302, 40
4303, 8
4304, 48
4305, 57
4306, 72
4307, 65
4308, 97
4309, 76
4310, 26
4311, 12
4312, 103
4313, 34
4314, 8
4315, 1
4316, 53
4317, 60
4318, 24
4319, 22
4320, 54
4321, 35
4322, 60
4323, 1
4324, 73
4325, 24
4326, 22
4327, 11
4328, 1
4329, 91
4330, 55
4331, 1
4332, 88
4333, 80
4334, 1
4335, 53
4336, 55
4337, 1
4338, 54
4339, 37
4340, 24
4341, 32
4342, 24
4343, 30
4344, 32
4345, 32
4346, 87
4347, 44
4348, 27
4349, 1
4350, 60
4351, 47
4352, 44
4353, 40
4354, 1
4355, 97
4356, 107
4357, 63
4358, 46
4359, 69
4360, 1
4361, 48
4362, 64
4363, 17
4364, 14
4365, 11
4366, 1
4367, 30
4368, 49
4369, 1
4370, 45
4371, 54
4372, 14
4373, 11
4374, 1
4375, 66
4376, 27
4377, 71
4378, 18
4379, 40
4380, 11
4381, 1
4382, 83
4383, 45
4384, 8
4385, 1
4386, 52
4387, 19
4388, 6
4389, 1
4390, 55
4391, 69
4392, 29
4393, 31
4394, 34
4395, 31
4396, 68
4397, 1
4398, 56
4399, 17
4400, 8
4401, 1
4402, 68
4403, 60
4404, 24
4405, 22
4406, 54
4407, 35
4408, 60
4409, 1
4410, 79
4411, 24
4412, 37
4413, 88
4414, 14
4415, 22
4416, 11
4417, 1
4418, 55
4419, 80
4420, 42
4421, 97
4422, 1
4423, 35
4424, 42
4425, 25
4426, 39
4427, 1
4428, 71
4429, 66
4430, 62
4431, 111
4432, 40
4433, 1
4434, 43
4435, 44
4436, 17
4437, 39
4438, 58
4439, 17
4440, 14
4441, 11
4442, 1
4443, 92
4444, 94
4445, 48
4446, 111
4447, 66
4448, 14
4449, 1
4450, 35
4451, 11
4452, 8
4453, 1
4454, 51
4455, 46
4456, 33
4457, 1
4458, 81
4459, 40
4460, 47
4461, 8
4462, 6
4463, 1
4464, 58
4465, 31
4466, 38
4467, 43
4468, 67
4469, 91
4470, 1
4471, 43
4472, 1
4473, 51
4474, 58
4475, 17
4476, 8
4477, 1
4478, 82
4479, 65
4480, 17
4481, 8
4482, 1
4483, 38
4484, 80
4485, 39
4486, 36
4487, 28
4488, 8
4489, 53
4490, 1
4491, 88
4492, 40
4493, 17
4494, 71
4495, 1
4496, 80
4497, 46
4498, 46
4499, 45
4500, 82
4501, 15
4502, 1
4503, 55
4504, 32
4505, 29
4506, 30
4507, 8
4508, 1
4509, 86
4510, 28
4511, 21
4512, 46
4513, 1
4514, 56
4515, 52
4516, 97
4517, 17
4518, 8
4519, 1
4520, 82
4521, 93
4522, 78
4523, 1
4524, 52
4525, 57
4526, 34
4527, 11
4528, 47
4529, 35
4530, 23
4531, 11
4532, 1
4533, 88
4534, 59
4535, 77
4536, 11
4537, 8
4538, 1
4539, 41
4540, 13
4541, 74
4542, 1
4543, 30
4544, 25
4545, 38
4546, 1
4547, 27
4548, 106
4549, 25
4550, 39
4551, 11
4552, 1
4553, 27
4554, 43
4555, 69
4556, 54
4557, 44
4558, 39
4559, 14
4560, 11
4561, 8
4562, 25
4563, 1
4564, 59
4565, 60
4566, 1
4567, 98
4568, 42
4569, 1
4570, 92
4571, 84
4572, 92
4573, 72
4574, 1
4575, 80
4576, 37
4577, 1
4578, 28
4579, 41
4580, 17
4581, 1
4582, 93
4583, 46
4584, 21
4585, 34
4586, 31
4587, 78
4588, 80
4589, 17
4590, 51
4591, 1
4592, 28
4593, 40
4594, 17
4595, 14
4596, 11
4597, 8
4598, 1
4599, 27
4600, 6
4601, 1
4602, 33
4603, 1
4604, 67
4605, 41
4606, 1
4607, 41
4608, 28
4609, 41
4610, 82
4611, 61
4612, 1
4613, 78
4614, 23
4615, 35
4616, 1
4617, 83
4618, 88
4619, 17
4620, 8
4621, 1
4622, 28
4623, 74
4624, 1
4625, 75
4626, 13
4627, 83
4628, 45
4629, 1
4630, 16
4631, 101
4632, 1
4633, 68
4634, 112
4635, 91
4636, 1
4637, 44
4638, 44
4639, 1
4640, 104
4641, 51
4642, 1
4643, 42
4644, 58
4645, 45
4646, 46
4647, 20
4648, 17
4649, 14
4650, 11
4651, 8
4652, 1
4653, 56
4654, 36
4655, 51
4656, 8
4657, 1
4658, 27
4659, 6
4660, 1
4661, 43
4662, 38
4663, 28
4664, 49
4665, 29
4666, 1
4667, 32
4668, 54
4669, 58
4670, 90
4671, 1
4672, 36
4673, 63
4674, 38
4675, 1
4676, 49
4677, 88
4678, 93
4679, 29
4680, 55
4681, 45
4682, 1
4683, 78
4684, 50
4685, 1
4686, 56
4687, 63
4688, 64
4689, 72
4690, 20
4691, 42
4692, 48
4693, 20
4694, 17
4695, 39
4696, 71
4697, 17
4698, 14
4699, 11
4700, 8
4701, 1
4702, 53
4703, 47
4704, 87
4705, 8
4706, 1
4707, 27
4708, 6
4709, 1
4710, 28
4711, 39
4712, 23
4713, 8
4714, 1
4715, 82
4716, 25
4717, 28
4718, 32
4719, 42
4720, 1
4721, 24
4722, 43
4723, 57
4724, 53
4725, 16
4726, 8
4727, 78
4728, 1
4729, 49
4730, 1
4731, 23
4732, 22
4733, 27
4734, 48
4735, 8
4736, 1
4737, 23
4738, 37
4739, 29
4740, 62
4741, 8
4742, 1
4743, 38
4744, 57
4745, 43
4746, 49
4747, 8
4748, 1
4749, 23
4750, 80
4751, 39
4752, 1
4753, 78
4754, 6
4755, 1
4756, 66
4757, 142
4758, 1
4759, 17
4760, 1
4761, 15
4762, 53
4763, 44
4764, 1
4765, 37
4766, 38
4767, 92
4768, 11
4769, 1
4770, 23
4771, 8
4772, 6
4773, 1
4774, 17
4775, 124
4776, 44
4777, 34
4778, 38
4779, 48
4780, 1
4781, 65
4782, 66
4783, 63
4784, 44
4785, 34
4786, 1
4787, 164
4788, 164
4789, 11
4790, 1
4791, 44
4792, 54
4793, 99
4794, 11
4795, 1
4796, 71
4797, 60
4798, 55
4799, 92
4800, 11
4801, 1
4802, 23
4803, 8
4804, 6
4805, 1
4806, 14
4807, 14
4808, 77
4809, 24
4810, 9
4811, 15
4812, 76
4813, 31
4814, 64
4815, 21
4816, 32
4817, 32
4818, 31
4819, 35
4820, 77
4821, 53
4822, 17
4823, 14
4824, 12
4825, 33
4826, 9
4827, 14
4828, 31
4829, 63
4830, 28
4831, 29
4832, 14
4833, 12
4834, 34
4835, 9
4836, 15
4837, 75
4838, 31
4839, 96
4840, 29
4841, 29
4842, 14
4843, 12
4844, 1
4845, 79
4846, 39
4847, 57
4848, 11
4849, 9
4850, 1
4851, 22
4852, 43
4853, 1
4854, 36
4855, 74
4856, 71
4857, 63
4858, 14
4859, 11
4860, 8
4861, 6
4862, 1
4863, 53
4864, 65
4865, 73
4866, 76
4867, 29
4868, 29
4869, 16
4870, 11
4871, 24
4872, 31
4873, 30
4874, 11
4875, 9
4876, 22
4877, 48
4878, 15
4879, 48
4880, 8
4881, 38
4882, 33
4883, 8
4884, 5
4885, 3
4886, 1
4887, 52
4888, 36
4889, 40
4890, 58
4891, 8
4892, 7
4893, 36
4894, 30
4895, 1
4896, 32
4897, 1
4898, 77
4899, 103
4900, 55
4901, 33
4902, 11
4903, 1
4904, 43
4905, 8
4906, 6
4907, 1
4908, 40
4909, 52
4910, 44
4911, 45
4912, 5
4913, 1
4914, 19
4915, 28
4916, 32
4917, 28
4918, 1
4919, 75
4920, 70
4921, 56
4922, 50
4923, 46
4924, 40
4925, 22
4926, 22
4927, 1
4928, 17
4929, 12
4930, 23
4931, 5
4932, 1
4933, 63
4934, 18
4935, 36
4936, 5
4937, 1
4938, 60
4939, 58
4940, 1
4941, 23
4942, 34
4943, 3
4944, 1
4945, 88
4946, 85
4947, 27
4948, 36
4949, 38
4950, 47
4951, 1
4952, 32
4953, 34
4954, 1
4955, 44
4956, 18
4957, 17
4958, 8
4959, 1
4960, 64
4961, 32
4962, 29
4963, 1
4964, 21
4965, 79
4966, 15
4967, 32
4968, 8
4969, 6
4970, 33
4971, 34
4972, 1
4973, 46
4974, 18
4975, 17
4976, 8
4977, 65
4978, 33
4979, 30
4980, 8
4981, 1
4982, 21
4983, 69
4984, 29
4985, 6
4986, 42
4987, 34
4988, 1
4989, 55
4990, 1
4991, 47
4992, 39
4993, 8
4994, 1
4995, 30
4996, 5
4997, 3
4998, 1
4999, 76
5000, 14
5001, 28
5002, 27
5003, 32
5004, 30
5005, 27
5006, 36
5007, 25
5008, 21
5009, 1
5010, 34
5011, 18
5012, 27
5013, 43
5014, 41
5015, 1
5016, 83
5017, 78
5018, 90
5019, 45
5020, 62
5021, 30
5022, 11
5023, 21
5024, 8
5025, 6
5026, 4
5027, 1
5028, 24
5029, 32
5030, 1
5031, 35
5032, 26
5033, 60
5034, 50
5035, 26
5036, 11
5037, 1
5038, 90
5039, 83
5040, 72
5041, 33
5042, 117
5043, 68
5044, 77
5045, 47
5046, 19
5047, 60
5048, 14
5049, 13
5050, 67
5051, 9
5052, 1
5053, 40
5054, 76
5055, 39
5056, 41
5057, 57
5058, 80
5059, 14
5060, 11
5061, 9
5062, 1
5063, 29
5064, 60
5065, 50
5066, 26
5067, 11
5068, 1
5069, 97
5070, 50
5071, 8
5072, 6
5073, 2
5074, 1
5075, 47
5076, 32
5077, 1
5078, 35
5079, 1
5080, 26
5081, 1
5082, 51
5083, 87
5084, 85
5085, 83
5086, 71
5087, 85
5088, 74
5089, 48
5090, 20
5091, 19
5092, 76
5093, 66
5094, 49
5095, 20
5096, 71
5097, 72
5098, 19
5099, 14
5100, 26
5101, 11
5102, 76
5103, 75
5104, 33
5105, 1
5106, 96
5107, 77
5108, 85
5109, 86
5110, 20
5111, 19
5112, 60
5113, 14
5114, 13
5115, 9
5116, 1
5117, 34
5118, 34
5119, 1
5120, 94
5121, 127
5122, 69
5123, 11
5124, 9
5125, 1
5126, 29
5127, 50
5128, 1
5129, 51
5130, 8
5131, 6
5132, 2
5133, 1
5134, 43
5135, 33
5136, 79
5137, 1
5138, 96
5139, 40
5140, 89
5141, 12
5142, 1
5143, 38
5144, 29
5145, 50
5146, 52
5147, 1
5148, 31
5149, 60
5150, 14
5151, 61
5152, 12
5153, 32
5154, 50
5155, 56
5156, 1
5157, 31
5158, 63
5159, 47
5160, 21
5161, 51
5162, 14
5163, 11
5164, 9
5165, 7
5166, 2
5167, 1
5168, 19
5169, 1
5170, 65
5171, 24
5172, 1
5173, 46
5174, 41
5175, 45
5176, 47
5177, 38
5178, 37
5179, 34
5180, 11
5181, 33
5182, 65
5183, 11
5184, 22
5185, 8
5186, 1
5187, 42
5188, 26
5189, 24
5190, 38
5191, 33
5192, 47
5193, 39
5194, 23
5195, 30
5196, 18
5197, 35
5198, 23
5199, 29
5200, 34
5201, 11
5202, 8
5203, 28
5204, 27
5205, 26
5206, 22
5207, 8
5208, 1
5209, 25
5210, 22
5211, 34
5212, 67
5213, 35
5214, 52
5215, 12
5216, 60
5217, 67
5218, 8
5219, 37
5220, 62
5221, 10
5222, 6
5223, 48
5224, 54
5225, 6
5226, 42
5227, 27
5228, 64
5229, 47
5230, 38
5231, 45
5232, 103
5233, 32
5234, 30
5235, 12
5236, 22
5237, 8
5238, 41
5239, 42
5240, 33
5241, 55
5242, 11
5243, 22
5244, 8
5245, 68
5246, 29
5247, 24
5248, 31
5249, 8
5250, 28
5251, 27
5252, 8
5253, 36
5254, 59
5255, 10
5256, 6
5257, 1
5258, 37
5259, 36
5260, 51
5261, 10
5262, 6
5263, 44
5264, 26
5265, 20
5266, 64
5267, 8
5268, 5
5269, 4
5270, 1
5271, 1
5272, 42
5273, 38
5274, 52
5275, 1
5276, 35
5277, 30
5278, 33
5279, 23
5280, 12
5281, 8
5282, 5
5283, 20
5284, 2
5285, 1
5286, 104
5287, 81
5288, 49
5289, 68
5290, 32
5291, 90
5292, 27
5293, 23
5294, 24
5295, 45
5296, 35
5297, 51
5298, 46
5299, 38
5300, 62
5301, 1
5302, 60
5303, 15
5304, 66
5305, 50
5306, 38
5307, 45
5308, 43
5309, 55
5310, 77
5311, 64
5312, 1
5313, 81
5314, 78
5315, 83
5316, 6
5317, 50
5318, 76
5319, 1
5320, 35
5321, 84
5322, 25
5323, 1
5324, 34
5325, 20
5326, 13
5327, 114
5328, 101
5329, 20
5330, 1
5331, 19
5332, 98
5333, 55
5334, 32
5335, 18
5336, 56
5337, 11
5338, 8
5339, 5
5340, 1
5341, 72
5342, 43
5343, 13
5344, 2
5345, 1
5346, 60
5347, 37
5348, 45
5349, 42
5350, 5
5351, 2
5352, 1
5353, 17
5354, 40
5355, 47
5356, 46
5357, 88
5358, 1
5359, 47
5360, 73
5361, 12
5362, 2
5363, 1
5364, 83
5365, 33
5366, 78
5367, 16
5368, 2
5369, 33
5370, 52
5371, 18
5372, 28
5373, 12
5374, 36
5375, 5
5376, 16
5377, 2
5378, 1
5379, 49
5380, 47
5381, 13
5382, 13
5383, 46
5384, 104
5385, 5
5386, 2
5387, 1
5388, 39
5389, 1
5390, 58
5391, 14
5392, 5
5393, 1
5394, 19
5395, 37
5396, 47
5397, 31
5398, 1
5399, 19
5400, 29
5401, 27
5402, 1
5403, 31
5404, 64
5405, 65
5406, 11
5407, 8
5408, 5
5409, 1
5410, 66
5411, 25
5412, 56
5413, 5
5414, 2
5415, 1
5416, 43
5417, 26
5418, 1
5419, 53
5420, 32
5421, 14
5422, 5
5423, 1
5424, 43
5425, 1
5426, 70
5427, 60
5428, 35
5429, 1
5430, 33
5431, 53
5432, 8
5433, 1
5434, 85
5435, 46
5436, 5
5437, 1
5438, 84
5439, 60
5440, 45
5441, 29
5442, 1
5443, 74
5444, 72
5445, 41
5446, 31
5447, 41
5448, 8
5449, 1
5450, 71
5451, 73
5452, 64
5453, 64
5454, 87
5455, 41
5456, 8
5457, 1
5458, 75
5459, 71
5460, 71
5461, 73
5462, 1
5463, 56
5464, 1
5465, 69
5466, 66
5467, 40
5468, 33
5469, 8
5470, 1
5471, 72
5472, 33
5473, 41
5474, 66
5475, 1
5476, 68
5477, 42
5478, 67
5479, 44
5480, 5
5481, 2
5482, 1
5483, 16
5484, 63
5485, 53
5486, 63
5487, 1
5488, 110
5489, 41
5490, 1
5491, 71
5492, 15
5493, 49
5494, 68
5495, 8
5496, 1
5497, 65
5498, 88
5499, 1
5500, 96
5501, 41
5502, 39
5503, 1
5504, 38
5505, 63
5506, 73
5507, 37
5508, 60
5509, 14
5510, 11
5511, 8
5512, 1
5513, 56
5514, 29
5515, 36
5516, 57
5517, 60
5518, 1
5519, 66
5520, 56
5521, 14
5522, 18
5523, 43
5524, 11
5525, 8
5526, 1
5527, 44
5528, 48
5529, 39
5530, 77
5531, 8
5532, 1
5533, 48
5534, 1
5535, 31
5536, 20
5537, 6
5538, 1
5539, 67
5540, 29
5541, 32
5542, 27
5543, 1
5544, 35
5545, 47
5546, 1
5547, 21
5548, 16
5549, 1
5550, 29
5551, 28
5552, 1
5553, 37
5554, 1
5555, 34
5556, 54
5557, 71
5558, 1
5559, 49
5560, 48
5561, 61
5562, 1
5563, 43
5564, 21
5565, 78
5566, 1
5567, 56
5568, 79
5569, 58
5570, 1
5571, 91
5572, 1
5573, 64
5574, 28
5575, 31
5576, 39
5577, 17
5578, 1
5579, 64
5580, 86
5581, 94
5582, 17
5583, 1
5584, 72
5585, 39
5586, 1
5587, 71
5588, 67
5589, 38
5590, 1
5591, 61
5592, 69
5593, 30
5594, 27
5595, 1
5596, 54
5597, 34
5598, 115
5599, 51
5600, 23
5601, 20
5602, 17
5603, 1
5604, 54
5605, 1
5606, 51
5607, 37
5608, 1
5609, 39
5610, 42
5611, 53
5612, 17
5613, 1
5614, 70
5615, 37
5616, 14
5617, 11
5618, 8
5619, 1
5620, 50
5621, 19
5622, 34
5623, 8
5624, 1
5625, 60
5626, 59
5627, 38
5628, 69
5629, 8
5630, 1
5631, 13
5632, 40
5633, 1
5634, 81
5635, 45
5636, 72
5637, 22
5638, 11
5639, 1
5640, 65
5641, 1
5642, 31
5643, 61
5644, 1
5645, 47
5646, 27
5647, 34
5648, 11
5649, 1
5650, 32
5651, 26
5652, 19
5653, 44
5654, 60
5655, 40
5656, 17
5657, 14
5658, 11
5659, 8
5660, 1
5661, 18
5662, 1
5663, 19
5664, 6
5665, 1
5666, 61
5667, 32
5668, 16
5669, 39
5670, 31
5671, 48
5672, 41
5673, 1
5674, 49
5675, 58
5676, 1
5677, 38
5678, 38
5679, 1
5680, 26
5681, 36
5682, 48
5683, 46
5684, 59
5685, 1
5686, 83
5687, 30
5688, 71
5689, 23
5690, 20
5691, 17
5692, 1
5693, 89
5694, 36
5695, 1
5696, 38
5697, 1
5698, 83
5699, 84
5700, 55
5701, 41
5702, 49
5703, 1
5704, 79
5705, 58
5706, 1
5707, 27
5708, 49
5709, 20
5710, 1
5711, 41
5712, 17
5713, 14
5714, 11
5715, 8
5716, 5
5717, 4
5718, 1
5719, 19
5720, 29
5721, 47
5722, 38
5723, 34
5724, 109
5725, 42
5726, 6
5727, 1
5728, 24
5729, 58
5730, 85
5731, 59
5732, 40
5733, 11
5734, 10
5735, 6
5736, 1
5737, 25
5738, 58
5739, 85
5740, 59
5741, 60
5742, 11
5743, 10
5744, 6
5745, 1
5746, 24
5747, 58
5748, 34
5749, 56
5750, 11
5751, 10
5752, 6
5753, 1
5754, 23
5755, 58
5756, 34
5757, 68
5758, 11
5759, 10
5760, 6
5761, 1
5762, 68
5763, 16
5764, 68
5765, 16
5766, 1
5767, 49
5768, 1
5769, 51
5770, 48
5771, 11
5772, 1
5773, 34
5774, 77
5775, 58
5776, 14
5777, 49
5778, 11
5779, 8
5780, 1
5781, 19
5782, 6
5783, 1
5784, 23
5785, 16
5786, 16
5787, 1
5788, 48
5789, 58
5790, 38
5791, 55
5792, 11
5793, 1
5794, 39
5795, 37
5796, 49
5797, 11
5798, 1
5799, 72
5800, 26
5801, 68
5802, 37
5803, 11
5804, 8
5805, 1
5806, 19
5807, 6
5808, 1
5809, 57
5810, 69
5811, 89
5812, 1
5813, 35
5814, 72
5815, 10
5816, 6
5817, 1
5818, 29
5819, 47
5820, 37
5821, 19
5822, 29
5823, 1
5824, 38
5825, 41
5826, 61
5827, 26
5828, 11
5829, 1
5830, 65
5831, 74
5832, 73
5833, 82
5834, 86
5835, 1
5836, 61
5837, 1
5838, 18
5839, 37
5840, 67
5841, 40
5842, 47
5843, 64
5844, 45
5845, 20
5846, 17
5847, 1
5848, 25
5849, 1
5850, 79
5851, 26
5852, 11
5853, 1
5854, 23
5855, 42
5856, 11
5857, 42
5858, 6
5859, 1
5860, 29
5861, 32
5862, 1
5863, 79
5864, 51
5865, 32
5866, 1
5867, 45
5868, 1
5869, 22
5870, 44
5871, 11
5872, 10
5873, 1
5874, 80
5875, 73
5876, 6
5877, 1
5878, 34
5879, 44
5880, 6
5881, 1
5882, 42
5883, 1
5884, 35
5885, 39
5886, 1
5887, 35
5888, 33
5889, 16
5890, 26
5891, 21
5892, 27
5893, 26
5894, 50
5895, 1
5896, 70
5897, 25
5898, 52
5899, 67
5900, 46
5901, 40
5902, 32
5903, 65
5904, 14
5905, 45
5906, 13
5907, 8
5908, 1
5909, 17
5910, 88
5911, 38
5912, 1
5913, 51
5914, 30
5915, 11
5916, 1
5917, 24
5918, 81
5919, 41
5920, 1
5921, 102
5922, 72
5923, 35
5924, 32
5925, 1
5926, 39
5927, 59
5928, 1
5929, 77
5930, 38
5931, 72
5932, 20
5933, 17
5934, 1
5935, 50
5936, 14
5937, 1
5938, 32
5939, 66
5940, 1
5941, 35
5942, 53
5943, 1
5944, 74
5945, 52
5946, 39
5947, 62
5948, 93
5949, 1
5950, 39
5951, 90
5952, 49
5953, 56
5954, 26
5955, 30
5956, 132
5957, 23
5958, 20
5959, 17
5960, 14
5961, 1
5962, 48
5963, 37
5964, 11
5965, 8
5966, 1
5967, 19
5968, 5
5969, 4
5970, 1
5971, 14
5972, 23
5973, 25
5974, 27
5975, 25
5976, 29
5977, 32
5978, 46
5979, 17
5980, 16
5981, 19
5982, 38
5983, 35
5984, 1
5985, 33
5986, 55
5987, 51
5988, 1
5989, 93
5990, 41
5991, 8
5992, 1
5993, 36
5994, 6
5995, 4
5996, 1
5997, 1
5998, 12
5999, 21
6000, 1
6001, 4
6002, 44
6003, 48
6004, 39
6005, 4
6006, 42
6007, 38
6008, 14
6009, 71
6010, 1
6011, 81
6012, 108
6013, 1
6014, 110
6015, 77
6016, 61
6017, 1
6018, 52
6019, 67
6020, 18
6021, 1
6022, 19
6023, 2
6024, 1
6025, 4
6026, 60
6027, 28
6028, 4
6029, 38
6030, 23
6031, 41
6032, 1
6033, 21
6034, 48
6035, 1
6036, 61
6037, 46
6038, 1
6039, 55
6040, 122
6041, 1
6042, 88
6043, 86
6044, 1
6045, 24
6046, 22
6047, 22
6048, 1
6049, 51
6050, 26
6051, 8
6052, 1
6053, 43
6054, 41
6055, 5
6056, 1
6057, 19
6058, 2
6059, 1
6060, 1
6061, 14
6062, 28
6063, 1
6064, 43
6065, 43
6066, 37
6067, 8
6068, 1
6069, 42
6070, 35
6071, 1
6072, 29
6073, 32
6074, 1
6075, 59
6076, 36
6077, 73
6078, 17
6079, 8
6080, 1
6081, 15
6082, 45
6083, 51
6084, 98
6085, 56
6086, 1
6087, 22
6088, 66
6089, 54
6090, 59
6091, 29
6092, 48
6093, 40
6094, 76
6095, 72
6096, 44
6097, 81
6098, 54
6099, 8
6100, 1
6101, 37
6102, 1
6103, 34
6104, 6
6105, 1
6106, 6
6107, 27
6108, 1
6109, 68
6110, 1
6111, 1
6112, 1
6113, 23
6114, 44
6115, 1
6116, 33
6117, 34
6118, 76
6119, 6
6120, 1
6121, 47
6122, 42
6123, 29
6124, 1
6125, 48
6126, 1
6127, 79
6128, 90
6129, 1
6130, 24
6131, 1
6132, 77
6133, 46
6134, 11
6135, 1
6136, 60
6137, 102
6138, 121
6139, 97
6140, 64
6141, 1
6142, 44
6143, 33
6144, 39
6145, 39
6146, 1
6147, 65
6148, 65
6149, 34
6150, 1
6151, 41
6152, 33
6153, 39
6154, 39
6155, 11
6156, 8
6157, 1
6158, 21
6159, 48
6160, 33
6161, 15
6162, 19
6163, 6
6164, 54
6165, 34
6166, 32
6167, 6
6168, 1
6169, 47
6170, 33
6171, 29
6172, 1
6173, 48
6174, 53
6175, 1
6176, 48
6177, 37
6178, 53
6179, 30
6180, 8
6181, 1
6182, 47
6183, 74
6184, 1
6185, 58
6186, 79
6187, 98
6188, 101
6189, 64
6190, 1
6191, 41
6192, 28
6193, 33
6194, 33
6195, 1
6196, 62
6197, 25
6198, 46
6199, 11
6200, 57
6201, 39
6202, 1
6203, 38
6204, 28
6205, 25
6206, 30
6207, 11
6208, 8
6209, 1
6210, 21
6211, 48
6212, 33
6213, 15
6214, 29
6215, 6
6216, 2
6217, 1
6218, 1
6219, 1
6220, 1
6221, 47
6222, 75
6223, 12
6224, 24
6225, 40
6226, 1
6227, 36
6228, 78
6229, 54
6230, 20
6231, 11
6232, 1
6233, 28
6234, 91
6235, 26
6236, 88
6237, 29
6238, 20
6239, 11
6240, 1
6241, 85
6242, 1
6243, 62
6244, 8
6245, 6
6246, 2
6247, 1
6248, 1
6249, 14
6250, 37
6251, 62
6252, 56
6253, 1
6254, 12
6255, 42
6256, 89
6257, 45
6258, 25
6259, 1
6260, 57
6261, 19
6262, 14
6263, 5
6264, 1
6265, 44
6266, 1
6267, 20
6268, 67
6269, 46
6270, 1
6271, 35
6272, 47
6273, 40
6274, 1
6275, 45
6276, 52
6277, 73
6278, 1
6279, 39
6280, 31
6281, 78
6282, 36
6283, 1
6284, 28
6285, 42
6286, 51
6287, 33
6288, 11
6289, 42
6290, 9
6291, 1
6292, 38
6293, 47
6294, 33
6295, 11
6296, 38
6297, 9
6298, 1
6299, 34
6300, 43
6301, 33
6302, 11
6303, 34
6304, 9
6305, 1
6306, 30
6307, 40
6308, 49
6309, 33
6310, 11
6311, 40
6312, 8
6313, 7
6314, 1
6315, 34
6316, 31
6317, 42
6318, 1
6319, 59
6320, 36
6321, 73
6322, 17
6323, 8
6324, 1
6325, 15
6326, 45
6327, 51
6328, 98
6329, 56
6330, 1
6331, 26
6332, 45
6333, 37
6334, 71
6335, 71
6336, 63
6337, 1
6338, 23
6339, 69
6340, 55
6341, 37
6342, 1
6343, 74
6344, 39
6345, 89
6346, 32
6347, 90
6348, 1
6349, 33
6350, 68
6351, 75
6352, 85
6353, 72
6354, 1
6355, 68
6356, 54
6357, 48
6358, 40
6359, 76
6360, 80
6361, 66
6362, 34
6363, 1
6364, 34
6365, 92
6366, 8
6367, 1
6368, 22
6369, 78
6370, 76
6371, 76
6372, 66
6373, 78
6374, 77
6375, 69
6376, 51
6377, 80
6378, 67
6379, 40
6380, 43
6381, 47
6382, 70
6383, 8
6384, 1
6385, 37
6386, 5
6387, 1
6388, 6
6389, 1
6390, 1
6391, 84
6392, 58
6393, 18
6394, 16
6395, 1
6396, 55
6397, 29
6398, 40
6399, 44
6400, 5
6401, 1
6402, 45
6403, 1
6404, 28
6405, 29
6406, 40
6407, 5
6408, 1
6409, 15
6410, 3
6411, 1
6412, 1
6413, 4
6414, 34
6415, 39
6416, 1
6417, 105
6418, 88
6419, 47
6420, 58
6421, 58
6422, 1
6423, 79
6424, 26
6425, 26
6426, 24
6427, 6
6428, 1
6429, 49
6430, 1
6431, 1
6432, 74
6433, 41
6434, 1
6435, 54
6436, 26
6437, 19
6438, 5
6439, 1
6440, 38
6441, 63
6442, 23
6443, 30
6444, 1
6445, 19
6446, 41
6447, 29
6448, 22
6449, 8
6450, 5
6451, 1
6452, 20
6453, 2
6454, 1
6455, 38
6456, 30
6457, 19
6458, 17
6459, 32
6460, 1
6461, 39
6462, 32
6463, 27
6464, 19
6465, 8
6466, 1
6467, 60
6468, 36
6469, 20
6470, 71
6471, 50
6472, 57
6473, 37
6474, 11
6475, 1
6476, 71
6477, 69
6478, 32
6479, 64
6480, 97
6481, 11
6482, 15
6483, 36
6484, 1
6485, 59
6486, 98
6487, 11
6488, 8
6489, 5
6490, 1
6491, 63
6492, 35
6493, 48
6494, 32
6495, 27
6496, 19
6497, 8
6498, 83
6499, 69
6500, 8
6501, 5
6502, 1
6503, 20
6504, 2
6505, 1
6506, 54
6507, 42
6508, 20
6509, 76
6510, 83
6511, 13
6512, 2
6513, 1
6514, 74
6515, 62
6516, 70
6517, 10
6518, 68
6519, 32
6520, 1
6521, 15
6522, 1
6523, 29
6524, 65
6525, 34
6526, 74
6527, 8
6528, 1
6529, 27
6530, 73
6531, 38
6532, 81
6533, 11
6534, 1
6535, 75
6536, 37
6537, 90
6538, 11
6539, 15
6540, 63
6541, 78
6542, 1
6543, 74
6544, 38
6545, 90
6546, 11
6547, 8
6548, 5
6549, 1
6550, 15
6551, 2
6552, 1
6553, 49
6554, 1
6555, 78
6556, 32
6557, 69
6558, 34
6559, 106
6560, 1
6561, 91
6562, 64
6563, 67
6564, 36
6565, 64
6566, 42
6567, 38
6568, 35
6569, 8
6570, 1
6571, 60
6572, 35
6573, 21
6574, 8
6575, 1
6576, 87
6577, 77
6578, 103
6579, 1
6580, 51
6581, 36
6582, 5
6583, 1
6584, 72
6585, 18
6586, 28
6587, 15
6588, 15
6589, 58
6590, 27
6591, 16
6592, 8
6593, 13
6594, 2
6595, 1
6596, 16
6597, 61
6598, 55
6599, 15
6600, 17
6601, 43
6602, 30
6603, 66
6604, 52
6605, 46
6606, 14
6607, 11
6608, 8
6609, 6
6610, 1
6611, 73
6612, 16
6613, 27
6614, 27
6615, 24
6616, 26
6617, 26
6618, 26
6619, 23
6620, 21
6621, 23
6622, 22
6623, 22
6624, 19
6625, 6
6626, 1
6627, 59
6628, 35
6629, 15
6630, 38
6631, 60
6632, 6
6633, 1
6634, 51
6635, 49
6636, 52
6637, 82
6638, 17
6639, 8
6640, 1
6641, 58
6642, 28
6643, 46
6644, 29
6645, 1
6646, 113
6647, 1
6648, 44
6649, 44
6650, 70
6651, 1
6652, 40
6653, 35
6654, 30
6655, 1
6656, 82
6657, 69
6658, 86
6659, 31
6660, 29
6661, 11
6662, 1
6663, 70
6664, 51
6665, 20
6666, 11
6667, 1
6668, 91
6669, 69
6670, 27
6671, 11
6672, 1
6673, 89
6674, 99
6675, 95
6676, 39
6677, 11
6678, 1
6679, 91
6680, 105
6681, 1
6682, 27
6683, 64
6684, 18
6685, 38
6686, 26
6687, 11
6688, 1
6689, 15
6690, 73
6691, 99
6692, 24
6693, 11
6694, 1
6695, 63
6696, 31
6697, 8
6698, 6
6699, 1
6700, 48
6701, 27
6702, 46
6703, 1
6704, 58
6705, 118
6706, 1
6707, 44
6708, 44
6709, 70
6710, 1
6711, 66
6712, 39
6713, 47
6714, 8
6715, 1
6716, 72
6717, 33
6718, 45
6719, 8
6720, 1
6721, 43
6722, 62
6723, 43
6724, 8
6725, 1
6726, 98
6727, 37
6728, 34
6729, 76
6730, 8
6731, 18
6732, 5
6733, 4
6734, 1
6735, 57
6736, 31
6737, 47
6738, 27
6739, 82
6740, 90
6741, 98
6742, 56
6743, 64
6744, 20
6745, 54
6746, 11
6747, 9
6748, 1
6749, 44
6750, 50
6751, 56
6752, 34
6753, 21
6754, 21
6755, 22
6756, 101
6757, 22
6758, 18
6759, 12
6760, 8
6761, 6
6762, 4
6763, 1
6764, 26
6765, 31
6766, 40
6767, 40
6768, 120
6769, 54
6770, 33
6771, 9
6772, 1
6773, 37
6774, 33
6775, 46
6776, 93
6777, 80
6778, 1
6779, 67
6780, 47
6781, 25
6782, 1
6783, 107
6784, 63
6785, 48
6786, 69
6787, 41
6788, 1
6789, 91
6790, 92
6791, 88
6792, 47
6793, 1
6794, 102
6795, 74
6796, 23
6797, 14
6798, 11
6799, 1
6800, 45
6801, 48
6802, 48
6803, 36
6804, 8
6805, 6
6806, 2
6807, 1
6808, 73
6809, 32
6810, 24
6811, 85
6812, 79
6813, 66
6814, 47
6815, 8
6816, 5
6817, 3
6818, 1
6819, 56
6820, 14
6821, 15
6822, 16
6823, 19
6824, 32
6825, 42
6826, 34
6827, 20
6828, 27
6829, 1
6830, 55
6831, 78
6832, 1
6833, 32
6834, 59
6835, 59
6836, 11
6837, 1
6838, 26
6839, 8
6840, 6
6841, 1
6842, 36
6843, 66
6844, 5
6845, 4
6846, 1
6847, 19
6848, 34
6849, 59
6850, 26
6851, 22
6852, 19
6853, 1
6854, 41
6855, 40
6856, 31
6857, 1
6858, 37
6859, 80
6860, 14
6861, 1
6862, 24
6863, 11
6864, 1
6865, 38
6866, 48
6867, 38
6868, 46
6869, 6
6870, 22
6871, 37
6872, 6
6873, 22
6874, 31
6875, 6
6876, 31
6877, 42
6878, 51
6879, 8
6880, 1
6881, 36
6882, 35
6883, 35
6884, 18
6885, 35
6886, 11
6887, 10
6888, 5
6889, 4
6890, 1
6891, 1
6892, 53
6893, 72
6894, 2
6895, 22
6896, 1
6897, 20
6898, 23
6899, 62
6900, 24
6901, 24
6902, 39
6903, 30
6904, 42
6905, 22
6906, 68
6907, 6
6908, 21
6909, 48
6910, 1
6911, 34
6912, 29
6913, 47
6914, 6
6915, 30
6916, 17
6917, 47
6918, 1
6919, 37
6920, 58
6921, 82
6922, 12
6923, 15
6924, 37
6925, 8
6926, 65
6927, 1
6928, 33
6929, 62
6930, 8
6931, 1
6932, 34
6933, 28
6934, 15
6935, 47
6936, 8
6937, 19
6938, 5
6939, 3
6940, 1
6941, 50
6942, 1
6943, 20
6944, 15
6945, 31
6946, 21
6947, 1
6948, 50
6949, 78
6950, 45
6951, 11
6952, 1
6953, 82
6954, 77
6955, 66
6956, 70
6957, 60
6958, 74
6959, 59
6960, 9
6961, 31
6962, 89
6963, 63
6964, 47
6965, 51
6966, 140
6967, 76
6968, 18
6969, 50
6970, 11
6971, 8
6972, 5
6973, 3
6974, 1
6975, 19
6976, 64
6977, 1
6978, 59
6979, 28
6980, 60
6981, 47
6982, 8
6983, 5
6984, 3
6985, 1
6986, 18
6987, 27
6988, 16
6989, 6
6990, 26
6991, 48
6992, 5
6993, 3
6994, 1
6995, 34
6996, 1
6997, 36
6998, 21
6999, 1
7000, 1
7001, 1
7002, 1
7003, 4
7004, 19
7005, 40
7006, 72
7007, 25
7008, 47
7009, 16
7010, 39
7011, 54
7012, 34
7013, 42
7014, 84
7015, 1
7016, 84
7017, 80
7018, 62
7019, 23
7020, 32
7021, 1
7022, 47
7023, 50
7024, 39
7025, 1
7026, 65
7027, 33
7028, 1
7029, 69
7030, 34
7031, 1
7032, 17
7033, 84
7034, 105
7035, 38
7036, 1
7037, 35
7038, 38
7039, 63
7040, 1
7041, 69
7042, 99
7043, 100
7044, 11
7045, 1
7046, 36
7047, 24
7048, 58
7049, 31
7050, 79
7051, 37
7052, 57
7053, 28
7054, 11
7055, 1
7056, 23
7057, 10
7058, 6
7059, 1
7060, 59
7061, 25
7062, 27
7063, 25
7064, 7
7065, 36
7066, 2
7067, 1
7068, 54
7069, 39
7070, 14
7071, 32
7072, 13
7073, 1
7074, 71
7075, 77
7076, 40
7077, 45
7078, 30
7079, 69
7080, 5
7081, 1
7082, 25
7083, 42
7084, 5
7085, 1
7086, 17
7087, 2
7088, 1
7089, 49
7090, 14
7091, 73
7092, 17
7093, 34
7094, 39
7095, 76
7096, 1
7097, 42
7098, 23
7099, 8
7100, 5
7101, 2
7102, 1
7103, 49
7104, 32
7105, 74
7106, 19
7107, 17
7108, 26
7109, 50
7110, 49
7111, 1
7112, 35
7113, 24
7114, 48
7115, 38
7116, 29
7117, 37
7118, 41
7119, 37
7120, 26
7121, 14
7122, 12
7123, 8
7124, 24
7125, 1
7126, 31
7127, 75
7128, 34
7129, 34
7130, 30
7131, 56
7132, 35
7133, 14
7134, 13
7135, 10
7136, 5
7137, 1
7138, 33
7139, 77
7140, 43
7141, 62
7142, 58
7143, 45
7144, 76
7145, 1
7146, 63
7147, 77
7148, 47
7149, 1
7150, 61
7151, 42
7152, 90
7153, 1
7154, 83
7155, 1
7156, 55
7157, 63
7158, 98
7159, 44
7160, 18
7161, 28
7162, 11
7163, 8
7164, 5
7165, 1
7166, 26
7167, 33
7168, 43
7169, 34
7170, 49
7171, 50
7172, 50
7173, 13
7174, 8
7175, 5
7176, 1
7177, 21
7178, 27
7179, 29
7180, 38
7181, 31
7182, 48
7183, 57
7184, 1
7185, 144
7186, 84
7187, 30
7188, 21
7189, 25
7190, 14
7191, 11
7192, 84
7193, 1
7194, 77
7195, 15
7196, 30
7197, 8
7198, 5
7199, 1
7200, 42
7201, 24
7202, 39
7203, 38
7204, 11
7205, 15
7206, 56
7207, 8
7208, 1
7209, 75
7210, 22
7211, 36
7212, 8
7213, 22
7214, 32
7215, 15
7216, 32
7217, 35
7218, 13
7219, 8
7220, 29
7221, 19
7222, 47
7223, 32
7224, 54
7225, 11
7226, 10
7227, 29
7228, 75
7229, 1
7230, 40
7231, 44
7232, 28
7233, 40
7234, 76
7235, 14
7236, 11
7237, 8
7238, 1
7239, 82
7240, 97
7241, 31
7242, 5
7243, 2
7244, 1
7245, 46
7246, 42
7247, 1
7248, 55
7249, 28
7250, 40
7251, 38
7252, 30
7253, 39
7254, 30
7255, 46
7256, 8
7257, 1
7258, 30
7259, 32
7260, 32
7261, 8
7262, 1
7263, 39
7264, 42
7265, 40
7266, 31
7267, 1
7268, 74
7269, 81
7270, 34
7271, 41
7272, 48
7273, 48
7274, 14
7275, 11
7276, 15
7277, 41
7278, 8
7279, 5
7280, 2
7281, 1
7282, 50
7283, 15
7284, 15
7285, 17
7286, 43
7287, 56
7288, 55
7289, 27
7290, 10
7291, 26
7292, 26
7293, 26
7294, 11
7295, 51
7296, 95
7297, 81
7298, 56
7299, 32
7300, 23
7301, 46
7302, 1
7303, 46
7304, 54
7305, 11
7306, 1
7307, 72
7308, 1
7309, 40
7310, 30
7311, 18
7312, 57
7313, 26
7314, 11
7315, 9
7316, 37
7317, 21
7318, 49
7319, 70
7320, 41
7321, 35
7322, 44
7323, 37
7324, 21
7325, 46
7326, 71
7327, 83
7328, 44
7329, 26
7330, 12
7331, 37
7332, 27
7333, 76
7334, 46
7335, 63
7336, 29
7337, 28
7338, 14
7339, 28
7340, 49
7341, 51
7342, 14
7343, 1
7344, 53
7345, 33
7346, 29
7347, 69
7348, 21
7349, 68
7350, 14
7351, 25
7352, 11
7353, 10
7354, 31
7355, 1
7356, 54
7357, 1
7358, 40
7359, 92
7360, 22
7361, 24
7362, 8
7363, 5
7364, 1
7365, 48
7366, 1
7367, 54
7368, 52
7369, 5
7370, 1
7371, 20
7372, 29
7373, 21
7374, 26
7375, 37
7376, 9
7377, 6
7378, 1
7379, 36
7380, 56
7381, 60
7382, 35
7383, 40
7384, 2
7385, 1
7386, 47
7387, 42
7388, 42
7389, 27
7390, 26
7391, 15
7392, 35
7393, 8
7394, 1
7395, 16
7396, 20
7397, 32
7398, 1
7399, 43
7400, 32
7401, 52
7402, 47
7403, 8
7404, 6
7405, 1
7406, 46
7407, 23
7408, 50
7409, 15
7410, 47
7411, 8
7412, 5
7413, 4
7414, 1
7415, 47
7416, 81
7417, 39
7418, 46
7419, 23
7420, 79
7421, 6
7422, 1
7423, 88
7424, 103
7425, 1
7426, 56
7427, 52
7428, 24
7429, 5
7430, 1
7431, 15
7432, 27
7433, 1
7434, 31
7435, 44
7436, 31
7437, 8
7438, 1
7439, 25
7440, 44
7441, 8
7442, 6
7443, 1
7444, 15
7445, 3
7446, 1
7447, 19
7448, 53
7449, 1
7450, 61
7451, 64
7452, 1
7453, 43
7454, 68
7455, 6
7456, 56
7457, 48
7458, 59
7459, 36
7460, 78
7461, 77
7462, 1
7463, 67
7464, 61
7465, 34
7466, 14
7467, 12
7468, 43
7469, 1
7470, 47
7471, 36
7472, 50
7473, 6
7474, 49
7475, 42
7476, 32
7477, 28
7478, 26
7479, 9
7480, 1
7481, 40
7482, 31
7483, 28
7484, 27
7485, 8
7486, 44
7487, 41
7488, 8
7489, 1
7490, 36
7491, 29
7492, 57
7493, 36
7494, 41
7495, 1
7496, 24
7497, 57
7498, 43
7499, 14
7500, 18
7501, 36
7502, 82
7503, 46
7504, 17
7505, 14
7506, 11
7507, 1
7508, 51
7509, 103
7510, 53
7511, 32
7512, 42
7513, 14
7514, 11
7515, 1
7516, 71
7517, 84
7518, 42
7519, 38
7520, 42
7521, 11
7522, 10
7523, 6
7524, 30
7525, 30
7526, 30
7527, 8
7528, 36
7529, 20
7530, 41
7531, 44
7532, 49
7533, 36
7534, 47
7535, 1
7536, 50
7537, 29
7538, 1
7539, 34
7540, 41
7541, 1
7542, 38
7543, 43
7544, 11
7545, 1
7546, 60
7547, 51
7548, 85
7549, 50
7550, 42
7551, 14
7552, 11
7553, 1
7554, 69
7555, 54
7556, 61
7557, 51
7558, 14
7559, 11
7560, 1
7561, 36
7562, 29
7563, 10
7564, 5
7565, 4
7566, 1
7567, 64
7568, 34
7569, 61
7570, 59
7571, 42
7572, 71
7573, 6
7574, 4
7575, 1
7576, 44
7577, 14
7578, 29
7579, 27
7580, 33
7581, 32
7582, 33
7583, 37
7584, 29
7585, 61
7586, 61
7587, 6
7588, 4
7589, 1
7590, 20
7591, 30
7592, 14
7593, 30
7594, 13
7595, 1
7596, 25
7597, 1
7598, 38
7599, 27
7600, 55
7601, 49
7602, 34
7603, 8
7604, 5
7605, 1
7606, 27
7607, 24
7608, 5
7609, 22
7610, 3
7611, 1
7612, 38
7613, 32
7614, 20
7615, 25
7616, 12
7617, 27
7618, 5
7619, 3
7620, 1
7621, 25
7622, 1
7623, 31
7624, 21
7625, 67
7626, 5
7627, 3
7628, 1
7629, 30
7630, 29
7631, 19
7632, 3
7633, 1
7634, 21
7635, 14
7636, 14
7637, 20
7638, 17
7639, 3
7640, 1
7641, 1
7642, 62
7643, 59
7644, 43
7645, 63
7646, 24
7647, 1
7648, 54
7649, 46
7650, 32
7651, 34
7652, 9
7653, 7
7654, 3
7655, 1
7656, 1
7657, 14
7658, 30
7659, 35
7660, 1
7661, 12
7662, 42
7663, 41
7664, 89
7665, 43
7666, 1
7667, 28
7668, 46
7669, 65
7670, 51
7671, 1
7672, 32
7673, 1
7674, 111
7675, 52
7676, 1
7677, 50
7678, 33
7679, 58
7680, 1
7681, 45
7682, 36
7683, 61
7684, 1
7685, 76
7686, 36
7687, 1
7688, 83
7689, 81
7690, 39
7691, 1
7692, 50
7693, 63
7694, 1
7695, 83
7696, 38
7697, 27
7698, 40
7699, 1
7700, 24
7701, 50
7702, 46
7703, 38
7704, 57
7705, 1
7706, 67
7707, 22
7708, 42
7709, 45
7710, 6
7711, 1
7712, 1
7713, 21
7714, 1
7715, 19
7716, 28
7717, 34
7718, 25
7719, 1
7720, 33
7721, 23
7722, 100
7723, 1
7724, 97
7725, 27
7726, 14
7727, 1
7728, 30
7729, 1
7730, 45
7731, 50
7732, 42
7733, 67
7734, 39
7735, 11
7736, 1
7737, 17
7738, 8
7739, 1
7740, 47
7741, 1
7742, 39
7743, 18
7744, 1
7745, 38
7746, 20
7747, 11
7748, 1
7749, 29
7750, 63
7751, 18
7752, 25
7753, 11
7754, 1
7755, 66
7756, 30
7757, 22
7758, 49
7759, 23
7760, 47
7761, 55
7762, 55
7763, 16
7764, 11
7765, 1
7766, 97
7767, 1
7768, 66
7769, 95
7770, 30
7771, 11
7772, 10
7773, 5
7774, 4
7775, 1
7776, 16
7777, 15
7778, 16
7779, 33
7780, 57
7781, 33
7782, 21
7783, 36
7784, 65
7785, 51
7786, 11
7787, 9
7788, 16
7789, 33
7790, 31
7791, 39
7792, 43
7793, 62
7794, 41
7795, 55
7796, 31
7797, 24
7798, 35
7799, 1
7800, 53
7801, 37
7802, 38
7803, 1
7804, 73
7805, 58
7806, 89
7807, 110
7808, 110
7809, 1
7810, 59
7811, 50
7812, 1
7813, 60
7814, 31
7815, 35
7816, 20
7817, 1
7818, 51
7819, 40
7820, 17
7821, 14
7822, 1
7823, 27
7824, 12
7825, 1
7826, 40
7827, 35
7828, 39
7829, 51
7830, 35
7831, 1
7832, 28
7833, 38
7834, 1
7835, 92
7836, 1
7837, 34
7838, 79
7839, 83
7840, 50
7841, 24
7842, 57
7843, 1
7844, 34
7845, 1
7846, 53
7847, 42
7848, 20
7849, 1
7850, 24
7851, 43
7852, 17
7853, 14
7854, 1
7855, 84
7856, 32
7857, 40
7858, 14
7859, 1
7860, 28
7861, 11
7862, 8
7863, 5
7864, 4
7865, 1
7866, 39
7867, 50
7868, 31
7869, 37
7870, 42
7871, 88
7872, 11
7873, 8
7874, 6
7875, 29
7876, 55
7877, 28
7878, 70
7879, 73
7880, 9
7881, 5
7882, 4
7883, 1
7884, 1
7885, 1
7886, 1
7887, 24
7888, 40
7889, 44
7890, 46
7891, 32
7892, 1
7893, 19
7894, 35
7895, 77
7896, 6
7897, 1
7898, 34
7899, 36
7900, 42
7901, 10
7902, 5
7903, 4
7904, 1
7905, 16
7906, 41
7907, 22
7908, 32
7909, 1
7910, 71
7911, 66
7912, 17
7913, 8
7914, 1
7915, 60
7916, 57
7917, 50
7918, 8
7919, 1
7920, 38
7921, 47
7922, 55
7923, 36
7924, 45
7925, 75
7926, 8
7927, 1
7928, 35
7929, 1
7930, 33
7931, 45
7932, 1
7933, 105
7934, 24
7935, 1
7936, 18
7937, 51
7938, 26
7939, 11
7940, 1
7941, 90
7942, 21
7943, 1
7944, 15
7945, 47
7946, 1
7947, 75
7948, 30
7949, 24
7950, 17
7951, 8
7952, 6
7953, 1
7954, 41
7955, 26
7956, 16
7957, 56
7958, 1
7959, 48
7960, 45
7961, 55
7962, 1
7963, 65
7964, 57
7965, 54
7966, 84
7967, 44
7968, 32
7969, 77
7970, 24
7971, 66
7972, 47
7973, 17
7974, 1
7975, 88
7976, 21
7977, 46
7978, 14
7979, 1
7980, 71
7981, 11
7982, 8
7983, 6
7984, 1
7985, 16
7986, 14
7987, 40
7988, 96
7989, 95
7990, 89
7991, 37
7992, 51
7993, 28
7994, 36
7995, 17
7996, 29
7997, 14
7998, 11
7999, 8
8000, 5
8001, 4
8002, 1
8003, 31
8004, 13
8005, 40
8006, 31
8007, 56
8008, 42
8009, 82
8010, 43
8011, 88
8012, 1
8013, 58
8014, 15
8015, 78
8016, 8
8017, 1
8018, 19
8019, 5
8020, 3
8021, 1
8022, 31
8023, 82
8024, 1
8025, 56
8026, 1
8027, 86
8028, 38
8029, 26
8030, 25
8031, 92
8032, 41
8033, 38
8034, 56
8035, 36
8036, 21
8037, 41
8038, 11
8039, 21
8040, 10
8041, 38
8042, 25
8043, 67
8044, 36
8045, 21
8046, 11
8047, 9
8048, 4
8049, 1
8050, 26
8051, 42
8052, 30
8053, 43
8054, 51
8055, 65
8056, 39
8057, 18
8058, 79
8059, 66
8060, 11
8061, 8
8062, 6
8063, 2
8064, 1
8065, 78
8066, 26
8067, 1
8068, 42
8069, 42
8070, 16
8071, 43
8072, 60
8073, 50
8074, 23
8075, 35
8076, 66
8077, 15
8078, 11
8079, 1
8080, 34
8081, 1
8082, 86
8083, 74
8084, 26
8085, 11
8086, 8
8087, 6
8088, 1
8089, 80
8090, 57
8091, 38
8092, 18
8093, 25
8094, 79
8095, 27
8096, 21
8097, 11
8098, 9
8099, 1
8100, 62
8101, 30
8102, 36
8103, 50
8104, 39
8105, 30
8106, 11
8107, 9
8108, 24
8109, 6
8110, 1
8111, 55
8112, 66
8113, 40
8114, 43
8115, 67
8116, 8
8117, 6
8118, 1
8119, 77
8120, 27
8121, 60
8122, 35
8123, 40
8124, 34
8125, 50
8126, 29
8127, 14
8128, 11
8129, 9
8130, 7
8131, 2
8132, 1
8133, 24
8134, 30
8135, 30
8136, 57
8137, 85
8138, 90
8139, 49
8140, 9
8141, 37
8142, 53
8143, 8
8144, 6
8145, 2
8146, 1
8147, 1
8148, 1
8149, 1
8150, 63
8151, 33
8152, 1
8153, 19
8154, 35
8155, 77
8156, 6
8157, 1
8158, 34
8159, 45
8160, 36
8161, 91
8162, 15
8163, 38
8164, 33
8165, 25
8166, 10
8167, 5
8168, 4
8169, 1
8170, 16
8171, 14
8172, 24
8173, 27
8174, 6
8175, 1
8176, 41
8177, 30
8178, 32
8179, 1
8180, 71
8181, 66
8182, 17
8183, 8
8184, 1
8185, 56
8186, 1
8187, 22
8188, 38
8189, 48
8190, 43
8191, 8
8192, 1
8193, 35
8194, 98
8195, 18
8196, 38
8197, 1
8198, 15
8199, 86
8200, 18
8201, 26
8202, 8
8203, 6
8204, 1
8205, 16
8206, 18
8207, 33
8208, 104
8209, 117
8210, 54
8211, 65
8212, 1
8213, 30
8214, 42
8215, 99
8216, 22
8217, 22
8218, 11
8219, 8
8220, 5
8221, 4
8222, 1
8223, 48
8224, 68
8225, 33
8226, 75
8227, 56
8228, 35
8229, 33
8230, 49
8231, 11
8232, 9
8233, 7
8234, 2
8235, 1
8236, 25
8237, 58
8238, 58
8239, 30
8240, 33
8241, 30
8242, 39
8243, 1
8244, 25
8245, 34
8246, 1
8247, 70
8248, 39
8249, 48
8250, 14
8251, 11
8252, 22
8253, 8
8254, 6
8255, 2
8256, 1
8257, 14
8258, 15
8259, 15
8260, 16
8261, 18
8262, 18
8263, 14
8264, 14
8265, 13
8266, 18
8267, 21
8268, 16
8269, 48
8270, 4
8271, 1
8272, 31
8273, 26
8274, 40
8275, 2
8276, 1
8277, 1
8278, 1
8279, 1
8280, 28
8281, 1
8282, 19
8283, 33
8284, 52
8285, 16
8286, 28
8287, 55
8288, 1
8289, 42
8290, 42
8291, 78
8292, 13
8293, 8
8294, 1
8295, 23
8296, 81
8297, 61
8298, 1
8299, 34
8300, 30
8301, 60
8302, 71
8303, 19
8304, 15
8305, 1
8306, 25
8307, 22
8308, 50
8309, 64
8310, 41
8311, 20
8312, 17
8313, 1
8314, 72
8315, 48
8316, 54
8317, 47
8318, 17
8319, 14
8320, 11
8321, 8
8322, 1
8323, 19
8324, 6
8325, 1
8326, 36
8327, 52
8328, 16
8329, 28
8330, 81
8331, 1
8332, 42
8333, 42
8334, 81
8335, 13
8336, 8
8337, 23
8338, 61
8339, 1
8340, 34
8341, 30
8342, 81
8343, 60
8344, 71
8345, 18
8346, 15
8347, 1
8348, 25
8349, 22
8350, 50
8351, 44
8352, 68
8353, 66
8354, 20
8355, 17
8356, 1
8357, 72
8358, 61
8359, 54
8360, 47
8361, 17
8362, 14
8363, 11
8364, 8
8365, 1
8366, 19
8367, 6
8368, 1
8369, 46
8370, 31
8371, 1
8372, 66
8373, 79
8374, 8
8375, 1
8376, 42
8377, 42
8378, 99
8379, 13
8380, 8
8381, 1
8382, 36
8383, 36
8384, 45
8385, 27
8386, 22
8387, 38
8388, 60
8389, 1
8390, 56
8391, 67
8392, 51
8393, 49
8394, 24
8395, 46
8396, 17
8397, 14
8398, 1
8399, 36
8400, 69
8401, 36
8402, 41
8403, 70
8404, 14
8405, 1
8406, 75
8407, 87
8408, 81
8409, 71
8410, 115
8411, 11
8412, 10
8413, 6
8414, 1
8415, 36
8416, 44
8417, 16
8418, 26
8419, 29
8420, 123
8421, 25
8422, 11
8423, 8
8424, 1
8425, 20
8426, 5
8427, 4
8428, 1
8429, 1
8430, 1
8431, 1
8432, 47
8433, 1
8434, 1
8435, 88
8436, 77
8437, 102
8438, 1
8439, 27
8440, 46
8441, 36
8442, 43
8443, 31
8444, 6
8445, 4
8446, 1
8447, 19
8448, 38
8449, 70
8450, 6
8451, 1
8452, 39
8453, 47
8454, 6
8455, 35
8456, 42
8457, 6
8458, 1
8459, 53
8460, 51
8461, 6
8462, 49
8463, 53
8464, 108
8465, 5
8466, 4
8467, 1
8468, 1
8469, 26
8470, 1
8471, 21
8472, 1
8473, 1
8474, 1
8475, 151
8476, 1
8477, 38
8478, 58
8479, 45
8480, 30
8481, 54
8482, 45
8483, 5
8484, 1
8485, 24
8486, 20
8487, 38
8488, 1
8489, 92
8490, 34
8491, 98
8492, 1
8493, 55
8494, 40
8495, 20
8496, 8
8497, 1
8498, 73
8499, 27
8500, 23
8501, 8
8502, 1
8503, 49
8504, 39
8505, 1
8506, 29
8507, 75
8508, 76
8509, 77
8510, 31
8511, 1
8512, 27
8513, 17
8514, 10
8515, 42
8516, 47
8517, 3
8518, 1
8519, 1
8520, 29
8521, 37
8522, 17
8523, 46
8524, 19
8525, 5
8526, 9
8527, 44
8528, 32
8529, 56
8530, 21
8531, 56
8532, 30
8533, 30
8534, 8
8535, 18
8536, 23
8537, 5
8538, 93
8539, 46
8540, 5
8541, 15
8542, 3
8543, 1
8544, 1
8545, 4
8546, 24
8547, 17
8548, 17
8549, 1
8550, 19
8551, 26
8552, 83
8553, 52
8554, 81
8555, 34
8556, 24
8557, 71
8558, 1
8559, 17
8560, 90
8561, 27
8562, 41
8563, 83
8564, 29
8565, 45
8566, 94
8567, 7
8568, 20
8569, 1
8570, 26
8571, 29
8572, 45
8573, 83
8574, 7
8575, 20
8576, 1
8577, 91
8578, 32
8579, 1
8580, 51
8581, 64
8582, 6
8583, 33
8584, 15
8585, 45
8586, 54
8587, 49
8588, 27
8589, 37
8590, 2
8591, 1
8592, 31
8593, 62
8594, 1
8595, 72
8596, 52
8597, 1
8598, 57
8599, 49
8600, 1
8601, 54
8602, 36
8603, 35
8604, 8
8605, 1
8606, 20
8607, 16
8608, 80
8609, 1
8610, 41
8611, 56
8612, 49
8613, 36
8614, 50
8615, 54
8616, 86
8617, 1
8618, 32
8619, 21
8620, 83
8621, 14
8622, 11
8623, 8
8624, 6
8625, 2
8626, 1
8627, 58
8628, 87
8629, 1
8630, 23
8631, 55
8632, 1
8633, 34
8634, 20
8635, 36
8636, 84
8637, 90
8638, 116
8639, 62
8640, 44
8641, 26
8642, 42
8643, 56
8644, 11
8645, 10
8646, 23
8647, 5
8648, 1
8649, 84
8650, 2
8651, 1
8652, 37
8653, 55
8654, 15
8655, 37
8656, 18
8657, 59
8658, 1
8659, 24
8660, 40
8661, 88
8662, 8
8663, 5
8664, 17
8665, 43
8666, 5
8667, 1
8668, 18
8669, 2
8670, 1
8671, 41
8672, 84
8673, 40
8674, 4
8675, 54
8676, 47
8677, 29
8678, 31
8679, 1
8680, 63
8681, 38
8682, 25
8683, 32
8684, 69
8685, 8
8686, 5
8687, 1
8688, 55
8689, 15
8690, 33
8691, 66
8692, 39
8693, 19
8694, 11
8695, 8
8696, 5
8697, 1
8698, 67
8699, 40
8700, 38
8701, 12
8702, 35
8703, 34
8704, 79
8705, 34
8706, 19
8707, 11
8708, 33
8709, 34
8710, 11
8711, 8
8712, 31
8713, 54
8714, 5
8715, 1
8716, 29
8717, 48
8718, 44
8719, 26
8720, 48
8721, 45
8722, 8
8723, 41
8724, 5
8725, 2
8726, 1
8727, 65
8728, 58
8729, 4
8730, 56
8731, 40
8732, 23
8733, 83
8734, 39
8735, 1
8736, 49
8737, 27
8738, 37
8739, 66
8740, 8
8741, 5
8742, 1
8743, 32
8744, 1
8745, 42
8746, 23
8747, 1
8748, 43
8749, 58
8750, 8
8751, 1
8752, 42
8753, 50
8754, 58
8755, 8
8756, 1
8757, 22
8758, 35
8759, 1
8760, 23
8761, 1
8762, 68
8763, 34
8764, 1
8765, 28
8766, 1
8767, 83
8768, 58
8769, 1
8770, 39
8771, 87
8772, 1
8773, 42
8774, 27
8775, 45
8776, 1
8777, 46
8778, 44
8779, 48
8780, 1
8781, 67
8782, 67
8783, 55
8784, 35
8785, 59
8786, 47
8787, 55
8788, 1
8789, 71
8790, 69
8791, 47
8792, 58
8793, 26
8794, 31
8795, 23
8796, 20
8797, 17
8798, 14
8799, 1
8800, 55
8801, 35
8802, 1
8803, 77
8804, 46
8805, 47
8806, 24
8807, 24
8808, 50
8809, 34
8810, 121
8811, 20
8812, 17
8813, 14
8814, 11
8815, 8
8816, 5
8817, 1
8818, 48
8819, 2
8820, 1
8821, 16
8822, 1
8823, 55
8824, 14
8825, 1
8826, 50
8827, 21
8828, 13
8829, 1
8830, 19
8831, 25
8832, 19
8833, 57
8834, 20
8835, 25
8836, 19
8837, 71
8838, 9
8839, 18
8840, 18
8841, 22
8842, 22
8843, 22
8844, 19
8845, 21
8846, 26
8847, 19
8848, 9
8849, 1
8850, 17
8851, 24
8852, 29
8853, 28
8854, 43
8855, 51
8856, 9
8857, 1
8858, 18
8859, 21
8860, 23
8861, 22
8862, 9
8863, 1
8864, 24
8865, 29
8866, 31
8867, 30
8868, 9
8869, 1
8870, 25
8871, 90
8872, 20
8873, 1
8874, 37
8875, 27
8876, 1
8877, 52
8878, 28
8879, 1
8880, 47
8881, 40
8882, 1
8883, 30
8884, 37
8885, 9
8886, 1
8887, 54
8888, 53
8889, 51
8890, 40
8891, 21
8892, 20
8893, 23
8894, 8
8895, 6
8896, 1
8897, 57
8898, 50
8899, 54
8900, 45
8901, 24
8902, 1
8903, 39
8904, 77
8905, 1
8906, 35
8907, 52
8908, 6
8909, 1
8910, 61
8911, 61
8912, 1
8913, 18
8914, 36
8915, 1
8916, 57
8917, 39
8918, 24
8919, 26
8920, 8
8921, 1
8922, 39
8923, 31
8924, 1
8925, 41
8926, 16
8927, 26
8928, 12
8929, 41
8930, 19
8931, 39
8932, 32
8933, 27
8934, 23
8935, 1
8936, 58
8937, 22
8938, 1
8939, 20
8940, 29
8941, 26
8942, 44
8943, 46
8944, 30
8945, 43
8946, 98
8947, 100
8948, 40
8949, 26
8950, 22
8951, 39
8952, 61
8953, 39
8954, 42
8955, 48
8956, 30
8957, 35
8958, 28
8959, 20
8960, 34
8961, 32
8962, 21
8963, 19
8964, 27
8965, 1
8966, 50
8967, 49
8968, 26
8969, 36
8970, 44
8971, 43
8972, 82
8973, 80
8974, 23
8975, 20
8976, 64
8977, 17
8978, 52
8979, 15
8980, 1
8981, 26
8982, 48
8983, 66
8984, 15
8985, 1
8986, 33
8987, 56
8988, 47
8989, 31
8990, 94
8991, 50
8992, 17
8993, 28
8994, 15
8995, 1
8996, 54
8997, 49
8998, 31
8999, 37
9000, 17
9001, 28
9002, 15
9003, 1
9004, 42
9005, 42
9006, 25
9007, 28
9008, 37
9009, 43
9010, 86
9011, 82
9012, 23
9013, 27
9014, 58
9015, 58
9016, 20
9017, 17
9018, 28
9019, 15
9020, 1
9021, 34
9022, 44
9023, 55
9024, 34
9025, 48
9026, 17
9027, 37
9028, 28
9029, 14
9030, 12
9031, 1
9032, 26
9033, 65
9034, 34
9035, 32
9036, 1
9037, 61
9038, 81
9039, 90
9040, 52
9041, 125
9042, 1
9043, 58
9044, 69
9045, 1
9046, 32
9047, 97
9048, 1
9049, 87
9050, 37
9051, 51
9052, 38
9053, 86
9054, 79
9055, 94
9056, 12
9057, 8
9058, 1
9059, 46
9060, 69
9061, 57
9062, 8
9063, 1
9064, 26
9065, 70
9066, 1
9067, 63
9068, 27
9069, 23
9070, 8
9071, 1
9072, 57
9073, 30
9074, 1
9075, 41
9076, 52
9077, 44
9078, 8
9079, 1
9080, 28
9081, 37
9082, 1
9083, 42
9084, 49
9085, 1
9086, 70
9087, 46
9088, 24
9089, 1
9090, 60
9091, 29
9092, 1
9093, 53
9094, 25
9095, 86
9096, 77
9097, 27
9098, 11
9099, 1
9100, 44
9101, 36
9102, 43
9103, 1
9104, 69
9105, 59
9106, 1
9107, 47
9108, 84
9109, 11
9110, 8
9111, 1
9112, 87
9113, 28
9114, 50
9115, 92
9116, 11
9117, 42
9118, 80
9119, 11
9120, 8
9121, 1
9122, 55
9123, 88
9124, 66
9125, 8
9126, 1
9127, 74
9128, 30
9129, 19
9130, 59
9131, 109
9132, 29
9133, 9
9134, 1
9135, 34
9136, 31
9137, 54
9138, 8
9139, 1
9140, 56
9141, 107
9142, 49
9143, 31
9144, 8
9145, 1
9146, 46
9147, 26
9148, 1
9149, 40
9150, 59
9151, 31
9152, 8
9153, 1
9154, 23
9155, 82
9156, 1
9157, 40
9158, 26
9159, 37
9160, 15
9161, 31
9162, 1
9163, 30
9164, 30
9165, 68
9166, 11
9167, 20
9168, 43
9169, 51
9170, 39
9171, 28
9172, 11
9173, 1
9174, 15
9175, 23
9176, 52
9177, 25
9178, 56
9179, 31
9180, 30
9181, 40
9182, 21
9183, 24
9184, 14
9185, 11
9186, 8
9187, 1
9188, 46
9189, 70
9190, 60
9191, 43
9192, 1
9193, 24
9194, 30
9195, 20
9196, 11
9197, 1
9198, 32
9199, 20
9200, 1
9201, 39
9202, 31
9203, 42
9204, 11
9205, 1
9206, 63
9207, 63
9208, 32
9209, 1
9210, 35
9211, 48
9212, 1
9213, 27
9214, 48
9215, 1
9216, 36
9217, 70
9218, 1
9219, 30
9220, 28
9221, 67
9222, 11
9223, 1
9224, 80
9225, 66
9226, 1
9227, 48
9228, 28
9229, 1
9230, 93
9231, 34
9232, 68
9233, 33
9234, 62
9235, 17
9236, 59
9237, 33
9238, 54
9239, 17
9240, 14
9241, 1
9242, 29
9243, 57
9244, 41
9245, 1
9246, 31
9247, 43
9248, 43
9249, 1
9250, 49
9251, 21
9252, 44
9253, 40
9254, 39
9255, 35
9256, 14
9257, 18
9258, 48
9259, 67
9260, 32
9261, 43
9262, 37
9263, 35
9264, 30
9265, 17
9266, 14
9267, 11
9268, 1
9269, 45
9270, 32
9271, 69
9272, 1
9273, 26
9274, 28
9275, 85
9276, 18
9277, 82
9278, 11
9279, 1
9280, 39
9281, 41
9282, 33
9283, 1
9284, 30
9285, 81
9286, 60
9287, 11
9288, 1
9289, 21
9290, 78
9291, 1
9292, 30
9293, 72
9294, 46
9295, 42
9296, 49
9297, 14
9298, 11
9299, 8
9300, 1
9301, 20
9302, 6
9303, 1
9304, 46
9305, 56
9306, 6
9307, 1
9308, 42
9309, 63
9310, 5
9311, 4
9312, 1
9313, 56
9314, 62
9315, 54
9316, 41
9317, 34
9318, 26
9319, 27
9320, 8
9321, 1
9322, 27
9323, 19
9324, 23
9325, 25
9326, 21
9327, 27
9328, 10
9329, 6
9330, 4
9331, 1
9332, 63
9333, 120
9334, 40
9335, 34
9336, 6
9337, 4
9338, 1
9339, 1
9340, 36
9341, 24
9342, 16
9343, 19
9344, 26
9345, 20
9346, 21
9347, 21
9348, 7
9349, 3
9350, 1
9351, 1
9352, 19
9353, 31
9354, 41
9355, 40
9356, 56
9357, 13
9358, 8
9359, 1
9360, 23
9361, 51
9362, 77
9363, 1
9364, 37
9365, 42
9366, 11
9367, 1
9368, 31
9369, 29
9370, 1
9371, 74
9372, 39
9373, 14
9374, 1
9375, 25
9376, 28
9377, 8
9378, 1
9379, 19
9380, 6
9381, 1
9382, 33
9383, 41
9384, 40
9385, 58
9386, 13
9387, 8
9388, 1
9389, 36
9390, 36
9391, 40
9392, 1
9393, 34
9394, 38
9395, 1
9396, 18
9397, 33
9398, 11
9399, 10
9400, 6
9401, 1
9402, 28
9403, 50
9404, 1
9405, 37
9406, 75
9407, 10
9408, 6
9409, 1
9410, 24
9411, 45
9412, 51
9413, 59
9414, 11
9415, 16
9416, 5
9417, 4
9418, 1
9419, 1
9420, 48
9421, 30
9422, 83
9423, 61
9424, 43
9425, 92
9426, 3
9427, 1
9428, 49
9429, 47
9430, 3
9431, 1
9432, 1
9433, 1
9434, 1
9435, 18
9436, 23
9437, 21
9438, 62
9439, 56
9440, 1
9441, 56
9442, 13
9443, 1
9444, 34
9445, 31
9446, 43
9447, 57
9448, 50
9449, 30
9450, 1
9451, 18
9452, 79
9453, 105
9454, 11
9455, 10
9456, 1
9457, 67
9458, 32
9459, 28
9460, 82
9461, 8
9462, 1
9463, 12
9464, 32
9465, 26
9466, 5
9467, 2
9468, 1
9469, 51
9470, 34
9471, 44
9472, 15
9473, 14
9474, 37
9475, 67
9476, 88
9477, 88
9478, 9
9479, 1
9480, 60
9481, 38
9482, 76
9483, 5
9484, 1
9485, 78
9486, 78
9487, 37
9488, 35
9489, 39
9490, 10
9491, 1
9492, 12
9493, 70
9494, 55
9495, 28
9496, 63
9497, 8
9498, 5
9499, 1
9500, 41
9501, 45
9502, 3
9503, 1
9504, 19
9505, 27
9506, 52
9507, 6
9508, 32
9509, 35
9510, 75
9511, 57
9512, 64
9513, 9
9514, 27
9515, 31
9516, 66
9517, 66
9518, 83
9519, 62
9520, 9
9521, 33
9522, 41
9523, 1
9524, 30
9525, 19
9526, 36
9527, 50
9528, 83
9529, 20
9530, 73
9531, 16
9532, 5
9533, 4
9534, 1
9535, 1
9536, 29
9537, 71
9538, 63
9539, 20
9540, 16
9541, 1
9542, 73
9543, 30
9544, 1
9545, 27
9546, 68
9547, 82
9548, 75
9549, 65
9550, 65
9551, 70
9552, 1
9553, 51
9554, 7
9555, 69
9556, 22
9557, 1
9558, 15
9559, 22
9560, 45
9561, 1
9562, 18
9563, 60
9564, 30
9565, 47
9566, 40
9567, 49
9568, 8
9569, 7
9570, 2
9571, 1
9572, 32
9573, 72
9574, 46
9575, 1
9576, 54
9577, 22
9578, 1
9579, 46
9580, 71
9581, 52
9582, 1
9583, 23
9584, 1
9585, 18
9586, 50
9587, 22
9588, 39
9589, 32
9590, 1
9591, 34
9592, 105
9593, 1
9594, 50
9595, 42
9596, 51
9597, 56
9598, 20
9599, 17
9600, 1
9601, 47
9602, 65
9603, 60
9604, 17
9605, 1
9606, 42
9607, 86
9608, 78
9609, 88
9610, 85
9611, 77
9612, 66
9613, 17
9614, 1
9615, 30
9616, 38
9617, 35
9618, 88
9619, 53
9620, 21
9621, 87
9622, 55
9623, 54
9624, 67
9625, 20
9626, 17
9627, 1
9628, 38
9629, 64
9630, 64
9631, 75
9632, 1
9633, 27
9634, 51
9635, 53
9636, 1
9637, 65
9638, 75
9639, 33
9640, 48
9641, 43
9642, 59
9643, 1
9644, 49
9645, 38
9646, 54
9647, 40
9648, 26
9649, 30
9650, 40
9651, 45
9652, 1
9653, 42
9654, 82
9655, 36
9656, 70
9657, 62
9658, 26
9659, 1
9660, 70
9661, 71
9662, 30
9663, 56
9664, 39
9665, 82
9666, 44
9667, 26
9668, 1
9669, 68
9670, 1
9671, 86
9672, 88
9673, 65
9674, 84
9675, 64
9676, 84
9677, 56
9678, 41
9679, 26
9680, 23
9681, 20
9682, 1
9683, 45
9684, 37
9685, 93
9686, 20
9687, 18
9688, 1
9689, 39
9690, 64
9691, 30
9692, 52
9693, 63
9694, 69
9695, 42
9696, 24
9697, 61
9698, 74
9699, 17
9700, 15
9701, 1
9702, 32
9703, 33
9704, 47
9705, 17
9706, 14
9707, 12
9708, 8
9709, 7
9710, 2
9711, 1
9712, 28
9713, 31
9714, 9
9715, 42
9716, 19
9717, 2
9718, 1
9719, 29
9720, 9
9721, 62
9722, 19
9723, 2
9724, 1
9725, 1
9726, 1
9727, 1
9728, 27
9729, 19
9730, 14
9731, 106
9732, 6
9733, 15
9734, 36
9735, 6
9736, 17
9737, 40
9738, 36
9739, 22
9740, 8
9741, 5
9742, 4
9743, 1
9744, 42
9745, 48
9746, 34
9747, 23
9748, 5
9749, 26
9750, 22
9751, 24
9752, 5
9753, 4
9754, 1
9755, 34
9756, 46
9757, 1
9758, 59
9759, 26
9760, 1
9761, 18
9762, 80
9763, 1
9764, 15
9765, 1
9766, 41
9767, 1
9768, 55
9769, 1
9770, 33
9771, 1
9772, 37
9773, 49
9774, 14
9775, 1
9776, 32
9777, 1
9778, 48
9779, 81
9780, 1
9781, 101
9782, 1
9783, 46
9784, 68
9785, 1
9786, 39
9787, 45
9788, 62
9789, 20
9790, 1
9791, 44
9792, 33
9793, 1
9794, 43
9795, 36
9796, 49
9797, 20
9798, 17
9799, 15
9800, 1
9801, 86
9802, 79
9803, 58
9804, 12
9805, 1
9806, 29
9807, 28
9808, 49
9809, 14
9810, 11
9811, 9
9812, 5
9813, 4
9814, 1
9815, 1
9816, 1
9817, 1
9818, 23
9819, 33
9820, 1
9821, 26
9822, 19
9823, 22
9824, 31
9825, 83
9826, 31
9827, 23
9828, 5
9829, 4
9830, 1
9831, 70
9832, 77
9833, 1
9834, 53
9835, 63
9836, 17
9837, 144
9838, 9
9839, 1
9840, 81
9841, 53
9842, 1
9843, 77
9844, 78
9845, 29
9846, 26
9847, 1
9848, 47
9849, 24
9850, 79
9851, 40
9852, 87
9853, 8
9854, 1
9855, 68
9856, 49
9857, 37
9858, 62
9859, 11
9860, 40
9861, 9
9862, 1
9863, 29
9864, 33
9865, 1
9866, 26
9867, 44
9868, 44
9869, 40
9870, 9
9871, 1
9872, 52
9873, 32
9874, 38
9875, 47
9876, 1
9877, 30
9878, 36
9879, 79
9880, 62
9881, 1
9882, 53
9883, 47
9884, 11
9885, 1
9886, 61
9887, 72
9888, 51
9889, 11
9890, 1
9891, 54
9892, 10
9893, 1
9894, 28
9895, 23
9896, 5
9897, 4
9898, 1
9899, 1
9900, 1
9901, 1
9902, 24
9903, 104
9904, 83
9905, 60
9906, 46
9907, 19
9908, 5
9909, 41
9910, 29
9911, 23
9912, 5
9913, 34
9914, 1
9915, 41
9916, 36
9917, 1
9918, 17
9919, 19
9920, 53
9921, 5
9922, 1
9923, 64
9924, 1
9925, 38
9926, 34
9927, 5
9928, 1
9929, 49
9930, 3
9931, 1
9932, 1
9933, 38
9934, 28
9935, 1
9936, 4
9937, 26
9938, 4
9939, 53
9940, 45
9941, 45
9942, 5
9943, 1
9944, 33
9945, 19
9946, 30
9947, 1
9948, 21
9949, 62
9950, 33
9951, 5
9952, 1
9953, 25
9954, 40
9955, 1
9956, 42
9957, 25
9958, 26
9959, 1
9960, 38
9961, 56
9962, 21
9963, 5
9964, 1
9965, 54
9966, 28
9967, 20
9968, 19
9969, 1
9970, 76
9971, 21
9972, 27
9973, 22
9974, 41
9975, 1
9976, 55
9977, 31
9978, 1
9979, 31
9980, 1
9981, 85
9982, 70
9983, 90
9984, 1
9985, 45
9986, 28
9987, 1
9988, 59
9989, 83
9990, 10
9991, 5
9992, 1
9993, 16
9994, 3
9995, 1
9996, 1
9997, 1
9998, 1
9999, 50
10000, 54
10001, 31
10002, 14
10003, 3
10004, 1
10005, 1
10006, 1
10007, 1
10008, 1
10009, 47
10010, 1
10011, 4
10012, 33
10013, 4
10014, 29
10015, 36
10016, 13
10017, 28
10018, 49
10019, 16
10020, 2
10021, 1
10022, 18
10023, 45
10024, 93
10025, 52
10026, 35
10027, 21
10028, 1
10029, 74
10030, 37
10031, 43
10032, 8
10033, 1
10034, 36
10035, 45
10036, 47
10037, 81
10038, 66
10039, 1
10040, 118
10041, 33
10042, 43
10043, 35
10044, 37
10045, 15
10046, 48
10047, 50
10048, 8
10049, 1
10050, 44
10051, 55
10052, 8
10053, 1
10054, 35
10055, 63
10056, 8
10057, 36
10058, 67
10059, 8
10060, 1
10061, 34
10062, 44
10063, 15
10064, 31
10065, 8
10066, 5
10067, 3
10068, 1
10069, 19
10070, 33
10071, 32
10072, 40
10073, 19
10074, 38
10075, 60
10076, 16
10077, 8
10078, 1
10079, 24
10080, 36
10081, 27
10082, 43
10083, 1
10084, 20
10085, 17
10086, 8
10087, 1
10088, 37
10089, 1
10090, 52
10091, 49
10092, 21
10093, 8
10094, 1
10095, 63
10096, 47
10097, 66
10098, 45
10099, 8
10100, 30
10101, 15
10102, 98
10103, 98
10104, 9
10105, 6
10106, 1
10107, 26
10108, 26
10109, 17
10110, 8
10111, 1
10112, 32
10113, 45
10114, 27
10115, 1
10116, 118
10117, 58
10118, 94
10119, 48
10120, 15
10121, 36
10122, 45
10123, 1
10124, 32
10125, 33
10126, 64
10127, 50
10128, 11
10129, 1
10130, 37
10131, 87
10132, 88
10133, 8
10134, 1
10135, 53
10136, 78
10137, 72
10138, 15
10139, 87
10140, 87
10141, 9
10142, 6
10143, 1
10144, 30
10145, 35
10146, 58
10147, 1
10148, 137
10149, 54
10150, 11
10151, 41
10152, 10
10153, 5
10154, 4
10155, 1
10156, 43
10157, 97
10158, 31
10159, 1
10160, 43
10161, 59
10162, 38
10163, 1
10164, 36
10165, 55
10166, 56
10167, 31
10168, 11
10169, 1
10170, 22
10171, 26
10172, 56
10173, 53
10174, 15
10175, 1
10176, 18
10177, 34
10178, 11
10179, 48
10180, 6
10181, 4
10182, 1
10183, 54
10184, 61
10185, 77
10186, 90
10187, 54
10188, 66
10189, 35
10190, 27
10191, 45
10192, 64
10193, 48
10194, 58
10195, 25
10196, 11
10197, 8
10198, 6
10199, 4
10200, 1
10201, 1
10202, 85
10203, 76
10204, 117
10205, 52
10206, 58
10207, 94
10208, 97
10209, 1
10210, 62
10211, 21
10212, 1
10213, 45
10214, 96
10215, 92
10216, 60
10217, 72
10218, 14
10219, 1
10220, 44
10221, 41
10222, 43
10223, 1
10224, 117
10225, 123
10226, 32
10227, 72
10228, 72
10229, 41
10230, 18
10231, 14
10232, 1
10233, 41
10234, 92
10235, 49
10236, 1
10237, 53
10238, 57
10239, 69
10240, 9
10241, 7
10242, 4
10243, 1
10244, 1
10245, 63
10246, 30
10247, 23
10248, 3
10249, 1
10250, 39
10251, 1
10252, 1
10253, 1
10254, 1
10255, 79
10256, 77
10257, 76
10258, 74
10259, 76
10260, 79
10261, 68
10262, 1
10263, 75
10264, 77
10265, 78
10266, 83
10267, 1
10268, 52
10269, 38
10270, 21
10271, 7
10272, 2
10273, 1
10274, 1
10275, 1
10276, 1
10277, 4
10278, 43
10279, 28
10280, 1
10281, 42
10282, 18
10283, 1
10284, 39
10285, 32
10286, 21
10287, 5
10288, 1
10289, 45
10290, 31
10291, 5
10292, 1
10293, 18
10294, 3
10295, 1
10296, 44
10297, 69
10298, 47
10299, 42
10300, 38
10301, 2
10302, 1
10303, 1
10304, 1
10305, 1
10306, 15
10307, 1
10308, 5
