1, 41
2, 22
3, 38
4, 2
5, 19
6, 2
7, 16
8, 15
9, 22
10, 15
11, 28
12, 34
13, 2
14, 17
15, 22
16, 39
17, 18
18, 58
19, 40
20, 31
21, 1
22, 11
23, 13
24, 13
25, 1
26, 12
27, 25
28, 23
29, 16
30, 26
31, 21
32, 29
33, 36
34, 25
35, 22
36, 1
37, 7
38, 41
39, 38
40, 3
41, 33
42, 31
43, 30
44, 2
45, 15
46, 13
47, 14
48, 14
49, 2
50, 29
51, 43
52, 25
53, 16
54, 71
55, 2
56, 38
57, 30
58, 56
59, 2
60, 15
61, 50
62, 31
63, 2
64, 100
65, 2
66, 43
67, 2
68, 27
69, 51
70, 2
71, 15
72, 41
73, 85
74, 2
75, 78
76, 21
77, 2
78, 87
79, 41
80, 38
81, 41
82, 46
83, 2
84, 26
85, 2
86, 23
87, 45
88, 2
89, 25
90, 18
91, 19
92, 24
93, 25
94, 29
95, 22
96, 23
97, 26
98, 29
99, 23
100, 24
101, 22
102, 19
103, 2
104, 2
105, 25
106, 32
107, 36
108, 66
109, 14
110, 2
111, 2
112, 13
113, 18
114, 55
115, 57
116, 60
117, 2
118, 2
119, 39
120, 37
121, 38
122, 37
123, 37
124, 2
125, 2
126, 11
127, 81
128, 17
129, 75
130, 64
131, 56
132, 55
133, 2
134, 2
135, 46
136, 15
137, 27
138, 18
139, 22
140, 27
141, 27
142, 2
143, 38
144, 23
145, 39
146, 24
147, 57
148, 2
149, 26
150, 29
151, 82
152, 55
153, 53
154, 2
155, 71
156, 71
157, 20
158, 26
159, 27
160, 28
161, 24
162, 24
163, 62
164, 37
165, 37
166, 27
167, 27
168, 15
169, 32
170, 27
171, 28
172, 31
173, 80
174, 23
175, 15
176, 46
177, 2
178, 2
179, 23
180, 24
181, 49
182, 65
183, 64
184, 2
185, 2
186, 28
187, 63
188, 22
189, 44
190, 37
191, 2
192, 30
193, 18
194, 1
195, 13
196, 1
197, 1
198, 21
199, 17
200, 16
201, 18
202, 1
203, 1
204, 34
205, 25
206, 46
207, 44
208, 48
209, 1
210, 29
211, 26
212, 1
213, 23
214, 25
215, 37
216, 1
217, 24
218, 21
219, 1
220, 22
221, 25
222, 39
223, 1
224, 24
225, 21
226, 1
227, 24
228, 25
229, 38
230, 1
231, 24
232, 21
233, 1
234, 1
235, 44
236, 30
237, 35
238, 60
239, 58
240, 58
241, 1
242, 29
243, 39
244, 1
245, 36
246, 25
247, 42
248, 1
249, 24
250, 21
251, 1
252, 35
253, 25
254, 44
255, 1
256, 24
257, 21
258, 1
259, 37
260, 25
261, 31
262, 1
263, 24
264, 21
265, 1
266, 35
267, 25
268, 43
269, 1
270, 24
271, 21
272, 1
273, 1
274, 15
275, 29
276, 21
277, 35
278, 47
279, 1
280, 29
281, 27
282, 1
283, 22
284, 47
285, 1
286, 29
287, 35
288, 1
289, 22
290, 26
291, 1
292, 21
293, 26
294, 1
295, 21
296, 26
297, 1
298, 25
299, 46
300, 1
301, 1
302, 58
303, 29
304, 34
305, 1
306, 29
307, 53
308, 1
309, 27
310, 26
311, 1
312, 22
313, 66
314, 1
315, 1
316, 41
317, 15
318, 15
319, 15
320, 15
321, 15
322, 1
323, 14
324, 1
325, 79
326, 1
327, 1
328, 13
329, 25
330, 1
331, 19
332, 19
333, 19
334, 19
335, 19
336, 19
337, 19
338, 19
339, 19
340, 19
341, 1
342, 30
343, 30
344, 30
345, 30
346, 30
347, 30
348, 30
349, 30
350, 30
351, 30
352, 1
353, 14
354, 1
355, 32
356, 53
357, 53
358, 1
359, 53
360, 53
361, 5
362, 16
363, 1
364, 1
365, 7
366, 18
367, 59
368, 40
369, 31
370, 1
371, 22
372, 21
373, 13
374, 1
375, 30
376, 23
377, 1
378, 19
379, 40
380, 49
381, 33
382, 19
383, 17
384, 1
385, 20
386, 36
387, 17
388, 1
389, 23
390, 40
391, 38
392, 17
393, 1
394, 26
395, 29
396, 42
397, 25
398, 21
399, 35
400, 31
401, 51
402, 24
403, 60
404, 17
405, 1
406, 20
407, 26
408, 22
409, 27
410, 37
411, 14
412, 48
413, 17
414, 39
415, 30
416, 24
417, 26
418, 46
419, 18
420, 10
421, 26
422, 40
423, 1
424, 12
425, 25
426, 14
427, 14
428, 19
429, 1
430, 7
431, 18
432, 40
433, 1
434, 18
435, 13
436, 1
437, 7
438, 7
439, 1
440, 1
441, 20
442, 31
443, 27
444, 23
445, 28
446, 1
447, 1
448, 20
449, 31
450, 27
451, 23
452, 28
453, 1
454, 1
455, 24
456, 9
457, 25
458, 12
459, 63
460, 1
461, 1
462, 22
463, 14
464, 9
465, 25
466, 29
467, 16
468, 57
469, 1
470, 1
471, 22
472, 14
473, 9
474, 20
475, 29
476, 16
477, 57
478, 1
479, 1
480, 18
481, 62
482, 1
483, 12
484, 18
485, 27
486, 16
487, 16
488, 34
489, 25
490, 49
491, 1
492, 1
493, 7
494, 33
495, 37
496, 65
497, 1
498, 18
499, 1
500, 17
501, 37
502, 39
503, 38
504, 14
505, 10
506, 22
507, 14
508, 1
509, 16
510, 23
511, 51
512, 23
513, 1
514, 22
515, 27
516, 19
517, 1
518, 39
519, 32
520, 62
521, 1
522, 24
523, 22
524, 21
525, 31
526, 28
527, 25
528, 1
529, 22
530, 26
531, 29
532, 35
533, 38
534, 35
535, 27
536, 27
537, 27
538, 1
539, 38
540, 38
541, 1
542, 20
543, 23
544, 37
545, 28
546, 18
547, 25
548, 26
549, 36
550, 22
551, 28
552, 1
553, 26
554, 29
555, 22
556, 19
557, 1
558, 1
559, 35
560, 29
561, 16
562, 41
563, 1
564, 41
565, 38
566, 3
567, 31
568, 21
569, 1
570, 13
571, 14
572, 2
573, 18
574, 27
575, 19
576, 13
577, 11
578, 15
579, 22
580, 21
581, 30
582, 27
583, 2
584, 14
585, 24
586, 52
587, 24
588, 2
589, 23
590, 28
591, 20
592, 2
593, 45
594, 29
595, 29
596, 25
597, 22
598, 42
599, 34
600, 29
601, 2
602, 41
603, 41
604, 2
605, 23
606, 40
607, 27
608, 30
609, 23
610, 20
611, 15
612, 30
613, 2
614, 13
615, 26
616, 36
617, 56
618, 2
619, 26
620, 12
621, 41
622, 38
623, 3
624, 26
625, 36
626, 2
627, 19
628, 13
629, 14
630, 2
631, 9
632, 49
633, 49
634, 49
635, 49
636, 49
637, 49
638, 43
639, 2
640, 68
641, 2
642, 17
643, 29
644, 29
645, 29
646, 29
647, 3
648, 2
649, 2
650, 57
651, 15
652, 21
653, 14
654, 38
655, 32
656, 2
657, 24
658, 2
659, 28
660, 12
661, 12
662, 15
663, 27
664, 19
665, 21
666, 21
667, 19
668, 2
669, 26
670, 16
671, 18
672, 33
673, 34
674, 25
675, 28
676, 19
677, 32
678, 2
679, 28
680, 16
681, 23
682, 22
683, 24
684, 18
685, 42
686, 34
687, 55
688, 19
689, 71
690, 2
691, 2
692, 22
693, 2
694, 31
695, 23
696, 2
697, 34
698, 23
699, 2
700, 39
701, 31
702, 44
703, 37
704, 30
705, 48
706, 1
707, 29
708, 13
709, 24
710, 1
711, 20
712, 20
713, 20
714, 20
715, 20
716, 20
717, 20
718, 20
719, 20
720, 20
721, 20
722, 20
723, 20
724, 20
725, 20
726, 1
727, 39
728, 39
729, 39
730, 39
731, 1
732, 89
733, 89
734, 89
735, 59
736, 1
737, 12
738, 12
739, 12
740, 1
741, 10
742, 21
743, 16
744, 33
745, 29
746, 1
747, 1
748, 30
749, 13
750, 36
751, 29
752, 28
753, 1
754, 1
755, 28
756, 24
757, 26
758, 24
759, 27
760, 1
761, 1
762, 47
763, 30
764, 21
765, 38
766, 41
767, 38
768, 42
769, 25
770, 14
771, 1
772, 30
773, 20
774, 31
775, 37
776, 14
777, 30
778, 1
779, 18
780, 37
781, 43
782, 1
783, 19
784, 28
785, 1
786, 1
787, 40
788, 32
789, 21
790, 22
791, 13
792, 1
793, 20
794, 31
795, 37
796, 14
797, 30
798, 1
799, 47
800, 35
801, 42
802, 21
803, 1
804, 40
805, 27
806, 28
807, 1
808, 1
809, 13
810, 17
811, 1
812, 20
813, 28
814, 1
815, 53
816, 56
817, 69
818, 18
819, 59
820, 40
821, 1
822, 18
823, 13
824, 1
825, 12
826, 16
827, 18
828, 34
829, 1
830, 12
831, 25
832, 33
833, 17
834, 1
835, 7
836, 39
837, 37
838, 2
839, 32
840, 1
841, 11
842, 27
843, 1
844, 12
845, 10
846, 43
847, 19
848, 21
849, 1
850, 7
851, 18
852, 59
853, 40
854, 39
855, 1
856, 18
857, 29
858, 13
859, 1
860, 12
861, 25
862, 11
863, 16
864, 28
865, 28
866, 10
867, 24
868, 31
869, 26
870, 12
871, 1
872, 7
873, 18
874, 60
875, 36
876, 61
877, 2
878, 70
879, 51
880, 72
881, 59
882, 1
883, 11
884, 13
885, 23
886, 13
887, 1
888, 12
889, 23
890, 13
891, 26
892, 28
893, 1
894, 13
895, 22
896, 31
897, 11
898, 29
899, 23
900, 28
901, 1
902, 77
903, 1
904, 1
905, 7
906, 18
907, 2
908, 39
909, 37
910, 2
911, 47
912, 70
913, 1
914, 11
915, 13
916, 1
917, 12
918, 12
919, 12
920, 1
921, 10
922, 22
923, 16
924, 33
925, 32
926, 1
927, 22
928, 11
929, 21
930, 1
931, 17
932, 19
933, 19
934, 24
935, 15
936, 25
937, 27
938, 20
939, 25
940, 28
941, 23
942, 1
943, 14
944, 19
945, 24
946, 50
947, 23
948, 1
949, 29
950, 30
951, 22
952, 23
953, 19
954, 28
955, 21
956, 1
957, 13
958, 28
959, 29
960, 11
961, 14
962, 1
963, 25
964, 32
965, 33
966, 1
967, 21
968, 1
969, 27
970, 1
971, 7
972, 18
973, 2
974, 39
975, 37
976, 2
977, 47
978, 70
979, 1
980, 11
981, 13
982, 1
983, 13
984, 1
985, 12
986, 12
987, 12
988, 1
989, 10
990, 22
991, 16
992, 33
993, 32
994, 1
995, 22
996, 11
997, 21
998, 1
999, 17
1000, 19
1001, 19
1002, 24
1003, 15
1004, 25
1005, 27
1006, 20
1007, 25
1008, 28
1009, 23
1010, 1
1011, 14
1012, 19
1013, 24
1014, 50
1015, 23
1016, 1
1017, 29
1018, 30
1019, 22
1020, 23
1021, 19
1022, 28
1023, 21
1024, 1
1025, 13
1026, 28
1027, 29
1028, 11
1029, 14
1030, 1
1031, 25
1032, 32
1033, 33
1034, 1
1035, 21
1036, 1
1037, 27
1038, 1
1039, 7
1040, 18
1041, 60
1042, 40
1043, 13
1044, 13
1045, 1
1046, 20
1047, 33
1048, 37
1049, 2
1050, 26
1051, 27
1052, 25
1053, 1
1054, 22
1055, 1
1056, 38
1057, 30
1058, 23
1059, 26
1060, 36
1061, 33
1062, 36
1063, 14
1064, 35
1065, 26
1066, 1
1067, 1
1068, 39
1069, 54
1070, 1
1071, 84
1072, 1
1073, 65
1074, 10
1075, 1
1076, 1
1077, 34
1078, 44
1079, 38
1080, 1
1081, 1
1082, 12
1083, 20
1084, 23
1085, 31
1086, 18
1087, 1
1088, 13
1089, 23
1090, 28
1091, 18
1092, 32
1093, 36
1094, 1
1095, 19
1096, 43
1097, 1
1098, 73
1099, 43
1100, 1
1101, 1
1102, 35
1103, 7
1104, 18
1105, 60
1106, 40
1107, 36
1108, 1
1109, 18
1110, 13
1111, 1
1112, 13
1113, 1
1114, 18
1115, 29
1116, 17
1117, 13
1118, 1
1119, 60
1120, 53
1121, 7
1122, 47
1123, 6
1124, 16
1125, 35
1126, 18
1127, 15
1128, 30
1129, 15
1130, 30
1131, 18
1132, 23
1133, 17
1134, 19
1135, 24
1136, 10
1137, 17
1138, 1
1139, 12
1140, 27
1141, 16
1142, 16
1143, 19
1144, 30
1145, 22
1146, 17
1147, 1
1148, 7
1149, 19
1150, 37
1151, 41
1152, 4
1153, 47
1154, 35
1155, 2
1156, 12
1157, 14
1158, 15
1159, 14
1160, 2
1161, 12
1162, 2
1163, 35
1164, 31
1165, 32
1166, 26
1167, 27
1168, 41
1169, 21
1170, 35
1171, 2
1172, 23
1173, 47
1174, 25
1175, 48
1176, 25
1177, 32
1178, 21
1179, 24
1180, 33
1181, 20
1182, 27
1183, 59
1184, 27
1185, 59
1186, 24
1187, 64
1188, 63
1189, 35
1190, 60
1191, 65
1192, 72
1193, 76
1194, 31
1195, 39
1196, 23
1197, 57
1198, 20
1199, 76
1200, 28
1201, 86
1202, 38
1203, 29
1204, 30
1205, 33
1206, 46
1207, 35
1208, 50
1209, 86
1210, 43
1211, 19
1212, 27
1213, 36
1214, 23
1215, 63
1216, 41
1217, 42
1218, 75
1219, 32
1220, 61
1221, 74
1222, 19
1223, 22
1224, 29
1225, 23
1226, 28
1227, 25
1228, 29
1229, 33
1230, 33
1231, 41
1232, 50
1233, 63
1234, 42
1235, 47
1236, 34
1237, 34
1238, 56
1239, 25
1240, 52
1241, 6
1242, 31
1243, 49
1244, 75
1245, 19
1246, 53
1247, 57
1248, 25
1249, 25
1250, 35
1251, 24
1252, 25
1253, 29
1254, 38
1255, 73
1256, 78
1257, 37
1258, 57
1259, 59
1260, 32
1261, 31
1262, 41
1263, 59
1264, 55
1265, 56
1266, 15
1267, 52
1268, 20
1269, 19
1270, 41
1271, 54
1272, 24
1273, 18
1274, 2
1275, 13
1276, 18
1277, 53
1278, 30
1279, 71
1280, 37
1281, 35
1282, 42
1283, 38
1284, 36
1285, 66
1286, 34
1287, 19
1288, 85
1289, 42
1290, 47
1291, 48
1292, 30
1293, 20
1294, 2
1295, 18
1296, 8
1297, 41
1298, 38
1299, 3
1300, 25
1301, 2
1302, 11
1303, 13
1304, 14
1305, 2
1306, 13
1307, 29
1308, 15
1309, 16
1310, 29
1311, 25
1312, 28
1313, 28
1314, 17
1315, 18
1316, 2
1317, 40
1318, 2
1319, 23
1320, 34
1321, 27
1322, 20
1323, 43
1324, 2
1325, 31
1326, 31
1327, 37
1328, 27
1329, 19
1330, 42
1331, 2
1332, 30
1333, 37
1334, 29
1335, 30
1336, 19
1337, 30
1338, 2
1339, 26
1340, 33
1341, 25
1342, 26
1343, 2
1344, 8
1345, 22
1346, 44
1347, 37
1348, 2
1349, 30
1350, 1
1351, 22
1352, 18
1353, 1
1354, 13
1355, 1
1356, 1
1357, 13
1358, 29
1359, 1
1360, 40
1361, 1
1362, 18
1363, 34
1364, 28
1365, 1
1366, 33
1367, 1
1368, 20
1369, 36
1370, 32
1371, 9
1372, 28
1373, 33
1374, 1
1375, 49
1376, 47
1377, 17
1378, 73
1379, 1
1380, 11
1381, 28
1382, 33
1383, 1
1384, 38
1385, 47
1386, 1
1387, 1
1388, 19
1389, 58
1390, 19
1391, 19
1392, 45
1393, 35
1394, 1
1395, 39
1396, 28
1397, 19
1398, 46
1399, 45
1400, 1
1401, 39
1402, 19
1403, 40
1404, 1
1405, 34
1406, 1
1407, 46
1408, 30
1409, 1
1410, 76
1411, 80
1412, 53
1413, 46
1414, 26
1415, 19
1416, 37
1417, 31
1418, 1
1419, 1
1420, 7
1421, 22
1422, 2
1423, 2
1424, 25
1425, 44
1426, 2
1427, 64
1428, 1
1429, 18
1430, 23
1431, 1
1432, 13
1433, 1
1434, 10
1435, 1
1436, 25
1437, 84
1438, 13
1439, 1
1440, 1
1441, 18
1442, 22
1443, 1
1444, 1
1445, 12
1446, 33
1447, 21
1448, 1
1449, 29
1450, 29
1451, 27
1452, 26
1453, 45
1454, 1
1455, 7
1456, 1
1457, 41
1458, 38
1459, 3
1460, 32
1461, 22
1462, 2
1463, 14
1464, 12
1465, 2
1466, 11
1467, 13
1468, 2
1469, 65
1470, 63
1471, 38
1472, 38
1473, 47
1474, 51
1475, 47
1476, 51
1477, 2
1478, 16
1479, 18
1480, 2
1481, 57
1482, 77
1483, 2
1484, 2
1485, 26
1486, 30
1487, 33
1488, 51
1489, 29
1490, 2
1491, 2
1492, 31
1493, 59
1494, 37
1495, 2
1496, 33
1497, 48
1498, 2
1499, 18
1500, 2
1501, 2
1502, 22
1503, 30
1504, 2
1505, 20
1506, 22
1507, 2
1508, 36
1509, 52
1510, 38
1511, 2
1512, 37
1513, 26
1514, 2
1515, 29
1516, 2
1517, 17
1518, 2
1519, 2
1520, 30
1521, 31
1522, 2
1523, 24
1524, 33
1525, 25
1526, 48
1527, 15
1528, 29
1529, 2
1530, 23
1531, 2
1532, 32
1533, 19
1534, 36
1535, 54
1536, 38
1537, 41
1538, 61
1539, 53
1540, 47
1541, 2
1542, 59
1543, 53
1544, 2
1545, 21
1546, 2
1547, 2
1548, 25
1549, 24
1550, 2
1551, 63
1552, 58
1553, 64
1554, 59
1555, 59
1556, 2
1557, 76
1558, 2
1559, 15
1560, 26
1561, 43
1562, 22
1563, 44
1564, 40
1565, 28
1566, 2
1567, 25
1568, 51
1569, 66
1570, 25
1571, 19
1572, 42
1573, 34
1574, 20
1575, 2
1576, 2
1577, 29
1578, 20
1579, 32
1580, 14
1581, 36
1582, 18
1583, 24
1584, 36
1585, 21
1586, 34
1587, 20
1588, 24
1589, 14
1590, 11
1591, 34
1592, 35
1593, 55
1594, 43
1595, 45
1596, 57
1597, 42
1598, 2
1599, 2
1600, 21
1601, 18
1602, 12
1603, 14
1604, 30
1605, 33
1606, 38
1607, 46
1608, 37
1609, 27
1610, 34
1611, 30
1612, 24
1613, 2
1614, 15
1615, 13
1616, 30
1617, 33
1618, 62
1619, 2
1620, 22
1621, 25
1622, 26
1623, 16
1624, 2
1625, 2
1626, 30
1627, 30
1628, 33
1629, 42
1630, 2
1631, 18
1632, 24
1633, 23
1634, 11
1635, 2
1636, 2
1637, 15
1638, 18
1639, 15
1640, 24
1641, 36
1642, 2
1643, 2
1644, 28
1645, 18
1646, 29
1647, 2
1648, 51
1649, 35
1650, 35
1651, 18
1652, 40
1653, 1
1654, 18
1655, 13
1656, 1
1657, 14
1658, 37
1659, 32
1660, 21
1661, 26
1662, 24
1663, 34
1664, 21
1665, 1
1666, 25
1667, 50
1668, 43
1669, 37
1670, 25
1671, 24
1672, 26
1673, 45
1674, 38
1675, 29
1676, 21
1677, 1
1678, 1
1679, 12
1680, 27
1681, 16
1682, 16
1683, 1
1684, 12
1685, 25
1686, 28
1687, 40
1688, 12
1689, 21
1690, 10
1691, 22
1692, 1
1693, 12
1694, 32
1695, 28
1696, 41
1697, 12
1698, 21
1699, 10
1700, 22
1701, 1
1702, 7
1703, 18
1704, 62
1705, 37
1706, 2
1707, 28
1708, 51
1709, 74
1710, 47
1711, 62
1712, 1
1713, 42
1714, 13
1715, 1
1716, 12
1717, 9
1718, 11
1719, 12
1720, 2
1721, 51
1722, 18
1723, 13
1724, 35
1725, 2
1726, 15
1727, 14
1728, 23
1729, 24
1730, 14
1731, 10
1732, 14
1733, 2
1734, 18
1735, 25
1736, 20
1737, 39
1738, 17
1739, 23
1740, 20
1741, 2
1742, 24
1743, 21
1744, 42
1745, 2
1746, 20
1747, 46
1748, 54
1749, 2
1750, 13
1751, 13
1752, 2
1753, 18
1754, 39
1755, 7
1756, 21
1757, 2
1758, 36
1759, 41
1760, 39
1761, 52
1762, 53
1763, 43
1764, 39
1765, 43
1766, 1
1767, 7
1768, 1
1769, 41
1770, 38
1771, 3
1772, 31
1773, 22
1774, 33
1775, 30
1776, 2
1777, 11
1778, 13
1779, 14
1780, 2
1781, 26
1782, 26
1783, 24
1784, 2
1785, 2
1786, 29
1787, 39
1788, 76
1789, 25
1790, 29
1791, 31
1792, 31
1793, 31
1794, 2
1795, 54
1796, 31
1797, 33
1798, 2
1799, 32
1800, 32
1801, 32
1802, 32
1803, 32
1804, 32
1805, 2
1806, 26
1807, 31
1808, 31
1809, 31
1810, 2
1811, 2
1812, 21
1813, 13
1814, 26
1815, 22
1816, 63
1817, 28
1818, 31
1819, 31
1820, 31
1821, 53
1822, 44
1823, 25
1824, 2
1825, 14
1826, 2
1827, 2
1828, 30
1829, 16
1830, 24
1831, 2
1832, 22
1833, 27
1834, 27
1835, 27
1836, 2
1837, 30
1838, 30
1839, 30
1840, 2
1841, 2
1842, 50
1843, 2
1844, 13
1845, 30
1846, 31
1847, 31
1848, 46
1849, 46
1850, 47
1851, 43
1852, 2
1853, 12
1854, 30
1855, 30
1856, 31
1857, 47
1858, 46
1859, 46
1860, 43
1861, 2
1862, 12
1863, 30
1864, 31
1865, 31
1866, 46
1867, 46
1868, 47
1869, 43
1870, 2
1871, 13
1872, 30
1873, 31
1874, 30
1875, 46
1876, 46
1877, 47
1878, 43
1879, 2
1880, 2
1881, 13
1882, 26
1883, 54
1884, 29
1885, 35
1886, 30
1887, 35
1888, 2
1889, 2
1890, 8
1891, 45
1892, 38
1893, 31
1894, 60
1895, 2
1896, 19
1897, 27
1898, 41
1899, 2
1900, 26
1901, 2
1902, 2
1903, 35
1904, 31
1905, 23
1906, 25
1907, 19
1908, 19
1909, 19
1910, 2
1911, 42
1912, 28
1913, 2
1914, 29
1915, 29
1916, 29
1917, 2
1918, 52
1919, 53
1920, 41
1921, 43
1922, 2
1923, 40
1924, 40
1925, 40
1926, 40
1927, 40
1928, 40
1929, 2
1930, 22
1931, 26
1932, 26
1933, 26
1934, 2
1935, 2
1936, 21
1937, 13
1938, 35
1939, 23
1940, 65
1941, 2
1942, 46
1943, 28
1944, 2
1945, 29
1946, 29
1947, 29
1948, 52
1949, 2
1950, 48
1951, 14
1952, 2
1953, 2
1954, 35
1955, 24
1956, 2
1957, 22
1958, 29
1959, 29
1960, 29
1961, 2
1962, 32
1963, 32
1964, 32
1965, 2
1966, 2
1967, 13
1968, 17
1969, 37
1970, 40
1971, 2
1972, 28
1973, 2
1974, 66
1975, 2
1976, 47
1977, 48
1978, 48
1979, 64
1980, 64
1981, 65
1982, 63
1983, 2
1984, 46
1985, 46
1986, 47
1987, 64
1988, 63
1989, 63
1990, 62
1991, 2
1992, 46
1993, 47
1994, 47
1995, 63
1996, 63
1997, 64
1998, 62
1999, 2
2000, 47
2001, 48
2002, 47
2003, 64
2004, 64
2005, 65
2006, 63
2007, 2
2008, 26
2009, 54
2010, 27
2011, 34
2012, 35
2013, 2
2014, 25
2015, 40
2016, 35
2017, 2
2018, 2
2019, 18
2020, 7
2021, 18
2022, 65
2023, 40
2024, 28
2025, 1
2026, 18
2027, 13
2028, 1
2029, 12
2030, 10
2031, 28
2032, 17
2033, 17
2034, 5
2035, 22
2036, 18
2037, 22
2038, 26
2039, 30
2040, 34
2041, 38
2042, 35
2043, 12
2044, 1
2045, 7
2046, 33
2047, 37
2048, 77
2049, 1
2050, 18
2051, 1
2052, 15
2053, 27
2054, 23
2055, 28
2056, 21
2057, 23
2058, 23
2059, 26
2060, 47
2061, 33
2062, 23
2063, 46
2064, 1
2065, 19
2066, 21
2067, 18
2068, 27
2069, 34
2070, 37
2071, 46
2072, 60
2073, 2
2074, 19
2075, 2
2076, 20
2077, 47
2078, 45
2079, 2
2080, 15
2081, 37
2082, 30
2083, 35
2084, 34
2085, 24
2086, 28
2087, 30
2088, 34
2089, 39
2090, 42
2091, 44
2092, 28
2093, 50
2094, 2
2095, 21
2096, 30
2097, 19
2098, 28
2099, 18
2100, 41
2101, 1
2102, 18
2103, 13
2104, 1
2105, 14
2106, 37
2107, 32
2108, 21
2109, 26
2110, 24
2111, 34
2112, 21
2113, 1
2114, 25
2115, 50
2116, 43
2117, 37
2118, 25
2119, 24
2120, 26
2121, 45
2122, 38
2123, 29
2124, 21
2125, 1
2126, 1
2127, 12
2128, 27
2129, 16
2130, 16
2131, 1
2132, 23
2133, 26
2134, 38
2135, 25
2136, 14
2137, 26
2138, 28
2139, 27
2140, 1
2141, 13
2142, 1
2143, 30
2144, 26
2145, 39
2146, 25
2147, 14
2148, 26
2149, 28
2150, 34
2151, 1
2152, 7
2153, 41
2154, 38
2155, 3
2156, 32
2157, 26
2158, 72
2159, 2
2160, 12
2161, 13
2162, 14
2163, 2
2164, 42
2165, 2
2166, 15
2167, 25
2168, 17
2169, 48
2170, 19
2171, 20
2172, 21
2173, 33
2174, 20
2175, 30
2176, 24
2177, 35
2178, 35
2179, 35
2180, 22
2181, 23
2182, 23
2183, 34
2184, 23
2185, 23
2186, 77
2187, 75
2188, 76
2189, 2
2190, 22
2191, 26
2192, 1
2193, 18
2194, 24
2195, 1
2196, 13
2197, 1
2198, 13
2199, 62
2200, 1
2201, 50
2202, 21
2203, 31
2204, 32
2205, 32
2206, 1
2207, 30
2208, 34
2209, 1
2210, 17
2211, 21
2212, 16
2213, 13
2214, 26
2215, 34
2216, 37
2217, 30
2218, 42
2219, 16
2220, 1
2221, 12
2222, 25
2223, 25
2224, 15
2225, 40
2226, 73
2227, 22
2228, 90
2229, 1
2230, 1
2231, 7
2232, 41
2233, 38
2234, 3
2235, 32
2236, 45
2237, 38
2238, 2
2239, 12
2240, 18
2241, 13
2242, 13
2243, 14
2244, 2
2245, 39
2246, 39
2247, 41
2248, 2
2249, 2
2250, 20
2251, 2
2252, 14
2253, 19
2254, 59
2255, 2
2256, 2
2257, 44
2258, 2
2259, 20
2260, 28
2261, 28
2262, 28
2263, 2
2264, 2
2265, 31
2266, 39
2267, 2
2268, 2
2269, 18
2270, 2
2271, 34
2272, 17
2273, 14
2274, 30
2275, 38
2276, 38
2277, 34
2278, 57
2279, 22
2280, 2
2281, 2
2282, 36
2283, 2
2284, 26
2285, 26
2286, 12
2287, 14
2288, 33
2289, 53
2290, 56
2291, 19
2292, 72
2293, 2
2294, 2
2295, 8
2296, 22
2297, 44
2298, 37
2299, 2
2300, 30
2301, 1
2302, 29
2303, 24
2304, 21
2305, 13
2306, 1
2307, 13
2308, 1
2309, 1
2310, 21
2311, 31
2312, 30
2313, 25
2314, 28
2315, 1
2316, 20
2317, 36
2318, 42
2319, 1
2320, 1
2321, 25
2322, 25
2323, 30
2324, 28
2325, 1
2326, 20
2327, 34
2328, 30
2329, 1
2330, 1
2331, 17
2332, 1
2333, 48
2334, 21
2335, 30
2336, 22
2337, 30
2338, 1
2339, 33
2340, 34
2341, 1
2342, 32
2343, 21
2344, 1
2345, 41
2346, 20
2347, 1
2348, 33
2349, 16
2350, 18
2351, 63
2352, 40
2353, 1
2354, 18
2355, 25
2356, 13
2357, 1
2358, 21
2359, 10
2360, 13
2361, 13
2362, 9
2363, 1
2364, 17
2365, 33
2366, 13
2367, 25
2368, 26
2369, 26
2370, 17
2371, 18
2372, 24
2373, 25
2374, 22
2375, 19
2376, 18
2377, 1
2378, 17
2379, 33
2380, 28
2381, 25
2382, 26
2383, 26
2384, 17
2385, 18
2386, 24
2387, 25
2388, 22
2389, 1
2390, 13
2391, 44
2392, 44
2393, 15
2394, 15
2395, 14
2396, 14
2397, 29
2398, 5
2399, 23
2400, 1
2401, 1
2402, 18
2403, 61
2404, 40
2405, 30
2406, 1
2407, 18
2408, 13
2409, 1
2410, 12
2411, 10
2412, 11
2413, 1
2414, 10
2415, 21
2416, 16
2417, 33
2418, 32
2419, 1
2420, 12
2421, 25
2422, 14
2423, 14
2424, 20
2425, 26
2426, 18
2427, 29
2428, 1
2429, 7
2430, 22
2431, 45
2432, 37
2433, 2
2434, 30
2435, 1
2436, 18
2437, 22
2438, 1
2439, 13
2440, 1
2441, 1
2442, 32
2443, 27
2444, 25
2445, 1
2446, 1
2447, 15
2448, 34
2449, 19
2450, 19
2451, 19
2452, 1
2453, 27
2454, 64
2455, 1
2456, 27
2457, 64
2458, 1
2459, 28
2460, 58
2461, 1
2462, 23
2463, 58
2464, 1
2465, 24
2466, 49
2467, 1
2468, 1
2469, 12
2470, 31
2471, 24
2472, 27
2473, 1
2474, 1
2475, 14
2476, 25
2477, 13
2478, 1
2479, 46
2480, 27
2481, 1
2482, 23
2483, 33
2484, 32
2485, 38
2486, 36
2487, 24
2488, 1
2489, 1
2490, 22
2491, 41
2492, 29
2493, 29
2494, 29
2495, 1
2496, 32
2497, 37
2498, 33
2499, 60
2500, 1
2501, 24
2502, 28
2503, 1
2504, 23
2505, 19
2506, 1
2507, 22
2508, 28
2509, 1
2510, 19
2511, 1
2512, 22
2513, 22
2514, 1
2515, 15
2516, 22
2517, 1
2518, 1
2519, 43
2520, 33
2521, 1
2522, 21
2523, 30
2524, 1
2525, 74
2526, 25
2527, 1
2528, 1
2529, 21
2530, 28
2531, 29
2532, 23
2533, 23
2534, 1
2535, 43
2536, 39
2537, 9
2538, 21
2539, 30
2540, 1
2541, 31
2542, 56
2543, 1
2544, 26
2545, 5
2546, 1
2547, 35
2548, 17
2549, 35
2550, 48
2551, 1
2552, 23
2553, 19
2554, 1
2555, 56
2556, 27
2557, 17
2558, 1
2559, 18
2560, 19
2561, 1
2562, 33
2563, 11
2564, 16
2565, 46
2566, 6
2567, 1
2568, 23
2569, 17
2570, 1
2571, 11
2572, 19
2573, 1
2574, 1
2575, 32
2576, 40
2577, 1
2578, 20
2579, 22
2580, 1
2581, 52
2582, 30
2583, 1
2584, 28
2585, 1
2586, 33
2587, 37
2588, 31
2589, 77
2590, 14
2591, 1
2592, 17
2593, 1
2594, 1
2595, 13
2596, 28
2597, 29
2598, 9
2599, 11
2600, 16
2601, 1
2602, 14
2603, 47
2604, 1
2605, 11
2606, 18
2607, 1
2608, 28
2609, 1
2610, 38
2611, 1
2612, 37
2613, 29
2614, 20
2615, 35
2616, 39
2617, 36
2618, 59
2619, 29
2620, 52
2621, 36
2622, 62
2623, 62
2624, 41
2625, 40
2626, 27
2627, 30
2628, 22
2629, 36
2630, 30
2631, 19
2632, 1
2633, 1
2634, 7
2635, 34
2636, 38
2637, 46
2638, 2
2639, 16
2640, 27
2641, 35
2642, 34
2643, 2
2644, 13
2645, 24
2646, 32
2647, 2
2648, 15
2649, 28
2650, 40
2651, 2
2652, 19
2653, 70
2654, 14
2655, 2
2656, 21
2657, 84
2658, 14
2659, 2
2660, 28
2661, 22
2662, 22
2663, 41
2664, 51
2665, 61
2666, 25
2667, 48
2668, 32
2669, 36
2670, 32
2671, 1
2672, 13
2673, 22
2674, 28
2675, 1
2676, 13
2677, 1
2678, 19
2679, 16
2680, 1
2681, 35
2682, 16
2683, 1
2684, 13
2685, 27
2686, 35
2687, 35
2688, 35
2689, 35
2690, 35
2691, 35
2692, 35
2693, 35
2694, 19
2695, 34
2696, 1
2697, 10
2698, 74
2699, 74
2700, 57
2701, 28
2702, 25
2703, 1
2704, 6
2705, 11
2706, 11
2707, 15
2708, 1
2709, 1
2710, 22
2711, 65
2712, 40
2713, 1
2714, 22
2715, 13
2716, 1
2717, 12
2718, 27
2719, 16
2720, 16
2721, 1
2722, 35
2723, 1
2724, 21
2725, 25
2726, 37
2727, 15
2728, 20
2729, 16
2730, 22
2731, 14
2732, 10
2733, 1
2734, 23
2735, 14
2736, 28
2737, 28
2738, 29
2739, 18
2740, 28
2741, 70
2742, 27
2743, 38
2744, 50
2745, 1
2746, 7
2747, 33
2748, 37
2749, 50
2750, 25
2751, 1
2752, 21
2753, 22
2754, 1
2755, 22
2756, 52
2757, 16
2758, 34
2759, 38
2760, 35
2761, 39
2762, 1
2763, 12
2764, 98
2765, 13
2766, 26
2767, 23
2768, 28
2769, 27
2770, 24
2771, 23
2772, 14
2773, 27
2774, 19
2775, 1
2776, 35
2777, 7
2778, 41
2779, 38
2780, 3
2781, 50
2782, 1
2783, 19
2784, 13
2785, 13
2786, 1
2787, 1
2788, 15
2789, 70
2790, 72
2791, 33
2792, 47
2793, 37
2794, 24
2795, 7
2796, 1
2797, 12
2798, 12
2799, 25
2800, 26
2801, 26
2802, 19
2803, 21
2804, 20
2805, 12
2806, 29
2807, 13
2808, 1
2809, 7
2810, 18
2811, 66
2812, 40
2813, 21
2814, 28
2815, 1
2816, 13
2817, 13
2818, 1
2819, 12
2820, 34
2821, 26
2822, 16
2823, 25
2824, 1
2825, 7
2826, 19
2827, 60
2828, 37
2829, 31
2830, 1
2831, 25
2832, 13
2833, 13
2834, 1
2835, 11
2836, 1
2837, 12
2838, 9
2839, 31
2840, 12
2841, 16
2842, 1
2843, 30
2844, 18
2845, 29
2846, 33
2847, 25
2848, 51
2849, 26
2850, 32
2851, 33
2852, 30
2853, 31
2854, 26
2855, 39
2856, 11
2857, 26
2858, 22
2859, 21
2860, 16
2861, 1
2862, 7
2863, 1
2864, 1
2865, 1
2866, 1
2867, 1
2868, 1
2869, 1
2870, 1
2871, 1
2872, 1
2873, 1
2874, 1
2875, 1
2876, 41
2877, 38
2878, 3
2879, 35
2880, 23
2881, 62
2882, 60
2883, 2
2884, 12
2885, 14
2886, 14
2887, 2
2888, 2
2889, 14
2890, 53
2891, 2
2892, 2
2893, 37
2894, 2
2895, 27
2896, 25
2897, 29
2898, 36
2899, 14
2900, 2
2901, 2
2902, 38
2903, 2
2904, 27
2905, 25
2906, 29
2907, 36
2908, 14
2909, 2
2910, 2
2911, 17
2912, 29
2913, 2
2914, 2
2915, 28
2916, 2
2917, 26
2918, 27
2919, 26
2920, 23
2921, 23
2922, 19
2923, 25
2924, 28
2925, 27
2926, 38
2927, 2
2928, 2
2929, 18
2930, 8
2931, 34
2932, 38
2933, 3
2934, 35
2935, 23
2936, 62
2937, 2
2938, 19
2939, 2
2940, 18
2941, 50
2942, 2
2943, 24
2944, 19
2945, 22
2946, 28
2947, 19
2948, 32
2949, 39
2950, 20
2951, 14
2952, 2
2953, 25
2954, 19
2955, 22
2956, 28
2957, 19
2958, 32
2959, 39
2960, 20
2961, 14
2962, 2
2963, 26
2964, 47
2965, 2
2966, 13
2967, 26
2968, 19
2969, 26
2970, 32
2971, 32
2972, 15
2973, 14
2974, 25
2975, 27
2976, 26
2977, 37
2978, 2
2979, 18
2980, 7
2981, 18
2982, 65
2983, 37
2984, 2
2985, 54
2986, 1
2987, 18
2988, 1
2989, 13
2990, 1
2991, 12
2992, 77
2993, 1
2994, 27
2995, 25
2996, 38
2997, 16
2998, 1
2999, 7
3000, 18
3001, 61
3002, 40
3003, 21
3004, 1
3005, 21
3006, 1
3007, 12
3008, 25
3009, 31
3010, 26
3011, 29
3012, 1
3013, 21
3014, 1
3015, 7
3016, 18
3017, 61
3018, 40
3019, 28
3020, 1
3021, 18
3022, 13
3023, 1
3024, 12
3025, 14
3026, 40
3027, 27
3028, 16
3029, 1
3030, 7
3031, 41
3032, 38
3033, 3
3034, 27
3035, 1
3036, 22
3037, 13
3038, 13
3039, 1
3040, 42
3041, 1
3042, 1
3043, 1
3044, 18
3045, 13
3046, 1
3047, 1
3048, 20
3049, 15
3050, 17
3051, 83
3052, 1
3053, 12
3054, 9
3055, 31
3056, 12
3057, 44
3058, 1
3059, 43
3060, 1
3061, 7
3062, 22
3063, 44
3064, 36
3065, 2
3066, 30
3067, 1
3068, 29
3069, 44
3070, 51
3071, 33
3072, 13
3073, 1
3074, 13
3075, 1
3076, 1
3077, 60
3078, 37
3079, 46
3080, 48
3081, 16
3082, 26
3083, 29
3084, 21
3085, 27
3086, 1
3087, 44
3088, 39
3089, 25
3090, 1
3091, 15
3092, 14
3093, 1
3094, 1
3095, 60
3096, 37
3097, 72
3098, 33
3099, 19
3100, 19
3101, 1
3102, 24
3103, 44
3104, 23
3105, 23
3106, 40
3107, 38
3108, 37
3109, 28
3110, 21
3111, 1
3112, 14
3113, 54
3114, 19
3115, 1
3116, 1
3117, 9
3118, 16
3119, 18
3120, 1
3121, 17
3122, 1
3123, 19
3124, 1
3125, 20
3126, 43
3127, 13
3128, 1
3129, 7
3130, 43
3131, 11
3132, 22
3133, 44
3134, 36
3135, 2
3136, 30
3137, 1
3138, 29
3139, 44
3140, 51
3141, 33
3142, 13
3143, 1
3144, 13
3145, 1
3146, 1
3147, 60
3148, 37
3149, 46
3150, 48
3151, 16
3152, 26
3153, 29
3154, 21
3155, 27
3156, 1
3157, 44
3158, 39
3159, 25
3160, 1
3161, 15
3162, 14
3163, 1
3164, 1
3165, 60
3166, 37
3167, 72
3168, 33
3169, 19
3170, 19
3171, 1
3172, 24
3173, 44
3174, 23
3175, 23
3176, 40
3177, 38
3178, 37
3179, 28
3180, 21
3181, 1
3182, 14
3183, 54
3184, 19
3185, 9
3186, 1
3187, 8
3188, 18
3189, 18
3190, 1
3191, 17
3192, 1
3193, 19
3194, 1
3195, 20
3196, 43
3197, 13
3198, 1
3199, 7
3200, 43
3201, 11
3202, 22
3203, 44
3204, 36
3205, 2
3206, 30
3207, 1
3208, 29
3209, 44
3210, 51
3211, 33
3212, 13
3213, 1
3214, 13
3215, 1
3216, 1
3217, 60
3218, 37
3219, 46
3220, 48
3221, 16
3222, 26
3223, 29
3224, 21
3225, 27
3226, 1
3227, 44
3228, 39
3229, 25
3230, 1
3231, 15
3232, 14
3233, 1
3234, 1
3235, 60
3236, 37
3237, 72
3238, 33
3239, 19
3240, 19
3241, 1
3242, 24
3243, 44
3244, 23
3245, 23
3246, 40
3247, 38
3248, 37
3249, 28
3250, 21
3251, 1
3252, 14
3253, 54
3254, 19
3255, 9
3256, 1
3257, 6
3258, 20
3259, 18
3260, 1
3261, 17
3262, 1
3263, 19
3264, 1
3265, 20
3266, 43
3267, 13
3268, 1
3269, 7
3270, 43
3271, 11
3272, 41
3273, 38
3274, 33
3275, 22
3276, 2
3277, 12
3278, 14
3279, 13
3280, 14
3281, 2
3282, 70
3283, 33
3284, 28
3285, 2
3286, 52
3287, 14
3288, 14
3289, 24
3290, 19
3291, 20
3292, 28
3293, 15
3294, 26
3295, 33
3296, 2
3297, 8
3298, 22
3299, 36
3300, 21
3301, 2
3302, 37
3303, 24
3304, 2
3305, 28
3306, 22
3307, 20
3308, 72
3309, 40
3310, 54
3311, 2
3312, 22
3313, 21
3314, 18
3315, 57
3316, 40
3317, 31
3318, 1
3319, 18
3320, 13
3321, 1
3322, 12
3323, 21
3324, 29
3325, 21
3326, 1
3327, 17
3328, 25
3329, 27
3330, 28
3331, 36
3332, 25
3333, 1
3334, 36
3335, 1
3336, 7
3337, 18
3338, 63
3339, 37
3340, 2
3341, 66
3342, 2
3343, 59
3344, 61
3345, 26
3346, 2
3347, 40
3348, 1
3349, 18
3350, 13
3351, 1
3352, 12
3353, 15
3354, 31
3355, 1
3356, 24
3357, 38
3358, 48
3359, 34
3360, 27
3361, 1
3362, 29
3363, 1
3364, 21
3365, 17
3366, 27
3367, 55
3368, 21
3369, 37
3370, 33
3371, 36
3372, 25
3373, 1
3374, 42
3375, 13
3376, 16
3377, 1
3378, 71
3379, 1
3380, 7
