1, 12
2, 21
3, 14
4, 43
5, 56
6, 26
7, 3
8, 1
9, 64
10, 42
11, 1
12, 26
13, 24
14, 1
15, 20
16, 28
17, 29
18, 39
19, 3
20, 51
21, 41
22, 26
23, 61
24, 12
25, 21
26, 14
27, 43
28, 56
29, 26
30, 3
31, 1
32, 58
33, 42
34, 1
35, 26
36, 24
37, 1
38, 51
39, 40
40, 24
41, 24
42, 18
43, 24
44, 11
45, 26
46, 24
47, 14
48, 29
49, 13
50, 40
51, 66
52, 12
53, 21
54, 14
55, 43
56, 56
57, 26
58, 3
59, 1
60, 61
61, 42
62, 1
63, 26
64, 24
65, 1
66, 16
67, 16
68, 3
69, 22
70, 23
71, 3
72, 22
73, 23
74, 3
75, 25
76, 14
77, 21
78, 3
79, 23
80, 52
81, 27
82, 31
83, 24
84, 3
85, 23
86, 52
87, 27
88, 31
89, 24
90, 3
91, 23
92, 26
93, 35
94, 42
95, 1
96, 51
97, 41
98, 19
99, 22
100, 21
101, 64
102, 12
103, 21
104, 14
105, 43
106, 56
107, 26
108, 3
109, 1
110, 59
111, 42
112, 1
113, 26
114, 12
115, 12
116, 18
117, 3
118, 51
119, 40
120, 17
121, 8
122, 40
123, 24
124, 11
125, 45
126, 27
127, 11
128, 46
129, 22
130, 40
131, 1
132, 1
133, 12
134, 21
135, 14
136, 43
137, 56
138, 26
139, 3
140, 1
141, 60
142, 42
143, 1
144, 26
145, 12
146, 12
147, 18
148, 3
149, 51
150, 40
151, 43
152, 44
153, 24
154, 15
155, 65
156, 24
157, 11
158, 36
159, 66
160, 12
161, 44
162, 31
163, 34
164, 31
165, 37
166, 1
167, 1
168, 12
169, 21
170, 14
171, 43
172, 56
173, 26
174, 3
175, 1
176, 63
177, 42
178, 1
179, 26
180, 24
181, 1
182, 25
183, 25
184, 25
185, 1
186, 19
187, 27
188, 63
189, 1
190, 26
191, 17
192, 24
193, 10
194, 9
195, 14
196, 21
197, 11
198, 18
199, 42
200, 5
201, 27
202, 28
203, 22
204, 19
205, 19
206, 23
207, 14
208, 22
209, 20
210, 61
211, 24
212, 32
213, 29
214, 32
215, 7
216, 26
217, 23
218, 1
219, 51
220, 40
221, 17
222, 30
223, 24
224, 14
225, 37
226, 21
227, 33
228, 67
229, 50
230, 12
231, 21
232, 14
233, 43
234, 56
235, 26
236, 3
237, 1
238, 60
239, 42
240, 1
241, 26
242, 24
243, 27
244, 12
245, 21
246, 14
247, 43
248, 56
249, 26
250, 3
251, 1
252, 61
253, 42
254, 1
255, 26
256, 24
257, 1
258, 19
259, 1
260, 31
261, 36
262, 14
263, 25
264, 16
265, 35
266, 22
267, 20
268, 24
269, 31
270, 21
271, 11
272, 1
273, 24
274, 29
275, 21
276, 1
277, 24
278, 17
279, 1
280, 34
281, 37
282, 25
283, 16
284, 25
285, 35
286, 22
287, 20
288, 20
289, 26
290, 17
291, 35
292, 33
293, 26
294, 21
295, 11
296, 1
297, 27
298, 23
299, 22
300, 30
301, 20
302, 26
303, 24
304, 26
305, 21
306, 17
307, 1
308, 51
309, 41
310, 17
311, 29
312, 30
313, 27
314, 19
315, 42
316, 29
317, 29
318, 22
319, 22
320, 23
321, 21
322, 13
323, 21
324, 13
325, 21
326, 13
327, 21
328, 18
329, 12
330, 21
331, 14
332, 43
333, 56
334, 26
335, 3
336, 1
337, 63
338, 42
339, 1
340, 26
341, 41
342, 1
343, 25
344, 56
345, 3
346, 17
347, 16
348, 22
349, 29
350, 11
351, 36
352, 21
353, 46
354, 13
355, 1
356, 21
357, 19
358, 26
359, 30
360, 31
361, 27
362, 11
363, 21
364, 36
365, 45
366, 12
367, 47
368, 29
369, 31
370, 16
371, 1
372, 51
373, 41
374, 41
375, 13
376, 26
377, 13
378, 52
379, 24
380, 1
381, 49
382, 13
383, 26
384, 13
385, 61
386, 26
387, 1
388, 12
389, 21
390, 14
391, 43
392, 56
393, 26
394, 3
395, 1
396, 49
397, 1
398, 62
399, 42
400, 1
401, 26
402, 35
403, 1
404, 70
405, 70
406, 33
407, 32
408, 29
409, 79
410, 80
411, 62
412, 15
413, 1
414, 37
415, 38
416, 1
417, 19
418, 41
419, 23
420, 24
421, 14
422, 41
423, 29
424, 49
425, 32
426, 29
427, 29
428, 30
429, 20
430, 16
431, 20
432, 18
433, 22
434, 28
435, 28
436, 10
437, 42
438, 68
439, 55
440, 47
441, 53
442, 26
443, 1
444, 50
445, 37
446, 43
447, 1
448, 25
449, 63
450, 63
451, 13
452, 1
453, 31
454, 22
455, 25
456, 44
457, 29
458, 15
459, 39
460, 7
461, 2
462, 78
463, 1
464, 55
465, 71
466, 69
467, 82
468, 83
469, 73
470, 69
471, 77
472, 12
473, 21
474, 14
475, 43
476, 56
477, 26
478, 3
479, 1
480, 65
481, 42
482, 1
483, 26
484, 24
485, 1
486, 51
487, 40
488, 9
489, 24
490, 11
491, 26
492, 13
493, 21
494, 15
495, 23
496, 17
497, 25
498, 12
499, 27
500, 14
501, 25
502, 40
503, 12
504, 21
505, 14
506, 43
507, 56
508, 26
509, 3
510, 1
511, 62
512, 42
513, 1
514, 26
515, 41
516, 1
517, 25
518, 56
519, 3
520, 17
521, 16
522, 22
523, 29
524, 11
525, 36
526, 21
527, 46
528, 13
529, 1
530, 21
531, 19
532, 26
533, 30
534, 31
535, 27
536, 11
537, 21
538, 36
539, 45
540, 12
541, 47
542, 29
543, 31
544, 16
545, 1
546, 51
547, 41
548, 42
549, 26
550, 13
551, 54
552, 26
553, 13
554, 39
555, 1
556, 34
557, 1
558, 50
559, 26
560, 13
561, 63
562, 26
563, 13
564, 49
565, 12
566, 21
567, 14
568, 43
569, 57
570, 26
571, 3
572, 1
573, 66
574, 42
575, 1
576, 26
577, 12
578, 12
579, 13
580, 19
581, 33
582, 1
583, 33
584, 1
585, 30
586, 44
587, 19
588, 19
589, 22
590, 22
591, 1
592, 23
593, 17
594, 22
595, 22
596, 20
597, 43
598, 15
599, 16
600, 31
601, 36
602, 26
603, 1
604, 23
605, 24
606, 11
607, 27
608, 25
609, 41
610, 20
611, 21
612, 36
613, 41
614, 30
615, 1
616, 51
617, 38
618, 46
619, 17
620, 20
621, 59
622, 12
623, 21
624, 14
625, 43
626, 56
627, 26
628, 3
629, 1
630, 61
631, 42
632, 1
633, 26
634, 24
635, 1
636, 25
637, 25
638, 25
639, 3
640, 19
641, 27
642, 63
643, 3
644, 51
645, 41
646, 25
647, 17
648, 13
649, 27
650, 29
651, 38
652, 65
653, 12
654, 21
655, 14
656, 43
657, 56
658, 26
659, 3
660, 1
661, 65
662, 42
663, 1
664, 26
665, 35
666, 1
667, 25
668, 50
669, 22
670, 61
671, 15
672, 40
673, 29
674, 47
675, 47
676, 48
677, 45
678, 48
679, 7
680, 1
681, 51
682, 40
683, 16
684, 18
685, 37
686, 45
687, 19
688, 22
689, 23
690, 22
691, 33
692, 58
693, 32
694, 20
695, 55
696, 19
697, 12
698, 21
699, 14
700, 43
701, 56
702, 26
703, 3
704, 1
705, 66
706, 42
707, 1
708, 26
709, 24
710, 1
711, 37
712, 38
713, 1
714, 21
715, 35
716, 25
717, 11
718, 33
719, 24
720, 30
721, 26
722, 11
723, 22
724, 26
725, 12
726, 21
727, 14
728, 43
729, 56
730, 26
731, 3
732, 1
733, 60
734, 42
735, 1
736, 26
737, 24
738, 1
739, 51
740, 42
741, 13
742, 21
743, 26
744, 42
745, 16
746, 20
747, 19
748, 22
749, 14
750, 34
751, 19
752, 23
753, 37
754, 51
755, 12
756, 21
757, 14
758, 43
759, 56
760, 26
761, 3
762, 1
763, 65
764, 42
765, 1
766, 26
767, 12
768, 12
769, 14
770, 12
771, 18
772, 3
773, 51
774, 40
775, 42
776, 13
777, 57
778, 21
779, 17
780, 45
781, 40
782, 67
783, 28
784, 35
785, 39
786, 58
787, 37
788, 48
789, 12
790, 21
791, 14
792, 43
793, 56
794, 26
795, 3
796, 1
797, 61
798, 42
799, 1
800, 26
801, 24
802, 1
803, 23
804, 3
805, 1
806, 51
807, 40
808, 12
809, 24
810, 11
811, 37
812, 51
813, 12
814, 21
815, 14
816, 43
817, 56
818, 26
819, 3
820, 1
821, 61
822, 42
823, 1
824, 26
825, 24
826, 1
827, 37
828, 38
829, 16
830, 9
831, 35
832, 50
833, 42
834, 12
835, 21
836, 14
837, 43
838, 56
839, 26
840, 3
841, 1
842, 57
843, 42
844, 1
845, 26
846, 35
847, 1
848, 41
849, 70
850, 27
851, 25
852, 21
853, 41
854, 24
855, 36
856, 57
857, 11
858, 43
859, 30
860, 21
861, 19
862, 1
863, 37
864, 38
865, 15
866, 8
867, 8
868, 9
869, 35
870, 25
871, 66
872, 38
873, 53
874, 1
875, 1
