1, 3
2, 41
3, 38
4, 3
5, 29
6, 3
7, 24
8, 64
9, 3
10, 1
11, 20
12, 1
13, 55
14, 1
15, 20
16, 1
17, 26
18, 58
19, 17
20, 1
21, 34
22, 1
23, 39
24, 20
25, 36
26, 57
27, 36
28, 22
29, 1
30, 54
31, 67
32, 17
33, 27
34, 1
35, 45
36, 30
37, 64
38, 25
39, 27
40, 18
41, 1
42, 39
43, 58
44, 26
45, 1
46, 20
47, 1
48, 20
49, 1
50, 40
51, 37
52, 40
53, 30
54, 3
55, 75
56, 24
57, 1
58, 24
59, 35
60, 60
61, 3
62, 6
63, 37
64, 1
65, 55
66, 29
67, 45
68, 46
69, 24
70, 60
71, 60
72, 9
73, 32
74, 17
75, 24
76, 5
77, 69
78, 35
79, 6
80, 28
81, 1
82, 34
83, 25
84, 48
85, 27
86, 25
87, 66
88, 67
89, 69
90, 57
91, 41
92, 31
93, 57
94, 3
95, 38
96, 96
97, 21
98, 1
99, 20
100, 1
101, 33
102, 3
103, 41
104, 38
105, 3
106, 29
107, 3
108, 24
109, 107
110, 3
111, 1
112, 20
113, 1
114, 39
115, 43
116, 1
117, 20
118, 1
119, 50
120, 1
121, 20
122, 1
123, 26
124, 58
125, 1
126, 34
127, 1
128, 39
129, 16
130, 46
131, 59
132, 8
133, 32
134, 22
135, 1
136, 54
137, 67
138, 17
139, 27
140, 1
141, 46
142, 26
143, 70
144, 27
145, 18
146, 1
147, 39
148, 58
149, 26
150, 1
151, 3
152, 1
153, 20
154, 1
155, 3
156, 1
157, 40
158, 37
159, 40
160, 30
161, 3
162, 75
163, 24
164, 1
165, 24
166, 35
167, 60
168, 3
169, 6
170, 37
171, 1
172, 20
173, 1
174, 11
175, 44
176, 21
177, 21
178, 21
179, 45
180, 32
181, 17
182, 43
183, 44
184, 22
185, 58
186, 58
187, 7
188, 30
189, 19
190, 24
191, 23
192, 21
193, 22
194, 31
195, 3
196, 13
197, 23
198, 1
199, 20
200, 1
201, 20
202, 18
203, 53
204, 17
205, 1
206, 48
207, 37
208, 24
209, 63
210, 25
211, 7
212, 22
213, 36
214, 22
215, 21
216, 1
217, 20
218, 1
219, 41
220, 51
221, 1
222, 20
223, 1
224, 19
225, 48
226, 14
227, 33
228, 25
229, 60
230, 20
231, 3
232, 44
233, 38
234, 19
235, 30
236, 5
237, 35
238, 15
239, 37
240, 28
241, 38
242, 39
243, 5
244, 41
245, 21
246, 22
247, 1
248, 20
249, 1
250, 26
251, 76
252, 42
253, 46
254, 3
255, 29
256, 42
257, 52
258, 46
259, 46
260, 46
261, 46
262, 50
263, 45
264, 73
265, 34
266, 34
267, 34
268, 9
269, 19
270, 10
271, 36
272, 57
273, 5
274, 16
275, 17
276, 22
277, 21
278, 31
279, 1
280, 20
281, 1
282, 31
283, 43
284, 33
285, 1
286, 29
287, 29
288, 38
289, 58
290, 19
291, 33
292, 48
293, 51
294, 21
295, 36
296, 40
297, 33
298, 55
299, 18
300, 3
301, 8
302, 26
303, 1
304, 20
305, 1
306, 17
307, 1
308, 34
309, 3
310, 46
311, 55
312, 3
313, 25
314, 49
315, 27
316, 25
317, 66
318, 3
319, 29
320, 16
321, 60
322, 37
323, 51
324, 44
325, 48
326, 47
327, 3
328, 41
329, 33
330, 55
331, 31
332, 57
333, 3
334, 42
335, 26
336, 3
337, 17
338, 35
339, 43
340, 60
341, 22
342, 39
343, 37
344, 3
345, 96
346, 21
347, 1
348, 20
349, 1
350, 33
351, 3
352, 41
353, 38
354, 3
355, 29
356, 3
357, 24
358, 64
359, 3
360, 1
361, 20
362, 1
363, 51
364, 1
365, 20
366, 1
367, 45
368, 45
369, 1
370, 20
371, 1
372, 4
373, 1
374, 3
375, 50
376, 3
377, 1
378, 14
379, 24
380, 57
381, 65
382, 11
383, 22
384, 1
385, 3
386, 1
387, 29
388, 59
389, 1
390, 20
391, 1
392, 23
393, 57
394, 22
395, 61
396, 35
397, 29
398, 1
399, 64
400, 1
401, 20
402, 1
403, 16
404, 29
405, 43
406, 51
407, 61
408, 22
409, 29
410, 1
411, 41
412, 65
413, 64
414, 3
415, 13
416, 61
417, 41
418, 7
419, 54
420, 8
421, 29
422, 1
423, 36
424, 67
425, 11
426, 41
427, 64
428, 70
429, 8
430, 19
431, 62
432, 22
433, 65
434, 32
435, 21
436, 11
437, 29
438, 33
439, 23
440, 35
441, 30
442, 36
443, 58
444, 29
445, 7
446, 35
447, 26
448, 18
449, 3
450, 80
451, 28
452, 1
453, 52
454, 70
455, 22
456, 1
457, 18
458, 1
459, 34
460, 30
461, 35
462, 27
463, 29
464, 45
465, 45
466, 56
467, 58
468, 76
469, 22
470, 72
471, 43
472, 3
473, 47
474, 24
475, 1
476, 30
477, 3
478, 41
479, 38
480, 3
481, 30
482, 3
483, 24
484, 102
485, 3
486, 1
487, 20
488, 1
489, 33
490, 40
491, 1
492, 20
493, 1
494, 57
495, 1
496, 4
497, 1
498, 14
499, 27
500, 40
501, 2
502, 1
503, 14
504, 63
505, 1
506, 14
507, 13
508, 79
509, 1
510, 14
511, 67
512, 1
513, 14
514, 23
515, 79
516, 1
517, 14
518, 24
519, 13
520, 17
521, 33
522, 4
523, 39
524, 25
525, 1
526, 19
527, 1
528, 64
529, 73
530, 80
531, 82
532, 18
533, 63
534, 72
535, 28
536, 28
537, 1
538, 20
539, 1
540, 4
541, 1
542, 14
543, 26
544, 58
545, 75
546, 26
547, 1
548, 19
549, 1
550, 83
551, 1
552, 20
553, 1
554, 29
555, 51
556, 81
557, 29
558, 1
559, 49
560, 32
561, 31
562, 51
563, 24
564, 22
565, 3
566, 11
567, 28
568, 1
569, 25
570, 14
571, 46
572, 60
573, 3
574, 13
575, 63
576, 39
577, 8
578, 26
579, 1
580, 20
581, 1
582, 16
583, 47
584, 47
585, 24
586, 69
587, 8
588, 45
589, 17
590, 5
591, 62
592, 6
593, 3
594, 38
595, 29
596, 1
597, 20
598, 1
599, 18
600, 22
601, 39
602, 12
603, 17
604, 13
605, 17
606, 17
607, 17
608, 24
609, 18
610, 40
611, 51
612, 32
613, 5
614, 53
615, 23
616, 3
617, 31
618, 29
619, 1
620, 20
621, 1
622, 8
623, 11
624, 51
625, 54
626, 25
627, 1
628, 12
629, 48
630, 46
631, 1
632, 12
633, 50
634, 45
635, 1
636, 53
637, 62
638, 1
639, 48
640, 21
641, 23
642, 23
643, 23
644, 38
645, 59
646, 20
647, 17
648, 39
649, 39
650, 64
651, 53
652, 39
653, 3
654, 50
655, 32
656, 1
657, 20
658, 1
659, 23
660, 63
661, 79
662, 20
663, 1
664, 20
665, 1
666, 50
667, 64
668, 23
669, 48
670, 55
671, 55
672, 53
673, 50
674, 47
675, 52
676, 48
677, 47
678, 70
679, 51
680, 65
681, 53
682, 7
683, 39
684, 19
685, 28
686, 23
687, 37
688, 3
689, 25
690, 37
691, 1
692, 20
693, 1
694, 26
695, 50
696, 60
697, 61
698, 55
699, 26
700, 23
701, 39
702, 42
703, 42
704, 42
705, 9
706, 68
707, 35
708, 29
709, 36
710, 1
711, 20
712, 1
713, 18
714, 1
715, 31
716, 43
717, 1
718, 34
719, 55
720, 30
721, 34
722, 40
723, 51
724, 51
725, 39
726, 39
727, 62
728, 44
729, 64
730, 29
731, 82
732, 25
733, 23
734, 36
735, 36
736, 42
737, 3
738, 48
739, 21
740, 1
741, 20
742, 1
743, 30
744, 3
745, 41
746, 38
747, 3
748, 30
749, 3
750, 24
751, 74
752, 3
753, 1
754, 20
755, 1
756, 51
757, 1
758, 20
759, 1
760, 45
761, 45
762, 1
763, 20
764, 1
765, 4
766, 50
767, 14
768, 24
769, 57
770, 65
771, 11
772, 22
773, 19
774, 29
775, 59
776, 22
777, 1
778, 20
779, 1
780, 23
781, 57
782, 22
783, 61
784, 35
785, 29
786, 64
787, 1
788, 20
789, 1
790, 4
791, 20
792, 46
793, 25
794, 72
795, 2
796, 21
797, 48
798, 70
799, 19
800, 53
801, 54
802, 55
803, 62
804, 1
805, 20
806, 1
807, 16
808, 29
809, 43
810, 51
811, 61
812, 22
813, 29
814, 1
815, 43
816, 45
817, 25
818, 64
819, 3
820, 13
821, 37
822, 26
823, 41
824, 7
825, 54
826, 8
827, 29
828, 1
829, 20
830, 1
831, 36
832, 67
833, 11
834, 41
835, 64
836, 70
837, 8
838, 19
839, 62
840, 22
841, 65
842, 32
843, 21
844, 11
845, 33
846, 23
847, 35
848, 30
849, 36
850, 58
851, 29
852, 44
853, 41
854, 39
855, 63
856, 22
857, 7
858, 17
859, 26
860, 18
861, 34
862, 29
863, 3
864, 60
865, 28
866, 1
867, 52
868, 70
869, 22
870, 1
871, 20
872, 1
873, 34
874, 30
875, 35
876, 27
877, 29
878, 45
879, 45
880, 72
881, 43
882, 3
883, 41
884, 47
885, 24
886, 1
887, 20
888, 1
889, 35
890, 3
891, 41
892, 38
893, 3
894, 68
895, 34
896, 3
897, 24
898, 72
899, 3
900, 1
901, 20
902, 1
903, 40
904, 1
905, 20
906, 1
907, 4
908, 3
909, 45
910, 3
911, 38
912, 3
913, 51
914, 1
915, 74
916, 74
917, 1
918, 20
919, 1
920, 39
921, 62
922, 1
923, 52
924, 58
925, 18
926, 15
927, 22
928, 24
929, 30
930, 1
931, 52
932, 68
933, 18
934, 15
935, 34
936, 24
937, 10
938, 1
939, 27
940, 27
941, 1
942, 20
943, 1
944, 4
945, 12
946, 25
947, 57
948, 46
949, 2
950, 3
951, 1
952, 46
953, 65
954, 30
955, 1
956, 20
957, 1
958, 37
959, 69
960, 38
961, 64
962, 35
963, 7
964, 1
965, 36
966, 56
967, 35
968, 4
969, 1
970, 20
971, 1
972, 67
973, 70
974, 59
975, 1
976, 72
977, 70
978, 68
979, 1
980, 37
981, 60
982, 33
983, 36
984, 25
985, 10
986, 1
987, 40
988, 62
989, 76
990, 22
991, 23
992, 32
993, 29
994, 50
995, 14
996, 4
997, 1
998, 52
999, 42
1000, 53
1001, 37
1002, 30
1003, 34
1004, 22
1005, 50
1006, 31
1007, 38
1008, 54
1009, 8
1010, 4
1011, 1
1012, 20
1013, 1
1014, 17
1015, 22
1016, 22
1017, 7
1018, 1
1019, 49
1020, 75
1021, 54
1022, 23
1023, 13
1024, 50
1025, 32
1026, 44
1027, 52
1028, 40
1029, 44
1030, 51
1031, 51
1032, 22
1033, 40
1034, 44
1035, 53
1036, 58
1037, 60
1038, 18
1039, 50
1040, 3
1041, 18
1042, 52
1043, 4
1044, 1
1045, 20
1046, 1
1047, 34
1048, 32
1049, 39
1050, 40
1051, 28
1052, 42
1053, 41
1054, 41
1055, 41
1056, 26
1057, 26
1058, 26
1059, 36
1060, 36
1061, 55
1062, 49
1063, 28
1064, 28
1065, 28
1066, 3
1067, 38
1068, 74
1069, 4
1070, 1
1071, 20
1072, 1
1073, 3
1074, 41
1075, 38
1076, 4
1077, 30
1078, 3
1079, 24
1080, 57
1081, 3
1082, 1
1083, 20
1084, 1
1085, 31
1086, 1
1087, 20
1088, 1
1089, 48
1090, 1
1091, 29
1092, 53
1093, 1
1094, 20
1095, 1
1096, 6
1097, 1
1098, 18
1099, 16
1100, 17
1101, 1
1102, 20
1103, 67
1104, 1
1105, 20
1106, 1
1107, 14
1108, 28
1109, 24
1110, 71
1111, 27
1112, 1
1113, 22
1114, 1
1115, 20
1116, 1
1117, 39
1118, 64
1119, 1
1120, 27
1121, 49
1122, 38
1123, 62
1124, 15
1125, 22
1126, 39
1127, 54
1128, 23
1129, 19
1130, 3
1131, 33
1132, 32
1133, 1
1134, 20
1135, 1
1136, 53
1137, 66
1138, 29
1139, 1
1140, 63
1141, 1
1142, 46
1143, 62
1144, 24
1145, 1
1146, 20
1147, 1
1148, 17
1149, 1
1150, 34
1151, 59
1152, 42
1153, 66
1154, 36
1155, 66
1156, 29
1157, 30
1158, 37
1159, 71
1160, 49
1161, 21
1162, 48
1163, 71
1164, 45
1165, 25
1166, 17
1167, 30
1168, 30
1169, 63
1170, 21
1171, 48
1172, 61
1173, 25
1174, 26
1175, 19
1176, 3
1177, 19
1178, 29
1179, 1
1180, 35
1181, 70
1182, 17
1183, 53
1184, 3
1185, 31
1186, 38
1187, 79
1188, 6
1189, 69
1190, 57
1191, 5
1192, 8
1193, 15
1194, 23
1195, 57
1196, 5
1197, 8
1198, 24
1199, 28
1200, 1
1201, 15
1202, 49
1203, 83
1204, 11
1205, 22
1206, 71
1207, 39
1208, 5
1209, 39
1210, 24
1211, 23
1212, 1
1213, 36
1214, 66
1215, 24
1216, 42
1217, 31
1218, 19
1219, 76
1220, 15
1221, 33
1222, 53
1223, 56
1224, 7
1225, 44
1226, 17
1227, 48
1228, 49
1229, 33
1230, 7
1231, 15
1232, 25
1233, 36
1234, 46
1235, 52
1236, 50
1237, 43
1238, 27
1239, 1
1240, 12
1241, 44
1242, 44
1243, 44
1244, 44
1245, 44
1246, 44
1247, 37
1248, 1
1249, 3
1250, 1
1251, 41
1252, 1
1253, 27
1254, 34
1255, 25
1256, 54
1257, 19
1258, 19
1259, 19
1260, 19
1261, 19
1262, 19
1263, 19
1264, 19
1265, 19
1266, 19
1267, 19
1268, 19
1269, 19
1270, 19
1271, 19
1272, 18
1273, 1
1274, 62
1275, 30
1276, 30
1277, 30
1278, 30
1279, 18
1280, 1
1281, 27
1282, 56
1283, 54
1284, 59
1285, 65
1286, 56
1287, 64
1288, 67
1289, 63
1290, 1
1291, 19
1292, 1
1293, 20
1294, 1
1295, 4
1296, 1
1297, 14
1298, 25
1299, 38
1300, 38
1301, 4
1302, 67
1303, 2
1304, 1
1305, 14
1306, 50
1307, 50
1308, 2
1309, 1
1310, 14
1311, 18
1312, 58
1313, 74
1314, 2
1315, 1
1316, 3
1317, 1
1318, 20
1319, 1
1320, 27
1321, 3
1322, 41
1323, 38
1324, 4
1325, 60
1326, 3
1327, 24
1328, 57
1329, 3
1330, 1
1331, 20
1332, 1
1333, 4
1334, 43
1335, 45
1336, 19
1337, 51
1338, 1
1339, 20
1340, 1
1341, 31
1342, 3
1343, 20
1344, 1
1345, 20
1346, 18
1347, 19
1348, 1
1349, 18
1350, 25
1351, 50
1352, 1
1353, 20
1354, 1
1355, 40
1356, 37
1357, 1
1358, 23
1359, 57
1360, 1
1361, 43
1362, 1
1363, 22
1364, 33
1365, 43
1366, 3
1367, 49
1368, 35
1369, 1
1370, 20
1371, 1
1372, 21
1373, 35
1374, 46
1375, 25
1376, 1
1377, 44
1378, 1
1379, 20
1380, 1
1381, 53
1382, 66
1383, 23
1384, 1
1385, 7
1386, 35
1387, 53
1388, 19
1389, 3
1390, 23
1391, 38
1392, 44
1393, 31
1394, 37
1395, 36
1396, 66
1397, 30
1398, 30
1399, 36
1400, 61
1401, 41
1402, 9
1403, 51
1404, 19
1405, 56
1406, 66
1407, 41
1408, 9
1409, 52
1410, 25
1411, 17
1412, 30
1413, 28
1414, 53
1415, 41
1416, 9
1417, 19
1418, 19
1419, 56
1420, 56
1421, 41
1422, 9
1423, 19
1424, 25
1425, 26
1426, 19
1427, 3
1428, 19
1429, 29
1430, 1
1431, 20
1432, 1
1433, 30
1434, 62
1435, 43
1436, 17
1437, 25
1438, 35
1439, 75
1440, 22
1441, 49
1442, 30
1443, 53
1444, 54
1445, 51
1446, 7
1447, 17
1448, 23
1449, 20
1450, 65
1451, 56
1452, 37
1453, 55
1454, 76
1455, 15
1456, 22
1457, 27
1458, 22
1459, 54
1460, 45
1461, 41
1462, 54
1463, 10
1464, 9
1465, 19
1466, 26
1467, 52
1468, 35
1469, 77
1470, 7
1471, 42
1472, 17
1473, 41
1474, 44
1475, 7
1476, 17
1477, 23
1478, 20
1479, 89
1480, 3
1481, 13
1482, 31
1483, 1
1484, 20
1485, 1
1486, 40
1487, 1
1488, 20
1489, 1
1490, 7
1491, 33
1492, 70
1493, 11
1494, 16
1495, 2
1496, 20
1497, 39
1498, 3
1499, 25
1500, 61
1501, 26
1502, 3
1503, 61
1504, 48
1505, 35
1506, 55
1507, 44
1508, 29
1509, 40
1510, 24
1511, 58
1512, 19
1513, 3
1514, 38
1515, 30
1516, 39
1517, 37
1518, 69
1519, 6
1520, 3
1521, 27
1522, 35
1523, 3
1524, 34
1525, 58
1526, 30
1527, 38
1528, 32
1529, 26
1530, 7
1531, 62
1532, 24
1533, 3
1534, 36
1535, 35
1536, 24
1537, 3
1538, 5
1539, 27
1540, 24
1541, 30
1542, 48
1543, 24
1544, 1
1545, 20
1546, 1
1547, 29
1548, 1
1549, 20
1550, 1
1551, 4
1552, 1
1553, 47
1554, 1
1555, 14
1556, 10
1557, 40
1558, 4
1559, 32
1560, 44
1561, 17
1562, 22
1563, 3
1564, 46
1565, 62
1566, 3
1567, 49
1568, 61
1569, 3
1570, 54
1571, 63
1572, 3
1573, 10
1574, 22
1575, 53
1576, 3
1577, 1
1578, 20
1579, 1
1580, 4
1581, 1
1582, 8
1583, 21
1584, 12
1585, 14
1586, 22
1587, 15
1588, 1
1589, 3
1590, 55
1591, 3
1592, 10
1593, 28
1594, 18
1595, 18
1596, 18
1597, 18
1598, 15
1599, 18
1600, 18
1601, 18
1602, 18
1603, 18
1604, 18
1605, 18
1606, 18
1607, 18
1608, 18
1609, 18
1610, 4
1611, 46
1612, 29
1613, 28
1614, 28
1615, 28
1616, 28
1617, 4
1618, 58
1619, 26
1620, 44
1621, 44
1622, 44
1623, 44
1624, 44
1625, 44
1626, 45
1627, 1
1628, 3
1629, 1
1630, 14
1631, 19
1632, 38
1633, 38
1634, 4
1635, 67
1636, 31
1637, 1
1638, 14
1639, 12
1640, 57
1641, 68
1642, 12
1643, 32
1644, 79
1645, 3
1646, 1
1647, 21
1648, 51
1649, 1
1650, 19
1651, 1
1652, 20
1653, 1
1654, 27
1655, 3
1656, 41
1657, 38
1658, 3
1659, 29
1660, 3
1661, 24
1662, 64
1663, 3
1664, 1
1665, 20
1666, 1
1667, 31
1668, 32
1669, 32
1670, 51
1671, 53
1672, 1
1673, 20
1674, 1
1675, 59
1676, 26
1677, 1
1678, 20
1679, 1
1680, 4
1681, 1
1682, 25
1683, 55
1684, 1
1685, 3
1686, 1
1687, 20
1688, 1
1689, 28
1690, 39
1691, 31
1692, 1
1693, 58
1694, 64
1695, 1
1696, 61
1697, 20
1698, 73
1699, 20
1700, 1
1701, 37
1702, 71
1703, 1
1704, 68
1705, 72
1706, 83
1707, 1
1708, 20
1709, 1
1710, 39
1711, 1
1712, 48
1713, 13
1714, 13
1715, 32
1716, 27
1717, 15
1718, 14
1719, 14
1720, 2
1721, 1
1722, 42
1723, 68
1724, 68
1725, 1
1726, 20
1727, 1
1728, 39
1729, 56
1730, 34
1731, 1
1732, 42
1733, 59
1734, 37
1735, 1
1736, 47
1737, 66
1738, 37
1739, 1
1740, 20
1741, 1
1742, 73
1743, 1
1744, 4
1745, 1
1746, 27
1747, 37
1748, 62
1749, 11
1750, 2
1751, 1
1752, 3
1753, 1
1754, 20
1755, 1
1756, 66
1757, 18
1758, 3
1759, 57
1760, 18
1761, 1
1762, 4
1763, 1
1764, 40
1765, 1
1766, 17
1767, 61
1768, 30
1769, 21
1770, 32
1771, 31
1772, 31
1773, 31
1774, 25
1775, 26
1776, 22
1777, 18
1778, 56
1779, 26
1780, 19
1781, 18
1782, 40
1783, 22
1784, 20
1785, 2
1786, 1
1787, 14
1788, 14
1789, 52
1790, 34
1791, 2
1792, 1
1793, 3
1794, 1
1795, 20
1796, 1
1797, 4
1798, 1
1799, 13
1800, 38
1801, 48
1802, 35
1803, 1
1804, 3
1805, 1
1806, 52
1807, 64
1808, 24
1809, 1
1810, 20
1811, 1
1812, 58
1813, 23
1814, 78
1815, 59
1816, 1
1817, 17
1818, 23
1819, 25
1820, 31
1821, 37
1822, 23
1823, 24
1824, 21
1825, 25
1826, 1
1827, 38
1828, 57
1829, 17
1830, 1
1831, 20
1832, 1
1833, 48
1834, 66
1835, 25
1836, 1
1837, 3
1838, 1
1839, 14
1840, 19
1841, 38
1842, 50
1843, 36
1844, 1
1845, 3
1846, 1
1847, 42
1848, 34
1849, 74
1850, 28
1851, 30
1852, 1
1853, 3
1854, 1
1855, 20
1856, 1
1857, 18
1858, 31
1859, 33
1860, 89
1861, 12
1862, 26
1863, 1
1864, 3
1865, 1
1866, 33
1867, 91
1868, 32
1869, 41
1870, 21
1871, 66
1872, 64
1873, 13
1874, 65
1875, 22
1876, 37
1877, 1
1878, 3
1879, 1
1880, 42
1881, 1
1882, 55
1883, 3
1884, 15
1885, 71
1886, 17
1887, 3
1888, 32
1889, 35
1890, 1
1891, 3
1892, 1
1893, 22
1894, 68
1895, 2
1896, 1
1897, 30
1898, 1
1899, 20
1900, 1
1901, 60
1902, 103
1903, 35
1904, 1
1905, 3
1906, 1
1907, 34
1908, 104
1909, 18
1910, 29
1911, 21
1912, 45
1913, 57
1914, 17
1915, 6
1916, 12
1917, 66
1918, 4
1919, 19
1920, 52
1921, 13
1922, 2
1923, 1
1924, 3
1925, 1
1926, 20
1927, 1
1928, 46
1929, 34
1930, 26
1931, 40
1932, 37
1933, 35
1934, 66
1935, 3
1936, 56
1937, 30
1938, 1
1939, 20
1940, 1
1941, 29
1942, 37
1943, 35
1944, 71
1945, 13
1946, 24
1947, 1
1948, 3
1949, 1
1950, 32
1951, 72
1952, 26
1953, 48
1954, 52
1955, 133
1956, 24
1957, 22
1958, 11
1959, 2
1960, 1
1961, 3
1962, 1
1963, 46
1964, 34
1965, 3
1966, 76
1967, 30
1968, 1
1969, 20
1970, 1
1971, 40
1972, 69
1973, 1
1974, 36
1975, 1
1976, 33
1977, 71
1978, 34
1979, 1
1980, 36
1981, 1
1982, 18
1983, 22
1984, 53
1985, 63
1986, 75
1987, 31
1988, 26
1989, 34
1990, 1
1991, 40
1992, 56
1993, 34
1994, 28
1995, 68
1996, 23
1997, 79
1998, 36
1999, 20
2000, 60
2001, 72
2002, 34
2003, 20
2004, 52
2005, 59
2006, 3
2007, 50
2008, 34
2009, 1
2010, 20
2011, 1
2012, 25
2013, 58
2014, 29
2015, 27
2016, 34
2017, 37
2018, 3
2019, 35
2020, 28
2021, 1
2022, 20
2023, 1
2024, 44
2025, 79
2026, 1
2027, 4
2028, 1
2029, 23
2030, 32
2031, 28
2032, 67
2033, 25
2034, 1
2035, 38
2036, 32
2037, 1
2038, 44
2039, 31
2040, 30
2041, 38
2042, 49
2043, 4
2044, 38
2045, 24
2046, 78
2047, 4
2048, 25
2049, 27
2050, 1
2051, 3
2052, 1
2053, 20
2054, 1
2055, 33
2056, 55
2057, 21
2058, 1
2059, 20
2060, 1
2061, 62
2062, 1
2063, 34
2064, 20
2065, 55
2066, 47
2067, 5
2068, 51
2069, 32
2070, 33
2071, 36
2072, 27
2073, 3
2074, 59
2075, 3
2076, 13
2077, 36
2078, 53
2079, 4
2080, 64
2081, 3
2082, 59
2083, 59
2084, 38
2085, 39
2086, 41
2087, 47
2088, 53
2089, 24
2090, 1
2091, 20
2092, 1
2093, 4
2094, 1
2095, 13
2096, 65
2097, 14
2098, 23
2099, 31
2100, 38
2101, 19
2102, 54
2103, 4
2104, 15
2105, 2
2106, 1
2107, 3
2108, 1
2109, 20
2110, 1
2111, 34
2112, 3
2113, 41
2114, 38
2115, 3
2116, 29
2117, 3
2118, 24
2119, 115
2120, 3
2121, 1
2122, 20
2123, 1
2124, 31
2125, 32
2126, 32
2127, 51
2128, 53
2129, 1
2130, 20
2131, 1
2132, 47
2133, 55
2134, 1
2135, 20
2136, 1
2137, 4
2138, 25
2139, 19
2140, 1
2141, 20
2142, 1
2143, 28
2144, 39
2145, 1
2146, 20
2147, 1
2148, 4
2149, 1
2150, 27
2151, 38
2152, 62
2153, 11
2154, 27
2155, 1
2156, 19
2157, 1
2158, 24
2159, 54
2160, 25
2161, 1
2162, 20
2163, 1
2164, 4
2165, 1
2166, 24
2167, 52
2168, 25
2169, 54
2170, 23
2171, 1
2172, 19
2173, 50
2174, 59
2175, 1
2176, 20
2177, 1
2178, 4
2179, 1
2180, 40
2181, 1
2182, 17
2183, 33
2184, 34
2185, 4
2186, 44
2187, 21
2188, 32
2189, 31
2190, 31
2191, 31
2192, 25
2193, 26
2194, 22
2195, 18
2196, 56
2197, 26
2198, 19
2199, 18
2200, 40
2201, 22
2202, 20
2203, 30
2204, 1
2205, 19
2206, 1
2207, 27
2208, 60
2209, 24
2210, 1
2211, 20
2212, 1
2213, 32
2214, 46
2215, 22
2216, 1
2217, 10
2218, 45
2219, 47
2220, 40
2221, 24
2222, 28
2223, 3
2224, 26
2225, 26
2226, 1
2227, 20
2228, 1
2229, 63
2230, 40
2231, 51
2232, 1
2233, 20
2234, 1
2235, 23
2236, 44
2237, 27
2238, 59
2239, 1
2240, 37
2241, 73
2242, 22
2243, 23
2244, 69
2245, 18
2246, 49
2247, 3
2248, 22
2249, 76
2250, 39
2251, 44
2252, 69
2253, 26
2254, 36
2255, 26
2256, 7
2257, 17
2258, 45
2259, 5
2260, 41
2261, 24
2262, 30
2263, 1
2264, 20
2265, 1
2266, 39
2267, 43
2268, 1
2269, 20
2270, 1
2271, 41
2272, 51
2273, 1
2274, 20
2275, 1
2276, 19
2277, 48
2278, 14
2279, 33
2280, 25
2281, 60
2282, 20
2283, 3
2284, 44
2285, 38
2286, 19
2287, 30
2288, 5
2289, 35
2290, 15
2291, 37
2292, 28
2293, 38
2294, 39
2295, 5
2296, 41
2297, 21
2298, 22
2299, 1
2300, 20
2301, 1
2302, 43
2303, 44
2304, 66
2305, 1
2306, 47
2307, 19
2308, 15
2309, 16
2310, 16
2311, 24
2312, 30
2313, 26
2314, 38
2315, 42
2316, 33
2317, 45
2318, 4
2319, 26
2320, 51
2321, 37
2322, 24
2323, 35
2324, 40
2325, 54
2326, 29
2327, 52
2328, 52
2329, 83
2330, 24
2331, 44
2332, 7
2333, 46
2334, 28
2335, 20
2336, 29
2337, 42
2338, 3
2339, 6
2340, 26
2341, 1
2342, 56
2343, 35
2344, 28
2345, 48
2346, 16
2347, 36
2348, 42
2349, 26
2350, 64
2351, 37
2352, 55
2353, 12
2354, 78
2355, 45
2356, 50
2357, 75
2358, 32
2359, 42
2360, 32
2361, 13
2362, 23
2363, 47
2364, 41
2365, 53
2366, 12
2367, 11
2368, 21
2369, 28
2370, 29
2371, 67
2372, 29
2373, 38
2374, 9
2375, 21
2376, 35
2377, 28
2378, 19
2379, 3
2380, 14
2381, 29
2382, 41
2383, 29
2384, 45
2385, 80
2386, 30
2387, 30
2388, 1
2389, 20
2390, 1
2391, 36
2392, 1
2393, 33
2394, 71
2395, 34
2396, 1
2397, 36
2398, 1
2399, 20
2400, 1
2401, 18
2402, 22
2403, 56
2404, 63
2405, 75
2406, 31
2407, 26
2408, 34
2409, 1
2410, 21
2411, 41
2412, 67
2413, 17
2414, 3
2415, 46
2416, 33
2417, 38
2418, 58
2419, 3
2420, 21
2421, 73
2422, 25
2423, 74
2424, 30
2425, 36
2426, 20
2427, 68
2428, 72
2429, 36
2430, 20
2431, 75
2432, 33
2433, 59
2434, 3
2435, 42
2436, 34
2437, 1
2438, 20
2439, 1
2440, 45
2441, 69
2442, 16
2443, 29
2444, 52
2445, 3
2446, 46
2447, 32
2448, 47
2449, 20
2450, 41
2451, 67
2452, 18
2453, 37
2454, 24
2455, 52
2456, 39
2457, 35
2458, 58
2459, 23
2460, 58
2461, 37
2462, 11
2463, 36
2464, 37
2465, 31
2466, 21
2467, 20
2468, 3
2469, 3
2470, 35
2471, 28
2472, 1
2473, 20
2474, 1
2475, 44
2476, 79
2477, 1
2478, 4
2479, 1
2480, 23
2481, 32
2482, 28
2483, 67
2484, 25
2485, 1
2486, 38
2487, 32
2488, 1
2489, 44
2490, 31
2491, 30
2492, 38
2493, 49
2494, 4
2495, 38
2496, 24
2497, 78
2498, 4
2499, 25
2500, 27
2501, 1
2502, 19
2503, 1
2504, 20
2505, 1
2506, 33
2507, 55
2508, 21
2509, 1
2510, 20
2511, 1
2512, 31
2513, 43
2514, 33
2515, 1
2516, 29
2517, 29
2518, 38
2519, 58
2520, 19
2521, 33
2522, 55
2523, 51
2524, 21
2525, 36
2526, 40
2527, 33
2528, 55
2529, 18
2530, 3
2531, 8
2532, 26
2533, 1
2534, 20
2535, 1
2536, 62
2537, 1
2538, 20
2539, 1
2540, 17
2541, 1
2542, 34
2543, 3
2544, 46
2545, 55
2546, 3
2547, 27
2548, 16
2549, 54
2550, 61
2551, 38
2552, 57
2553, 3
2554, 20
2555, 55
2556, 47
2557, 5
2558, 51
2559, 32
2560, 33
2561, 36
2562, 52
2563, 3
2564, 59
2565, 3
2566, 13
2567, 36
2568, 53
2569, 20
2570, 3
2571, 68
2572, 3
2573, 44
2574, 48
2575, 54
2576, 5
2577, 55
2578, 28
2579, 55
2580, 28
2581, 53
2582, 54
2583, 56
2584, 62
2585, 68
2586, 3
2587, 17
2588, 35
2589, 43
2590, 60
2591, 22
2592, 39
2593, 37
2594, 3
2595, 13
2596, 24
2597, 1
2598, 20
2599, 1
2600, 38
2601, 3
2602, 41
2603, 38
2604, 3
2605, 30
2606, 3
2607, 24
2608, 97
2609, 3
2610, 3
2611, 1
2612, 20
2613, 1
2614, 17
2615, 50
2616, 1
2617, 20
2618, 1
2619, 57
2620, 1
2621, 20
2622, 1
2623, 31
2624, 43
2625, 33
2626, 1
2627, 39
2628, 43
2629, 1
2630, 20
2631, 1
2632, 41
2633, 51
2634, 1
2635, 20
2636, 1
2637, 18
2638, 48
2639, 14
2640, 33
2641, 25
2642, 60
2643, 20
2644, 3
2645, 44
2646, 38
2647, 19
2648, 30
2649, 5
2650, 35
2651, 15
2652, 37
2653, 28
2654, 38
2655, 39
2656, 5
2657, 41
2658, 21
2659, 22
2660, 1
2661, 20
2662, 1
2663, 26
2664, 1
2665, 4
2666, 12
2667, 28
2668, 50
2669, 4
2670, 31
2671, 26
2672, 3
2673, 7
2674, 64
2675, 24
2676, 1
2677, 20
2678, 1
2679, 22
2680, 53
2681, 1
2682, 54
2683, 3
2684, 48
2685, 26
2686, 31
2687, 39
2688, 26
2689, 31
2690, 18
2691, 35
2692, 35
2693, 3
2694, 15
2695, 16
2696, 55
2697, 19
2698, 26
2699, 59
2700, 7
2701, 17
2702, 38
2703, 40
2704, 73
2705, 13
2706, 55
2707, 29
2708, 35
2709, 15
2710, 25
2711, 3
2712, 14
2713, 61
2714, 68
2715, 68
2716, 36
2717, 63
2718, 7
2719, 17
2720, 50
2721, 41
2722, 73
2723, 37
2724, 21
2725, 43
2726, 88
2727, 15
2728, 68
2729, 31
2730, 28
2731, 35
2732, 30
2733, 41
2734, 43
2735, 88
2736, 15
2737, 68
2738, 31
2739, 37
2740, 35
2741, 26
2742, 26
2743, 5
2744, 38
2745, 23
2746, 3
2747, 26
2748, 19
2749, 51
2750, 24
2751, 22
2752, 50
2753, 17
2754, 31
2755, 58
2756, 35
2757, 25
2758, 53
2759, 11
2760, 45
2761, 26
2762, 19
2763, 33
2764, 23
2765, 25
2766, 3
2767, 28
2768, 38
2769, 27
2770, 46
2771, 24
2772, 54
2773, 36
2774, 78
2775, 26
2776, 9
2777, 30
2778, 25
2779, 27
2780, 22
2781, 42
2782, 3
2783, 13
2784, 27
2785, 1
2786, 20
2787, 1
2788, 28
2789, 38
2790, 58
2791, 19
2792, 33
2793, 51
2794, 48
2795, 21
2796, 30
2797, 40
2798, 33
2799, 57
2800, 18
2801, 3
2802, 8
2803, 26
2804, 1
2805, 20
2806, 1
2807, 4
2808, 14
2809, 16
2810, 35
2811, 4
2812, 20
2813, 66
2814, 11
2815, 28
2816, 19
2817, 1
2818, 1
2819, 17
2820, 1
2821, 34
2822, 31
2823, 49
2824, 36
2825, 31
2826, 60
2827, 3
2828, 27
2829, 16
2830, 58
2831, 68
2832, 38
2833, 50
2834, 44
2835, 48
2836, 47
2837, 3
2838, 12
2839, 23
2840, 21
2841, 30
2842, 51
2843, 36
2844, 72
2845, 17
2846, 75
2847, 22
2848, 37
2849, 3
2850, 17
2851, 35
2852, 43
2853, 60
2854, 22
2855, 39
2856, 37
2857, 3
2858, 13
2859, 21
2860, 1
2861, 20
2862, 1
2863, 32
2864, 3
2865, 41
2866, 38
2867, 3
2868, 30
2869, 3
2870, 24
2871, 113
2872, 3
2873, 4
2874, 1
2875, 4
2876, 2
2877, 25
2878, 56
2879, 29
2880, 1
2881, 3
2882, 1
2883, 20
2884, 1
2885, 40
2886, 1
2887, 17
2888, 50
2889, 1
2890, 20
2891, 1
2892, 4
2893, 1
2894, 45
2895, 1
2896, 14
2897, 14
2898, 45
2899, 12
2900, 52
2901, 14
2902, 2
2903, 1
2904, 14
2905, 16
2906, 63
2907, 1
2908, 14
2909, 16
2910, 63
2911, 1
2912, 14
2913, 14
2914, 55
2915, 1
2916, 14
2917, 14
2918, 59
2919, 23
2920, 2
2921, 1
2922, 14
2923, 14
2924, 59
2925, 23
2926, 2
2927, 1
2928, 14
2929, 14
2930, 59
2931, 23
2932, 2
2933, 1
2934, 3
2935, 1
2936, 45
2937, 1
2938, 21
2939, 51
2940, 1
2941, 56
2942, 56
2943, 1
2944, 53
2945, 72
2946, 72
2947, 72
2948, 30
2949, 30
2950, 30
2951, 1
2952, 20
2953, 1
2954, 26
2955, 43
2956, 1
2957, 56
2958, 1
2959, 46
2960, 24
2961, 31
2962, 39
2963, 24
2964, 31
2965, 16
2966, 33
2967, 33
2968, 1
2969, 13
2970, 14
2971, 53
2972, 17
2973, 24
2974, 3
2975, 19
2976, 55
2977, 55
2978, 55
2979, 55
2980, 8
2981, 3
2982, 57
2983, 3
2984, 19
2985, 55
2986, 55
2987, 55
2988, 57
2989, 8
2990, 3
2991, 5
2992, 15
2993, 36
2994, 42
2995, 36
2996, 44
2997, 11
2998, 53
2999, 27
3000, 33
3001, 13
3002, 23
3003, 1
3004, 12
3005, 59
3006, 66
3007, 58
3008, 3
3009, 19
3010, 60
3011, 60
3012, 8
3013, 3
3014, 5
3015, 15
3016, 48
3017, 39
3018, 41
3019, 42
3020, 53
3021, 13
3022, 46
3023, 29
3024, 35
3025, 19
3026, 41
3027, 62
3028, 62
3029, 42
3030, 50
3031, 13
3032, 64
3033, 29
3034, 26
3035, 33
3036, 28
3037, 39
3038, 41
3039, 62
3040, 62
3041, 42
3042, 50
3043, 13
3044, 64
3045, 29
3046, 35
3047, 33
3048, 24
3049, 24
3050, 3
3051, 38
3052, 21
3053, 1
3054, 24
3055, 1
3056, 11
3057, 64
3058, 13
3059, 24
3060, 28
3061, 3
3062, 61
3063, 3
3064, 7
3065, 17
3066, 31
3067, 55
3068, 35
3069, 25
3070, 3
3071, 25
3072, 66
3073, 14
3074, 3
3075, 65
3076, 26
3077, 31
3078, 13
3079, 35
3080, 7
3081, 62
3082, 22
3083, 23
3084, 1
3085, 41
3086, 1
3087, 3
3088, 1
3089, 40
3090, 1
3091, 27
3092, 1
3093, 20
3094, 1
3095, 34
3096, 31
3097, 48
3098, 34
3099, 31
3100, 60
3101, 3
3102, 20
3103, 21
3104, 1
3105, 20
3106, 1
3107, 36
3108, 3
3109, 41
3110, 38
3111, 3
3112, 29
3113, 3
3114, 24
3115, 61
3116, 3
3117, 1
3118, 20
3119, 1
3120, 30
3121, 1
3122, 20
3123, 1
3124, 20
3125, 34
3126, 37
3127, 15
3128, 21
3129, 1
3130, 41
3131, 1
3132, 20
3133, 1
3134, 41
3135, 41
3136, 41
3137, 1
3138, 19
3139, 68
3140, 17
3141, 42
3142, 49
3143, 53
3144, 17
3145, 23
3146, 57
3147, 75
3148, 46
3149, 30
3150, 36
3151, 3
3152, 26
3153, 41
3154, 41
3155, 41
3156, 3
3157, 26
3158, 41
3159, 41
3160, 41
3161, 3
3162, 72
3163, 59
3164, 7
3165, 15
3166, 23
3167, 25
3168, 45
3169, 67
3170, 17
3171, 24
3172, 57
3173, 47
3174, 56
3175, 46
3176, 59
3177, 7
3178, 15
3179, 23
3180, 25
3181, 54
3182, 39
3183, 67
3184, 17
3185, 23
3186, 57
3187, 36
3188, 36
3189, 36
3190, 57
3191, 59
3192, 7
3193, 15
3194, 23
3195, 19
3196, 48
3197, 22
3198, 1
3199, 18
3200, 57
3201, 17
3202, 42
3203, 49
3204, 53
3205, 17
3206, 23
3207, 57
3208, 29
3209, 29
3210, 29
3211, 52
3212, 49
3213, 71
3214, 59
3215, 7
3216, 15
3217, 23
3218, 25
3219, 45
3220, 67
3221, 17
3222, 23
3223, 57
3224, 54
3225, 67
3226, 47
3227, 55
3228, 45
3229, 59
3230, 7
3231, 15
3232, 31
3233, 25
3234, 22
3235, 53
3236, 21
3237, 1
3238, 20
3239, 1
3240, 27
3241, 35
3242, 1
3243, 21
3244, 56
3245, 65
3246, 37
3247, 43
3248, 50
3249, 31
3250, 40
3251, 40
3252, 40
3253, 5
3254, 13
3255, 22
3256, 46
3257, 46
3258, 46
3259, 21
3260, 1
3261, 20
3262, 1
3263, 12
3264, 1
3265, 22
3266, 64
3267, 63
3268, 1
3269, 41
3270, 29
3271, 55
3272, 46
3273, 39
3274, 39
3275, 54
3276, 32
3277, 16
3278, 73
3279, 39
3280, 54
3281, 19
3282, 1
3283, 20
3284, 1
3285, 49
3286, 1
3287, 28
3288, 1
3289, 27
3290, 35
3291, 29
3292, 1
3293, 16
3294, 1
3295, 16
3296, 78
3297, 4
3298, 1
3299, 35
3300, 14
3301, 33
3302, 4
3303, 18
3304, 29
3305, 29
3306, 29
3307, 45
3308, 45
3309, 45
3310, 41
3311, 4
3312, 18
3313, 29
3314, 29
3315, 29
3316, 45
3317, 45
3318, 45
3319, 41
3320, 4
3321, 17
3322, 29
3323, 29
3324, 29
3325, 45
3326, 45
3327, 45
3328, 41
3329, 4
3330, 18
3331, 29
3332, 29
3333, 29
3334, 45
3335, 45
3336, 45
3337, 41
3338, 4
3339, 4
3340, 1
3341, 3
3342, 1
3343, 20
3344, 1
3345, 28
3346, 3
3347, 41
3348, 38
3349, 3
3350, 29
3351, 3
3352, 24
3353, 68
3354, 3
3355, 1
3356, 29
3357, 1
3358, 46
3359, 41
3360, 48
3361, 4
3362, 1
3363, 8
3364, 39
3365, 47
3366, 17
3367, 34
3368, 44
3369, 42
3370, 43
3371, 42
3372, 45
3373, 29
3374, 3
3375, 13
3376, 29
3377, 34
3378, 26
3379, 24
3380, 22
3381, 29
3382, 26
3383, 23
3384, 26
3385, 22
3386, 34
3387, 37
3388, 8
3389, 15
3390, 38
3391, 26
3392, 27
3393, 24
3394, 26
3395, 23
3396, 24
3397, 26
3398, 23
3399, 27
3400, 27
3401, 23
3402, 34
3403, 49
3404, 8
3405, 18
3406, 1
3407, 34
3408, 58
3409, 29
3410, 27
3411, 31
3412, 66
3413, 3
3414, 23
3415, 23
3416, 23
3417, 23
3418, 30
3419, 54
3420, 21
3421, 1
3422, 20
3423, 1
3424, 29
3425, 3
3426, 41
3427, 38
3428, 3
3429, 29
3430, 3
3431, 60
3432, 61
3433, 3
3434, 24
3435, 70
3436, 3
3437, 1
3438, 20
3439, 1
3440, 29
3441, 1
3442, 20
3443, 1
3444, 28
3445, 29
3446, 24
3447, 1
3448, 28
3449, 29
3450, 31
3451, 1
3452, 28
3453, 29
3454, 31
3455, 1
3456, 28
3457, 29
3458, 31
3459, 1
3460, 20
3461, 1
3462, 46
3463, 49
3464, 18
3465, 37
3466, 52
3467, 18
3468, 1
3469, 20
3470, 1
3471, 19
3472, 67
3473, 14
3474, 27
3475, 17
3476, 71
3477, 22
3478, 3
3479, 21
3480, 30
3481, 1
3482, 20
3483, 1
3484, 15
3485, 67
3486, 12
3487, 34
3488, 52
3489, 86
3490, 22
3491, 24
3492, 1
3493, 20
3494, 1
3495, 21
3496, 61
3497, 34
3498, 17
3499, 67
3500, 22
3501, 30
3502, 1
3503, 20
3504, 1
3505, 14
3506, 67
3507, 11
3508, 24
3509, 32
3510, 56
3511, 28
3512, 15
3513, 71
3514, 41
3515, 17
3516, 30
3517, 27
3518, 62
3519, 35
3520, 7
3521, 27
3522, 64
3523, 15
3524, 17
3525, 67
3526, 24
3527, 69
3528, 9
3529, 29
3530, 66
3531, 23
3532, 25
3533, 28
3534, 18
3535, 62
3536, 20
3537, 57
3538, 24
3539, 27
3540, 52
3541, 36
3542, 58
3543, 5
3544, 13
3545, 22
3546, 3
3547, 31
3548, 70
3549, 5
3550, 42
3551, 22
3552, 26
3553, 1
3554, 20
3555, 1
3556, 34
3557, 67
3558, 32
3559, 3
3560, 71
3561, 21
3562, 3
3563, 20
3564, 1
3565, 30
3566, 3
3567, 41
3568, 38
3569, 3
3570, 30
3571, 32
3572, 3
3573, 64
3574, 34
3575, 3
3576, 24
3577, 70
3578, 3
3579, 1
3580, 20
3581, 1
3582, 29
3583, 1
3584, 20
3585, 1
3586, 18
3587, 33
3588, 39
3589, 1
3590, 18
3591, 33
3592, 39
3593, 1
3594, 18
3595, 33
3596, 39
3597, 1
3598, 17
3599, 31
3600, 25
3601, 1
3602, 17
3603, 31
3604, 25
3605, 1
3606, 20
3607, 1
3608, 61
3609, 18
3610, 64
3611, 2
3612, 18
3613, 37
3614, 52
3615, 18
3616, 1
3617, 20
3618, 1
3619, 7
3620, 19
3621, 35
3622, 32
3623, 1
3624, 7
3625, 18
3626, 51
3627, 31
3628, 1
3629, 4
3630, 1
3631, 30
3632, 1
3633, 14
3634, 14
3635, 17
3636, 21
3637, 21
3638, 17
3639, 4
3640, 53
3641, 34
3642, 1
3643, 14
3644, 14
3645, 16
3646, 21
3647, 21
3648, 21
3649, 21
3650, 4
3651, 73
3652, 28
3653, 1
3654, 19
3655, 1
3656, 20
3657, 1
3658, 19
3659, 23
3660, 23
3661, 23
3662, 39
3663, 13
3664, 18
3665, 35
3666, 3
3667, 13
3668, 25
3669, 13
3670, 45
3671, 37
3672, 37
3673, 62
3674, 31
3675, 81
3676, 24
3677, 37
3678, 7
3679, 68
3680, 22
3681, 30
3682, 1
3683, 20
3684, 1
3685, 15
3686, 23
3687, 23
3688, 23
3689, 39
3690, 12
3691, 19
3692, 23
3693, 41
3694, 33
3695, 31
3696, 30
3697, 31
3698, 3
3699, 13
3700, 27
3701, 1
3702, 20
3703, 1
3704, 21
3705, 23
3706, 23
3707, 23
3708, 12
3709, 26
3710, 17
3711, 75
3712, 22
3713, 30
3714, 1
3715, 20
3716, 1
3717, 31
3718, 1
3719, 14
3720, 23
3721, 23
3722, 23
3723, 39
3724, 11
3725, 30
3726, 44
3727, 46
3728, 28
3729, 30
3730, 25
3731, 25
3732, 61
3733, 34
3734, 68
3735, 7
3736, 28
3737, 26
3738, 66
3739, 22
3740, 27
3741, 82
3742, 36
3743, 77
3744, 5
3745, 15
3746, 24
3747, 23
3748, 1
3749, 20
3750, 1
3751, 34
3752, 67
3753, 32
3754, 3
3755, 66
3756, 21
3757, 1
3758, 20
3759, 1
3760, 30
3761, 3
3762, 41
3763, 38
3764, 30
3765, 3
3766, 34
3767, 3
3768, 24
3769, 73
3770, 3
3771, 1
3772, 20
3773, 1
3774, 4
3775, 18
3776, 3
3777, 1
3778, 20
3779, 1
3780, 51
3781, 1
3782, 20
3783, 1
3784, 46
3785, 1
3786, 20
3787, 1
3788, 4
3789, 12
3790, 13
3791, 52
3792, 1
3793, 12
3794, 64
3795, 3
3796, 1
3797, 30
3798, 64
3799, 37
3800, 53
3801, 1
3802, 20
3803, 1
3804, 51
3805, 30
3806, 53
3807, 52
3808, 21
3809, 44
3810, 1
3811, 20
3812, 1
3813, 41
3814, 52
3815, 1
3816, 20
3817, 1
3818, 47
3819, 59
3820, 24
3821, 1
3822, 4
3823, 1
3824, 13
3825, 20
3826, 36
3827, 4
3828, 28
3829, 21
3830, 19
3831, 38
3832, 61
3833, 30
3834, 4
3835, 22
3836, 35
3837, 1
3838, 19
3839, 1
3840, 20
3841, 1
3842, 33
3843, 42
3844, 25
3845, 27
3846, 62
3847, 19
3848, 35
3849, 74
3850, 56
3851, 47
3852, 5
3853, 25
3854, 42
3855, 19
3856, 50
3857, 23
3858, 23
3859, 63
3860, 3
3861, 6
3862, 37
3863, 1
3864, 20
3865, 1
3866, 36
3867, 73
3868, 31
3869, 1
3870, 4
3871, 1
3872, 13
3873, 25
3874, 42
3875, 29
3876, 49
3877, 1
3878, 46
3879, 1
3880, 17
3881, 51
3882, 54
3883, 20
3884, 32
3885, 13
3886, 51
3887, 6
3888, 28
3889, 57
3890, 41
3891, 22
3892, 4
3893, 16
3894, 2
3895, 1
3896, 19
3897, 1
3898, 20
3899, 1
3900, 4
3901, 1
3902, 13
3903, 20
3904, 60
3905, 14
3906, 51
3907, 30
3908, 1
3909, 20
3910, 55
3911, 22
3912, 39
3913, 1
3914, 34
3915, 66
3916, 51
3917, 4
3918, 17
3919, 37
3920, 1
3921, 19
3922, 1
3923, 20
3924, 1
3925, 48
3926, 63
3927, 26
3928, 1
3929, 20
3930, 1
3931, 26
3932, 81
3933, 22
3934, 30
3935, 30
3936, 30
3937, 30
3938, 30
3939, 30
3940, 30
3941, 30
3942, 23
3943, 1
3944, 40
3945, 63
3946, 34
3947, 26
3948, 51
3949, 67
3950, 5
3951, 34
3952, 21
3953, 1
3954, 20
3955, 1
3956, 24
3957, 68
3958, 19
3959, 27
3960, 36
3961, 1
3962, 39
3963, 41
3964, 1
3965, 28
3966, 65
3967, 23
3968, 1
3969, 70
3970, 1
3971, 51
3972, 1
3973, 20
3974, 1
3975, 4
3976, 1
3977, 27
3978, 79
3979, 4
3980, 52
3981, 23
3982, 22
3983, 44
3984, 67
3985, 26
3986, 70
3987, 62
3988, 4
3989, 56
3990, 28
3991, 1
3992, 34
3993, 78
3994, 51
3995, 51
3996, 30
3997, 44
3998, 21
3999, 1
4000, 45
4001, 20
4002, 55
4003, 22
4004, 39
4005, 40
4006, 66
4007, 20
4008, 32
4009, 53
4010, 63
4011, 74
4012, 13
4013, 49
4014, 6
4015, 20
4016, 28
4017, 45
4018, 49
4019, 15
4020, 38
4021, 1
4022, 19
4023, 1
4024, 49
4025, 71
4026, 54
4027, 27
4028, 1
4029, 20
4030, 1
4031, 24
4032, 75
4033, 17
4034, 17
4035, 17
4036, 15
4037, 15
4038, 19
4039, 15
4040, 15
4041, 17
4042, 15
4043, 15
4044, 20
4045, 1
4046, 20
4047, 1
4048, 40
4049, 61
4050, 35
4051, 45
4052, 68
4053, 31
4054, 5
4055, 37
4056, 17
4057, 44
4058, 21
4059, 1
4060, 20
4061, 1
4062, 39
4063, 1
4064, 24
4065, 18
4066, 50
4067, 55
4068, 60
4069, 29
4070, 59
4071, 36
4072, 46
4073, 50
4074, 3
4075, 47
4076, 21
4077, 1
4078, 20
4079, 1
4080, 31
4081, 3
4082, 34
4083, 38
4084, 29
4085, 3
4086, 55
4087, 3
4088, 24
4089, 108
4090, 3
4091, 1
4092, 20
4093, 1
4094, 4
4095, 18
4096, 21
4097, 19
4098, 1
4099, 20
4100, 1
4101, 51
4102, 1
4103, 20
4104, 1
4105, 30
4106, 61
4107, 37
4108, 50
4109, 1
4110, 4
4111, 1
4112, 12
4113, 43
4114, 32
4115, 12
4116, 66
4117, 4
4118, 13
4119, 2
4120, 1
4121, 12
4122, 64
4123, 1
4124, 3
4125, 1
4126, 20
4127, 1
4128, 50
4129, 30
4130, 53
4131, 52
4132, 21
4133, 44
4134, 1
4135, 20
4136, 1
4137, 41
4138, 52
4139, 1
4140, 20
4141, 1
4142, 47
4143, 59
4144, 24
4145, 1
4146, 4
4147, 1
4148, 13
4149, 56
4150, 28
4151, 21
4152, 19
4153, 38
4154, 61
4155, 30
4156, 4
4157, 22
4158, 2
4159, 1
4160, 19
4161, 1
4162, 20
4163, 1
4164, 33
4165, 42
4166, 25
4167, 27
4168, 62
4169, 19
4170, 35
4171, 74
4172, 56
4173, 47
4174, 5
4175, 25
4176, 42
4177, 19
4178, 50
4179, 23
4180, 23
4181, 63
4182, 3
4183, 6
4184, 37
4185, 1
4186, 20
4187, 1
4188, 36
4189, 72
4190, 31
4191, 1
4192, 4
4193, 1
4194, 13
4195, 25
4196, 42
4197, 29
4198, 49
4199, 1
4200, 46
4201, 1
4202, 17
4203, 51
4204, 54
4205, 20
4206, 32
4207, 13
4208, 51
4209, 6
4210, 28
4211, 57
4212, 41
4213, 22
4214, 4
4215, 16
4216, 2
4217, 1
4218, 19
4219, 1
4220, 20
4221, 1
4222, 4
4223, 1
4224, 33
4225, 60
4226, 14
4227, 51
4228, 30
4229, 20
4230, 55
4231, 22
4232, 39
4233, 34
4234, 66
4235, 51
4236, 4
4237, 17
4238, 2
4239, 1
4240, 19
4241, 1
4242, 20
4243, 1
4244, 48
4245, 60
4246, 26
4247, 1
4248, 20
4249, 1
4250, 26
4251, 81
4252, 22
4253, 30
4254, 30
4255, 30
4256, 30
4257, 30
4258, 30
4259, 30
4260, 30
4261, 2
4262, 1
4263, 42
4264, 86
4265, 1
4266, 20
4267, 1
4268, 4
4269, 1
4270, 62
4271, 62
4272, 1
4273, 12
4274, 32
4275, 45
4276, 2
4277, 1
4278, 42
4279, 66
4280, 66
4281, 1
4282, 12
4283, 35
4284, 10
4285, 40
4286, 41
4287, 42
4288, 16
4289, 61
4290, 19
4291, 11
4292, 2
4293, 1
4294, 30
4295, 10
4296, 40
4297, 42
4298, 42
4299, 13
4300, 2
4301, 1
4302, 12
4303, 29
4304, 45
4305, 2
4306, 1
4307, 12
4308, 46
4309, 47
4310, 2
4311, 1
4312, 3
4313, 1
4314, 42
4315, 1
4316, 27
4317, 54
4318, 36
4319, 50
4320, 54
4321, 23
4322, 50
4323, 3
4324, 52
4325, 71
4326, 19
4327, 1
4328, 20
4329, 1
4330, 33
4331, 1
4332, 20
4333, 1
4334, 69
4335, 1
4336, 20
4337, 1
4338, 34
4339, 69
4340, 52
4341, 39
4342, 3
4343, 13
4344, 38
4345, 75
4346, 7
4347, 37
4348, 31
4349, 13
4350, 72
4351, 22
4352, 26
4353, 1
4354, 20
4355, 1
4356, 31
4357, 54
4358, 44
4359, 28
4360, 58
4361, 22
4362, 34
4363, 46
4364, 48
4365, 61
4366, 51
4367, 7
4368, 39
4369, 19
4370, 59
4371, 23
4372, 49
4373, 50
4374, 3
4375, 11
4376, 26
4377, 3
4378, 20
4379, 1
4380, 37
4381, 70
4382, 36
4383, 49
4384, 69
4385, 7
4386, 19
4387, 23
4388, 26
4389, 1
4390, 20
4391, 1
4392, 24
4393, 68
4394, 19
4395, 27
4396, 36
4397, 1
4398, 39
4399, 41
4400, 1
4401, 28
4402, 65
4403, 23
4404, 1
4405, 70
4406, 1
4407, 51
4408, 1
4409, 4
4410, 1
4411, 27
4412, 33
4413, 47
4414, 4
4415, 52
4416, 23
4417, 22
4418, 44
4419, 67
4420, 26
4421, 70
4422, 62
4423, 4
4424, 56
4425, 2
4426, 1
4427, 34
4428, 78
4429, 51
4430, 51
4431, 30
4432, 44
4433, 21
4434, 1
4435, 45
4436, 20
4437, 55
4438, 22
4439, 39
4440, 40
4441, 66
4442, 20
4443, 32
4444, 53
4445, 63
4446, 74
4447, 13
4448, 49
4449, 6
4450, 20
4451, 28
4452, 45
4453, 49
4454, 15
4455, 2
4456, 1
4457, 19
4458, 1
4459, 20
4460, 1
4461, 49
4462, 68
4463, 51
4464, 27
4465, 1
4466, 20
4467, 1
4468, 24
4469, 75
4470, 17
4471, 17
4472, 17
4473, 15
4474, 15
4475, 19
4476, 15
4477, 15
4478, 17
4479, 15
4480, 15
4481, 2
4482, 1
4483, 20
4484, 1
4485, 40
4486, 58
4487, 35
4488, 45
4489, 68
4490, 31
4491, 5
4492, 37
4493, 17
4494, 44
4495, 21
4496, 3
4497, 30
4498, 53
4499, 41
4500, 66
4501, 3
4502, 31
4503, 26
4504, 3
4505, 20
4506, 1
4507, 26
4508, 1
4509, 24
4510, 18
4511, 50
4512, 55
4513, 60
4514, 29
4515, 59
4516, 36
4517, 32
4518, 48
4519, 4
4520, 42
4521, 46
4522, 35
4523, 54
4524, 4
4525, 37
4526, 26
4527, 3
4528, 47
4529, 21
4530, 1
4531, 20
4532, 1
4533, 34
4534, 3
4535, 41
4536, 38
4537, 3
4538, 29
4539, 3
4540, 24
4541, 84
4542, 3
4543, 1
4544, 20
4545, 1
4546, 31
4547, 1
4548, 20
4549, 1
4550, 24
4551, 13
4552, 62
4553, 67
4554, 1
4555, 38
4556, 65
4557, 21
4558, 29
4559, 1
4560, 20
4561, 1
4562, 66
4563, 51
4564, 75
4565, 39
4566, 65
4567, 22
4568, 44
4569, 82
4570, 7
4571, 27
4572, 26
4573, 19
4574, 26
4575, 1
4576, 20
4577, 1
4578, 17
4579, 19
4580, 1
4581, 17
4582, 40
4583, 1
4584, 20
4585, 1
4586, 61
4587, 63
4588, 55
4589, 76
4590, 24
4591, 1
4592, 58
4593, 46
4594, 68
4595, 41
4596, 74
4597, 1
4598, 20
4599, 1
4600, 46
4601, 56
4602, 27
4603, 55
4604, 38
4605, 53
4606, 57
4607, 46
4608, 5
4609, 13
4610, 15
4611, 48
4612, 38
4613, 5
4614, 13
4615, 25
4616, 24
4617, 1
4618, 20
4619, 1
4620, 14
4621, 54
4622, 29
4623, 70
4624, 24
4625, 50
4626, 53
4627, 46
4628, 28
4629, 1
4630, 70
4631, 1
4632, 18
4633, 63
4634, 29
4635, 66
4636, 35
4637, 50
4638, 24
4639, 64
4640, 33
4641, 21
4642, 3
4643, 13
4644, 24
4645, 47
4646, 44
4647, 50
4648, 7
4649, 42
4650, 31
4651, 22
4652, 44
4653, 50
4654, 20
4655, 34
4656, 1
4657, 20
4658, 1
4659, 10
4660, 24
4661, 3
4662, 30
4663, 3
4664, 19
4665, 37
4666, 65
4667, 67
4668, 17
4669, 32
4670, 66
4671, 5
4672, 32
4673, 36
4674, 37
4675, 82
4676, 28
4677, 75
4678, 42
4679, 9
4680, 50
4681, 21
4682, 56
4683, 28
4684, 17
4685, 35
4686, 43
4687, 52
4688, 9
4689, 17
4690, 26
4691, 47
4692, 7
4693, 15
4694, 26
4695, 15
4696, 24
4697, 74
4698, 46
4699, 5
4700, 48
4701, 21
4702, 24
4703, 1
4704, 43
4705, 72
4706, 18
4707, 1
4708, 48
4709, 42
4710, 40
4711, 58
4712, 46
4713, 1
4714, 3
4715, 11
4716, 21
4717, 1
4718, 20
4719, 1
4720, 4
4721, 1
4722, 49
4723, 1
4724, 19
4725, 1
4726, 39
4727, 27
4728, 27
4729, 27
4730, 27
4731, 27
4732, 27
4733, 30
4734, 4
4735, 1
4736, 21
4737, 46
4738, 1
4739, 12
4740, 42
4741, 9
4742, 34
4743, 40
4744, 4
4745, 43
4746, 50
4747, 50
4748, 59
4749, 59
4750, 4
4751, 40
4752, 1
4753, 43
4754, 1
4755, 14
4756, 14
4757, 36
4758, 4
4759, 50
4760, 26
4761, 1
4762, 14
4763, 18
4764, 58
4765, 74
4766, 32
4767, 1
4768, 19
4769, 1
4770, 20
4771, 1
4772, 40
4773, 3
4774, 41
4775, 38
4776, 3
4777, 30
4778, 3
4779, 24
4780, 60
4781, 3
4782, 3
4783, 1
4784, 34
4785, 1
4786, 4
4787, 1
4788, 14
4789, 13
4790, 50
4791, 9
4792, 28
4793, 1
4794, 45
4795, 11
4796, 1
4797, 43
4798, 14
4799, 2
4800, 1
4801, 14
4802, 14
4803, 53
4804, 1
4805, 14
4806, 16
4807, 46
4808, 37
4809, 2
4810, 1
4811, 14
4812, 14
4813, 65
4814, 43
4815, 2
4816, 1
4817, 14
4818, 59
4819, 36
4820, 2
4821, 1
4822, 3
4823, 1
4824, 69
4825, 1
4826, 31
4827, 57
4828, 18
4829, 1
4830, 23
4831, 55
4832, 18
4833, 1
4834, 30
4835, 52
4836, 1
4837, 30
4838, 61
4839, 1
4840, 28
4841, 28
4842, 1
4843, 3
4844, 1
4845, 54
4846, 1
4847, 26
4848, 50
4849, 6
4850, 49
4851, 74
4852, 27
4853, 69
4854, 11
4855, 1
4856, 40
4857, 64
4858, 27
4859, 63
4860, 11
4861, 5
4862, 22
4863, 6
4864, 1
4865, 3
4866, 1
4867, 27
4868, 50
4869, 6
4870, 49
4871, 74
4872, 27
4873, 69
4874, 11
4875, 1
4876, 40
4877, 64
4878, 27
4879, 63
4880, 11
4881, 5
4882, 22
4883, 6
4884, 1
4885, 28
4886, 61
4887, 6
4888, 43
4889, 5
4890, 33
4891, 38
4892, 28
4893, 6
4894, 1
4895, 3
4896, 1
4897, 17
4898, 1
4899, 34
4900, 69
4901, 42
4902, 27
4903, 64
4904, 4
4905, 42
4906, 42
4907, 45
4908, 60
4909, 30
4910, 78
4911, 8
4912, 33
4913, 36
4914, 33
4915, 70
4916, 18
4917, 41
4918, 47
4919, 10
4920, 19
4921, 50
4922, 64
4923, 3
4924, 41
4925, 21
4926, 1
4927, 20
4928, 1
4929, 34
4930, 3
4931, 41
4932, 38
4933, 3
4934, 29
4935, 31
4936, 3
4937, 24
4938, 115
4939, 3
4940, 3
4941, 1
4942, 20
4943, 1
4944, 34
4945, 1
4946, 20
4947, 1
4948, 35
4949, 1
4950, 20
4951, 1
4952, 4
4953, 20
4954, 27
4955, 48
4956, 26
4957, 51
4958, 51
4959, 45
4960, 14
4961, 24
4962, 28
4963, 51
4964, 19
4965, 1
4966, 20
4967, 1
4968, 21
4969, 66
4970, 1
4971, 7
4972, 46
4973, 48
4974, 1
4975, 29
4976, 59
4977, 1
4978, 20
4979, 1
4980, 22
4981, 51
4982, 47
4983, 1
4984, 68
4985, 87
4986, 25
4987, 1
4988, 68
4989, 87
4990, 25
4991, 1
4992, 20
4993, 1
4994, 39
4995, 43
4996, 1
4997, 20
4998, 1
4999, 41
5000, 51
5001, 1
5002, 20
5003, 1
5004, 20
5005, 50
5006, 14
5007, 33
5008, 25
5009, 60
5010, 20
5011, 3
5012, 44
5013, 38
5014, 19
5015, 30
5016, 5
5017, 35
5018, 15
5019, 37
5020, 28
5021, 38
5022, 39
5023, 5
5024, 41
5025, 21
5026, 22
5027, 1
5028, 20
5029, 1
5030, 53
5031, 1
5032, 20
5033, 1
5034, 47
5035, 66
5036, 17
5037, 36
5038, 14
5039, 44
5040, 30
5041, 50
5042, 24
5043, 23
5044, 52
5045, 48
5046, 64
5047, 7
5048, 43
5049, 23
5050, 22
5051, 14
5052, 44
5053, 30
5054, 50
5055, 24
5056, 23
5057, 52
5058, 48
5059, 64
5060, 7
5061, 43
5062, 23
5063, 22
5064, 3
5065, 12
5066, 53
5067, 70
5068, 28
5069, 59
5070, 5
5071, 23
5072, 46
5073, 69
5074, 8
5075, 31
5076, 32
5077, 75
5078, 21
5079, 34
5080, 64
5081, 71
5082, 7
5083, 37
5084, 23
5085, 24
5086, 57
5087, 78
5088, 40
5089, 48
5090, 39
5091, 47
5092, 45
5093, 54
5094, 5
5095, 15
5096, 25
5097, 3
5098, 42
5099, 50
5100, 37
5101, 38
5102, 46
5103, 54
5104, 78
5105, 22
5106, 32
5107, 68
5108, 44
5109, 7
5110, 33
5111, 23
5112, 20
5113, 35
5114, 42
5115, 3
5116, 13
5117, 31
5118, 1
5119, 20
5120, 1
5121, 40
5122, 65
5123, 22
5124, 89
5125, 31
5126, 1
5127, 20
5128, 1
5129, 31
5130, 43
5131, 33
5132, 1
5133, 29
5134, 29
5135, 38
5136, 58
5137, 19
5138, 33
5139, 48
5140, 51
5141, 21
5142, 36
5143, 40
5144, 33
5145, 55
5146, 18
5147, 3
5148, 8
5149, 26
5150, 1
5151, 20
5152, 1
5153, 17
5154, 1
5155, 20
5156, 1
5157, 34
5158, 25
5159, 49
5160, 42
5161, 27
5162, 64
5163, 4
5164, 3
5165, 27
5166, 64
5167, 3
5168, 16
5169, 58
5170, 38
5171, 52
5172, 3
5173, 44
5174, 48
5175, 47
5176, 3
5177, 40
5178, 40
5179, 44
5180, 5
5181, 19
5182, 30
5183, 15
5184, 38
5185, 58
5186, 58
5187, 21
5188, 3
5189, 45
5190, 45
5191, 69
5192, 22
5193, 3
5194, 60
5195, 34
5196, 34
5197, 38
5198, 3
5199, 17
5200, 42
5201, 35
5202, 43
5203, 60
5204, 22
5205, 39
5206, 37
5207, 3
5208, 3
5209, 41
5210, 21
5211, 1
5212, 20
5213, 1
5214, 35
5215, 3
5216, 41
5217, 38
5218, 3
5219, 31
5220, 3
5221, 29
5222, 3
5223, 24
5224, 78
5225, 3
5226, 1
5227, 4
5228, 1
5229, 19
5230, 20
5231, 21
5232, 20
5233, 20
5234, 1
5235, 22
5236, 1
5237, 32
5238, 43
5239, 61
5240, 45
5241, 1
5242, 14
5243, 46
5244, 16
5245, 35
5246, 11
5247, 42
5248, 4
5249, 11
5250, 2
5251, 1
5252, 14
5253, 46
5254, 16
5255, 37
5256, 11
5257, 44
5258, 4
5259, 11
5260, 2
5261, 1
5262, 3
5263, 1
5264, 22
5265, 1
5266, 4
5267, 1
5268, 37
5269, 1
5270, 14
5271, 55
5272, 1
5273, 14
5274, 76
5275, 1
5276, 20
5277, 1
5278, 36
5279, 1
5280, 14
5281, 53
5282, 1
5283, 14
5284, 74
5285, 1
5286, 3
5287, 1
5288, 17
5289, 1
5290, 76
5291, 76
5292, 1
5293, 74
5294, 74
5295, 1
5296, 20
5297, 1
5298, 63
5299, 19
5300, 1
5301, 65
5302, 19
5303, 1
5304, 20
5305, 1
5306, 19
5307, 62
5308, 1
5309, 28
5310, 3
5311, 63
5312, 3
5313, 35
5314, 39
5315, 3
5316, 63
5317, 3
5318, 17
5319, 61
5320, 3
5321, 20
5322, 73
5323, 5
5324, 16
5325, 17
5326, 51
5327, 21
5328, 24
5329, 1
5330, 20
5331, 1
5332, 73
5333, 1
5334, 20
5335, 1
5336, 34
5337, 30
5338, 36
5339, 27
5340, 37
5341, 33
5342, 35
5343, 42
5344, 33
5345, 45
5346, 4
5347, 3
5348, 30
5349, 21
5350, 1
5351, 20
5352, 1
5353, 4
5354, 1
5355, 48
5356, 9
5357, 18
5358, 29
5359, 31
5360, 31
5361, 1
5362, 18
5363, 1
5364, 39
5365, 33
5366, 1
5367, 37
5368, 1
5369, 10
5370, 27
5371, 39
5372, 24
5373, 70
5374, 79
5375, 92
5376, 49
5377, 4
5378, 1
5379, 68
5380, 11
5381, 29
5382, 1
5383, 3
5384, 1
5385, 20
5386, 1
5387, 27
