1, 67
2, 41
3, 1
4, 18
5, 1
6, 14
7, 1
8, 21
9, 1
10, 36
11, 29
12, 1
13, 19
14, 1
15, 29
16, 34
17, 1
18, 36
19, 1
20, 43
21, 35
22, 1
23, 18
24, 20
25, 13
26, 25
27, 21
28, 11
29, 33
30, 7
31, 1
32, 16
33, 32
34, 24
35, 29
36, 31
37, 28
38, 1
39, 9
40, 38
41, 28
42, 19
43, 38
44, 53
45, 23
46, 11
47, 23
48, 11
49, 7
50, 1
51, 61
52, 41
53, 40
54, 1
55, 18
56, 1
57, 14
58, 1
59, 21
60, 1
61, 1
62, 1
63, 36
64, 29
65, 1
66, 1
67, 1
68, 19
69, 1
70, 1
71, 1
72, 52
73, 1
74, 1
75, 1
76, 9
77, 38
78, 36
79, 58
80, 62
81, 7
82, 49
83, 59
84, 40
85, 27
86, 44
87, 12
88, 1
89, 1
90, 1
91, 53
92, 55
93, 1
94, 22
95, 79
96, 38
97, 1
98, 1
99, 1
100, 61
101, 61
102, 1
103, 21
104, 15
105, 13
106, 92
107, 7
108, 1
109, 1
110, 1
111, 69
112, 68
113, 1
114, 29
115, 15
116, 61
117, 13
118, 7
119, 1
120, 49
121, 37
122, 2
123, 33
124, 31
125, 73
126, 1
127, 23
128, 14
129, 21
130, 1
131, 37
132, 1
133, 73
134, 1
135, 19
136, 1
137, 23
138, 22
139, 23
140, 25
141, 23
142, 28
143, 1
144, 73
145, 1
146, 54
147, 1
148, 73
149, 1
150, 13
151, 41
152, 5
153, 9
154, 29
155, 52
156, 11
157, 18
158, 11
159, 17
160, 6
161, 1
162, 1
163, 19
164, 3
165, 29
166, 58
167, 34
168, 1
169, 40
170, 1
171, 23
172, 55
173, 37
174, 1
175, 37
176, 1
177, 55
178, 1
179, 24
180, 58
181, 33
182, 1
183, 36
184, 1
185, 73
186, 1
187, 56
188, 2
189, 31
190, 80
191, 40
192, 52
193, 54
194, 60
195, 2
196, 9
197, 3
198, 1
199, 18
200, 1
201, 63
202, 1
203, 43
204, 2
205, 26
206, 2
207, 46
208, 52
209, 69
210, 70
211, 3
212, 1
213, 36
214, 1
215, 81
216, 1
217, 55
218, 1
219, 18
220, 1
221, 65
222, 1
223, 37
224, 2
225, 45
226, 2
227, 53
228, 50
229, 48
230, 3
231, 1
232, 18
233, 1
234, 39
235, 1
236, 52
237, 1
238, 26
239, 2
240, 45
241, 2
242, 45
243, 2
244, 38
245, 31
246, 33
247, 40
248, 2
249, 32
250, 3
251, 1
252, 36
253, 49
254, 37
255, 2
256, 65
257, 31
258, 73
259, 1
260, 20
261, 14
262, 21
263, 1
264, 42
265, 1
266, 73
267, 1
268, 19
269, 28
270, 24
271, 23
272, 22
273, 23
274, 25
275, 28
276, 1
277, 73
278, 1
279, 14
280, 2
281, 41
282, 5
283, 9
284, 29
285, 52
286, 11
287, 18
288, 11
289, 17
290, 6
291, 1
292, 61
293, 21
294, 4
295, 17
296, 1
297, 67
298, 36
299, 44
300, 52
301, 5
302, 27
303, 33
304, 8
305, 37
306, 55
307, 9
308, 32
309, 9
310, 8
311, 28
312, 42
313, 35
314, 8
315, 20
316, 30
317, 8
318, 7
319, 84
320, 4
321, 72
322, 3
323, 1
324, 36
325, 2
326, 51
327, 2
328, 1
329, 59
330, 1
331, 30
332, 2
333, 13
334, 14
335, 2
336, 5
337, 17
338, 5
339, 37
340, 5
341, 3
342, 1
343, 18
344, 1
345, 66
346, 1
347, 72
348, 1
349, 76
350, 1
351, 42
352, 2
353, 32
354, 50
355, 45
356, 2
357, 15
358, 24
359, 3
360, 1
361, 36
362, 1
363, 70
364, 1
365, 23
366, 2
367, 68
368, 15
369, 3
370, 14
371, 3
372, 1
373, 62
374, 56
375, 1
376, 31
377, 2
378, 12
379, 5
380, 40
381, 5
382, 8
383, 36
384, 41
385, 8
386, 5
387, 2
388, 14
389, 14
390, 2
391, 8
392, 3
393, 1
394, 18
395, 1
396, 78
397, 1
398, 26
399, 2
400, 13
401, 14
402, 2
403, 30
404, 52
405, 35
406, 3
407, 1
408, 61
409, 55
410, 1
411, 35
412, 2
413, 14
414, 32
415, 37
416, 37
417, 2
418, 36
419, 3
420, 1
421, 36
422, 1
423, 24
424, 13
425, 13
426, 26
427, 33
428, 1
429, 35
430, 2
431, 12
432, 30
433, 52
434, 32
435, 43
436, 2
437, 14
438, 3
439, 1
440, 18
441, 1
442, 58
443, 1
444, 26
445, 2
446, 29
447, 5
448, 15
449, 16
450, 5
451, 43
452, 28
453, 21
454, 5
455, 3
456, 1
457, 36
458, 49
459, 37
460, 2
461, 33
462, 40
463, 1
464, 17
465, 14
466, 21
467, 1
468, 37
469, 1
470, 73
471, 1
472, 19
473, 1
474, 23
475, 22
476, 23
477, 25
478, 23
479, 24
480, 28
481, 1
482, 73
483, 1
484, 13
485, 41
486, 5
487, 9
488, 29
489, 52
490, 11
491, 18
492, 11
493, 22
494, 6
495, 1
496, 20
497, 81
498, 79
499, 79
500, 79
501, 30
502, 66
503, 62
504, 62
505, 49
506, 70
507, 64
508, 26
509, 1
510, 16
511, 16
512, 16
513, 4
514, 70
515, 1
516, 32
517, 47
518, 45
519, 1
520, 48
521, 52
522, 51
523, 1
524, 36
525, 1
526, 71
527, 57
528, 66
529, 58
530, 1
531, 51
532, 35
533, 48
534, 57
535, 1
536, 18
537, 1
538, 56
539, 2
540, 18
541, 2
542, 8
543, 32
544, 6
545, 22
546, 6
547, 5
548, 28
549, 47
550, 21
551, 45
552, 5
553, 56
554, 40
555, 46
556, 55
557, 6
558, 54
559, 3
560, 1
561, 36
562, 1
563, 22
564, 28
565, 29
566, 22
567, 41
568, 27
569, 23
570, 47
571, 41
572, 27
573, 1
574, 59
575, 48
576, 51
577, 1
578, 18
579, 1
580, 50
581, 2
582, 18
583, 2
584, 5
585, 32
586, 6
587, 22
588, 6
589, 43
590, 43
591, 47
592, 3
593, 1
594, 18
595, 1
596, 18
597, 9
598, 25
599, 12
600, 12
601, 18
602, 25
603, 51
604, 1
605, 41
606, 2
607, 25
608, 2
609, 35
610, 71
611, 3
612, 1
613, 36
614, 1
615, 74
616, 41
617, 26
618, 46
619, 18
620, 46
621, 1
622, 56
623, 1
624, 30
625, 2
626, 23
627, 5
628, 22
629, 27
630, 37
631, 5
632, 2
633, 9
634, 3
635, 1
636, 18
637, 1
638, 23
639, 25
640, 10
641, 18
642, 25
643, 49
644, 66
645, 45
646, 1
647, 33
648, 1
649, 30
650, 37
651, 29
652, 1
653, 29
654, 2
655, 68
656, 2
657, 23
658, 3
659, 1
660, 36
661, 29
662, 1
663, 41
664, 1
665, 26
666, 1
667, 63
668, 39
669, 1
670, 33
671, 40
672, 34
673, 36
674, 1
675, 36
676, 65
677, 41
678, 1
679, 18
680, 1
681, 14
682, 1
683, 21
684, 1
685, 36
686, 29
687, 1
688, 19
689, 1
690, 24
691, 30
692, 1
693, 36
694, 1
695, 43
696, 35
697, 1
698, 15
699, 20
700, 9
701, 11
702, 27
703, 7
704, 1
705, 16
706, 53
707, 1
708, 9
709, 38
710, 28
711, 19
712, 38
713, 53
714, 23
715, 11
716, 23
717, 11
718, 7
719, 1
720, 62
721, 41
722, 25
723, 1
724, 18
725, 14
726, 21
727, 1
728, 43
729, 1
730, 19
731, 48
732, 1
733, 9
734, 37
735, 62
736, 79
737, 30
738, 1
739, 84
740, 62
741, 26
742, 21
743, 75
744, 1
745, 56
746, 44
747, 18
748, 21
749, 24
750, 65
751, 81
752, 13
753, 37
754, 31
755, 38
756, 2
757, 81
758, 1
759, 18
760, 1
761, 14
762, 1
763, 21
764, 1
765, 1
766, 36
767, 29
768, 1
769, 1
770, 19
771, 1
772, 1
773, 67
774, 1
775, 1
776, 30
777, 1
778, 1
779, 9
780, 38
781, 36
782, 58
783, 59
784, 7
785, 72
786, 55
787, 12
788, 1
789, 1
790, 44
791, 57
792, 1
793, 30
794, 34
795, 30
796, 53
797, 11
798, 15
799, 7
800, 1
801, 1
802, 42
803, 53
804, 1
805, 19
806, 27
807, 47
808, 11
809, 28
810, 6
811, 4
812, 20
813, 33
814, 1
815, 1
816, 36
817, 50
818, 1
819, 17
820, 69
821, 1
822, 1
823, 43
824, 57
825, 1
826, 71
827, 29
828, 29
829, 1
830, 1
831, 49
832, 59
833, 1
834, 30
835, 19
836, 15
837, 20
838, 33
839, 12
840, 75
841, 78
842, 34
843, 24
844, 37
845, 15
846, 57
847, 10
848, 7
849, 1
850, 1
851, 37
852, 41
853, 1
854, 24
855, 33
856, 30
857, 1
858, 33
859, 33
860, 33
861, 33
862, 40
863, 37
864, 31
865, 1
866, 17
867, 14
868, 21
869, 1
870, 37
871, 1
872, 1
873, 19
874, 1
875, 1
876, 62
877, 1
878, 1
879, 81
880, 40
881, 37
882, 2
883, 31
884, 40
885, 73
886, 1
887, 23
888, 14
889, 21
890, 1
891, 42
892, 1
893, 73
894, 1
895, 19
896, 1
897, 28
898, 22
899, 23
900, 29
901, 23
902, 22
903, 23
904, 25
905, 24
906, 28
907, 1
908, 1
909, 73
910, 1
911, 41
912, 42
913, 1
914, 18
915, 1
916, 13
917, 28
918, 1
919, 70
920, 59
921, 5
922, 39
923, 17
924, 7
925, 53
926, 1
927, 80
928, 1
929, 76
930, 89
931, 58
932, 1
933, 36
934, 1
935, 73
936, 37
937, 1
938, 31
939, 29
940, 2
941, 14
942, 11
943, 2
944, 14
945, 22
946, 2
947, 11
948, 5
949, 1
950, 18
951, 1
952, 71
953, 1
954, 39
955, 46
956, 71
957, 59
958, 55
959, 52
960, 57
961, 47
962, 1
963, 52
964, 1
965, 38
966, 1
967, 18
968, 1
969, 81
970, 1
971, 37
972, 2
973, 30
974, 68
975, 31
976, 2
977, 8
978, 3
979, 1
980, 36
981, 1
982, 68
983, 1
984, 35
985, 62
986, 5
987, 50
988, 21
989, 5
990, 16
991, 6
992, 78
993, 1
994, 18
995, 1
996, 71
997, 1
998, 44
999, 74
1000, 1
1001, 36
1002, 1
1003, 77
1004, 53
1005, 1
1006, 66
1007, 2
1008, 21
1009, 68
1010, 70
1011, 2
1012, 28
1013, 3
1014, 1
1015, 18
1016, 1
1017, 77
1018, 53
1019, 1
1020, 66
1021, 25
1022, 2
1023, 18
1024, 54
1025, 5
1026, 45
1027, 64
1028, 5
1029, 55
1030, 6
1031, 64
1032, 2
1033, 28
1034, 3
1035, 1
1036, 36
1037, 1
1038, 59
1039, 1
1040, 61
1041, 1
1042, 18
1043, 1
1044, 82
1045, 1
1046, 45
1047, 42
1048, 3
1049, 28
1050, 5
1051, 23
1052, 63
1053, 5
1054, 62
1055, 5
1056, 2
1057, 16
1058, 3
1059, 1
1060, 18
1061, 1
1062, 86
1063, 1
1064, 43
1065, 2
1066, 36
1067, 41
1068, 2
1069, 40
1070, 4
1071, 1
1072, 18
1073, 1
1074, 86
1075, 1
1076, 44
1077, 2
1078, 31
1079, 16
1080, 2
1081, 31
1082, 41
1083, 2
1084, 66
1085, 3
1086, 1
1087, 36
1088, 81
1089, 10
1090, 37
1091, 31
1092, 38
1093, 2
1094, 62
1095, 62
1096, 35
1097, 81
1098, 1
1099, 18
1100, 14
1101, 1
1102, 21
1103, 1
1104, 1
1105, 1
1106, 36
1107, 34
1108, 1
1109, 1
1110, 1
1111, 19
1112, 1
1113, 1
1114, 1
1115, 59
1116, 1
1117, 1
1118, 1
1119, 9
1120, 38
1121, 42
1122, 64
1123, 68
1124, 7
1125, 73
1126, 32
1127, 1
1128, 1
1129, 1
1130, 20
1131, 14
1132, 1
1133, 1
1134, 1
1135, 33
1136, 39
1137, 1
1138, 23
1139, 67
1140, 55
1141, 62
1142, 53
1143, 63
1144, 53
1145, 60
1146, 6
1147, 55
1148, 55
1149, 70
1150, 7
1151, 49
1152, 37
1153, 2
1154, 33
1155, 40
1156, 1
1157, 22
1158, 14
1159, 21
1160, 1
1161, 37
1162, 1
1163, 73
1164, 1
1165, 19
1166, 1
1167, 23
1168, 23
1169, 22
1170, 23
1171, 24
1172, 25
1173, 1
1174, 73
1175, 1
1176, 21
1177, 1
1178, 73
1179, 1
1180, 13
1181, 41
1182, 5
1183, 9
1184, 29
1185, 52
1186, 11
1187, 18
1188, 11
1189, 19
1190, 6
1191, 1
1192, 25
1193, 3
1194, 55
1195, 24
1196, 50
1197, 1
1198, 36
1199, 1
1200, 53
1201, 22
1202, 25
1203, 27
1204, 1
1205, 69
1206, 2
1207, 17
1208, 20
1209, 72
1210, 70
1211, 2
1212, 17
1213, 22
1214, 3
1215, 1
1216, 1
1217, 18
1218, 1
1219, 53
1220, 23
1221, 25
1222, 27
1223, 1
1224, 69
1225, 2
1226, 17
1227, 18
1228, 4
1229, 5
1230, 42
1231, 34
1232, 6
1233, 41
1234, 6
1235, 4
1236, 23
1237, 1
1238, 5
1239, 19
1240, 21
1241, 50
1242, 16
1243, 6
1244, 27
1245, 20
1246, 6
1247, 1
1248, 5
1249, 20
1250, 37
1251, 18
1252, 19
1253, 6
1254, 22
1255, 26
1256, 6
1257, 4
1258, 70
1259, 4
1260, 2
1261, 17
1262, 22
1263, 3
1264, 1
1265, 18
1266, 1
1267, 72
1268, 81
1269, 1
1270, 44
1271, 51
1272, 70
1273, 1
1274, 30
1275, 2
1276, 13
1277, 29
1278, 2
1279, 62
1280, 38
1281, 36
1282, 2
1283, 8
1284, 3
1285, 1
1286, 36
1287, 69
1288, 42
1289, 25
1290, 1
1291, 73
1292, 73
1293, 29
1294, 1
1295, 18
1296, 14
1297, 21
1298, 1
1299, 51
1300, 1
1301, 19
1302, 42
1303, 1
1304, 49
1305, 74
1306, 70
1307, 1
1308, 48
1309, 1
1310, 31
1311, 25
1312, 33
1313, 24
1314, 3
1315, 1
1316, 35
1317, 34
1318, 44
1319, 39
1320, 38
1321, 3
1322, 1
1323, 75
1324, 74
1325, 73
1326, 70
1327, 59
1328, 1
1329, 69
1330, 41
1331, 1
1332, 76
1333, 1
1334, 49
1335, 61
1336, 1
1337, 67
1338, 40
1339, 2
1340, 57
1341, 52
1342, 2
1343, 69
1344, 57
1345, 34
1346, 1
1347, 39
1348, 28
1349, 41
1350, 26
1351, 25
1352, 28
1353, 58
1354, 11
1355, 31
1356, 9
1357, 3
1358, 1
1359, 9
1360, 37
1361, 62
1362, 1
1363, 31
1364, 55
1365, 40
1366, 27
1367, 63
1368, 1
1369, 43
1370, 55
1371, 40
1372, 27
1373, 63
1374, 1
1375, 57
1376, 74
1377, 28
1378, 18
1379, 21
1380, 8
1381, 25
1382, 35
1383, 6
1384, 1
1385, 62
1386, 2
1387, 11
1388, 39
1389, 64
1390, 3
1391, 60
1392, 71
1393, 65
1394, 3
1395, 72
1396, 71
1397, 65
1398, 3
1399, 45
1400, 22
1401, 22
1402, 37
1403, 2
1404, 57
1405, 65
1406, 41
1407, 25
1408, 1
1409, 18
1410, 14
1411, 21
1412, 1
1413, 36
1414, 29
1415, 1
1416, 19
1417, 65
1418, 1
1419, 9
1420, 44
1421, 69
1422, 30
1423, 40
1424, 66
1425, 34
1426, 55
1427, 1
1428, 62
1429, 33
1430, 72
1431, 57
1432, 66
1433, 76
1434, 73
1435, 26
1436, 1
1437, 75
1438, 29
1439, 70
1440, 24
1441, 71
1442, 26
1443, 34
1444, 28
1445, 28
1446, 29
1447, 30
1448, 63
1449, 45
1450, 37
1451, 8
1452, 8
1453, 58
1454, 49
1455, 42
1456, 31
1457, 53
1458, 32
1459, 51
1460, 40
1461, 11
1462, 21
1463, 24
1464, 9
1465, 28
1466, 24
1467, 56
1468, 61
1469, 9
1470, 54
1471, 55
1472, 53
1473, 65
1474, 66
1475, 57
1476, 53
1477, 56
1478, 6
1479, 49
1480, 37
1481, 2
1482, 79
1483, 40
1484, 1
1485, 17
1486, 14
1487, 21
1488, 1
1489, 37
1490, 1
1491, 73
1492, 1
1493, 19
1494, 1
1495, 23
1496, 23
1497, 22
1498, 24
1499, 23
1500, 25
1501, 1
1502, 73
1503, 1
1504, 65
1505, 61
1506, 37
1507, 1
1508, 73
1509, 1
1510, 13
1511, 41
1512, 5
1513, 9
1514, 29
1515, 52
1516, 11
1517, 18
1518, 11
1519, 23
1520, 6
1521, 4
1522, 25
1523, 1
1524, 34
1525, 47
1526, 43
1527, 33
1528, 47
1529, 1
1530, 36
1531, 1
1532, 38
1533, 46
1534, 59
1535, 1
1536, 39
1537, 1
1538, 37
1539, 2
1540, 24
1541, 39
1542, 49
1543, 43
1544, 33
1545, 2
1546, 20
1547, 3
1548, 1
1549, 50
1550, 2
1551, 24
1552, 25
1553, 25
1554, 25
1555, 49
1556, 60
1557, 46
1558, 2
1559, 20
1560, 3
1561, 1
1562, 36
1563, 1
1564, 72
1565, 76
1566, 47
1567, 1
1568, 32
1569, 2
1570, 27
1571, 35
1572, 25
1573, 37
1574, 37
1575, 36
1576, 22
1577, 2
1578, 20
1579, 3
1580, 1
1581, 50
1582, 2
1583, 27
1584, 1
1585, 27
1586, 27
1587, 27
1588, 1
1589, 40
1590, 4
1591, 37
1592, 1
1593, 63
1594, 63
1595, 63
1596, 1
1597, 52
1598, 52
1599, 51
1600, 4
1601, 43
1602, 4
1603, 21
1604, 2
1605, 21
1606, 20
1607, 3
1608, 1
1609, 36
1610, 1
1611, 69
1612, 46
1613, 1
1614, 40
1615, 2
1616, 12
1617, 34
1618, 44
1619, 2
1620, 20
1621, 3
1622, 1
1623, 36
1624, 1
1625, 43
1626, 1
1627, 47
1628, 1
1629, 23
1630, 42
1631, 25
1632, 73
1633, 32
1634, 46
1635, 46
1636, 46
1637, 44
1638, 1
1639, 71
1640, 32
1641, 47
1642, 46
1643, 45
1644, 44
1645, 1
1646, 72
1647, 32
1648, 46
1649, 46
1650, 46
1651, 44
1652, 1
1653, 73
1654, 31
1655, 46
1656, 46
1657, 46
1658, 44
1659, 1
1660, 49
1661, 5
1662, 44
1663, 1
1664, 33
1665, 66
1666, 3
1667, 29
1668, 1
1669, 36
1670, 1
1671, 50
1672, 1
1673, 69
1674, 1
1675, 61
1676, 1
1677, 42
1678, 2
1679, 29
1680, 23
1681, 39
1682, 74
1683, 2
1684, 16
1685, 3
1686, 1
1687, 36
1688, 81
1689, 16
1690, 37
1691, 31
1692, 38
1693, 2
1694, 81
1695, 1
1696, 18
1697, 1
1698, 14
1699, 1
1700, 21
1701, 1
1702, 1
1703, 1
1704, 36
1705, 29
1706, 1
1707, 1
1708, 1
1709, 19
1710, 1
1711, 55
1712, 1
1713, 1
1714, 1
1715, 9
1716, 38
1717, 36
1718, 58
1719, 61
1720, 7
1721, 35
1722, 12
1723, 1
1724, 1
1725, 1
1726, 32
1727, 1
1728, 17
1729, 70
1730, 1
1731, 1
1732, 1
1733, 47
1734, 1
1735, 66
1736, 40
1737, 37
1738, 33
1739, 40
1740, 1
1741, 18
1742, 14
1743, 21
1744, 1
1745, 37
1746, 1
1747, 73
1748, 1
1749, 19
1750, 1
1751, 24
1752, 23
1753, 22
1754, 23
1755, 25
1756, 1
1757, 73
1758, 1
1759, 13
1760, 41
1761, 5
1762, 9
1763, 29
1764, 52
1765, 11
1766, 18
1767, 11
1768, 16
1769, 6
1770, 4
1771, 28
1772, 34
1773, 34
1774, 1
1775, 36
1776, 1
1777, 48
1778, 1
1779, 18
1780, 28
1781, 24
1782, 58
1783, 1
1784, 36
1785, 1
1786, 74
1787, 1
1788, 35
1789, 2
1790, 43
1791, 2
1792, 72
1793, 2
1794, 46
1795, 44
1796, 3
1797, 1
1798, 1
1799, 18
1800, 1
1801, 64
1802, 56
1803, 1
1804, 32
1805, 2
1806, 32
1807, 65
1808, 8
1809, 17
1810, 3
1811, 1
1812, 36
1813, 1
1814, 40
1815, 37
1816, 33
1817, 40
1818, 1
1819, 1
1820, 22
1821, 14
1822, 21
1823, 1
1824, 37
1825, 1
1826, 73
1827, 1
1828, 19
1829, 1
1830, 25
1831, 23
1832, 22
1833, 23
1834, 25
1835, 1
1836, 73
1837, 1
1838, 13
1839, 41
1840, 5
1841, 9
1842, 29
1843, 52
1844, 11
1845, 18
1846, 11
1847, 16
1848, 6
1849, 4
1850, 28
1851, 32
1852, 32
1853, 1
1854, 36
1855, 1
1856, 48
1857, 1
1858, 18
1859, 28
1860, 24
1861, 58
1862, 1
1863, 36
1864, 1
1865, 63
1866, 1
1867, 35
1868, 2
1869, 41
1870, 2
1871, 60
1872, 2
1873, 80
1874, 3
1875, 1
1876, 1
1877, 18
1878, 1
1879, 71
1880, 1
1881, 32
1882, 2
1883, 30
1884, 55
1885, 8
1886, 17
1887, 3
1888, 1
1889, 36
1890, 1
1891, 41
1892, 38
1893, 37
1894, 31
1895, 2
1896, 23
1897, 2
1898, 15
1899, 22
1900, 23
1901, 30
1902, 2
1903, 20
1904, 51
1905, 2
1906, 14
1907, 39
1908, 60
1909, 40
1910, 2
1911, 27
1912, 33
1913, 2
1914, 16
1915, 30
1916, 39
1917, 59
1918, 2
1919, 39
1920, 40
1921, 2
1922, 27
1923, 30
1924, 42
1925, 68
1926, 48
1927, 21
1928, 2
1929, 43
1930, 47
1931, 2
1932, 23
1933, 29
1934, 53
1935, 20
1936, 68
1937, 41
1938, 26
1939, 1
1940, 18
1941, 14
1942, 21
1943, 1
1944, 51
1945, 1
1946, 19
1947, 42
1948, 1
1949, 48
1950, 1
1951, 31
1952, 25
1953, 33
1954, 24
1955, 3
1956, 1
1957, 35
1958, 34
1959, 44
1960, 39
1961, 38
1962, 3
1963, 1
1964, 76
1965, 1
1966, 49
1967, 61
1968, 1
1969, 39
1970, 28
1971, 41
1972, 26
1973, 25
1974, 28
1975, 58
1976, 11
1977, 31
1978, 9
1979, 3
1980, 1
1981, 9
1982, 37
1983, 62
1984, 30
1985, 52
1986, 30
1987, 66
1988, 14
1989, 25
1990, 53
1991, 31
1992, 26
1993, 7
1994, 1
1995, 42
1996, 52
1997, 30
1998, 66
1999, 14
2000, 25
2001, 53
2002, 43
2003, 26
2004, 1
2005, 57
2006, 72
2007, 22
2008, 22
2009, 17
2010, 8
2011, 17
2012, 28
2013, 6
2014, 1
2015, 40
2016, 37
2017, 2
2018, 80
2019, 31
2020, 1
2021, 23
2022, 14
2023, 21
2024, 1
2025, 37
2026, 1
2027, 73
2028, 1
2029, 19
2030, 1
2031, 23
2032, 22
2033, 24
2034, 23
2035, 25
2036, 1
2037, 73
2038, 1
2039, 81
2040, 1
2041, 73
2042, 1
2043, 13
2044, 41
2045, 5
2046, 9
2047, 29
2048, 52
2049, 11
2050, 18
2051, 11
2052, 22
2053, 6
2054, 4
2055, 58
2056, 56
2057, 1
2058, 36
2059, 1
2060, 59
2061, 61
2062, 51
2063, 1
2064, 73
2065, 1
2066, 18
2067, 1
2068, 42
2069, 2
2070, 12
2071, 49
2072, 1
2073, 58
2074, 1
2075, 44
2076, 30
2077, 38
2078, 37
2079, 37
2080, 24
2081, 27
2082, 24
2083, 38
2084, 4
2085, 40
2086, 59
2087, 2
2088, 16
2089, 3
2090, 1
2091, 36
2092, 1
2093, 53
2094, 1
2095, 25
2096, 48
2097, 1
2098, 47
2099, 46
2100, 48
2101, 51
2102, 53
2103, 48
2104, 52
2105, 60
2106, 47
2107, 1
2108, 36
2109, 40
2110, 37
2111, 2
2112, 48
2113, 73
2114, 39
2115, 31
2116, 1
2117, 20
2118, 14
2119, 21
2120, 1
2121, 37
2122, 1
2123, 73
2124, 1
2125, 19
2126, 1
2127, 23
2128, 22
2129, 26
2130, 23
2131, 25
2132, 23
2133, 28
2134, 1
2135, 73
2136, 1
2137, 13
2138, 41
2139, 5
2140, 9
2141, 29
2142, 52
2143, 11
2144, 18
2145, 11
2146, 19
2147, 6
2148, 21
2149, 1
2150, 1
2151, 73
2152, 61
2153, 48
2154, 48
2155, 48
2156, 1
2157, 36
2158, 1
2159, 50
2160, 1
2161, 1
2162, 21
2163, 52
2164, 41
2165, 5
2166, 23
2167, 29
2168, 67
2169, 14
2170, 5
2171, 11
2172, 6
2173, 1
2174, 18
2175, 1
2176, 69
2177, 50
2178, 1
2179, 39
2180, 2
2181, 13
2182, 50
2183, 49
2184, 4
2185, 6
2186, 32
2187, 20
2188, 43
2189, 43
2190, 5
2191, 49
2192, 8
2193, 25
2194, 42
2195, 8
2196, 14
2197, 9
2198, 50
2199, 46
2200, 5
2201, 2
2202, 8
2203, 3
2204, 1
2205, 18
2206, 1
2207, 1
2208, 52
2209, 1
2210, 62
2211, 38
2212, 1
2213, 18
2214, 1
2215, 78
2216, 1
2217, 41
2218, 65
2219, 46
2220, 61
2221, 4
2222, 18
2223, 1
2224, 78
2225, 1
2226, 37
2227, 31
2228, 28
2229, 80
2230, 80
2231, 52
2232, 51
2233, 4
2234, 36
2235, 81
2236, 11
2237, 37
2238, 31
2239, 39
2240, 81
2241, 1
2242, 18
2243, 1
2244, 14
2245, 1
2246, 21
2247, 1
2248, 1
2249, 1
2250, 36
2251, 29
2252, 1
2253, 1
2254, 1
2255, 19
2256, 1
2257, 1
2258, 1
2259, 52
2260, 1
2261, 1
2262, 9
2263, 38
2264, 36
2265, 58
2266, 57
2267, 7
2268, 55
2269, 1
2270, 1
2271, 41
2272, 1
2273, 75
2274, 33
2275, 1
2276, 1
2277, 1
2278, 44
2279, 45
2280, 1
2281, 29
2282, 33
2283, 36
2284, 1
2285, 33
2286, 33
2287, 33
2288, 33
2289, 41
2290, 38
2291, 37
2292, 31
2293, 31
2294, 22
2295, 2
2296, 15
2297, 22
2298, 38
2299, 2
2300, 20
2301, 44
2302, 2
2303, 10
2304, 41
2305, 46
2306, 17
2307, 41
2308, 57
2309, 61
2310, 92
2311, 45
2312, 74
2313, 2
2314, 25
2315, 11
2316, 18
2317, 31
2318, 8
2319, 2
2320, 34
2321, 15
2322, 22
2323, 45
2324, 8
2325, 2
2326, 30
2327, 13
2328, 22
2329, 30
2330, 33
2331, 8
2332, 2
2333, 35
2334, 16
2335, 38
2336, 38
2337, 38
2338, 9
2339, 8
2340, 2
2341, 48
2342, 21
2343, 50
2344, 50
2345, 50
2346, 9
2347, 7
2348, 40
2349, 37
2350, 53
2351, 31
2352, 1
2353, 21
2354, 14
2355, 21
2356, 1
2357, 37
2358, 1
2359, 73
2360, 1
2361, 19
2362, 1
2363, 23
2364, 22
2365, 24
2366, 25
2367, 1
2368, 73
2369, 1
2370, 13
2371, 41
2372, 5
2373, 9
2374, 29
2375, 52
2376, 11
2377, 18
2378, 11
2379, 17
2380, 6
2381, 4
2382, 21
2383, 53
2384, 1
2385, 25
2386, 25
2387, 58
2388, 1
2389, 13
2390, 13
2391, 13
2392, 11
2393, 20
2394, 71
2395, 3
2396, 19
2397, 47
2398, 3
2399, 32
2400, 80
2401, 12
2402, 1
2403, 36
2404, 1
2405, 48
2406, 1
2407, 18
2408, 2
2409, 18
2410, 19
2411, 23
2412, 25
2413, 9
2414, 49
2415, 3
2416, 1
2417, 36
2418, 1
2419, 24
2420, 1
2421, 62
2422, 1
2423, 36
2424, 1
2425, 34
2426, 1
2427, 83
2428, 1
2429, 36
2430, 1
2431, 57
2432, 1
2433, 24
2434, 2
2435, 14
2436, 25
2437, 25
2438, 25
2439, 24
2440, 9
2441, 18
2442, 9
2443, 17
2444, 3
2445, 1
2446, 71
2447, 1
2448, 30
2449, 2
2450, 14
2451, 33
2452, 33
2453, 33
2454, 30
2455, 9
2456, 17
2457, 9
2458, 17
2459, 3
2460, 1
2461, 1
2462, 36
2463, 81
2464, 40
2465, 37
2466, 2
2467, 31
2468, 73
2469, 1
2470, 19
2471, 14
2472, 21
2473, 1
2474, 37
2475, 1
2476, 73
2477, 1
2478, 19
2479, 1
2480, 28
2481, 24
2482, 23
2483, 29
2484, 23
2485, 22
2486, 23
2487, 23
2488, 25
2489, 28
2490, 1
2491, 1
2492, 73
2493, 1
2494, 13
2495, 47
2496, 68
2497, 1
2498, 36
2499, 1
2500, 59
2501, 1
2502, 32
2503, 68
2504, 60
2505, 2
2506, 18
2507, 1
2508, 60
2509, 57
2510, 1
2511, 42
2512, 60
2513, 45
2514, 1
2515, 18
2516, 1
2517, 1
2518, 43
2519, 57
2520, 1
2521, 40
2522, 2
2523, 12
2524, 63
2525, 44
2526, 2
2527, 46
2528, 3
2529, 1
2530, 18
2531, 1
2532, 62
2533, 57
2534, 1
2535, 44
2536, 2
2537, 29
2538, 42
2539, 57
2540, 42
2541, 57
2542, 45
2543, 2
2544, 12
2545, 3
2546, 1
2547, 36
2548, 1
2549, 89
2550, 1
2551, 40
2552, 42
2553, 3
2554, 28
2555, 5
2556, 35
2557, 37
2558, 8
2559, 24
2560, 42
2561, 11
2562, 45
2563, 14
2564, 32
2565, 60
2566, 36
2567, 15
2568, 20
2569, 15
2570, 52
2571, 66
2572, 11
2573, 66
2574, 72
2575, 60
2576, 11
2577, 8
2578, 49
2579, 8
2580, 5
2581, 2
2582, 33
2583, 5
2584, 23
2585, 51
2586, 27
2587, 6
2588, 11
2589, 5
2590, 3
2591, 1
2592, 18
2593, 1
2594, 66
2595, 66
2596, 1
2597, 56
2598, 2
2599, 16
2600, 63
2601, 39
2602, 64
2603, 2
2604, 16
2605, 3
2606, 1
2607, 18
2608, 1
2609, 82
2610, 1
2611, 41
2612, 2
2613, 15
2614, 25
2615, 60
2616, 27
2617, 44
2618, 2
2619, 14
2620, 3
2621, 1
2622, 36
2623, 40
2624, 37
2625, 2
2626, 31
2627, 1
2628, 1
2629, 19
2630, 14
2631, 21
2632, 1
2633, 37
2634, 1
2635, 1
2636, 1
2637, 19
2638, 1
2639, 28
2640, 24
2641, 23
2642, 29
2643, 23
2644, 22
2645, 23
2646, 23
2647, 25
2648, 28
2649, 1
2650, 1
2651, 1
2652, 1
2653, 13
2654, 47
2655, 68
2656, 1
2657, 1
2658, 1
2659, 59
2660, 1
2661, 32
2662, 68
2663, 60
2664, 2
2665, 1
2666, 1
2667, 60
2668, 57
2669, 1
2670, 42
2671, 60
2672, 45
2673, 1
2674, 1
2675, 1
2676, 1
2677, 43
2678, 57
2679, 1
2680, 40
2681, 2
2682, 12
2683, 63
2684, 44
2685, 2
2686, 46
2687, 3
2688, 1
2689, 1
2690, 1
2691, 62
2692, 57
2693, 1
2694, 44
2695, 2
2696, 29
2697, 42
2698, 57
2699, 42
2700, 57
2701, 45
2702, 2
2703, 12
2704, 3
2705, 1
2706, 1
2707, 1
2708, 98
2709, 1
2710, 50
2711, 42
2712, 3
2713, 28
2714, 5
2715, 35
2716, 37
2717, 8
2718, 24
2719, 11
2720, 45
2721, 14
2722, 32
2723, 60
2724, 36
2725, 15
2726, 20
2727, 15
2728, 52
2729, 52
2730, 11
2731, 45
2732, 14
2733, 49
2734, 77
2735, 17
2736, 32
2737, 15
2738, 72
2739, 72
2740, 11
2741, 8
2742, 59
2743, 8
2744, 5
2745, 2
2746, 5
2747, 23
2748, 51
2749, 27
2750, 6
2751, 11
2752, 5
2753, 3
2754, 1
2755, 1
2756, 1
2757, 66
2758, 66
2759, 1
2760, 56
2761, 2
2762, 16
2763, 63
2764, 39
2765, 64
2766, 2
2767, 16
2768, 3
2769, 1
2770, 1
2771, 1
2772, 82
2773, 1
2774, 41
2775, 2
2776, 15
2777, 25
2778, 60
2779, 27
2780, 44
2781, 2
2782, 14
2783, 3
2784, 1
2785, 1
2786, 81
2787, 17
2788, 37
2789, 31
2790, 38
2791, 2
2792, 81
2793, 1
2794, 18
2795, 1
2796, 14
2797, 1
2798, 21
2799, 1
2800, 1
2801, 1
2802, 36
2803, 29
2804, 1
2805, 1
2806, 1
2807, 19
2808, 1
2809, 1
2810, 1
2811, 40
2812, 1
2813, 1
2814, 1
2815, 9
2816, 43
2817, 57
2818, 1
2819, 1
2820, 1
2821, 78
2822, 52
2823, 1
2824, 34
2825, 37
2826, 75
2827, 51
2828, 72
2829, 7
2830, 81
2831, 10
2832, 37
2833, 31
2834, 38
2835, 2
2836, 63
2837, 2
2838, 81
2839, 1
2840, 18
2841, 1
2842, 14
2843, 1
2844, 21
2845, 1
2846, 1
2847, 1
2848, 36
2849, 34
2850, 1
2851, 1
2852, 1
2853, 19
2854, 1
2855, 72
2856, 1
2857, 1
2858, 1
2859, 9
2860, 38
2861, 42
2862, 64
2863, 68
2864, 7
2865, 69
2866, 68
2867, 43
2868, 1
2869, 1
2870, 1
2871, 33
2872, 1
2873, 68
2874, 1
2875, 1
2876, 1
2877, 54
2878, 56
2879, 1
2880, 27
2881, 47
2882, 74
2883, 75
2884, 7
2885, 1
2886, 1
2887, 1
2888, 63
2889, 62
2890, 1
2891, 28
2892, 27
2893, 13
2894, 60
2895, 7
2896, 49
2897, 37
2898, 2
2899, 61
2900, 31
2901, 73
2902, 1
2903, 1
2904, 24
2905, 14
2906, 21
2907, 1
2908, 37
2909, 1
2910, 73
2911, 1
2912, 19
2913, 1
2914, 23
2915, 24
2916, 23
2917, 22
2918, 24
2919, 25
2920, 1
2921, 73
2922, 1
2923, 33
2924, 1
2925, 73
2926, 1
2927, 13
2928, 41
2929, 5
2930, 9
2931, 29
2932, 52
2933, 11
2934, 18
2935, 11
2936, 19
2937, 6
2938, 1
2939, 28
2940, 28
2941, 1
2942, 31
2943, 4
2944, 34
2945, 35
2946, 4
2947, 51
2948, 1
2949, 36
2950, 1
2951, 66
2952, 69
2953, 1
2954, 29
2955, 2
2956, 12
2957, 33
2958, 33
2959, 33
2960, 2
2961, 11
2962, 10
2963, 3
2964, 1
2965, 18
2966, 1
2967, 34
2968, 1
2969, 67
2970, 1
2971, 18
2972, 1
2973, 60
2974, 1
2975, 69
2976, 1
2977, 66
2978, 1
2979, 47
2980, 2
2981, 12
2982, 37
2983, 60
2984, 18
2985, 2
2986, 14
2987, 3
2988, 1
2989, 36
2990, 1
2991, 60
2992, 57
2993, 1
2994, 30
2995, 40
2996, 30
2997, 31
2998, 1
2999, 18
3000, 1
3001, 58
3002, 55
3003, 1
3004, 75
3005, 1
3006, 71
3007, 66
3008, 1
3009, 37
3010, 2
3011, 12
3012, 30
3013, 42
3014, 41
3015, 2
3016, 10
3017, 3
3018, 1
3019, 76
3020, 70
3021, 1
3022, 40
3023, 2
3024, 12
3025, 64
3026, 29
3027, 44
3028, 2
3029, 10
3030, 3
3031, 1
3032, 18
3033, 1
3034, 59
3035, 56
3036, 1
3037, 77
3038, 1
3039, 72
3040, 67
3041, 1
3042, 38
3043, 2
3044, 12
3045, 30
3046, 43
3047, 42
3048, 2
3049, 10
3050, 3
3051, 1
3052, 77
3053, 71
3054, 1
3055, 41
3056, 2
3057, 12
3058, 65
3059, 29
3060, 45
3061, 2
3062, 10
3063, 3
3064, 1
3065, 36
3066, 81
3067, 16
3068, 38
3069, 31
3070, 38
3071, 2
3072, 81
3073, 1
3074, 18
3075, 1
3076, 14
3077, 1
3078, 21
3079, 1
3080, 1
3081, 1
3082, 36
3083, 29
3084, 1
3085, 1
3086, 1
3087, 19
3088, 1
3089, 66
3090, 1
3091, 1
3092, 1
3093, 35
3094, 1
3095, 1
3096, 1
3097, 9
3098, 36
3099, 65
3100, 68
3101, 7
3102, 14
3103, 23
3104, 1
3105, 1
3106, 1
3107, 59
3108, 49
3109, 1
3110, 27
3111, 37
3112, 6
3113, 31
3114, 63
3115, 79
3116, 31
3117, 6
3118, 26
3119, 24
3120, 6
3121, 35
3122, 44
3123, 7
3124, 1
3125, 1
3126, 1
3127, 49
3128, 40
3129, 1
3130, 19
3131, 37
3132, 6
3133, 31
3134, 63
3135, 21
3136, 45
3137, 45
3138, 26
3139, 51
3140, 18
3141, 15
3142, 18
3143, 11
3144, 23
3145, 6
3146, 25
3147, 6
3148, 35
3149, 44
3150, 7
3151, 81
3152, 17
3153, 37
3154, 31
3155, 38
3156, 2
3157, 66
3158, 78
3159, 29
3160, 2
3161, 81
3162, 1
3163, 18
3164, 1
3165, 14
3166, 1
3167, 21
3168, 1
3169, 1
3170, 1
3171, 36
3172, 29
3173, 1
3174, 1
3175, 1
3176, 19
3177, 1
3178, 1
3179, 45
3180, 1
3181, 1
3182, 1
3183, 9
3184, 38
3185, 36
3186, 58
3187, 62
3188, 7
3189, 50
3190, 12
3191, 1
3192, 1
3193, 1
3194, 38
3195, 1
3196, 71
3197, 1
3198, 1
3199, 1
3200, 1
3201, 49
3202, 37
3203, 1
3204, 1
3205, 18
3206, 1
3207, 14
3208, 1
3209, 21
3210, 1
3211, 55
3212, 1
3213, 19
3214, 1
3215, 30
3216, 1
3217, 9
3218, 39
3219, 25
3220, 1
3221, 86
3222, 1
3223, 26
3224, 33
3225, 33
3226, 41
3227, 41
3228, 36
3229, 10
3230, 32
3231, 5
3232, 26
3233, 28
3234, 26
3235, 36
3236, 43
3237, 7
3238, 1
3239, 47
3240, 1
3241, 24
3242, 57
3243, 19
3244, 11
3245, 18
3246, 7
3247, 81
3248, 13
3249, 38
3250, 31
3251, 38
3252, 2
3253, 81
3254, 1
3255, 18
3256, 14
3257, 21
3258, 1
3259, 36
3260, 29
3261, 1
3262, 19
3263, 1
3264, 66
3265, 1
3266, 9
3267, 42
3268, 81
3269, 30
3270, 46
3271, 12
3272, 1
3273, 1
3274, 79
3275, 50
3276, 40
3277, 37
3278, 6
3279, 31
3280, 81
3281, 19
3282, 29
3283, 43
3284, 45
3285, 41
3286, 18
3287, 14
3288, 11
3289, 61
3290, 44
3291, 6
3292, 26
3293, 31
3294, 6
3295, 35
3296, 44
3297, 7
3298, 1
3299, 1
3300, 66
3301, 44
3302, 33
3303, 46
