1, 40
2, 37
3, 0
4, 29
5, 40
6, 0
7, 15
8, 13
9, 0
10, 32
11, 0
12, 43
13, 0
14, 33
15, 15
16, 10
17, 45
18, 39
19, 5
20, 26
21, 0
22, 23
23, 23
24, 12
25, 75
26, 0
27, 0
28, 29
29, 58
30, 72
31, 22
32, 36
33, 39
34, 32
35, 0
36, 17
37, 0
38, 22
39, 36
40, 43
41, 24
42, 78
43, 51
44, 44
45, 38
46, 102
47, 0
48, 20
49, 59
50, 55
51, 18
52, 40
53, 37
54, 1
55, 40
56, 1
57, 29
58, 69
59, 0
60, 15
61, 13
62, 0
63, 32
64, 0
65, 43
66, 0
67, 33
68, 15
69, 10
70, 45
71, 39
72, 5
73, 26
74, 0
75, 23
76, 23
77, 12
78, 75
79, 0
80, 29
81, 58
82, 63
83, 22
84, 36
85, 39
86, 31
87, 0
88, 17
89, 0
90, 22
91, 36
92, 43
93, 24
94, 78
95, 52
96, 31
97, 38
98, 36
99, 20
100, 99
101, 20
102, 0
103, 20
104, 59
105, 55
106, 18
107, 40
108, 37
109, 1
110, 40
111, 1
112, 29
113, 69
114, 62
115, 0
116, 15
117, 13
118, 0
119, 32
120, 0
121, 43
122, 0
123, 33
124, 25
125, 22
126, 21
127, 28
128, 10
129, 63
130, 26
131, 47
132, 26
133, 12
134, 0
135, 23
136, 23
137, 18
138, 48
139, 32
140, 39
141, 0
142, 29
143, 58
144, 63
145, 22
146, 54
147, 45
148, 31
149, 0
150, 17
151, 0
152, 22
153, 36
154, 43
155, 24
156, 78
157, 52
158, 30
159, 38
160, 36
161, 20
162, 99
163, 20
164, 0
165, 20
166, 59
167, 55
168, 18
169, 40
170, 37
171, 1
172, 40
173, 1
174, 29
175, 69
176, 62
177, 0
178, 15
179, 13
180, 0
181, 32
182, 0
183, 43
184, 0
185, 33
186, 25
187, 22
188, 21
189, 28
190, 10
191, 63
192, 26
193, 47
194, 26
195, 12
196, 0
197, 23
198, 23
199, 18
200, 48
201, 32
202, 39
203, 0
204, 29
205, 58
206, 63
207, 22
208, 54
209, 45
210, 31
211, 0
212, 17
213, 0
214, 22
215, 36
216, 43
217, 24
218, 78
219, 52
220, 31
221, 38
222, 36
223, 20
224, 99
225, 20
226, 0
227, 20
228, 59
229, 55
230, 18
231, 40
232, 37
233, 1
234, 40
235, 1
236, 29
237, 69
238, 67
239, 55
240, 0
241, 15
242, 13
243, 0
244, 32
245, 0
246, 23
247, 14
248, 9
249, 11
250, 0
251, 69
252, 31
253, 0
254, 40
255, 9
256, 23
257, 18
258, 21
259, 0
260, 33
261, 25
262, 22
263, 21
264, 28
265, 10
266, 63
267, 26
268, 47
269, 26
270, 12
271, 0
272, 33
273, 23
274, 18
275, 48
276, 32
277, 39
278, 0
279, 29
280, 58
281, 63
282, 22
283, 54
284, 45
285, 31
286, 0
287, 17
288, 0
289, 22
290, 36
291, 43
292, 24
293, 78
294, 52
295, 63
296, 62
297, 63
298, 62
299, 30
300, 38
301, 36
302, 20
303, 99
304, 20
305, 0
306, 20
307, 59
308, 55
309, 18
310, 42
311, 39
312, 0
313, 33
314, 53
315, 0
316, 17
317, 25
318, 13
319, 0
320, 32
321, 0
322, 0
323, 67
324, 68
325, 70
326, 48
327, 0
328, 39
329, 18
330, 20
331, 17
332, 14
333, 15
334, 25
335, 25
336, 19
337, 29
338, 0
339, 0
340, 43
341, 18
342, 13
343, 16
344, 18
345, 16
346, 18
347, 20
348, 27
349, 17
350, 0
351, 0
352, 40
353, 27
354, 62
355, 9
356, 1
357, 56
358, 15
359, 27
360, 21
361, 34
362, 26
363, 5
364, 3
365, 31
366, 26
367, 0
368, 0
369, 69
370, 70
371, 61
372, 65
373, 52
374, 0
375, 68
376, 67
377, 68
378, 12
379, 0
380, 69
381, 69
382, 69
383, 69
384, 69
385, 69
386, 0
387, 67
388, 70
389, 68
390, 35
391, 0
392, 27
393, 18
394, 10
395, 31
396, 6
397, 31
398, 39
399, 12
400, 5
401, 19
402, 14
403, 27
404, 33
405, 25
406, 51
407, 0
408, 0
409, 35
410, 26
411, 25
412, 20
413, 0
414, 0
415, 63
416, 60
417, 0
418, 69
419, 67
420, 27
421, 0
422, 50
423, 15
424, 15
425, 12
426, 25
427, 17
428, 12
429, 5
430, 19
431, 12
432, 15
433, 3
434, 19
435, 5
436, 14
437, 5
438, 3
439, 14
440, 34
441, 17
442, 18
443, 27
444, 0
445, 0
446, 71
447, 29
448, 23
449, 18
450, 24
451, 21
452, 16
453, 17
454, 13
455, 19
456, 49
457, 30
458, 53
459, 36
460, 0
461, 0
462, 18
463, 38
464, 36
465, 57
466, 39
467, 12
468, 57
469, 52
470, 18
471, 0
472, 0
473, 20
474, 36
475, 35
476, 35
477, 4
478, 39
479, 24
480, 46
481, 7
482, 20
483, 42
484, 39
485, 0
486, 32
487, 0
488, 9
489, 13
490, 0
491, 32
492, 0
493, 0
494, 54
495, 24
496, 41
497, 22
498, 27
499, 29
500, 39
501, 49
502, 39
503, 61
504, 55
505, 30
506, 42
507, 17
508, 42
509, 16
510, 17
511, 25
512, 52
513, 34
514, 70
515, 7
516, 3
517, 46
518, 63
519, 0
520, 0
521, 19
522, 37
523, 0
524, 0
525, 67
526, 5
527, 27
528, 21
529, 13
530, 14
531, 20
532, 27
533, 51
534, 28
535, 28
536, 0
537, 0
538, 50
539, 0
540, 55
541, 30
542, 19
543, 19
544, 22
545, 22
546, 38
547, 32
548, 16
549, 22
550, 0
551, 0
552, 31
553, 72
554, 41
555, 14
556, 60
557, 33
558, 0
559, 0
560, 54
561, 42
562, 41
563, 22
564, 35
565, 40
566, 41
567, 39
568, 36
569, 27
570, 55
571, 48
572, 46
573, 28
574, 57
575, 38
576, 22
577, 0
578, 0
579, 58
580, 44
581, 44
582, 44
583, 44
584, 44
585, 39
586, 0
587, 19
588, 9
589, 9
590, 9
591, 9
592, 9
593, 9
594, 9
595, 9
596, 9
597, 9
598, 9
599, 9
600, 9
601, 11
602, 0
603, 38
604, 20
605, 20
606, 22
607, 0
608, 0
609, 33
610, 9
611, 24
612, 26
613, 48
614, 0
615, 0
616, 24
617, 28
618, 0
619, 0
620, 29
621, 23
622, 40
623, 60
624, 13
625, 0
626, 0
627, 20
628, 36
629, 35
630, 36
631, 14
632, 36
633, 39
634, 64
635, 73
636, 63
637, 26
638, 68
639, 42
640, 14
641, 20
642, 42
643, 39
644, 0
645, 32
646, 0
647, 9
648, 13
649, 0
650, 32
651, 0
652, 0
653, 63
654, 24
655, 41
656, 55
657, 27
658, 29
659, 37
660, 39
661, 49
662, 39
663, 62
664, 58
665, 30
666, 46
667, 7
668, 17
669, 42
670, 16
671, 17
672, 25
673, 52
674, 42
675, 24
676, 15
677, 58
678, 6
679, 20
680, 3
681, 64
682, 63
683, 0
684, 0
685, 19
686, 37
687, 0
688, 0
689, 67
690, 5
691, 27
692, 21
693, 13
694, 14
695, 20
696, 27
697, 51
698, 28
699, 28
700, 0
701, 0
702, 31
703, 72
704, 40
705, 24
706, 14
707, 41
708, 54
709, 53
710, 28
711, 25
712, 27
713, 19
714, 19
715, 19
716, 0
717, 0
718, 63
719, 42
720, 41
721, 37
722, 35
723, 40
724, 41
725, 39
726, 49
727, 27
728, 55
729, 51
730, 46
731, 28
732, 57
733, 41
734, 35
735, 0
736, 0
737, 58
738, 44
739, 44
740, 44
741, 44
742, 44
743, 39
744, 0
745, 19
746, 9
747, 9
748, 9
749, 9
750, 9
751, 9
752, 9
753, 9
754, 9
755, 9
756, 9
757, 9
758, 9
759, 11
760, 0
761, 38
762, 20
763, 20
764, 22
765, 0
766, 0
767, 33
768, 9
769, 24
770, 26
771, 48
772, 0
773, 0
774, 24
775, 28
776, 0
777, 0
778, 29
779, 23
780, 35
781, 26
782, 9
783, 60
784, 13
785, 0
786, 0
787, 20
788, 36
789, 35
790, 36
791, 14
792, 50
793, 39
794, 64
795, 76
796, 66
797, 26
798, 71
799, 42
800, 17
801, 20
802, 42
803, 39
804, 0
805, 32
806, 0
807, 9
808, 13
809, 0
810, 32
811, 0
812, 0
813, 63
814, 24
815, 41
816, 55
817, 27
818, 29
819, 37
820, 39
821, 49
822, 39
823, 62
824, 58
825, 30
826, 46
827, 7
828, 17
829, 42
830, 16
831, 17
832, 25
833, 52
834, 42
835, 24
836, 15
837, 58
838, 6
839, 20
840, 3
841, 64
842, 40
843, 36
844, 13
845, 0
846, 0
847, 19
848, 37
849, 0
850, 0
851, 67
852, 5
853, 27
854, 21
855, 27
856, 13
857, 14
858, 20
859, 27
860, 36
861, 14
862, 43
863, 38
864, 28
865, 42
866, 0
867, 0
868, 75
869, 8
870, 32
871, 16
872, 53
873, 54
874, 53
875, 28
876, 27
877, 30
878, 21
879, 30
880, 21
881, 0
882, 0
883, 63
884, 40
885, 34
886, 41
887, 37
888, 35
889, 40
890, 41
891, 39
892, 49
893, 27
894, 63
895, 51
896, 46
897, 28
898, 65
899, 41
900, 34
901, 8
902, 0
903, 0
904, 58
905, 44
906, 44
907, 44
908, 44
909, 44
910, 39
911, 0
912, 19
913, 9
914, 9
915, 9
916, 9
917, 9
918, 9
919, 9
920, 9
921, 9
922, 9
923, 9
924, 9
925, 9
926, 11
927, 0
928, 38
929, 20
930, 20
931, 22
932, 0
933, 0
934, 33
935, 9
936, 24
937, 26
938, 48
939, 0
940, 0
941, 24
942, 28
943, 0
944, 0
945, 29
946, 23
947, 35
948, 26
949, 9
950, 60
951, 13
952, 0
953, 0
954, 20
955, 36
956, 35
957, 36
958, 14
959, 50
960, 39
961, 63
962, 25
963, 76
964, 14
965, 66
966, 35
967, 71
968, 52
969, 18
970, 42
971, 39
972, 0
973, 28
974, 39
975, 0
976, 9
977, 13
978, 0
979, 32
980, 0
981, 0
982, 16
983, 26
984, 0
985, 0
986, 60
987, 44
988, 44
989, 44
990, 44
991, 44
992, 39
993, 0
994, 31
995, 0
996, 51
997, 36
998, 0
999, 51
1000, 33
1001, 0
1002, 0
1003, 25
1004, 16
1005, 13
1006, 17
1007, 1
1008, 37
1009, 0
1010, 0
1011, 34
1012, 46
1013, 24
1014, 35
1015, 15
1016, 13
1017, 14
1018, 12
1019, 34
1020, 14
1021, 19
1022, 36
1023, 60
1024, 53
1025, 56
1026, 53
1027, 56
1028, 57
1029, 15
1030, 53
1031, 27
1032, 0
1033, 0
1034, 35
1035, 25
1036, 65
1037, 0
1038, 0
1039, 46
1040, 27
1041, 28
1042, 26
1043, 23
1044, 15
1045, 59
1046, 3
1047, 0
1048, 0
1049, 39
1050, 38
1051, 35
1052, 19
1053, 25
1054, 34
1055, 42
1056, 16
1057, 9
1058, 10
1059, 42
1060, 15
1061, 32
1062, 37
1063, 39
1064, 22
1065, 36
1066, 4
1067, 29
1068, 3
1069, 31
1070, 46
1071, 0
1072, 0
1073, 60
1074, 43
1075, 46
1076, 0
1077, 0
1078, 66
1079, 37
1080, 37
1081, 25
1082, 19
1083, 25
1084, 30
1085, 50
1086, 29
1087, 67
1088, 50
1089, 41
1090, 29
1091, 60
1092, 13
1093, 3
1094, 33
1095, 44
1096, 31
1097, 41
1098, 7
1099, 67
1100, 19
1101, 3
1102, 44
1103, 40
1104, 31
1105, 42
1106, 3
1107, 25
1108, 18
1109, 7
1110, 3
1111, 56
1112, 52
1113, 7
1114, 42
1115, 26
1116, 0
1117, 0
1118, 57
1119, 41
1120, 0
1121, 0
1122, 20
1123, 39
1124, 50
1125, 38
1126, 44
1127, 30
1128, 47
1129, 36
1130, 52
1131, 44
1132, 18
1133, 42
1134, 39
1135, 0
1136, 32
1137, 0
1138, 15
1139, 13
1140, 0
1141, 32
1142, 0
1143, 0
1144, 28
1145, 61
1146, 3
1147, 23
1148, 0
1149, 0
1150, 38
1151, 72
1152, 28
1153, 12
1154, 31
1155, 64
1156, 0
1157, 0
1158, 39
1159, 68
1160, 72
1161, 61
1162, 71
1163, 70
1164, 62
1165, 16
1166, 32
1167, 47
1168, 4
1169, 7
1170, 21
1171, 61
1172, 49
1173, 11
1174, 17
1175, 0
1176, 0
1177, 24
1178, 69
1179, 38
1180, 7
1181, 24
1182, 61
1183, 0
1184, 0
1185, 18
1186, 10
1187, 24
1188, 20
1189, 52
1190, 3
1191, 0
1192, 0
1193, 11
1194, 71
1195, 70
1196, 68
1197, 67
1198, 67
1199, 61
1200, 8
1201, 51
1202, 0
1203, 0
1204, 22
1205, 7
1206, 13
1207, 36
1208, 74
1209, 14
1210, 28
1211, 42
1212, 0
1213, 0
1214, 22
1215, 11
1216, 40
1217, 0
1218, 0
1219, 20
1220, 46
1221, 72
1222, 7
1223, 71
1224, 17
1225, 7
1226, 71
1227, 17
1228, 7
1229, 36
1230, 40
1231, 17
1232, 7
1233, 37
1234, 40
1235, 17
1236, 7
1237, 39
1238, 40
1239, 17
1240, 7
1241, 46
1242, 41
1243, 18
1244, 7
1245, 52
1246, 41
1247, 18
1248, 9
1249, 20
1250, 42
1251, 39
1252, 0
1253, 32
1254, 0
1255, 15
1256, 13
1257, 0
1258, 32
1259, 0
1260, 0
1261, 26
1262, 9
1263, 24
1264, 48
1265, 0
1266, 0
1267, 69
1268, 63
1269, 70
1270, 67
1271, 15
1272, 0
1273, 19
1274, 21
1275, 22
1276, 12
1277, 51
1278, 39
1279, 34
1280, 9
1281, 20
1282, 35
1283, 18
1284, 28
1285, 29
1286, 24
1287, 9
1288, 30
1289, 26
1290, 28
1291, 34
1292, 68
1293, 0
1294, 0
1295, 58
1296, 0
1297, 32
1298, 23
1299, 0
1300, 0
1301, 70
1302, 28
1303, 0
1304, 51
1305, 31
1306, 64
1307, 0
1308, 0
1309, 66
1310, 68
1311, 67
1312, 65
1313, 70
1314, 70
1315, 0
1316, 56
1317, 24
1318, 60
1319, 7
1320, 21
1321, 61
1322, 49
1323, 11
1324, 17
1325, 0
1326, 0
1327, 51
1328, 51
1329, 0
1330, 0
1331, 65
1332, 69
1333, 67
1334, 65
1335, 70
1336, 69
1337, 66
1338, 0
1339, 32
1340, 35
1341, 35
1342, 31
1343, 31
1344, 33
1345, 31
1346, 31
1347, 34
1348, 36
1349, 33
1350, 34
1351, 0
1352, 67
1353, 67
1354, 63
1355, 12
1356, 0
1357, 24
1358, 68
1359, 48
1360, 12
1361, 29
1362, 17
1363, 3
1364, 22
1365, 60
1366, 33
1367, 0
1368, 0
1369, 28
1370, 36
1371, 51
1372, 25
1373, 0
1374, 0
1375, 43
1376, 26
1377, 40
1378, 42
1379, 43
1380, 57
1381, 26
1382, 18
1383, 19
1384, 29
1385, 41
1386, 25
1387, 21
1388, 47
1389, 61
1390, 41
1391, 0
1392, 0
1393, 44
1394, 13
1395, 36
1396, 74
1397, 14
1398, 44
1399, 42
1400, 0
1401, 0
1402, 38
1403, 65
1404, 0
1405, 0
1406, 37
1407, 54
1408, 13
1409, 5
1410, 13
1411, 55
1412, 30
1413, 55
1414, 30
1415, 25
1416, 36
1417, 26
1418, 36
1419, 28
1420, 36
1421, 34
1422, 37
1423, 40
1424, 40
1425, 54
1426, 9
1427, 0
1428, 0
1429, 40
1430, 50
1431, 0
1432, 0
1433, 20
1434, 16
1435, 28
1436, 35
1437, 44
1438, 12
1439, 35
1440, 3
1441, 37
1442, 46
1443, 71
1444, 54
1445, 61
1446, 60
1447, 62
1448, 57
1449, 37
1450, 19
1451, 32
1452, 26
1453, 29
1454, 19
1455, 16
1456, 4
1457, 18
1458, 11
1459, 10
1460, 20
1461, 42
1462, 39
1463, 0
1464, 32
1465, 0
1466, 15
1467, 13
1468, 0
1469, 32
1470, 0
1471, 0
1472, 27
1473, 19
1474, 15
1475, 0
1476, 0
1477, 68
1478, 13
1479, 22
1480, 12
1481, 32
1482, 0
1483, 0
1484, 26
1485, 9
1486, 24
1487, 48
1488, 0
1489, 0
1490, 69
1491, 63
1492, 70
1493, 67
1494, 15
1495, 0
1496, 19
1497, 21
1498, 22
1499, 12
1500, 51
1501, 39
1502, 34
1503, 9
1504, 20
1505, 35
1506, 18
1507, 28
1508, 29
1509, 24
1510, 9
1511, 30
1512, 26
1513, 28
1514, 34
1515, 68
1516, 0
1517, 0
1518, 58
1519, 0
1520, 32
1521, 23
1522, 0
1523, 0
1524, 70
1525, 28
1526, 0
1527, 51
1528, 31
1529, 64
1530, 0
1531, 0
1532, 66
1533, 68
1534, 67
1535, 65
1536, 70
1537, 70
1538, 0
1539, 56
1540, 24
1541, 60
1542, 7
1543, 21
1544, 61
1545, 49
1546, 11
1547, 17
1548, 0
1549, 0
1550, 51
1551, 51
1552, 0
1553, 0
1554, 65
1555, 69
1556, 67
1557, 65
1558, 70
1559, 69
1560, 66
1561, 0
1562, 32
1563, 35
1564, 35
1565, 31
1566, 31
1567, 33
1568, 31
1569, 31
1570, 34
1571, 36
1572, 33
1573, 34
1574, 0
1575, 67
1576, 67
1577, 63
1578, 12
1579, 0
1580, 24
1581, 68
1582, 48
1583, 12
1584, 29
1585, 17
1586, 3
1587, 22
1588, 35
1589, 40
1590, 33
1591, 0
1592, 0
1593, 28
1594, 36
1595, 51
1596, 25
1597, 0
1598, 0
1599, 43
1600, 26
1601, 40
1602, 42
1603, 43
1604, 57
1605, 34
1606, 28
1607, 16
1608, 3
1609, 18
1610, 5
1611, 29
1612, 41
1613, 25
1614, 47
1615, 22
1616, 53
1617, 17
1618, 34
1619, 26
1620, 37
1621, 0
1622, 0
1623, 31
1624, 16
1625, 0
1626, 0
1627, 44
1628, 13
1629, 48
1630, 20
1631, 52
1632, 50
1633, 32
1634, 40
1635, 35
1636, 20
1637, 13
1638, 35
1639, 30
1640, 23
1641, 39
1642, 37
1643, 54
1644, 0
1645, 0
1646, 38
1647, 31
1648, 69
1649, 10
1650, 0
1651, 0
1652, 37
1653, 5
1654, 13
1655, 55
1656, 30
1657, 55
1658, 30
1659, 25
1660, 36
1661, 26
1662, 36
1663, 28
1664, 36
1665, 34
1666, 37
1667, 40
1668, 40
1669, 0
1670, 0
1671, 40
1672, 50
1673, 0
1674, 0
1675, 20
1676, 16
1677, 28
1678, 35
1679, 44
1680, 12
1681, 35
1682, 3
1683, 37
1684, 46
1685, 71
1686, 54
1687, 61
1688, 60
1689, 62
1690, 57
1691, 37
1692, 19
1693, 32
1694, 26
1695, 29
1696, 16
1697, 4
1698, 18
1699, 11
1700, 10
1701, 18
1702, 42
1703, 39
1704, 0
1705, 32
1706, 0
1707, 70
1708, 67
1709, 68
1710, 29
1711, 0
1712, 24
1713, 69
1714, 0
1715, 14
1716, 12
1717, 41
1718, 0
1719, 32
1720, 0
1721, 23
1722, 31
1723, 0
1724, 15
1725, 21
1726, 34
1727, 41
1728, 13
1729, 14
1730, 66
1731, 55
1732, 69
1733, 22
1734, 15
1735, 45
1736, 19
1737, 14
1738, 24
1739, 29
1740, 25
1741, 23
1742, 18
1743, 14
1744, 0
1745, 0
1746, 39
1747, 27
1748, 0
1749, 0
1750, 17
1751, 16
1752, 18
1753, 12
1754, 0
1755, 0
1756, 28
1757, 16
1758, 23
1759, 21
1760, 14
1761, 24
1762, 7
1763, 46
1764, 45
1765, 26
1766, 14
1767, 7
1768, 28
1769, 9
1770, 12
1771, 27
1772, 6
1773, 11
1774, 7
1775, 27
1776, 20
1777, 26
1778, 50
1779, 4
1780, 0
1781, 0
1782, 25
1783, 41
1784, 22
1785, 22
1786, 67
1787, 26
1788, 40
1789, 15
1790, 0
1791, 0
1792, 26
1793, 31
1794, 14
1795, 36
1796, 49
1797, 15
1798, 55
1799, 18
1800, 9
1801, 0
1802, 0
1803, 23
1804, 47
1805, 8
1806, 56
1807, 28
1808, 0
1809, 0
1810, 20
1811, 48
1812, 10
1813, 46
1814, 10
1815, 46
1816, 16
1817, 10
1818, 20
1819, 20
1820, 42
1821, 39
1822, 0
1823, 32
1824, 0
1825, 70
1826, 67
1827, 68
1828, 29
1829, 0
1830, 14
1831, 12
1832, 41
1833, 0
1834, 0
1835, 23
1836, 31
1837, 0
1838, 15
1839, 21
1840, 34
1841, 41
1842, 13
1843, 14
1844, 66
1845, 55
1846, 69
1847, 22
1848, 15
1849, 35
1850, 19
1851, 14
1852, 24
1853, 29
1854, 25
1855, 23
1856, 18
1857, 14
1858, 0
1859, 0
1860, 39
1861, 27
1862, 0
1863, 0
1864, 11
1865, 5
1866, 16
1867, 18
1868, 12
1869, 0
1870, 0
1871, 17
1872, 10
1873, 16
1874, 23
1875, 21
1876, 14
1877, 24
1878, 7
1879, 46
1880, 45
1881, 26
1882, 14
1883, 7
1884, 28
1885, 9
1886, 12
1887, 27
1888, 6
1889, 11
1890, 7
1891, 27
1892, 20
1893, 26
1894, 50
1895, 4
1896, 0
1897, 0
1898, 17
1899, 8
1900, 9
1901, 24
1902, 48
1903, 0
1904, 0
1905, 19
1906, 69
1907, 68
1908, 72
1909, 54
1910, 21
1911, 22
1912, 12
1913, 51
1914, 39
1915, 34
1916, 9
1917, 20
1918, 35
1919, 18
1920, 28
1921, 29
1922, 24
1923, 9
1924, 30
1925, 26
1926, 28
1927, 34
1928, 68
1929, 0
1930, 0
1931, 37
1932, 41
1933, 22
1934, 22
1935, 67
1936, 26
1937, 20
1938, 40
1939, 15
1940, 0
1941, 0
1942, 38
1943, 43
1944, 14
1945, 36
1946, 49
1947, 15
1948, 55
1949, 18
1950, 9
1951, 0
1952, 0
1953, 40
1954, 50
1955, 0
1956, 23
1957, 47
1958, 8
1959, 56
1960, 74
1961, 75
1962, 78
1963, 38
1964, 37
1965, 28
1966, 0
1967, 0
1968, 20
1969, 48
1970, 10
1971, 46
1972, 10
1973, 46
1974, 16
1975, 10
1976, 16
1977, 23
1978, 3
1979, 46
1980, 10
1981, 44
1982, 12
1983, 35
1984, 4
1985, 37
1986, 32
1987, 20
1988, 42
1989, 39
1990, 0
1991, 32
1992, 0
1993, 70
1994, 67
1995, 68
1996, 29
1997, 0
1998, 24
1999, 69
2000, 0
2001, 27
2002, 69
2003, 70
2004, 67
2005, 12
2006, 0
2007, 14
2008, 12
2009, 41
2010, 0
2011, 32
2012, 0
2013, 0
2014, 23
2015, 31
2016, 0
2017, 15
2018, 21
2019, 34
2020, 41
2021, 13
2022, 14
2023, 66
2024, 55
2025, 69
2026, 22
2027, 15
2028, 45
2029, 19
2030, 14
2031, 24
2032, 29
2033, 25
2034, 23
2035, 18
2036, 14
2037, 0
2038, 0
2039, 39
2040, 27
2041, 0
2042, 0
2043, 17
2044, 16
2045, 18
2046, 12
2047, 0
2048, 0
2049, 38
2050, 18
2051, 24
2052, 60
2053, 41
2054, 12
2055, 12
2056, 19
2057, 12
2058, 20
2059, 22
2060, 12
2061, 3
2062, 35
2063, 19
2064, 56
2065, 40
2066, 7
2067, 7
2068, 57
2069, 59
2070, 26
2071, 36
2072, 33
2073, 24
2074, 4
2075, 4
2076, 28
2077, 24
2078, 5
2079, 31
2080, 17
2081, 0
2082, 0
2083, 25
2084, 41
2085, 22
2086, 22
2087, 71
2088, 14
2089, 71
2090, 15
2091, 42
2092, 15
2093, 0
2094, 0
2095, 26
2096, 31
2097, 15
2098, 28
2099, 7
2100, 49
2101, 15
2102, 32
2103, 18
2104, 9
2105, 0
2106, 0
2107, 20
2108, 47
2109, 20
2110, 19
2111, 42
2112, 39
2113, 0
2114, 32
2115, 0
2116, 70
2117, 67
2118, 68
2119, 29
2120, 0
2121, 24
2122, 69
2123, 0
2124, 27
2125, 69
2126, 65
2127, 56
2128, 0
2129, 14
2130, 12
2131, 41
2132, 0
2133, 32
2134, 0
2135, 0
2136, 23
2137, 31
2138, 0
2139, 15
2140, 21
2141, 34
2142, 41
2143, 13
2144, 14
2145, 66
2146, 55
2147, 69
2148, 22
2149, 15
2150, 45
2151, 19
2152, 14
2153, 24
2154, 29
2155, 25
2156, 23
2157, 18
2158, 14
2159, 0
2160, 0
2161, 39
2162, 27
2163, 0
2164, 0
2165, 17
2166, 16
2167, 18
2168, 12
2169, 0
2170, 0
2171, 38
2172, 18
2173, 24
2174, 60
2175, 41
2176, 12
2177, 12
2178, 19
2179, 12
2180, 20
2181, 22
2182, 12
2183, 3
2184, 35
2185, 19
2186, 56
2187, 40
2188, 7
2189, 7
2190, 57
2191, 59
2192, 26
2193, 36
2194, 33
2195, 24
2196, 4
2197, 4
2198, 28
2199, 24
2200, 5
2201, 31
2202, 17
2203, 0
2204, 0
2205, 25
2206, 41
2207, 22
2208, 22
2209, 71
2210, 14
2211, 71
2212, 15
2213, 43
2214, 15
2215, 0
2216, 0
2217, 26
2218, 31
2219, 15
2220, 28
2221, 7
2222, 49
2223, 15
2224, 32
2225, 18
2226, 9
2227, 0
2228, 0
2229, 20
2230, 47
2231, 20
2232, 19
2233, 40
2234, 37
2235, 2
2236, 32
2237, 74
2238, 0
2239, 10
2240, 12
2241, 35
2242, 39
2243, 0
2244, 32
2245, 0
2246, 0
2247, 62
2248, 63
2249, 62
2250, 63
2251, 62
2252, 63
2253, 62
2254, 63
2255, 62
2256, 63
2257, 0
2258, 70
2259, 30
2260, 2
2261, 21
2262, 23
2263, 21
2264, 23
2265, 21
2266, 23
2267, 21
2268, 23
2269, 21
2270, 23
2271, 0
2272, 0
2273, 37
2274, 69
2275, 0
2276, 69
2277, 69
2278, 70
2279, 67
2280, 54
2281, 0
2282, 63
2283, 56
2284, 0
2285, 52
2286, 2
2287, 50
2288, 49
2289, 50
2290, 2
2291, 54
2292, 74
2293, 66
2294, 36
2295, 36
2296, 36
2297, 36
2298, 67
2299, 2
2300, 52
2301, 2
2302, 52
2303, 51
2304, 31
2305, 2
2306, 36
2307, 36
2308, 36
2309, 36
2310, 36
2311, 2
2312, 0
2313, 70
2314, 2
2315, 18
2316, 2
2317, 67
2318, 66
2319, 59
2320, 67
2321, 10
2322, 0
2323, 0
2324, 70
2325, 69
2326, 61
2327, 70
2328, 65
2329, 68
2330, 61
2331, 67
2332, 65
2333, 55
2334, 0
2335, 0
2336, 53
2337, 18
2338, 9
2339, 3
2340, 3
2341, 3
2342, 3
2343, 3
2344, 5
2345, 0
2346, 55
2347, 16
2348, 9
2349, 3
2350, 3
2351, 3
2352, 3
2353, 3
2354, 5
2355, 0
2356, 0
2357, 70
2358, 63
2359, 67
2360, 0
2361, 22
2362, 9
2363, 12
2364, 26
2365, 10
2366, 11
2367, 26
2368, 10
2369, 11
2370, 13
2371, 26
2372, 10
2373, 11
2374, 26
2375, 10
2376, 13
2377, 0
2378, 0
2379, 25
2380, 33
2381, 47
2382, 12
2383, 13
2384, 0
2385, 0
2386, 68
2387, 66
2388, 19
2389, 0
2390, 30
2391, 9
2392, 55
2393, 61
2394, 41
2395, 60
2396, 41
2397, 54
2398, 60
2399, 38
2400, 61
2401, 38
2402, 0
2403, 0
2404, 23
2405, 33
2406, 59
2407, 12
2408, 13
2409, 0
2410, 0
2411, 68
2412, 39
2413, 0
2414, 26
2415, 60
2416, 0
2417, 0
2418, 68
2419, 44
2420, 0
2421, 24
2422, 58
2423, 0
2424, 0
2425, 70
2426, 70
2427, 25
2428, 0
2429, 68
2430, 67
2431, 61
2432, 0
2433, 63
2434, 39
2435, 13
2436, 15
2437, 21
2438, 7
2439, 61
2440, 60
2441, 55
2442, 31
2443, 23
2444, 21
2445, 18
2446, 26
2447, 34
2448, 21
2449, 51
2450, 38
2451, 30
2452, 38
2453, 19
2454, 15
2455, 0
2456, 0
2457, 66
2458, 68
2459, 48
2460, 0
2461, 58
2462, 23
2463, 32
2464, 20
2465, 45
2466, 61
2467, 56
2468, 39
2469, 0
2470, 0
2471, 59
2472, 4
2473, 69
2474, 56
2475, 39
2476, 41
2477, 0
2478, 0
2479, 67
2480, 54
2481, 0
2482, 43
2483, 40
2484, 6
2485, 18
2486, 15
2487, 42
2488, 43
2489, 28
2490, 22
2491, 38
2492, 46
2493, 38
2494, 46
2495, 38
2496, 46
2497, 38
2498, 46
2499, 38
2500, 46
2501, 38
2502, 50
2503, 18
2504, 0
2505, 0
2506, 35
2507, 5
2508, 24
2509, 17
2510, 12
2511, 12
2512, 3
2513, 61
2514, 0
2515, 0
2516, 43
2517, 0
2518, 48
2519, 40
2520, 27
2521, 33
2522, 19
2523, 21
2524, 19
2525, 7
2526, 64
2527, 30
2528, 1
2529, 18
2530, 66
2531, 10
2532, 45
2533, 49
2534, 14
2535, 26
2536, 0
2537, 0
2538, 69
2539, 33
2540, 0
2541, 36
2542, 66
2543, 9
2544, 72
2545, 11
2546, 0
2547, 0
2548, 30
2549, 15
2550, 39
2551, 13
2552, 45
2553, 12
2554, 30
2555, 0
2556, 0
2557, 70
2558, 68
2559, 57
2560, 0
2561, 75
2562, 29
2563, 15
2564, 48
2565, 17
2566, 18
2567, 49
2568, 15
2569, 39
2570, 17
2571, 18
2572, 49
2573, 15
2574, 66
2575, 6
2576, 0
2577, 0
2578, 68
2579, 66
2580, 70
2581, 61
2582, 0
2583, 58
2584, 32
2585, 43
2586, 20
2587, 30
2588, 74
2589, 11
2590, 55
2591, 0
2592, 0
2593, 68
2594, 68
2595, 36
2596, 0
2597, 46
2598, 28
2599, 23
2600, 15
2601, 15
2602, 5
2603, 0
2604, 0
2605, 70
2606, 70
2607, 70
2608, 64
2609, 63
2610, 0
2611, 42
2612, 0
2613, 62
2614, 12
2615, 0
2616, 48
2617, 34
2618, 63
2619, 28
2620, 38
2621, 46
2622, 49
2623, 62
2624, 51
2625, 39
2626, 42
2627, 20
2628, 32
2629, 59
2630, 17
2631, 18
2632, 22
2633, 15
2634, 30
2635, 22
2636, 18
2637, 57
2638, 55
2639, 46
2640, 12
2641, 33
2642, 47
2643, 8
2644, 47
2645, 10
2646, 0
2647, 40
2648, 32
2649, 47
2650, 47
2651, 40
2652, 22
2653, 23
2654, 48
2655, 5
2656, 43
2657, 53
2658, 28
2659, 46
2660, 18
2661, 50
2662, 48
2663, 5
2664, 0
2665, 0
2666, 0
2667, 65
2668, 70
2669, 68
2670, 23
2671, 0
2672, 48
2673, 21
2674, 45
2675, 33
2676, 2
2677, 49
2678, 0
2679, 0
2680, 47
2681, 22
2682, 52
2683, 20
2684, 70
2685, 4
2686, 23
2687, 52
2688, 9
2689, 12
2690, 0
2691, 0
2692, 65
2693, 70
2694, 70
2695, 69
2696, 41
2697, 0
2698, 44
2699, 63
2700, 56
2701, 24
2702, 29
2703, 15
2704, 26
2705, 18
2706, 18
2707, 18
2708, 62
2709, 27
2710, 15
2711, 29
2712, 51
2713, 59
2714, 39
2715, 51
2716, 31
2717, 48
2718, 49
2719, 49
2720, 51
2721, 49
2722, 30
2723, 51
2724, 33
2725, 35
2726, 63
2727, 51
2728, 10
2729, 24
2730, 33
2731, 34
2732, 29
2733, 15
2734, 26
2735, 18
2736, 18
2737, 18
2738, 71
2739, 27
2740, 15
2741, 29
2742, 60
2743, 67
2744, 39
2745, 51
2746, 31
2747, 51
2748, 42
2749, 44
2750, 63
2751, 23
2752, 32
2753, 22
2754, 6
2755, 36
2756, 0
2757, 0
2758, 33
2759, 39
2760, 0
2761, 63
2762, 67
2763, 37
2764, 0
2765, 35
2766, 39
2767, 36
2768, 36
2769, 32
2770, 24
2771, 22
2772, 27
2773, 43
2774, 37
2775, 45
2776, 51
2777, 35
2778, 41
2779, 44
2780, 0
2781, 0
2782, 66
2783, 50
2784, 0
2785, 51
2786, 22
2787, 22
2788, 25
2789, 4
2790, 54
2791, 15
2792, 19
2793, 38
2794, 29
2795, 35
2796, 29
2797, 35
2798, 50
2799, 35
2800, 8
2801, 10
2802, 50
2803, 36
2804, 8
2805, 9
2806, 38
2807, 29
2808, 35
2809, 29
2810, 37
2811, 56
2812, 51
2813, 45
2814, 13
2815, 23
2816, 50
2817, 11
2818, 23
2819, 49
2820, 15
2821, 0
2822, 0
2823, 29
2824, 0
2825, 64
2826, 69
2827, 47
2828, 0
2829, 68
2830, 64
2831, 66
2832, 67
2833, 24
2834, 0
2835, 68
2836, 22
2837, 0
2838, 69
2839, 67
2840, 69
2841, 60
2842, 0
2843, 68
2844, 68
2845, 63
2846, 0
2847, 68
2848, 67
2849, 0
2850, 72
2851, 6
2852, 66
2853, 52
2854, 23
2855, 19
2856, 19
2857, 25
2858, 54
2859, 52
2860, 24
2861, 23
2862, 28
2863, 63
2864, 45
2865, 42
2866, 33
2867, 41
2868, 42
2869, 42
2870, 41
2871, 30
2872, 47
2873, 37
2874, 16
2875, 18
2876, 3
2877, 40
2878, 34
2879, 34
2880, 41
2881, 21
2882, 25
2883, 7
2884, 51
2885, 46
2886, 51
2887, 10
2888, 16
2889, 16
2890, 40
2891, 34
2892, 34
2893, 13
2894, 11
2895, 23
2896, 10
2897, 32
2898, 39
2899, 13
2900, 28
2901, 63
2902, 5
2903, 71
2904, 0
2905, 0
2906, 42
2907, 46
2908, 17
2909, 13
2910, 29
2911, 24
2912, 22
2913, 15
2914, 36
2915, 5
2916, 0
2917, 0
2918, 20
2919, 36
2920, 26
2921, 50
2922, 62
2923, 11
2924, 45
2925, 39
2926, 36
2927, 68
2928, 41
2929, 34
2930, 9
2931, 40
2932, 9
2933, 70
2934, 42
2935, 39
2936, 0
2937, 35
2938, 26
2939, 0
2940, 9
2941, 13
2942, 0
2943, 32
2944, 0
2945, 19
2946, 17
2947, 17
2948, 14
2949, 14
2950, 14
2951, 15
2952, 15
2953, 15
2954, 33
2955, 56
2956, 43
2957, 49
2958, 59
2959, 68
2960, 48
2961, 0
2962, 0
2963, 27
2964, 12
2965, 45
2966, 45
2967, 45
2968, 46
2969, 46
2970, 48
2971, 5
2972, 18
2973, 12
2974, 12
2975, 12
2976, 14
2977, 14
2978, 14
2979, 18
2980, 47
2981, 0
2982, 19
2983, 35
2984, 5
2985, 0
2986, 22
2987, 41
2988, 5
2989, 0
2990, 23
2991, 20
2992, 20
2993, 21
2994, 0
2995, 16
2996, 24
2997, 24
2998, 24
2999, 6
3000, 0
3001, 22
3002, 23
3003, 19
3004, 19
3005, 19
3006, 16
3007, 12
3008, 11
3009, 34
3010, 28
3011, 17
3012, 14
3013, 26
3014, 26
3015, 26
3016, 12
3017, 42
3018, 7
3019, 0
3020, 22
3021, 44
3022, 52
3023, 21
3024, 25
3025, 19
3026, 19
3027, 15
3028, 36
3029, 30
3030, 10
3031, 22
3032, 0
3033, 6
3034, 16
3035, 72
3036, 50
3037, 0
3038, 38
3039, 18
3040, 29
3041, 59
3042, 46
3043, 54
3044, 0
3045, 24
3046, 11
3047, 5
3048, 13
3049, 6
3050, 6
3051, 6
3052, 7
3053, 7
3054, 7
3055, 11
3056, 17
3057, 26
3058, 27
3059, 27
3060, 27
3061, 27
3062, 28
3063, 31
3064, 16
3065, 26
3066, 26
3067, 27
3068, 28
3069, 27
3070, 27
3071, 31
3072, 16
3073, 26
3074, 27
3075, 27
3076, 27
3077, 27
3078, 28
3079, 31
3080, 17
3081, 26
3082, 27
3083, 26
3084, 27
3085, 27
3086, 28
3087, 34
3088, 0
3089, 0
3090, 14
3091, 0
3092, 19
3093, 23
3094, 56
3095, 65
3096, 49
3097, 7
3098, 28
3099, 28
3100, 31
3101, 13
3102, 9
3103, 36
3104, 18
3105, 59
3106, 0
3107, 12
3108, 36
3109, 30
3110, 29
3111, 18
3112, 47
3113, 26
3114, 0
3115, 18
3116, 42
3117, 30
3118, 26
3119, 16
3120, 16
3121, 34
3122, 17
3123, 28
3124, 15
3125, 34
3126, 22
3127, 28
3128, 17
3129, 20
3130, 0
3131, 0
3132, 23
3133, 39
3134, 88
3135, 28
3136, 0
3137, 0
3138, 20
3139, 27
3140, 10
3141, 6
3142, 23
3143, 37
3144, 10
3145, 38
3146, 16
3147, 10
3148, 7
3149, 12
3150, 34
3151, 20
3152, 15
3153, 35
3154, 40
3155, 37
3156, 0
3157, 64
3158, 25
3159, 0
3160, 12
3161, 13
3162, 0
3163, 26
3164, 35
3165, 0
3166, 33
3167, 22
3168, 21
3169, 21
3170, 23
3171, 0
3172, 33
3173, 11
3174, 29
3175, 31
3176, 49
3177, 15
3178, 21
3179, 26
3180, 32
3181, 19
3182, 42
3183, 70
3184, 36
3185, 70
3186, 0
3187, 20
3188, 44
3189, 36
3190, 24
3191, 8
3192, 42
3193, 39
3194, 0
3195, 32
3196, 0
3197, 12
3198, 12
3199, 50
3200, 36
3201, 0
3202, 0
3203, 68
3204, 23
3205, 0
3206, 21
3207, 66
3208, 20
3209, 72
3210, 15
3211, 48
3212, 29
3213, 19
3214, 12
3215, 8
3216, 3
3217, 21
3218, 24
3219, 0
3220, 0
3221, 46
3222, 27
3223, 27
3224, 27
3225, 27
3226, 27
3227, 27
3228, 27
3229, 30
3230, 0
3231, 0
3232, 38
3233, 20
3234, 20
3235, 20
3236, 20
3237, 20
3238, 20
3239, 20
3240, 20
3241, 20
3242, 23
3243, 0
3244, 0
3245, 53
3246, 60
3247, 0
3248, 0
3249, 11
3250, 8
3251, 31
3252, 28
3253, 61
3254, 64
3255, 62
3256, 17
3257, 47
3258, 33
3259, 0
3260, 27
3261, 27
3262, 49
3263, 20
3264, 52
3265, 12
3266, 0
3267, 57
3268, 61
3269, 20
3270, 42
3271, 39
3272, 0
3273, 32
3274, 0
3275, 12
3276, 12
3277, 35
3278, 36
3279, 0
3280, 0
3281, 68
3282, 23
3283, 0
3284, 21
3285, 68
3286, 14
3287, 72
3288, 15
3289, 48
3290, 29
3291, 19
3292, 12
3293, 8
3294, 3
3295, 21
3296, 24
3297, 0
3298, 0
3299, 46
3300, 27
3301, 27
3302, 27
3303, 27
3304, 27
3305, 27
3306, 27
3307, 30
3308, 0
3309, 0
3310, 38
3311, 20
3312, 20
3313, 20
3314, 20
3315, 20
3316, 20
3317, 20
3318, 20
3319, 20
3320, 23
3321, 0
3322, 0
3323, 53
3324, 64
3325, 0
3326, 0
3327, 36
3328, 49
3329, 20
3330, 56
3331, 5
3332, 0
3333, 0
3334, 11
3335, 8
3336, 31
3337, 28
3338, 61
3339, 64
3340, 62
3341, 17
3342, 51
3343, 33
3344, 0
3345, 67
3346, 17
3347, 34
3348, 0
3349, 57
3350, 73
3351, 7
3352, 18
3353, 42
3354, 39
3355, 0
3356, 32
3357, 0
3358, 11
3359, 13
3360, 0
3361, 32
3362, 0
3363, 0
3364, 20
3365, 65
3366, 72
3367, 72
3368, 70
3369, 69
3370, 37
3371, 1
3372, 70
3373, 70
3374, 21
3375, 29
3376, 69
3377, 42
3378, 33
3379, 30
3380, 26
3381, 20
3382, 20
3383, 24
3384, 34
3385, 5
3386, 50
3387, 65
3388, 15
3389, 12
3390, 27
3391, 31
3392, 25
3393, 5
3394, 50
3395, 35
3396, 24
3397, 37
3398, 15
3399, 29
3400, 29
3401, 0
3402, 0
3403, 28
3404, 14
3405, 13
3406, 13
3407, 13
3408, 13
3409, 13
3410, 13
3411, 13
3412, 13
3413, 13
3414, 13
3415, 13
3416, 13
3417, 13
3418, 13
3419, 15
3420, 0
3421, 0
3422, 33
3423, 24
3424, 32
3425, 24
3426, 6
3427, 14
3428, 0
3429, 0
3430, 68
3431, 21
3432, 41
3433, 15
3434, 0
3435, 0
3436, 75
3437, 20
3438, 13
3439, 8
3440, 24
3441, 19
3442, 22
3443, 15
3444, 28
3445, 33
3446, 34
3447, 54
3448, 29
3449, 24
3450, 18
3451, 35
3452, 3
3453, 14
3454, 25
3455, 28
3456, 3
3457, 25
3458, 47
3459, 59
3460, 34
3461, 32
3462, 15
3463, 3
3464, 0
3465, 0
3466, 20
3467, 31
3468, 33
3469, 46
3470, 58
3471, 62
3472, 53
3473, 42
3474, 71
3475, 55
3476, 47
3477, 56
3478, 23
3479, 23
3480, 10
3481, 29
3482, 13
3483, 20
3484, 42
3485, 39
3486, 0
3487, 32
3488, 0
3489, 11
3490, 13
3491, 0
3492, 32
3493, 0
3494, 0
3495, 28
3496, 14
3497, 13
3498, 13
3499, 13
3500, 13
3501, 13
3502, 13
3503, 13
3504, 13
3505, 13
3506, 13
3507, 13
3508, 13
3509, 13
3510, 13
3511, 15
3512, 0
3513, 0
3514, 35
3515, 38
3516, 16
3517, 43
3518, 21
3519, 4
3520, 3
3521, 0
3522, 0
3523, 58
3524, 29
3525, 12
3526, 24
3527, 15
3528, 20
3529, 20
3530, 20
3531, 59
3532, 44
3533, 44
3534, 11
3535, 6
3536, 36
3537, 9
3538, 5
3539, 14
3540, 49
3541, 44
3542, 21
3543, 21
3544, 28
3545, 38
3546, 0
3547, 0
3548, 20
3549, 40
3550, 36
3551, 49
3552, 25
3553, 27
3554, 34
3555, 8
3556, 23
3557, 57
3558, 27
3559, 3
3560, 58
3561, 33
3562, 15
3563, 54
3564, 27
3565, 3
3566, 18
3567, 22
3568, 29
3569, 46
3570, 60
3571, 14
3572, 20
3573, 42
3574, 39
3575, 0
3576, 32
3577, 0
3578, 11
3579, 13
3580, 0
3581, 32
3582, 0
3583, 0
3584, 28
3585, 14
3586, 13
3587, 13
3588, 13
3589, 13
3590, 13
3591, 13
3592, 13
3593, 13
3594, 13
3595, 13
3596, 13
3597, 13
3598, 13
3599, 13
3600, 15
3601, 0
3602, 0
3603, 17
3604, 16
3605, 18
3606, 12
3607, 0
3608, 0
3609, 35
3610, 28
3611, 29
3612, 29
3613, 11
3614, 14
3615, 0
3616, 0
3617, 79
3618, 18
3619, 24
3620, 16
3621, 31
3622, 23
3623, 55
3624, 51
3625, 26
3626, 25
3627, 20
3628, 42
3629, 42
3630, 54
3631, 0
3632, 0
3633, 43
3634, 21
3635, 25
3636, 3
3637, 30
3638, 0
3639, 0
3640, 47
3641, 17
3642, 14
3643, 21
3644, 20
3645, 29
3646, 3
3647, 31
3648, 0
3649, 0
3650, 20
3651, 42
3652, 24
3653, 49
3654, 25
3655, 21
3656, 29
3657, 24
3658, 19
3659, 17
3660, 18
3661, 51
3662, 60
3663, 40
3664, 34
3665, 29
3666, 23
3667, 25
3668, 42
3669, 39
3670, 0
3671, 32
3672, 0
3673, 11
3674, 13
3675, 0
3676, 32
3677, 0
3678, 10
3679, 33
3680, 38
3681, 32
3682, 18
3683, 12
3684, 39
3685, 0
3686, 0
3687, 56
3688, 34
3689, 21
3690, 38
3691, 1
3692, 29
3693, 0
3694, 0
3695, 79
3696, 18
3697, 24
3698, 16
3699, 31
3700, 23
3701, 55
3702, 51
3703, 26
3704, 25
3705, 20
3706, 42
3707, 42
3708, 54
3709, 0
3710, 0
3711, 77
3712, 37
3713, 29
3714, 18
3715, 17
3716, 48
3717, 16
3718, 58
3719, 35
3720, 0
3721, 0
3722, 28
3723, 14
3724, 13
3725, 13
3726, 13
3727, 13
3728, 13
3729, 13
3730, 13
3731, 13
3732, 13
3733, 13
3734, 13
3735, 13
3736, 13
3737, 13
3738, 15
3739, 0
3740, 0
3741, 17
3742, 16
3743, 18
3744, 12
3745, 0
3746, 0
3747, 35
3748, 28
3749, 29
3750, 29
3751, 11
3752, 14
3753, 0
3754, 0
3755, 20
3756, 18
3757, 14
3758, 20
3759, 37
3760, 49
3761, 24
3762, 12
3763, 36
3764, 27
3765, 16
3766, 13
3767, 16
3768, 55
3769, 31
3770, 3
3771, 51
3772, 41
3773, 13
3774, 28
3775, 7
3776, 33
3777, 32
3778, 43
3779, 40
3780, 37
3781, 2
3782, 34
3783, 0
3784, 16
3785, 13
3786, 0
3787, 32
3788, 0
3789, 22
3790, 19
3791, 14
3792, 6
3793, 34
3794, 2
3795, 5
3796, 0
3797, 30
3798, 12
3799, 25
3800, 71
3801, 0
3802, 31
3803, 13
3804, 26
3805, 72
3806, 0
3807, 33
3808, 12
3809, 15
3810, 20
3811, 26
3812, 0
3813, 29
3814, 11
3815, 56
3816, 0
3817, 18
3818, 28
3819, 24
3820, 23
3821, 15
3822, 25
3823, 26
3824, 27
3825, 21
3826, 25
3827, 0
3828, 20
3829, 25
3830, 4
3831, 32
3832, 40
3833, 40
3834, 37
3835, 2
3836, 34
3837, 30
3838, 0
3839, 16
3840, 13
3841, 0
3842, 32
3843, 0
3844, 22
3845, 0
3846, 61
3847, 56
3848, 0
3849, 20
3850, 16
3851, 10
3852, 21
3853, 22
3854, 15
3855, 67
3856, 21
3857, 0
3858, 25
3859, 10
3860, 11
3861, 6
3862, 16
3863, 46
3864, 49
3865, 0
3866, 26
3867, 10
3868, 12
3869, 6
3870, 16
3871, 47
3872, 49
3873, 0
3874, 33
3875, 12
3876, 15
3877, 24
3878, 58
3879, 21
3880, 24
3881, 63
3882, 22
3883, 0
3884, 0
3885, 41
3886, 63
3887, 0
3888, 21
3889, 29
3890, 56
3891, 15
3892, 31
3893, 27
3894, 26
3895, 15
3896, 25
3897, 26
3898, 27
3899, 21
3900, 25
3901, 0
3902, 20
3903, 25
3904, 4
3905, 40
3906, 38
3907, 19
3908, 0
3909, 40
3910, 37
3911, 2
3912, 33
3913, 31
3914, 67
3915, 63
3916, 26
3917, 0
3918, 0
3919, 16
3920, 13
3921, 0
3922, 32
3923, 0
3924, 24
3925, 19
3926, 12
3927, 24
3928, 24
3929, 15
3930, 69
3931, 22
3932, 0
3933, 55
3934, 31
3935, 29
3936, 13
3937, 3
3938, 3
3939, 46
3940, 38
3941, 30
3942, 0
3943, 57
3944, 31
3945, 29
3946, 17
3947, 3
3948, 11
3949, 35
3950, 38
3951, 30
3952, 0
3953, 61
3954, 27
3955, 24
3956, 57
3957, 21
3958, 24
3959, 62
3960, 22
3961, 0
3962, 45
3963, 72
3964, 0
3965, 21
3966, 67
3967, 50
3968, 49
3969, 27
3970, 33
3971, 37
3972, 11
3973, 25
3974, 27
3975, 26
3976, 15
3977, 52
3978, 53
3979, 27
3980, 21
3981, 25
3982, 0
3983, 20
3984, 25
3985, 4
3986, 40
3987, 38
3988, 19
3989, 40
3990, 37
3991, 2
3992, 33
3993, 31
3994, 0
3995, 16
3996, 13
3997, 0
3998, 32
3999, 0
4000, 22
4001, 31
4002, 49
4003, 56
4004, 22
4005, 0
4006, 55
4007, 31
4008, 29
4009, 13
4010, 3
4011, 3
4012, 46
4013, 38
4014, 30
4015, 0
4016, 57
4017, 31
4018, 29
4019, 13
4020, 3
4021, 3
4022, 47
4023, 38
4024, 30
4025, 0
4026, 77
4027, 67
4028, 73
4029, 0
4030, 45
4031, 72
4032, 0
4033, 21
4034, 61
4035, 50
4036, 49
4037, 51
4038, 32
4039, 25
4040, 27
4041, 26
4042, 15
4043, 40
4044, 41
4045, 53
4046, 0
4047, 20
4048, 25
4049, 4
4050, 40
4051, 38
4052, 19
4053, 0
4054, 40
4055, 37
4056, 2
4057, 34
4058, 0
4059, 14
4060, 13
4061, 0
4062, 32
4063, 0
4064, 18
4065, 10
4066, 14
4067, 12
4068, 17
4069, 30
4070, 17
4071, 16
4072, 61
4073, 30
4074, 58
4075, 38
4076, 10
4077, 0
4078, 19
4079, 20
4080, 22
4081, 52
4082, 42
4083, 3
4084, 25
4085, 58
4086, 0
4087, 20
4088, 36
4089, 4
4090, 32
4091, 34
