1, 67
2, 42
3, 1
4, 25
5, 45
6, 45
7, 66
8, 6
9, 42
10, 62
11, 63
12, 6
13, 2
14, 58
15, 41
16, 1
17, 34
18, 60
19, 71
20, 62
21, 27
22, 1
23, 18
24, 20
25, 1
26, 19
27, 45
28, 52
29, 30
30, 30
31, 1
32, 32
33, 26
34, 36
35, 39
36, 30
37, 1
38, 49
39, 6
40, 2
41, 41
42, 38
43, 2
44, 32
45, 45
46, 3
47, 1
48, 27
49, 1
50, 42
51, 98
52, 86
53, 4
54, 42
55, 5
56, 17
57, 58
58, 60
59, 1
60, 50
61, 43
62, 29
63, 8
64, 7
65, 55
66, 39
67, 29
68, 12
69, 36
70, 33
71, 31
72, 11
73, 42
74, 1
75, 106
76, 1
77, 35
78, 29
79, 12
80, 36
81, 33
82, 31
83, 11
84, 42
85, 1
86, 65
87, 1
88, 24
89, 62
90, 48
91, 1
92, 74
93, 38
94, 43
95, 47
96, 35
97, 33
98, 11
99, 53
100, 39
101, 54
102, 14
103, 40
104, 45
105, 1
106, 101
107, 8
108, 1
109, 100
110, 1
111, 50
112, 38
113, 36
114, 33
115, 11
116, 8
117, 5
118, 1
119, 53
120, 5
121, 35
122, 41
123, 1
124, 29
125, 27
126, 30
127, 25
128, 7
129, 64
130, 8
131, 41
132, 27
133, 26
134, 63
135, 60
136, 18
137, 30
138, 11
139, 22
140, 8
141, 1
142, 51
143, 8
144, 34
145, 30
146, 18
147, 79
148, 11
149, 8
150, 7
151, 7
152, 37
153, 8
154, 30
155, 23
156, 27
157, 35
158, 68
159, 58
160, 102
161, 17
162, 28
163, 25
164, 14
165, 18
166, 23
167, 48
168, 11
169, 8
170, 5
171, 4
172, 33
173, 5
174, 24
175, 36
176, 5
177, 2
178, 40
179, 38
180, 2
181, 35
182, 3
183, 1
184, 27
185, 1
186, 47
187, 9
188, 48
189, 27
190, 68
191, 17
192, 70
193, 49
194, 17
195, 81
196, 96
197, 17
198, 76
199, 17
200, 69
201, 77
202, 35
203, 25
204, 59
205, 87
206, 88
207, 26
208, 114
209, 26
210, 118
211, 10
212, 9
213, 9
214, 38
215, 10
216, 46
217, 34
218, 17
219, 36
220, 42
221, 18
222, 17
223, 75
224, 38
225, 53
226, 80
227, 80
228, 55
229, 35
230, 26
231, 31
232, 59
233, 26
234, 18
235, 17
236, 67
237, 42
238, 44
239, 42
240, 18
241, 17
242, 41
243, 56
244, 53
245, 81
246, 18
247, 10
248, 2
249, 35
250, 39
251, 2
252, 31
253, 31
254, 4
255, 2
256, 2
257, 26
258, 2
259, 34
260, 2
261, 105
262, 2
263, 70
264, 2
265, 30
266, 42
267, 11
268, 2
269, 48
270, 2
271, 42
272, 40
273, 38
274, 39
275, 18
276, 62
277, 42
278, 39
279, 19
280, 2
281, 37
282, 31
283, 66
284, 56
285, 68
286, 72
287, 48
288, 56
289, 77
290, 83
291, 35
292, 60
293, 57
294, 27
295, 19
296, 18
297, 59
298, 46
299, 48
300, 43
301, 36
302, 90
303, 35
304, 92
305, 38
306, 89
307, 34
308, 48
309, 27
310, 19
311, 2
312, 48
313, 37
314, 19
315, 2
316, 45
317, 40
318, 19
319, 2
320, 82
321, 45
322, 19
323, 11
324, 2
325, 37
326, 18
327, 24
328, 2
329, 46
330, 37
331, 19
332, 18
333, 40
334, 76
335, 26
336, 47
337, 46
338, 62
339, 60
340, 62
341, 50
342, 80
343, 80
344, 63
345, 54
346, 64
347, 43
348, 42
349, 67
350, 35
351, 27
352, 19
353, 11
354, 2
355, 63
356, 35
357, 43
358, 18
359, 60
360, 70
361, 47
362, 19
363, 2
364, 53
365, 58
366, 46
367, 18
368, 41
369, 60
370, 93
371, 19
372, 2
373, 47
374, 11
375, 2
376, 67
377, 38
378, 63
379, 59
380, 11
381, 2
382, 42
383, 37
384, 2
385, 32
386, 41
387, 38
388, 5
389, 2
390, 26
391, 2
392, 26
393, 35
394, 2
395, 50
396, 34
397, 30
398, 47
399, 74
400, 49
401, 73
402, 22
403, 78
404, 15
405, 11
406, 7
407, 2
408, 30
409, 2
410, 31
411, 2
412, 30
413, 33
414, 33
415, 15
416, 23
417, 11
418, 2
419, 65
420, 36
421, 25
422, 11
423, 7
424, 2
425, 37
426, 2
427, 34
428, 32
429, 26
430, 2
431, 66
432, 42
433, 27
434, 27
435, 11
436, 2
437, 29
438, 19
439, 32
440, 47
441, 28
442, 19
443, 48
444, 40
445, 15
446, 11
447, 2
448, 40
449, 25
450, 11
451, 2
452, 37
453, 28
454, 11
455, 2
456, 7
457, 2
458, 33
459, 2
460, 35
461, 38
462, 41
463, 2
464, 45
465, 43
466, 11
467, 2
468, 74
469, 38
470, 35
471, 42
472, 55
473, 26
474, 42
475, 42
476, 57
477, 30
478, 69
479, 39
480, 41
481, 23
482, 41
483, 19
484, 15
485, 40
486, 11
487, 2
488, 7
489, 2
490, 101
491, 2
492, 30
493, 35
494, 2
495, 38
496, 47
497, 56
498, 7
499, 2
500, 53
501, 52
502, 58
503, 35
504, 11
505, 2
506, 52
507, 34
508, 11
509, 7
510, 2
511, 33
512, 27
513, 52
514, 57
515, 75
516, 43
517, 11
518, 39
519, 7
520, 2
521, 63
522, 32
523, 51
524, 18
525, 44
526, 72
527, 25
528, 33
529, 44
530, 56
531, 11
532, 7
533, 3
534, 41
535, 38
536, 1
537, 33
538, 3
539, 1
540, 1
541, 48
542, 43
543, 44
544, 50
545, 52
546, 1
547, 1
548, 4
549, 68
550, 72
551, 70
552, 37
553, 4
554, 36
555, 1
556, 18
557, 14
558, 13
559, 15
560, 6
561, 1
562, 75
563, 22
564, 19
565, 26
566, 23
567, 36
568, 22
569, 38
570, 25
571, 35
572, 14
573, 18
574, 26
575, 23
576, 38
577, 22
578, 35
579, 25
580, 36
581, 14
582, 21
583, 26
584, 23
585, 35
586, 22
587, 36
588, 25
589, 38
590, 14
591, 10
592, 1
593, 45
594, 6
595, 1
596, 38
597, 1
598, 50
599, 95
600, 1
601, 50
602, 56
603, 10
604, 1
605, 52
606, 37
607, 35
608, 34
609, 17
610, 43
611, 33
612, 37
613, 77
614, 33
615, 18
616, 63
617, 1
618, 33
619, 69
620, 37
621, 61
622, 61
623, 25
624, 38
625, 41
626, 18
627, 14
628, 10
629, 6
630, 1
631, 56
632, 49
633, 1
634, 61
635, 24
636, 10
637, 1
638, 28
639, 18
640, 31
641, 36
642, 18
643, 53
644, 14
645, 10
646, 6
647, 1
648, 34
649, 1
650, 30
651, 42
652, 49
653, 44
654, 31
655, 35
656, 31
657, 1
658, 71
659, 87
660, 53
661, 32
662, 32
663, 34
664, 24
665, 10
666, 1
667, 33
668, 31
669, 10
670, 1
671, 70
672, 37
673, 21
674, 64
675, 25
676, 10
677, 1
678, 39
679, 35
680, 32
681, 10
682, 1
683, 28
684, 30
685, 10
686, 1
687, 32
688, 26
689, 10
690, 1
691, 18
692, 35
693, 65
694, 10
695, 6
696, 1
697, 67
698, 40
699, 56
700, 56
701, 81
702, 66
703, 1
704, 40
705, 48
706, 70
707, 10
708, 1
709, 30
710, 45
711, 53
712, 51
713, 35
714, 27
715, 10
716, 1
717, 52
718, 29
719, 10
720, 1
721, 14
722, 27
723, 40
724, 31
725, 14
726, 40
727, 26
728, 14
729, 50
730, 62
731, 10
732, 1
733, 23
734, 52
735, 42
736, 42
737, 10
738, 46
739, 30
740, 6
741, 1
742, 50
743, 48
744, 6
745, 1
746, 81
747, 1
748, 21
749, 14
750, 43
751, 38
752, 10
753, 1
754, 24
755, 30
756, 56
757, 82
758, 81
759, 6
760, 1
761, 46
762, 55
763, 40
764, 7
765, 1
766, 51
767, 54
768, 47
769, 50
770, 28
771, 75
772, 10
773, 1
774, 30
775, 6
776, 1
777, 41
778, 48
779, 47
780, 50
781, 47
782, 46
783, 49
784, 50
785, 49
786, 52
787, 6
788, 1
789, 73
790, 77
791, 6
792, 1
793, 1
794, 2
795, 41
796, 38
797, 1
798, 33
799, 45
800, 3
801, 1
802, 4
803, 70
804, 4
805, 73
806, 82
807, 80
808, 71
809, 4
810, 30
811, 1
812, 18
813, 14
814, 13
815, 15
816, 6
817, 9
818, 63
819, 22
820, 19
821, 26
822, 23
823, 36
824, 22
825, 38
826, 25
827, 35
828, 14
829, 18
830, 26
831, 23
832, 38
833, 22
834, 35
835, 25
836, 36
837, 14
838, 21
839, 26
840, 23
841, 35
842, 22
843, 36
844, 25
845, 38
846, 14
847, 10
848, 9
849, 45
850, 6
851, 1
852, 32
853, 9
854, 34
855, 1
856, 44
857, 42
858, 10
859, 9
860, 43
861, 33
862, 30
863, 9
864, 62
865, 34
866, 34
867, 41
868, 53
869, 25
870, 47
871, 41
872, 38
873, 54
874, 29
875, 73
876, 77
877, 44
878, 40
879, 22
880, 39
881, 18
882, 14
883, 38
884, 13
885, 10
886, 6
887, 9
888, 36
889, 1
890, 30
891, 1
892, 29
893, 32
894, 32
895, 14
896, 22
897, 10
898, 1
899, 64
900, 35
901, 24
902, 10
903, 10
904, 5
905, 48
906, 1
907, 42
908, 31
909, 35
910, 31
911, 24
912, 1
913, 61
914, 32
915, 53
916, 34
917, 10
918, 9
919, 28
920, 18
921, 17
922, 31
923, 53
924, 39
925, 36
926, 37
927, 22
928, 29
929, 18
930, 17
931, 37
932, 10
933, 9
934, 32
935, 26
936, 10
937, 9
938, 35
939, 65
940, 10
941, 10
942, 5
943, 55
944, 50
945, 61
946, 51
947, 48
948, 60
949, 10
950, 30
951, 50
952, 51
953, 46
954, 27
955, 10
956, 9
957, 30
958, 18
959, 26
960, 47
961, 14
962, 10
963, 9
964, 23
965, 46
966, 42
967, 42
968, 10
969, 46
970, 30
971, 6
972, 5
973, 45
974, 9
975, 21
976, 14
977, 43
978, 32
979, 10
980, 9
981, 24
982, 30
983, 56
984, 83
985, 82
986, 10
987, 1
988, 31
989, 37
990, 36
991, 1
992, 48
993, 34
994, 29
995, 10
996, 6
997, 5
998, 46
999, 56
1000, 40
1001, 7
1002, 5
1003, 45
1004, 48
1005, 41
1006, 50
1007, 28
1008, 75
1009, 10
1010, 9
1011, 30
1012, 6
1013, 5
1014, 41
1015, 48
1016, 47
1017, 50
1018, 47
1019, 46
1020, 49
1021, 50
1022, 49
1023, 52
1024, 6
1025, 5
1026, 61
1027, 77
1028, 6
1029, 5
1030, 5
1031, 2
1032, 59
1033, 41
1034, 32
1035, 1
1036, 18
1037, 19
1038, 1
1039, 20
1040, 62
1041, 29
1042, 14
1043, 53
1044, 33
1045, 1
1046, 49
1047, 85
1048, 6
1049, 2
1050, 1
1051, 34
1052, 67
1053, 43
1054, 37
1055, 43
1056, 1
1057, 77
1058, 40
1059, 28
1060, 40
1061, 17
1062, 6
1063, 1
1064, 24
1065, 40
1066, 14
1067, 63
1068, 110
1069, 67
1070, 1
1071, 51
1072, 44
1073, 51
1074, 37
1075, 29
1076, 48
1077, 43
1078, 100
1079, 14
1080, 31
1081, 33
1082, 10
1083, 1
1084, 14
1085, 38
1086, 33
1087, 6
1088, 2
1089, 1
1090, 34
1091, 51
1092, 44
1093, 38
1094, 1
1095, 54
1096, 47
1097, 49
1098, 17
1099, 6
1100, 1
1101, 33
1102, 22
1103, 6
1104, 1
1105, 24
1106, 48
1107, 14
1108, 56
1109, 60
1110, 63
1111, 37
1112, 57
1113, 48
1114, 29
1115, 35
1116, 14
1117, 73
1118, 32
1119, 33
1120, 10
1121, 6
1122, 2
1123, 61
1124, 41
1125, 66
1126, 1
1127, 18
1128, 20
1129, 20
1130, 1
1131, 39
1132, 17
1133, 35
1134, 24
1135, 6
1136, 31
1137, 50
1138, 6
1139, 2
1140, 1
1141, 39
1142, 17
1143, 35
1144, 24
1145, 6
1146, 31
1147, 50
1148, 6
1149, 2
1150, 1
1151, 22
1152, 23
1153, 23
1154, 1
1155, 64
1156, 43
1157, 1
1158, 34
1159, 30
1160, 10
1161, 68
1162, 6
1163, 1
1164, 46
1165, 14
1166, 28
1167, 32
1168, 63
1169, 10
1170, 6
1171, 1
1172, 78
1173, 14
1174, 28
1175, 35
1176, 18
1177, 10
1178, 6
1179, 1
1180, 78
1181, 14
1182, 23
1183, 35
1184, 18
1185, 10
1186, 6
1187, 1
1188, 73
1189, 28
1190, 39
1191, 17
1192, 39
1193, 10
1194, 6
1195, 2
1196, 3
1197, 40
1198, 37
1199, 2
1200, 42
1201, 33
1202, 36
1203, 34
1204, 3
1205, 1
1206, 50
1207, 1
1208, 48
1209, 2
1210, 25
1211, 38
1212, 68
1213, 5
1214, 43
1215, 6
1216, 67
1217, 38
1218, 71
1219, 6
1220, 5
1221, 27
1222, 6
1223, 15
1224, 54
1225, 35
1226, 6
1227, 5
1228, 34
1229, 6
1230, 78
1231, 44
1232, 10
1233, 38
1234, 27
1235, 10
1236, 9
1237, 27
1238, 9
1239, 28
1240, 10
1241, 18
1242, 26
1243, 14
1244, 44
1245, 18
1246, 10
1247, 9
1248, 20
1249, 35
1250, 24
1251, 24
1252, 19
1253, 6
1254, 5
1255, 78
1256, 66
1257, 66
1258, 41
1259, 6
1260, 34
1261, 46
1262, 38
1263, 10
1264, 32
1265, 39
1266, 10
1267, 30
1268, 9
1269, 46
1270, 39
1271, 35
1272, 9
1273, 40
1274, 63
1275, 10
1276, 41
1277, 15
1278, 14
1279, 52
1280, 50
1281, 17
1282, 49
1283, 18
1284, 55
1285, 22
1286, 52
1287, 68
1288, 46
1289, 22
1290, 25
1291, 32
1292, 21
1293, 55
1294, 61
1295, 18
1296, 21
1297, 32
1298, 44
1299, 10
1300, 6
1301, 5
1302, 22
1303, 6
1304, 46
1305, 46
1306, 44
1307, 1
1308, 23
1309, 70
1310, 10
1311, 30
1312, 1
1313, 44
1314, 36
1315, 1
1316, 46
1317, 46
1318, 1
1319, 41
1320, 40
1321, 1
1322, 34
1323, 37
1324, 14
1325, 49
1326, 50
1327, 1
1328, 49
1329, 18
1330, 54
1331, 62
1332, 1
1333, 82
1334, 22
1335, 75
1336, 63
1337, 50
1338, 50
1339, 22
1340, 18
1341, 21
1342, 32
1343, 14
1344, 1
1345, 57
1346, 48
1347, 10
1348, 6
1349, 1
1350, 1
1351, 77
1352, 29
1353, 63
1354, 6
1355, 67
1356, 31
1357, 17
1358, 1
1359, 28
1360, 11
1361, 10
1362, 57
1363, 14
1364, 36
1365, 45
1366, 36
1367, 14
1368, 1
1369, 33
1370, 32
1371, 22
1372, 1
1373, 26
1374, 53
1375, 1
1376, 27
1377, 6
1378, 1
1379, 74
1380, 38
1381, 79
1382, 6
1383, 36
1384, 1
1385, 43
1386, 49
1387, 39
1388, 6
1389, 2
1390, 3
1391, 41
1392, 38
1393, 3
1394, 41
1395, 3
1396, 4
1397, 1
1398, 50
1399, 1
1400, 48
1401, 2
1402, 43
1403, 47
1404, 26
1405, 30
1406, 35
1407, 41
1408, 5
1409, 24
1410, 1
1411, 15
1412, 6
1413, 24
1414, 25
1415, 36
1416, 6
1417, 1
1418, 17
1419, 6
1420, 47
1421, 42
1422, 10
1423, 30
1424, 6
1425, 1
1426, 21
1427, 6
1428, 25
1429, 25
1430, 22
1431, 28
1432, 22
1433, 1
1434, 23
1435, 29
1436, 46
1437, 13
1438, 22
1439, 70
1440, 32
1441, 33
1442, 28
1443, 15
1444, 31
1445, 30
1446, 23
1447, 35
1448, 22
1449, 6
1450, 1
1451, 37
1452, 6
1453, 43
1454, 21
1455, 10
1456, 9
1457, 29
1458, 47
1459, 26
1460, 35
1461, 28
1462, 33
1463, 1
1464, 48
1465, 40
1466, 54
1467, 14
1468, 10
1469, 6
1470, 1
1471, 30
1472, 6
1473, 26
1474, 21
1475, 22
1476, 9
1477, 18
1478, 35
1479, 26
1480, 41
1481, 30
1482, 14
1483, 36
1484, 40
1485, 31
1486, 14
1487, 26
1488, 26
1489, 10
1490, 21
1491, 6
1492, 1
1493, 22
1494, 14
1495, 19
1496, 49
1497, 45
1498, 23
1499, 14
1500, 17
1501, 39
1502, 60
1503, 1
1504, 40
1505, 13
1506, 28
1507, 41
1508, 25
1509, 44
1510, 45
1511, 28
1512, 18
1513, 59
1514, 29
1515, 14
1516, 13
1517, 56
1518, 44
1519, 45
1520, 28
1521, 18
1522, 59
1523, 14
1524, 1
1525, 37
1526, 10
1527, 6
1528, 1
1529, 46
1530, 6
1531, 59
1532, 6
1533, 1
1534, 45
1535, 14
1536, 64
1537, 24
1538, 33
1539, 20
1540, 10
1541, 1
1542, 19
1543, 37
1544, 24
1545, 10
1546, 9
1547, 55
1548, 37
1549, 39
1550, 9
1551, 67
1552, 49
1553, 43
1554, 55
1555, 32
1556, 10
1557, 37
1558, 18
1559, 26
1560, 14
1561, 48
1562, 10
1563, 9
1564, 21
1565, 35
1566, 38
1567, 10
1568, 31
1569, 6
1570, 2
1571, 41
1572, 38
1573, 1
1574, 32
1575, 1
1576, 34
1577, 3
1578, 1
1579, 24
1580, 34
1581, 20
1582, 19
1583, 1
1584, 25
1585, 18
1586, 6
1587, 1
1588, 33
1589, 16
1590, 16
1591, 6
1592, 1
1593, 17
1594, 44
1595, 6
1596, 1
1597, 34
1598, 27
1599, 29
1600, 35
1601, 6
1602, 1
1603, 22
1604, 27
1605, 38
1606, 6
1607, 1
1608, 17
1609, 27
1610, 6
1611, 1
1612, 33
1613, 30
1614, 42
1615, 33
1616, 32
1617, 27
1618, 6
1619, 1
1620, 35
1621, 38
1622, 18
1623, 77
1624, 77
1625, 78
1626, 78
1627, 35
1628, 40
1629, 19
1630, 32
1631, 45
1632, 36
1633, 6
1634, 1
1635, 25
1636, 35
1637, 31
1638, 33
1639, 24
1640, 8
1641, 6
1642, 1
1643, 31
1644, 45
1645, 34
1646, 30
1647, 8
1648, 27
1649, 6
1650, 4
1651, 1
1652, 38
1653, 43
1654, 44
1655, 30
1656, 26
1657, 1
1658, 25
1659, 18
1660, 1
1661, 15
1662, 19
1663, 22
1664, 16
1665, 24
1666, 46
1667, 17
1668, 8
1669, 1
1670, 44
1671, 1
1672, 58
1673, 28
1674, 42
1675, 32
1676, 28
1677, 10
1678, 8
1679, 1
1680, 21
1681, 37
1682, 45
1683, 25
1684, 20
1685, 33
1686, 8
1687, 6
1688, 4
1689, 1
1690, 1
1691, 43
1692, 16
1693, 56
1694, 65
1695, 4
1696, 2
1697, 41
1698, 38
1699, 42
1700, 46
1701, 3
1702, 1
1703, 2
1704, 29
1705, 3
1706, 41
1707, 4
1708, 15
1709, 55
1710, 66
1711, 4
1712, 3
1713, 35
1714, 4
1715, 28
1716, 29
1717, 29
1718, 14
1719, 17
1720, 10
1721, 10
1722, 10
1723, 14
1724, 25
1725, 25
1726, 2
1727, 36
1728, 34
1729, 10
1730, 14
1731, 17
1732, 11
1733, 5
1734, 21
1735, 6
1736, 55
1737, 29
1738, 14
1739, 6
1740, 19
1741, 6
1742, 21
1743, 6
1744, 41
1745, 6
1746, 16
1747, 24
1748, 7
1749, 26
1750, 7
1751, 19
1752, 6
1753, 31
1754, 8
1755, 7
1756, 26
1757, 13
1758, 37
1759, 8
1760, 27
1761, 26
1762, 23
1763, 8
1764, 15
1765, 60
1766, 17
1767, 17
1768, 11
1769, 7
1770, 20
1771, 28
1772, 7
1773, 24
1774, 7
1775, 6
1776, 12
1777, 6
1778, 18
1779, 7
1780, 23
1781, 7
1782, 41
1783, 28
1784, 13
1785, 21
1786, 8
1787, 16
1788, 28
1789, 14
1790, 8
1791, 24
1792, 6
1793, 31
1794, 7
1795, 13
1796, 7
1797, 10
1798, 6
1799, 5
1800, 4
1801, 3
1802, 3
1803, 41
1804, 38
1805, 3
1806, 41
1807, 3
1808, 4
1809, 1
1810, 50
1811, 1
1812, 48
1813, 2
1814, 43
1815, 43
1816, 38
1817, 26
1818, 31
1819, 35
1820, 41
1821, 5
1822, 24
1823, 1
1824, 17
1825, 6
1826, 47
1827, 42
1828, 10
1829, 30
1830, 6
1831, 1
1832, 47
1833, 6
1834, 29
1835, 43
1836, 21
1837, 10
1838, 1
1839, 26
1840, 49
1841, 35
1842, 26
1843, 33
1844, 1
1845, 50
1846, 41
1847, 57
1848, 14
1849, 10
1850, 34
1851, 21
1852, 10
1853, 1
1854, 26
1855, 52
1856, 1
1857, 27
1858, 30
1859, 35
1860, 31
1861, 60
1862, 21
1863, 30
1864, 79
1865, 40
1866, 41
1867, 36
1868, 23
1869, 40
1870, 40
1871, 32
1872, 44
1873, 56
1874, 14
1875, 1
1876, 32
1877, 37
1878, 30
1879, 44
1880, 35
1881, 18
1882, 26
1883, 40
1884, 34
1885, 49
1886, 36
1887, 22
1888, 18
1889, 44
1890, 29
1891, 27
1892, 18
1893, 23
1894, 48
1895, 43
1896, 42
1897, 50
1898, 43
1899, 26
1900, 22
1901, 27
1902, 18
1903, 14
1904, 10
1905, 1
1906, 25
1907, 6
1908, 1
1909, 22
1910, 6
1911, 28
1912, 28
1913, 36
1914, 1
1915, 18
1916, 74
1917, 39
1918, 62
1919, 63
1920, 61
1921, 10
1922, 6
1923, 1
1924, 46
1925, 6
1926, 59
1927, 6
1928, 1
1929, 45
1930, 14
1931, 64
1932, 24
1933, 33
1934, 20
1935, 10
1936, 58
1937, 34
1938, 20
1939, 10
1940, 1
1941, 29
1942, 21
1943, 46
1944, 37
1945, 10
1946, 9
1947, 74
1948, 63
1949, 39
1950, 1
1951, 67
1952, 49
1953, 43
1954, 55
1955, 32
1956, 10
1957, 37
1958, 18
1959, 26
1960, 14
1961, 48
1962, 10
1963, 9
1964, 21
1965, 35
1966, 38
1967, 10
1968, 31
1969, 6
1970, 2
1971, 3
1972, 41
1973, 38
1974, 3
1975, 42
1976, 3
1977, 4
1978, 1
1979, 50
1980, 1
1981, 53
1982, 2
1983, 44
1984, 38
1985, 37
1986, 26
1987, 31
1988, 35
1989, 34
1990, 41
1991, 5
1992, 24
1993, 1
1994, 17
1995, 6
1996, 47
1997, 42
1998, 10
1999, 30
2000, 6
2001, 1
2002, 37
2003, 6
2004, 43
2005, 21
2006, 10
2007, 1
2008, 49
2009, 35
2010, 26
2011, 33
2012, 1
2013, 50
2014, 41
2015, 57
2016, 14
2017, 10
2018, 6
2019, 1
2020, 30
2021, 6
2022, 26
2023, 21
2024, 22
2025, 9
2026, 18
2027, 35
2028, 28
2029, 36
2030, 40
2031, 31
2032, 14
2033, 26
2034, 26
2035, 10
2036, 21
2037, 6
2038, 1
2039, 21
2040, 6
2041, 23
2042, 26
2043, 31
2044, 56
2045, 17
2046, 26
2047, 75
2048, 36
2049, 37
2050, 32
2051, 19
2052, 36
2053, 36
2054, 28
2055, 40
2056, 10
2057, 22
2058, 6
2059, 1
2060, 29
2061, 6
2062, 35
2063, 58
2064, 1
2065, 36
2066, 1
2067, 26
2068, 24
2069, 33
2070, 1
2071, 31
2072, 42
2073, 56
2074, 52
2075, 14
2076, 1
2077, 35
2078, 23
2079, 14
2080, 1
2081, 31
2082, 10
2083, 35
2084, 33
2085, 6
2086, 1
2087, 22
2088, 6
2089, 28
2090, 28
2091, 36
2092, 1
2093, 18
2094, 65
2095, 29
2096, 10
2097, 6
2098, 1
2099, 55
2100, 6
2101, 65
2102, 6
2103, 1
2104, 45
2105, 14
2106, 64
2107, 67
2108, 38
2109, 20
2110, 10
2111, 24
2112, 36
2113, 20
2114, 10
2115, 1
2116, 29
2117, 21
2118, 46
2119, 37
2120, 10
2121, 9
2122, 53
2123, 52
2124, 36
2125, 36
2126, 39
2127, 1
2128, 67
2129, 49
2130, 43
2131, 60
2132, 32
2133, 10
2134, 37
2135, 18
2136, 26
2137, 14
2138, 48
2139, 10
2140, 9
2141, 21
2142, 35
2143, 38
2144, 10
2145, 21
2146, 34
2147, 22
2148, 10
2149, 9
2150, 36
2151, 6
2152, 2
2153, 41
2154, 38
2155, 1
2156, 29
2157, 37
2158, 3
2159, 1
2160, 27
2161, 2
2162, 39
2163, 31
2164, 32
2165, 32
2166, 29
2167, 25
2168, 24
2169, 1
2170, 43
2171, 17
2172, 1
2173, 21
2174, 1
2175, 48
2176, 1
2177, 52
2178, 29
2179, 16
2180, 1
2181, 41
2182, 33
2183, 38
2184, 74
2185, 14
2186, 26
2187, 11
2188, 1
2189, 62
2190, 66
2191, 1
2192, 67
2193, 24
2194, 26
2195, 47
2196, 37
2197, 14
2198, 34
2199, 23
2200, 28
2201, 30
2202, 36
2203, 22
2204, 14
2205, 30
2206, 1
2207, 37
2208, 37
2209, 17
2210, 11
2211, 1
2212, 22
2213, 8
2214, 5
2215, 1
2216, 43
2217, 17
2218, 58
2219, 63
2220, 5
2221, 2
2222, 3
2223, 41
2224, 38
2225, 3
2226, 45
2227, 3
2228, 58
2229, 78
2230, 4
2231, 1
2232, 50
2233, 1
2234, 53
2235, 2
2236, 44
2237, 38
2238, 37
2239, 26
2240, 31
2241, 35
2242, 34
2243, 41
2244, 5
2245, 24
2246, 1
2247, 27
2248, 6
2249, 28
2250, 28
2251, 30
2252, 6
2253, 1
2254, 29
2255, 6
2256, 35
2257, 58
2258, 1
2259, 29
2260, 36
2261, 21
2262, 10
2263, 50
2264, 35
2265, 26
2266, 33
2267, 1
2268, 50
2269, 41
2270, 57
2271, 14
2272, 10
2273, 1
2274, 75
2275, 23
2276, 31
2277, 31
2278, 29
2279, 29
2280, 29
2281, 29
2282, 29
2283, 29
2284, 29
2285, 29
2286, 29
2287, 29
2288, 10
2289, 1
2290, 26
2291, 24
2292, 1
2293, 46
2294, 1
2295, 27
2296, 29
2297, 80
2298, 84
2299, 31
2300, 37
2301, 33
2302, 35
2303, 55
2304, 55
2305, 48
2306, 57
2307, 35
2308, 48
2309, 57
2310, 35
2311, 48
2312, 57
2313, 57
2314, 35
2315, 48
2316, 57
2317, 57
2318, 35
2319, 48
2320, 57
2321, 57
2322, 57
2323, 35
2324, 48
2325, 57
2326, 57
2327, 57
2328, 35
2329, 48
2330, 57
2331, 57
2332, 57
2333, 57
2334, 35
2335, 51
2336, 57
2337, 57
2338, 57
2339, 57
2340, 35
2341, 51
2342, 59
2343, 57
2344, 57
2345, 57
2346, 57
2347, 35
2348, 22
2349, 43
2350, 18
2351, 1
2352, 56
2353, 53
2354, 14
2355, 1
2356, 32
2357, 41
2358, 22
2359, 39
2360, 32
2361, 31
2362, 52
2363, 52
2364, 50
2365, 50
2366, 50
2367, 50
2368, 50
2369, 50
2370, 50
2371, 59
2372, 18
2373, 14
2374, 10
2375, 1
2376, 35
2377, 33
2378, 6
2379, 1
2380, 22
2381, 6
2382, 18
2383, 65
2384, 29
2385, 10
2386, 6
2387, 1
2388, 55
2389, 6
2390, 65
2391, 6
2392, 1
2393, 45
2394, 6
2395, 23
2396, 64
2397, 68
2398, 38
2399, 20
2400, 10
2401, 1
2402, 29
2403, 21
2404, 46
2405, 37
2406, 10
2407, 9
2408, 53
2409, 52
2410, 36
2411, 36
2412, 39
2413, 1
2414, 24
2415, 69
2416, 49
2417, 43
2418, 60
2419, 32
2420, 10
2421, 35
2422, 37
2423, 18
2424, 26
2425, 14
2426, 48
2427, 10
2428, 9
2429, 30
2430, 21
2431, 35
2432, 38
2433, 10
2434, 21
2435, 34
2436, 22
2437, 10
2438, 9
2439, 36
2440, 6
2441, 2
2442, 3
2443, 41
2444, 38
2445, 4
2446, 30
2447, 3
2448, 4
2449, 1
2450, 28
2451, 29
2452, 1
2453, 14
2454, 41
2455, 39
2456, 40
2457, 33
2458, 1
2459, 46
2460, 1
2461, 38
2462, 52
2463, 38
2464, 32
2465, 6
2466, 1
2467, 40
2468, 32
2469, 59
2470, 59
2471, 59
2472, 59
2473, 59
2474, 59
2475, 53
2476, 49
2477, 1
2478, 60
2479, 39
2480, 38
2481, 39
2482, 38
2483, 13
2484, 39
2485, 38
2486, 39
2487, 38
2488, 39
2489, 38
2490, 39
2491, 38
2492, 39
2493, 38
2494, 40
2495, 1
2496, 68
2497, 50
2498, 50
2499, 50
2500, 51
2501, 1
2502, 55
2503, 25
2504, 45
2505, 26
2506, 25
2507, 10
2508, 6
2509, 1
2510, 13
2511, 59
2512, 28
2513, 32
2514, 38
2515, 28
2516, 31
2517, 29
2518, 6
2519, 1
2520, 35
2521, 26
2522, 51
2523, 123
2524, 6
2525, 19
2526, 19
2527, 56
2528, 42
2529, 24
2530, 63
2531, 41
2532, 49
2533, 27
2534, 14
2535, 42
2536, 52
2537, 14
2538, 37
2539, 30
2540, 10
2541, 56
2542, 10
2543, 5
2544, 121
2545, 6
2546, 19
2547, 19
2548, 19
2549, 30
2550, 56
2551, 42
2552, 24
2553, 62
2554, 41
2555, 49
2556, 27
2557, 14
2558, 42
2559, 36
2560, 44
2561, 21
2562, 14
2563, 37
2564, 30
2565, 10
2566, 56
2567, 6
2568, 5
2569, 64
2570, 37
2571, 29
2572, 25
2573, 29
2574, 43
2575, 39
2576, 69
2577, 72
2578, 85
2579, 21
2580, 6
2581, 1
2582, 36
2583, 23
2584, 25
2585, 1
2586, 45
2587, 30
2588, 24
2589, 10
2590, 6
2591, 2
2592, 3
2593, 41
2594, 38
2595, 3
2596, 22
2597, 3
2598, 4
2599, 1
2600, 18
2601, 1
2602, 21
2603, 1
2604, 39
2605, 49
2606, 43
2607, 56
2608, 1
2609, 30
2610, 16
2611, 18
2612, 57
2613, 6
2614, 1
2615, 30
2616, 57
2617, 59
2618, 59
2619, 59
2620, 59
2621, 59
2622, 53
2623, 32
2624, 29
2625, 29
2626, 29
2627, 29
2628, 29
2629, 29
2630, 29
2631, 29
2632, 29
2633, 29
2634, 29
2635, 29
2636, 29
2637, 29
2638, 30
2639, 40
2640, 40
2641, 40
2642, 40
2643, 41
2644, 1
2645, 40
2646, 22
2647, 43
2648, 51
2649, 42
2650, 6
2651, 1
2652, 32
2653, 5
2654, 38
2655, 36
2656, 37
2657, 55
2658, 30
2659, 1
2660, 31
2661, 59
2662, 10
2663, 6
2664, 1
2665, 29
2666, 5
2667, 61
2668, 68
2669, 27
2670, 36
2671, 1
2672, 54
2673, 64
2674, 10
2675, 9
2676, 49
2677, 45
2678, 28
2679, 10
2680, 6
2681, 5
2682, 37
2683, 1
2684, 58
2685, 9
2686, 43
2687, 59
2688, 40
2689, 34
2690, 14
2691, 10
2692, 1
2693, 59
2694, 30
2695, 28
2696, 37
2697, 42
2698, 65
2699, 47
2700, 14
2701, 41
2702, 24
2703, 10
2704, 1
2705, 76
2706, 27
2707, 1
2708, 82
2709, 35
2710, 13
2711, 28
2712, 54
2713, 32
2714, 28
2715, 14
2716, 10
2717, 6
2718, 1
2719, 37
2720, 1
2721, 78
2722, 82
2723, 35
2724, 1
2725, 61
2726, 61
2727, 88
2728, 1
2729, 25
2730, 28
2731, 54
2732, 34
2733, 83
2734, 48
2735, 50
2736, 28
2737, 14
2738, 10
2739, 6
2740, 1
2741, 1
2742, 64
2743, 25
2744, 30
2745, 43
2746, 1
2747, 26
2748, 34
2749, 1
2750, 31
2751, 76
2752, 68
2753, 81
2754, 21
2755, 6
2756, 2
2757, 62
2758, 41
2759, 1
2760, 20
2761, 45
2762, 43
2763, 36
2764, 6
2765, 35
2766, 30
2767, 39
2768, 6
2769, 2
2770, 40
2771, 38
2772, 2
2773, 29
2774, 3
2775, 1
2776, 32
2777, 31
2778, 1
2779, 24
2780, 1
2781, 76
2782, 5
2783, 45
2784, 26
2785, 60
2786, 1
2787, 33
2788, 54
2789, 9
2790, 58
2791, 6
2792, 2
2793, 59
2794, 41
2795, 1
2796, 34
2797, 60
2798, 71
2799, 62
2800, 27
2801, 1
2802, 18
2803, 20
2804, 1
2805, 20
2806, 1
2807, 64
2808, 43
2809, 18
2810, 23
2811, 20
2812, 38
2813, 43
2814, 76
2815, 38
2816, 36
2817, 1
2818, 15
2819, 33
2820, 61
2821, 33
2822, 71
2823, 41
2824, 57
2825, 21
2826, 1
2827, 31
2828, 6
2829, 2
2830, 1
2831, 60
2832, 41
2833, 1
2834, 20
2835, 1
2836, 12
2837, 13
2838, 34
2839, 2
2840, 1
2841, 21
2842, 45
2843, 43
2844, 44
2845, 40
2846, 1
2847, 39
2848, 69
2849, 37
2850, 55
2851, 34
2852, 61
2853, 58
2854, 59
2855, 52
2856, 65
2857, 29
2858, 61
2859, 14
2860, 10
2861, 1
2862, 66
2863, 66
2864, 66
2865, 67
2866, 6
2867, 2
2868, 63
2869, 41
2870, 1
2871, 20
2872, 32
2873, 1
2874, 24
2875, 1
2876, 42
2877, 42
2878, 42
2879, 1
2880, 45
2881, 43
2882, 54
2883, 41
2884, 41
2885, 35
2886, 71
2887, 35
2888, 36
2889, 10
2890, 26
2891, 52
2892, 6
2893, 1
2894, 34
2895, 50
2896, 61
2897, 6
2898, 1
2899, 54
2900, 25
2901, 20
2902, 1
2903, 26
2904, 16
2905, 19
2906, 25
2907, 31
2908, 21
2909, 30
2910, 32
2911, 33
2912, 33
2913, 28
2914, 18
2915, 14
2916, 19
2917, 24
2918, 30
2919, 56
2920, 35
2921, 35
2922, 34
2923, 25
2924, 32
2925, 18
2926, 14
2927, 25
2928, 10
2929, 6
2930, 2
2931, 60
2932, 38
2933, 1
2934, 21
2935, 45
2936, 43
2937, 6
2938, 2
2939, 41
2940, 36
2941, 2
2942, 30
2943, 60
2944, 4
2945, 1
2946, 20
2947, 18
2948, 31
2949, 1
2950, 27
2951, 131
2952, 121
2953, 53
2954, 63
2955, 42
2956, 64
2957, 72
2958, 64
2959, 89
2960, 22
2961, 20
2962, 14
2963, 10
2964, 22
2965, 6
2966, 13
2967, 108
2968, 85
2969, 62
2970, 65
2971, 73
2972, 48
2973, 48
2974, 36
2975, 34
2976, 21
2977, 35
2978, 54
2979, 14
2980, 10
2981, 1
2982, 20
2983, 6
2984, 9
2985, 20
2986, 120
2987, 74
2988, 55
2989, 29
2990, 53
2991, 17
2992, 60
2993, 10
2994, 21
2995, 6
2996, 5
2997, 96
2998, 84
2999, 48
3000, 34
3001, 119
3002, 9
3003, 43
3004, 6
3005, 5
3006, 126
3007, 70
3008, 61
3009, 9
3010, 23
3011, 69
3012, 53
3013, 51
3014, 10
3015, 9
3016, 71
3017, 6
3018, 5
3019, 63
3020, 21
3021, 82
3022, 49
3023, 50
3024, 10
3025, 13
3026, 66
3027, 38
3028, 48
3029, 46
3030, 49
3031, 13
3032, 19
3033, 43
3034, 49
3035, 37
3036, 10
3037, 9
3038, 46
3039, 17
3040, 105
3041, 59
3042, 124
3043, 25
3044, 9
3045, 48
3046, 1
3047, 76
3048, 114
3049, 9
3050, 106
3051, 64
3052, 64
3053, 10
3054, 9
3055, 49
3056, 6
3057, 5
3058, 70
3059, 34
3060, 35
3061, 9
3062, 38
3063, 36
3064, 10
3065, 9
3066, 58
3067, 26
3068, 49
3069, 38
3070, 30
3071, 38
3072, 14
3073, 25
3074, 10
3075, 9
3076, 32
3077, 25
3078, 10
3079, 9
3080, 44
3081, 66
3082, 10
3083, 9
3084, 49
3085, 40
3086, 10
3087, 9
3088, 35
3089, 38
3090, 10
3091, 6
3092, 2
3093, 41
3094, 36
3095, 1
3096, 30
3097, 60
3098, 29
3099, 4
3100, 1
3101, 20
3102, 18
3103, 31
3104, 1
3105, 27
3106, 131
3107, 121
3108, 53
3109, 63
3110, 42
3111, 64
3112, 72
3113, 64
3114, 89
3115, 22
3116, 20
3117, 14
3118, 10
3119, 22
3120, 6
3121, 1
3122, 108
3123, 85
3124, 62
3125, 57
3126, 73
3127, 48
3128, 48
3129, 36
3130, 34
3131, 21
3132, 35
3133, 54
3134, 14
3135, 10
3136, 1
3137, 20
3138, 6
3139, 1
3140, 20
3141, 120
3142, 74
3143, 55
3144, 29
3145, 53
3146, 17
3147, 60
3148, 10
3149, 21
3150, 6
3151, 1
3152, 96
3153, 84
3154, 48
3155, 34
3156, 119
3157, 1
3158, 43
3159, 6
3160, 1
3161, 126
3162, 70
3163, 61
3164, 1
3165, 23
3166, 69
3167, 53
3168, 51
3169, 10
3170, 1
3171, 71
3172, 6
3173, 1
3174, 63
3175, 21
3176, 82
3177, 49
3178, 50
3179, 10
3180, 1
3181, 66
3182, 38
3183, 48
3184, 46
3185, 49
3186, 1
3187, 19
3188, 43
3189, 49
3190, 37
3191, 10
3192, 1
3193, 46
3194, 1
3195, 105
3196, 59
3197, 124
3198, 25
3199, 1
3200, 48
3201, 1
3202, 76
3203, 114
3204, 1
3205, 106
3206, 64
3207, 64
3208, 10
3209, 1
3210, 41
3211, 6
3212, 1
3213, 70
3214, 34
3215, 35
3216, 1
3217, 38
3218, 36
3219, 10
3220, 1
3221, 58
3222, 26
3223, 49
3224, 38
3225, 30
3226, 38
3227, 14
3228, 25
3229, 10
3230, 1
3231, 32
3232, 25
3233, 10
3234, 1
3235, 44
3236, 66
3237, 10
3238, 1
3239, 49
3240, 40
3241, 44
3242, 21
3243, 71
3244, 66
3245, 71
3246, 65
3247, 67
3248, 66
3249, 63
3250, 14
3251, 10
3252, 1
3253, 35
3254, 38
3255, 10
3256, 6
3257, 2
3258, 41
3259, 38
3260, 2
3261, 32
3262, 54
3263, 3
3264, 1
3265, 28
3266, 28
3267, 26
3268, 27
3269, 23
3270, 22
3271, 28
3272, 26
3273, 48
3274, 45
3275, 39
3276, 1
3277, 25
3278, 2
3279, 36
3280, 36
3281, 36
3282, 36
3283, 48
3284, 48
3285, 4
3286, 58
3287, 90
3288, 4
3289, 83
3290, 5
3291, 17
3292, 28
3293, 7
3294, 26
3295, 28
3296, 30
3297, 8
3298, 7
3299, 26
3300, 28
3301, 39
3302, 114
3303, 8
3304, 4
3305, 23
3306, 5
3307, 1
3308, 103
3309, 5
3310, 31
3311, 57
3312, 79
3313, 7
3314, 32
3315, 35
3316, 16
3317, 47
3318, 40
3319, 25
3320, 84
3321, 151
3322, 47
3323, 34
3324, 25
3325, 17
3326, 14
3327, 11
3328, 24
3329, 60
3330, 35
3331, 38
3332, 11
3333, 8
3334, 1
3335, 48
3336, 30
3337, 48
3338, 30
3339, 1
3340, 56
3341, 58
3342, 47
3343, 69
3344, 39
3345, 8
3346, 7
3347, 74
3348, 79
3349, 52
3350, 57
3351, 64
3352, 96
3353, 41
3354, 38
3355, 11
3356, 8
3357, 1
3358, 26
3359, 7
3360, 51
3361, 74
3362, 74
3363, 1
3364, 47
3365, 57
3366, 107
3367, 8
3368, 7
3369, 52
3370, 24
3371, 62
3372, 64
3373, 73
3374, 35
3375, 39
3376, 14
3377, 11
3378, 80
3379, 8
3380, 4
3381, 40
3382, 5
3383, 1
3384, 52
3385, 5
3386, 26
3387, 30
3388, 36
3389, 61
3390, 7
3391, 56
3392, 7
3393, 54
3394, 8
3395, 25
3396, 29
3397, 25
3398, 8
3399, 1
3400, 80
3401, 8
3402, 29
3403, 31
3404, 44
3405, 23
3406, 11
3407, 24
3408, 8
3409, 1
3410, 24
3411, 8
3412, 20
3413, 48
3414, 10
3415, 45
3416, 29
3417, 40
3418, 33
3419, 42
3420, 39
3421, 50
3422, 25
3423, 17
3424, 47
3425, 33
3426, 42
3427, 39
3428, 50
3429, 25
3430, 17
3431, 47
3432, 33
3433, 42
3434, 39
3435, 50
3436, 25
3437, 17
3438, 47
3439, 33
3440, 42
3441, 39
3442, 50
3443, 25
3444, 17
3445, 14
3446, 11
3447, 7
3448, 23
3449, 39
3450, 54
3451, 30
3452, 11
3453, 7
3454, 22
3455, 8
3456, 5
3457, 4
3458, 65
3459, 5
3460, 29
3461, 32
3462, 26
3463, 1
3464, 32
3465, 8
3466, 35
3467, 8
3468, 7
3469, 32
3470, 8
3471, 48
3472, 34
3473, 28
3474, 51
3475, 31
3476, 35
3477, 51
3478, 31
3479, 35
3480, 51
3481, 31
3482, 35
3483, 51
3484, 31
3485, 14
3486, 11
3487, 8
3488, 7
3489, 16
3490, 28
3491, 10
3492, 31
3493, 10
3494, 1
3495, 16
3496, 40
3497, 10
3498, 38
3499, 36
3500, 10
3501, 8
3502, 41
3503, 10
3504, 35
3505, 10
3506, 4
3507, 33
3508, 10
3509, 31
3510, 50
3511, 52
3512, 53
3513, 28
3514, 35
3515, 35
3516, 35
3517, 35
3518, 35
3519, 35
3520, 35
3521, 16
3522, 39
3523, 13
3524, 32
3525, 10
3526, 5
3527, 1
3528, 52
3529, 5
3530, 32
3531, 36
3532, 41
3533, 85
3534, 7
3535, 67
3536, 8
3537, 41
3538, 43
3539, 8
3540, 7
3541, 91
3542, 8
3543, 29
3544, 31
3545, 44
3546, 23
3547, 11
3548, 27
3549, 8
3550, 1
3551, 24
3552, 8
3553, 36
3554, 1
3555, 50
3556, 64
3557, 11
3558, 1
3559, 15
3560, 10
3561, 23
3562, 61
3563, 1
3564, 48
3565, 55
3566, 14
3567, 1
3568, 60
3569, 60
3570, 1
3571, 36
3572, 45
3573, 64
3574, 13
3575, 39
3576, 39
3577, 16
3578, 51
3579, 61
3580, 53
3581, 65
3582, 19
3583, 44
3584, 41
3585, 30
3586, 59
3587, 63
3588, 23
3589, 20
3590, 25
3591, 17
3592, 14
3593, 33
3594, 33
3595, 11
3596, 10
3597, 22
3598, 8
3599, 5
3600, 1
3601, 58
3602, 5
3603, 26
3604, 32
3605, 36
3606, 41
3607, 85
3608, 7
3609, 85
3610, 8
3611, 31
3612, 41
3613, 43
3614, 8
3615, 7
3616, 91
3617, 8
3618, 29
3619, 31
3620, 44
3621, 23
3622, 11
3623, 27
3624, 8
3625, 1
3626, 24
3627, 8
3628, 27
3629, 1
3630, 50
3631, 64
3632, 11
3633, 1
3634, 15
3635, 10
3636, 27
3637, 28
3638, 60
3639, 60
3640, 1
3641, 36
3642, 45
3643, 64
3644, 13
3645, 39
3646, 39
3647, 16
3648, 79
3649, 35
3650, 62
3651, 68
3652, 23
3653, 53
3654, 65
3655, 19
3656, 44
3657, 41
3658, 30
3659, 59
3660, 63
3661, 23
3662, 20
3663, 53
3664, 17
3665, 14
3666, 33
3667, 33
3668, 11
3669, 10
3670, 22
3671, 8
3672, 5
3673, 2
3674, 60
3675, 41
3676, 1
3677, 18
3678, 20
3679, 20
3680, 1
3681, 21
3682, 29
3683, 1
3684, 45
3685, 43
3686, 24
3687, 38
3688, 35
3689, 10
3690, 36
3691, 6
3692, 37
3693, 24
3694, 58
3695, 43
3696, 43
3697, 41
3698, 10
3699, 58
3700, 46
3701, 43
3702, 65
3703, 58
3704, 34
3705, 44
3706, 10
3707, 33
3708, 66
3709, 56
3710, 34
3711, 43
3712, 10
3713, 33
3714, 23
3715, 43
3716, 34
3717, 45
3718, 10
3719, 19
3720, 45
3721, 60
3722, 61
3723, 23
3724, 10
3725, 44
3726, 33
3727, 54
3728, 46
3729, 46
3730, 23
3731, 10
3732, 41
3733, 28
3734, 6
3735, 2
3736, 67
3737, 38
3738, 24
3739, 1
3740, 53
3741, 64
3742, 47
3743, 1
3744, 21
3745, 1
3746, 40
3747, 35
3748, 1
3749, 43
3750, 6
3751, 28
3752, 38
3753, 18
3754, 55
3755, 18
3756, 1
3757, 57
3758, 1
3759, 32
3760, 46
3761, 43
3762, 18
3763, 56
3764, 1
3765, 44
3766, 67
3767, 6
3768, 1
3769, 37
3770, 24
3771, 58
3772, 43
3773, 43
3774, 41
3775, 10
3776, 1
3777, 49
3778, 1
3779, 58
3780, 46
3781, 43
3782, 1
3783, 68
3784, 1
3785, 65
3786, 58
3787, 34
3788, 44
3789, 10
3790, 1
3791, 68
3792, 1
3793, 33
3794, 66
3795, 56
3796, 34
3797, 43
3798, 10
3799, 1
3800, 68
3801, 1
3802, 33
3803, 23
3804, 43
3805, 34
3806, 45
3807, 10
3808, 19
3809, 45
3810, 42
3811, 61
3812, 23
3813, 10
3814, 44
3815, 33
3816, 54
3817, 46
3818, 46
3819, 23
3820, 10
3821, 41
3822, 28
3823, 6
3824, 2
3825, 1
3826, 14
3827, 2
3828, 28
3829, 17
3830, 1
3831, 22
3832, 1
3833, 29
3834, 29
3835, 10
3836, 2
3837, 1
3838, 33
3839, 2
3840, 21
3841, 10
3842, 36
3843, 10
3844, 1
3845, 39
3846, 10
3847, 24
3848, 1
3849, 37
3850, 84
3851, 18
3852, 63
3853, 43
3854, 43
3855, 38
3856, 18
3857, 34
3858, 34
3859, 1
3860, 38
3861, 10
3862, 1
3863, 26
3864, 10
3865, 33
3866, 10
3867, 1
3868, 39
3869, 10
3870, 35
3871, 40
3872, 40
3873, 35
3874, 28
3875, 10
3876, 1
3877, 38
3878, 10
3879, 35
3880, 40
3881, 40
3882, 35
3883, 28
3884, 10
3885, 1
3886, 30
3887, 10
3888, 43
3889, 35
3890, 37
3891, 1
3892, 28
3893, 40
3894, 40
3895, 30
3896, 10
3897, 1
3898, 29
3899, 10
3900, 43
3901, 35
3902, 37
3903, 1
3904, 28
3905, 40
3906, 40
3907, 30
3908, 10
3909, 1
3910, 27
3911, 10
3912, 34
3913, 10
3914, 1
3915, 19
3916, 10
3917, 32
3918, 29
3919, 82
3920, 20
3921, 31
3922, 20
3923, 37
3924, 60
3925, 1
3926, 33
3927, 10
3928, 1
3929, 41
3930, 10
3931, 39
3932, 43
3933, 19
3934, 18
3935, 57
3936, 46
3937, 52
3938, 46
3939, 18
3940, 39
3941, 29
3942, 10
3943, 2
3944, 35
3945, 39
3946, 2
3947, 45
3948, 17
3949, 36
3950, 2
3951, 19
3952, 21
3953, 21
3954, 2
3955, 29
3956, 6
3957, 19
3958, 20
3959, 6
3960, 37
3961, 23
3962, 23
3963, 29
3964, 58
3965, 21
3966, 21
3967, 45
3968, 11
3969, 7
3970, 6
3971, 56
3972, 29
3973, 37
3974, 31
3975, 32
3976, 10
3977, 27
3978, 37
3979, 20
3980, 41
3981, 30
3982, 41
3983, 25
3984, 11
3985, 39
3986, 48
3987, 41
3988, 11
3989, 2
3990, 39
3991, 35
3992, 20
3993, 37
3994, 41
3995, 23
3996, 11
3997, 2
3998, 39
3999, 35
4000, 20
4001, 37
4002, 41
4003, 23
4004, 11
4005, 2
4006, 40
4007, 35
4008, 20
4009, 39
4010, 29
4011, 45
4012, 36
4013, 55
4014, 19
4015, 15
4016, 23
4017, 11
4018, 2
4019, 52
4020, 48
4021, 14
4022, 39
4023, 43
4024, 67
4025, 41
4026, 41
4027, 25
4028, 46
4029, 33
4030, 46
4031, 68
4032, 47
4033, 56
4034, 68
4035, 30
4036, 45
4037, 32
4038, 26
4039, 40
4040, 35
4041, 38
4042, 33
4043, 19
4044, 37
4045, 61
4046, 41
4047, 41
4048, 15
4049, 44
4050, 85
4051, 59
4052, 37
4053, 45
4054, 67
4055, 52
4056, 22
4057, 47
4058, 48
4059, 43
4060, 66
4061, 46
4062, 46
4063, 49
4064, 36
4065, 15
4066, 46
4067, 20
4068, 41
4069, 43
4070, 15
4071, 23
4072, 11
4073, 2
4074, 46
4075, 30
4076, 29
4077, 36
4078, 47
4079, 26
4080, 27
4081, 37
4082, 43
4083, 38
4084, 43
4085, 53
4086, 75
4087, 37
4088, 37
4089, 63
4090, 27
4091, 23
4092, 19
4093, 52
4094, 25
4095, 11
4096, 10
4097, 41
4098, 11
4099, 31
4100, 28
4101, 34
4102, 32
4103, 34
4104, 68
4105, 40
4106, 11
4107, 10
4108, 34
4109, 11
4110, 37
4111, 34
4112, 20
4113, 38
4114, 34
4115, 15
4116, 11
4117, 10
4118, 81
4119, 54
4120, 49
4121, 53
4122, 58
4123, 27
4124, 28
4125, 47
4126, 50
4127, 26
4128, 19
4129, 15
4130, 23
4131, 11
4132, 2
4133, 36
4134, 53
4135, 23
4136, 39
4137, 43
4138, 49
4139, 34
4140, 41
4141, 19
4142, 30
4143, 38
4144, 15
4145, 35
4146, 11
4147, 2
4148, 10
4149, 7
4150, 6
4151, 31
4152, 6
4153, 46
4154, 16
4155, 31
4156, 44
4157, 35
4158, 92
4159, 47
4160, 34
4161, 43
4162, 49
4163, 48
4164, 24
4165, 15
4166, 74
4167, 2
4168, 48
4169, 44
4170, 85
4171, 45
4172, 38
4173, 15
4174, 11
4175, 18
4176, 7
4177, 3
4178, 42
4179, 39
4180, 33
4181, 38
4182, 4
4183, 2
4184, 29
4185, 29
4186, 2
4187, 20
4188, 2
4189, 62
4190, 61
4191, 6
4192, 2
4193, 37
4194, 53
4195, 2
4196, 38
4197, 28
4198, 28
4199, 28
4200, 53
4201, 9
4202, 23
4203, 30
4204, 50
4205, 23
4206, 25
4207, 24
4208, 2
4209, 48
4210, 9
4211, 47
4212, 39
4213, 28
4214, 38
4215, 23
4216, 9
4217, 2
4218, 57
4219, 9
4220, 24
4221, 2
4222, 43
4223, 40
4224, 41
4225, 30
4226, 30
4227, 40
4228, 25
4229, 29
4230, 29
4231, 18
4232, 41
4233, 37
4234, 31
4235, 31
4236, 54
4237, 2
4238, 31
4239, 33
4240, 2
4241, 29
4242, 51
4243, 47
4244, 58
4245, 33
4246, 19
4247, 26
4248, 15
4249, 12
4250, 26
4251, 35
4252, 47
4253, 43
4254, 54
4255, 29
4256, 15
4257, 12
4258, 9
4259, 6
4260, 3
4261, 41
4262, 38
4263, 2
4264, 32
4265, 37
4266, 46
4267, 47
4268, 5
4269, 1
4270, 22
4271, 1
4272, 18
4273, 28
4274, 50
4275, 1
4276, 30
4277, 2
4278, 60
4279, 6
4280, 24
4281, 30
4282, 46
4283, 9
4284, 54
4285, 9
4286, 38
4287, 60
4288, 46
4289, 9
4290, 52
4291, 9
4292, 77
4293, 39
4294, 65
4295, 25
4296, 6
4297, 5
4298, 102
4299, 6
4300, 42
4301, 65
4302, 9
4303, 86
4304, 46
4305, 10
4306, 35
4307, 14
4308, 34
4309, 18
4310, 27
4311, 69
4312, 22
4313, 50
4314, 25
4315, 41
4316, 44
4317, 49
4318, 25
4319, 66
4320, 52
4321, 26
4322, 70
4323, 29
4324, 46
4325, 46
4326, 29
4327, 52
4328, 52
4329, 29
4330, 40
4331, 31
4332, 30
4333, 71
4334, 55
4335, 33
4336, 49
4337, 49
4338, 74
4339, 1
4340, 51
4341, 40
4342, 51
4343, 29
4344, 48
4345, 30
4346, 79
4347, 63
4348, 30
4349, 48
4350, 25
4351, 42
4352, 26
4353, 63
4354, 75
4355, 26
4356, 25
4357, 56
4358, 43
4359, 36
4360, 45
4361, 13
4362, 29
4363, 10
4364, 9
4365, 30
4366, 10
4367, 16
4368, 14
4369, 26
4370, 14
4371, 43
4372, 14
4373, 37
4374, 14
4375, 10
4376, 6
4377, 2
4378, 41
4379, 38
4380, 4
4381, 32
4382, 37
4383, 46
4384, 47
4385, 54
4386, 4
4387, 2
4388, 1
4389, 18
4390, 50
4391, 1
4392, 32
4393, 25
4394, 30
4395, 25
4396, 25
4397, 1
4398, 38
4399, 26
4400, 19
4401, 31
4402, 33
4403, 31
4404, 1
4405, 35
4406, 31
4407, 1
4408, 21
4409, 25
4410, 54
4411, 52
4412, 35
4413, 1
4414, 56
4415, 52
4416, 35
4417, 1
4418, 44
4419, 44
4420, 32
4421, 27
4422, 28
4423, 10
4424, 23
4425, 6
4426, 5
4427, 45
4428, 45
4429, 44
4430, 6
4431, 2
4432, 62
4433, 20
4434, 57
4435, 1
4436, 50
4437, 89
4438, 33
4439, 34
4440, 1
4441, 80
4442, 40
4443, 34
4444, 36
4445, 91
4446, 18
4447, 15
4448, 39
4449, 38
4450, 1
4451, 68
4452, 56
4453, 51
4454, 24
4455, 6
4456, 2
4457, 1
4458, 61
4459, 41
4460, 61
4461, 1
4462, 18
4463, 20
4464, 1
4465, 22
4466, 26
4467, 1
4468, 45
4469, 43
4470, 43
4471, 43
4472, 42
4473, 34
4474, 43
4475, 10
4476, 36
4477, 31
4478, 36
4479, 31
4480, 36
4481, 31
4482, 38
4483, 6
4484, 1
4485, 58
4486, 23
4487, 41
4488, 37
4489, 41
4490, 35
4491, 14
4492, 10
4493, 19
4494, 6
4495, 1
4496, 51
4497, 68
4498, 37
4499, 41
4500, 29
4501, 45
4502, 48
4503, 18
4504, 32
4505, 14
4506, 10
4507, 6
4508, 2
4509, 40
4510, 38
4511, 2
4512, 32
4513, 3
4514, 1
4515, 1
4516, 20
4517, 1
4518, 23
4519, 51
4520, 45
4521, 1
4522, 44
4523, 57
4524, 1
4525, 33
4526, 44
4527, 41
4528, 34
4529, 7
4530, 1
4531, 81
4532, 5
4533, 2
4534, 1
4535, 42
4536, 29
4537, 33
4538, 1
4539, 44
4540, 35
4541, 5
4542, 1
4543, 23
4544, 29
4545, 51
4546, 12
4547, 20
4548, 80
4549, 30
4550, 38
4551, 1
4552, 32
4553, 23
4554, 7
4555, 5
4556, 1
4557, 40
4558, 5
4559, 26
4560, 54
4561, 31
4562, 24
4563, 9
4564, 7
4565, 5
4566, 1
4567, 28
4568, 5
4569, 26
4570, 33
4571, 53
4572, 9
4573, 39
4574, 7
4575, 5
4576, 2
4577, 42
4578, 37
4579, 2
4580, 35
4581, 5
4582, 2
4583, 30
4584, 24
4585, 2
4586, 24
4587, 52
4588, 2
4589, 47
4590, 2
4591, 46
4592, 61
4593, 2
4594, 37
4595, 53
4596, 47
4597, 40
4598, 11
4599, 2
4600, 60
4601, 51
4602, 11
4603, 2
4604, 7
4605, 3
4606, 2
4607, 24
4608, 16
4609, 2
4610, 31
4611, 18
4612, 7
4613, 2
4614, 40
4615, 29
4616, 7
4617, 2
4618, 41
4619, 18
4620, 22
4621, 7
4622, 2
4623, 29
4624, 23
4625, 7
4626, 3
4627, 2
4628, 43
4629, 31
4630, 2
4631, 67
4632, 2
4633, 47
4634, 39
4635, 7
4636, 2
4637, 25
4638, 35
4639, 28
4640, 48
4641, 15
4642, 18
4643, 26
4644, 86
4645, 38
4646, 46
4647, 15
4648, 38
4649, 29
4650, 11
4651, 7
4652, 2
4653, 9
4654, 23
4655, 9
4656, 51
4657, 31
4658, 32
4659, 37
4660, 32
4661, 15
4662, 11
4663, 7
4664, 2
4665, 39
4666, 31
4667, 40
4668, 23
4669, 34
4670, 52
4671, 19
4672, 15
4673, 48
4674, 11
4675, 7
4676, 3
4677, 40
4678, 39
4679, 2
4680, 32
4681, 3
4682, 1
4683, 1
4684, 20
4685, 1
4686, 23
4687, 50
4688, 45
4689, 1
4690, 44
4691, 57
4692, 1
4693, 33
4694, 44
4695, 41
4696, 34
4697, 7
4698, 1
4699, 81
4700, 5
4701, 2
4702, 1
4703, 42
4704, 29
4705, 33
4706, 1
4707, 44
4708, 35
4709, 5
4710, 1
4711, 23
4712, 29
4713, 51
4714, 12
4715, 20
4716, 80
4717, 30
4718, 38
4719, 1
4720, 32
4721, 23
4722, 7
4723, 5
4724, 1
4725, 40
4726, 5
4727, 26
4728, 54
4729, 31
4730, 24
4731, 9
4732, 7
4733, 5
4734, 1
4735, 28
4736, 5
4737, 26
4738, 33
4739, 53
4740, 9
4741, 39
4742, 7
4743, 5
4744, 2
4745, 4
4746, 32
4747, 36
4748, 9
4749, 27
4750, 4
4751, 1
4752, 44
4753, 1
4754, 48
4755, 37
4756, 32
4757, 42
4758, 75
4759, 26
4760, 1
4761, 49
4762, 54
4763, 42
4764, 39
4765, 51
4766, 64
4767, 18
4768, 52
4769, 40
4770, 18
4771, 10
4772, 40
4773, 35
4774, 10
4775, 28
4776, 22
4777, 35
4778, 54
4779, 57
4780, 55
4781, 42
4782, 34
4783, 41
4784, 26
4785, 50
4786, 40
4787, 33
4788, 39
4789, 26
4790, 40
4791, 45
4792, 18
4793, 10
4794, 47
4795, 27
4796, 46
4797, 49
4798, 52
4799, 37
4800, 72
4801, 53
4802, 42
4803, 26
4804, 44
4805, 64
4806, 41
4807, 26
4808, 18
4809, 10
4810, 46
4811, 29
4812, 27
4813, 46
4814, 49
4815, 52
4816, 37
4817, 62
4818, 53
4819, 42
4820, 26
4821, 44
4822, 64
4823, 50
4824, 65
4825, 56
4826, 34
4827, 41
4828, 26
4829, 18
4830, 10
4831, 54
4832, 36
4833, 34
4834, 32
4835, 51
4836, 57
4837, 42
4838, 18
4839, 37
4840, 10
4841, 2
4842, 42
4843, 39
4844, 34
4845, 3
4846, 2
4847, 24
4848, 51
4849, 2
4850, 46
4851, 2
4852, 45
4853, 59
4854, 2
4855, 38
4856, 51
4857, 89
4858, 25
4859, 10
4860, 2
4861, 2
4862, 58
4863, 28
4864, 9
4865, 42
4866, 7
4867, 2
4868, 58
4869, 2
4870, 60
4871, 11
4872, 43
4873, 46
4874, 2
4875, 36
4876, 46
4877, 35
4878, 2
4879, 8
4880, 69
4881, 42
4882, 32
4883, 61
4884, 48
4885, 34
4886, 29
4887, 12
4888, 31
4889, 28
4890, 11
4891, 58
4892, 27
4893, 30
4894, 11
4895, 40
4896, 36
4897, 9
4898, 2
4899, 27
4900, 36
4901, 43
4902, 47
4903, 15
4904, 53
4905, 19
4906, 26
4907, 38
4908, 41
4909, 32
4910, 15
4911, 38
4912, 29
4913, 12
4914, 9
4915, 2
4916, 2
4917, 35
4918, 42
4919, 9
4920, 2
4921, 11
4922, 25
4923, 11
4924, 48
4925, 63
4926, 61
4927, 69
4928, 59
4929, 66
4930, 66
4931, 30
4932, 84
4933, 2
4934, 38
4935, 36
4936, 9
4937, 2
4938, 36
4939, 63
4940, 62
4941, 66
4942, 58
4943, 71
4944, 69
4945, 33
4946, 79
4947, 2
4948, 49
4949, 42
4950, 11
4951, 27
4952, 9
4953, 2
4954, 55
4955, 46
4956, 65
4957, 35
4958, 23
4959, 9
4960, 8
4961, 43
4962, 26
4963, 23
4964, 9
4965, 6
4966, 5
4967, 28
4968, 36
4969, 29
4970, 6
4971, 3
4972, 4
4973, 41
4974, 38
4975, 32
4976, 4
4977, 1
4978, 20
4979, 1
4980, 23
4981, 1
4982, 50
4983, 45
4984, 1
4985, 43
4986, 56
4987, 1
4988, 32
4989, 43
4990, 40
4991, 6
4992, 1
4993, 49
4994, 41
4995, 4
4996, 1
4997, 1
4998, 53
4999, 30
5000, 53
5001, 21
5002, 5
5003, 45
5004, 36
5005, 6
5006, 1
5007, 24
5008, 30
5009, 52
5010, 13
5011, 21
5012, 65
5013, 31
5014, 39
5015, 1
5016, 33
5017, 24
5018, 8
5019, 6
5020, 1
5021, 41
5022, 6
5023, 21
5024, 17
5025, 24
5026, 8
5027, 1
5028, 66
5029, 27
5030, 28
5031, 32
5032, 25
5033, 10
5034, 8
5035, 6
5036, 1
5037, 29
5038, 6
5039, 27
5040, 34
5041, 54
5042, 10
5043, 31
5044, 8
5045, 6
5046, 3
5047, 4
5048, 3
5049, 2
5050, 4
5051, 41
5052, 38
5053, 33
5054, 30
5055, 4
5056, 1
5057, 29
5058, 23
5059, 1
5060, 23
5061, 1
5062, 32
5063, 49
5064, 44
5065, 1
5066, 43
5067, 46
5068, 56
5069, 1
5070, 32
5071, 48
5072, 40
5073, 6
5074, 1
5075, 53
5076, 24
5077, 1
5078, 10
5079, 31
5080, 24
5081, 18
5082, 26
5083, 8
5084, 39
5085, 27
5086, 6
5087, 4
5088, 1
5089, 1
5090, 53
5091, 30
5092, 52
5093, 21
5094, 52
5095, 1
5096, 46
5097, 36
5098, 6
5099, 1
5100, 24
5101, 30
5102, 52
5103, 13
5104, 21
5105, 71
5106, 31
5107, 28
5108, 1
5109, 33
5110, 49
5111, 72
5112, 24
5113, 8
5114, 6
5115, 1
5116, 43
5117, 22
5118, 17
5119, 24
5120, 8
5121, 1
5122, 38
5123, 28
5124, 28
5125, 32
5126, 25
5127, 10
5128, 8
5129, 6
5130, 1
5131, 31
5132, 28
5133, 14
5134, 37
5135, 25
5136, 12
5137, 32
5138, 10
5139, 31
5140, 8
5141, 6
5142, 1
5143, 4
5144, 1
5145, 2
5146, 35
5147, 39
5148, 2
5149, 34
5150, 17
5151, 4
5152, 2
5153, 29
5154, 24
5155, 29
5156, 27
5157, 2
5158, 71
5159, 75
5160, 72
5161, 70
5162, 24
5163, 9
5164, 12
5165, 10
5166, 57
5167, 74
5168, 11
5169, 6
5170, 28
5171, 5
5172, 6
5173, 4
5174, 21
5175, 19
5176, 9
5177, 77
5178, 107
5179, 87
5180, 87
5181, 87
5182, 87
5183, 87
5184, 87
5185, 87
5186, 87
5187, 86
5188, 27
5189, 7
5190, 50
5191, 2
5192, 25
5193, 7
5194, 28
5195, 7
5196, 67
5197, 55
5198, 39
5199, 61
5200, 41
5201, 41
5202, 41
5203, 41
5204, 41
5205, 41
5206, 41
5207, 41
5208, 40
5209, 27
5210, 9
5211, 23
5212, 2
5213, 35
5214, 11
5215, 47
5216, 20
5217, 35
5218, 21
5219, 11
5220, 7
5221, 45
5222, 25
5223, 10
5224, 47
5225, 10
5226, 32
5227, 39
5228, 44
5229, 14
5230, 31
5231, 12
5232, 49
5233, 28
5234, 26
5235, 27
5236, 40
5237, 12
5238, 35
5239, 39
5240, 31
5241, 62
5242, 12
5243, 31
5244, 14
5245, 37
5246, 39
5247, 41
5248, 41
5249, 15
5250, 23
5251, 60
5252, 54
5253, 55
5254, 68
5255, 68
5256, 68
5257, 35
5258, 17
5259, 13
5260, 74
5261, 38
5262, 36
5263, 38
5264, 36
5265, 12
5266, 11
5267, 2
5268, 33
5269, 11
5270, 11
5271, 11
5272, 6
5273, 50
5274, 77
5275, 52
5276, 50
5277, 12
5278, 2
5279, 22
5280, 7
5281, 34
5282, 11
5283, 11
5284, 2
5285, 23
5286, 36
5287, 38
5288, 11
5289, 7
5290, 26
5291, 7
5292, 59
5293, 10
5294, 51
5295, 12
5296, 7
5297, 40
5298, 44
5299, 11
5300, 30
5301, 12
5302, 7
5303, 68
5304, 34
5305, 11
5306, 49
5307, 57
5308, 57
5309, 11
5310, 11
5311, 8
5312, 55
5313, 51
5314, 29
5315, 28
5316, 3
5317, 42
5318, 15
5319, 48
5320, 23
5321, 18
5322, 49
5323, 17
5324, 38
5325, 36
5326, 12
5327, 50
5328, 29
5329, 17
5330, 43
5331, 3
5332, 52
5333, 3
5334, 42
5335, 18
5336, 32
5337, 38
5338, 18
5339, 22
5340, 34
5341, 37
5342, 61
5343, 35
5344, 32
5345, 32
5346, 24
5347, 27
5348, 28
5349, 30
5350, 20
5351, 19
5352, 34
5353, 17
5354, 29
5355, 19
5356, 36
5357, 45
5358, 35
5359, 35
5360, 37
5361, 3
5362, 33
5363, 55
5364, 24
5365, 59
5366, 18
5367, 25
5368, 36
5369, 16
5370, 14
5371, 12
5372, 8
5373, 55
5374, 11
5375, 11
5376, 8
5377, 50
5378, 42
5379, 27
5380, 25
5381, 25
5382, 13
5383, 40
5384, 35
5385, 33
5386, 33
5387, 15
5388, 43
5389, 74
5390, 14
5391, 8
5392, 39
5393, 12
5394, 6
5395, 23
5396, 7
5397, 52
5398, 11
5399, 11
5400, 7
5401, 33
5402, 30
5403, 30
5404, 33
5405, 12
5406, 7
5407, 68
5408, 11
5409, 11
5410, 11
5411, 7
5412, 33
5413, 62
5414, 11
5415, 43
5416, 41
5417, 36
5418, 17
5419, 59
5420, 15
5421, 39
5422, 43
5423, 56
5424, 15
5425, 35
5426, 15
5427, 39
5428, 61
5429, 73
5430, 43
5431, 71
5432, 58
5433, 71
5434, 24
5435, 15
5436, 45
5437, 49
5438, 86
5439, 18
5440, 13
5441, 43
5442, 52
5443, 43
5444, 18
5445, 11
5446, 12
5447, 2
5448, 88
5449, 11
5450, 11
5451, 11
5452, 7
5453, 33
5454, 35
5455, 35
5456, 35
5457, 34
5458, 12
5459, 34
5460, 35
5461, 35
5462, 35
5463, 12
5464, 42
5465, 34
5466, 34
5467, 33
5468, 33
5469, 34
5470, 34
5471, 34
5472, 40
5473, 36
5474, 36
5475, 35
5476, 14
5477, 35
5478, 36
5479, 36
5480, 36
5481, 17
5482, 12
5483, 39
5484, 29
5485, 29
5486, 46
5487, 42
5488, 96
5489, 14
5490, 41
5491, 42
5492, 42
5493, 42
5494, 17
5495, 11
5496, 7
5497, 16
5498, 2
5499, 146
5500, 122
5501, 122
5502, 122
5503, 122
5504, 122
5505, 122
5506, 122
5507, 122
5508, 122
5509, 122
5510, 121
5511, 27
5512, 2
5513, 146
5514, 122
5515, 122
5516, 122
5517, 122
5518, 122
5519, 122
5520, 122
5521, 122
5522, 122
5523, 122
5524, 121
5525, 27
5526, 2
5527, 146
5528, 122
5529, 122
5530, 122
5531, 122
5532, 122
5533, 122
5534, 122
5535, 122
5536, 122
5537, 122
5538, 121
5539, 27
5540, 2
5541, 146
5542, 122
5543, 122
5544, 122
5545, 122
5546, 122
5547, 122
5548, 122
5549, 122
5550, 122
5551, 122
5552, 121
5553, 27
5554, 2
5555, 146
5556, 122
5557, 122
5558, 122
5559, 122
5560, 122
5561, 122
5562, 122
5563, 122
5564, 122
5565, 122
5566, 121
5567, 27
5568, 2
5569, 146
5570, 122
5571, 122
5572, 122
5573, 122
5574, 122
5575, 122
5576, 122
5577, 122
5578, 122
5579, 122
5580, 121
5581, 27
5582, 2
5583, 146
5584, 122
5585, 122
5586, 122
5587, 122
5588, 122
5589, 122
5590, 122
5591, 122
5592, 122
5593, 122
5594, 121
5595, 27
5596, 2
5597, 146
5598, 122
5599, 122
5600, 122
5601, 122
5602, 122
5603, 122
5604, 122
5605, 122
5606, 122
5607, 122
5608, 121
5609, 27
5610, 2
5611, 146
5612, 122
5613, 122
5614, 122
5615, 122
5616, 122
5617, 122
5618, 122
5619, 122
5620, 122
5621, 122
5622, 121
5623, 27
5624, 2
5625, 146
5626, 122
5627, 122
5628, 122
5629, 122
5630, 122
5631, 122
5632, 122
5633, 122
5634, 122
5635, 122
5636, 121
5637, 27
5638, 25
5639, 7
5640, 41
5641, 38
5642, 88
5643, 4
5644, 2
5645, 2
5646, 21
5647, 2
5648, 27
5649, 3
5650, 29
5651, 29
5652, 33
5653, 2
5654, 32
5655, 31
5656, 36
5657, 2
5658, 32
5659, 31
5660, 38
5661, 2
5662, 35
5663, 35
5664, 35
5665, 2
5666, 48
5667, 33
5668, 34
5669, 46
5670, 41
5671, 37
5672, 2
5673, 2
5674, 40
5675, 76
5676, 35
5677, 67
5678, 2
5679, 42
5680, 59
5681, 59
5682, 2
5683, 59
5684, 58
5685, 8
5686, 2
5687, 35
5688, 57
5689, 57
5690, 2
5691, 57
5692, 57
5693, 8
5694, 2
5695, 39
5696, 35
5697, 35
5698, 2
5699, 35
5700, 35
5701, 8
5702, 2
5703, 36
5704, 31
5705, 7
5706, 2
5707, 42
5708, 33
5709, 71
5710, 65
5711, 23
5712, 2
5713, 24
5714, 7
5715, 2
5716, 37
5717, 27
5718, 21
5719, 23
5720, 2
5721, 30
5722, 38
5723, 35
5724, 25
5725, 24
5726, 11
5727, 42
5728, 40
5729, 29
5730, 44
5731, 14
5732, 50
5733, 2
5734, 22
5735, 7
5736, 2
5737, 35
5738, 20
5739, 26
5740, 18
5741, 30
5742, 11
5743, 2
5744, 19
5745, 7
5746, 2
5747, 2
5748, 40
5749, 55
5750, 58
5751, 7
5752, 2
5753, 78
5754, 40
5755, 42
5756, 2
5757, 21
5758, 41
5759, 7
5760, 2
5761, 33
5762, 53
5763, 11
5764, 49
5765, 11
5766, 2
5767, 41
5768, 11
5769, 45
5770, 52
5771, 11
5772, 7
5773, 2
5774, 2
5775, 41
5776, 2
5777, 29
5778, 50
5779, 61
5780, 7
5781, 2
5782, 2
5783, 31
5784, 56
5785, 56
5786, 47
5787, 7
5788, 2
5789, 2
5790, 25
5791, 41
5792, 2
5793, 29
5794, 37
5795, 11
5796, 27
5797, 25
5798, 32
5799, 11
5800, 56
5801, 46
5802, 26
5803, 40
5804, 34
5805, 11
5806, 2
5807, 18
5808, 32
5809, 27
5810, 21
5811, 11
5812, 2
5813, 24
5814, 22
5815, 27
5816, 24
5817, 25
5818, 54
5819, 29
5820, 41
5821, 36
5822, 15
5823, 36
5824, 34
5825, 40
5826, 34
5827, 15
5828, 11
5829, 2
5830, 56
5831, 23
5832, 53
5833, 28
5834, 2
5835, 23
5836, 52
5837, 45
5838, 11
5839, 30
5840, 21
5841, 27
5842, 28
5843, 11
5844, 32
5845, 34
5846, 55
5847, 58
5848, 2
5849, 36
5850, 67
5851, 45
5852, 15
5853, 50
5854, 19
5855, 54
5856, 19
5857, 15
5858, 2
5859, 38
5860, 23
5861, 11
5862, 2
5863, 30
5864, 32
5865, 45
5866, 15
5867, 49
5868, 49
5869, 15
5870, 11
5871, 2
5872, 37
5873, 65
5874, 2
5875, 47
5876, 51
5877, 46
5878, 64
5879, 23
5880, 45
5881, 23
5882, 41
5883, 19
5884, 38
5885, 2
5886, 45
5887, 33
5888, 41
5889, 15
5890, 39
5891, 11
5892, 2
5893, 27
5894, 28
5895, 25
5896, 2
5897, 65
5898, 46
5899, 34
5900, 45
5901, 40
5902, 2
5903, 36
5904, 59
5905, 55
5906, 47
5907, 50
5908, 42
5909, 27
5910, 36
5911, 23
5912, 52
5913, 32
5914, 19
5915, 15
5916, 31
5917, 11
5918, 2
5919, 36
5920, 63
5921, 67
5922, 15
5923, 2
5924, 25
5925, 27
5926, 2
5927, 47
5928, 51
5929, 47
5930, 49
5931, 2
5932, 39
5933, 47
5934, 19
5935, 15
5936, 2
5937, 27
5938, 11
5939, 2
5940, 32
5941, 25
5942, 2
5943, 47
5944, 51
5945, 75
5946, 51
5947, 19
5948, 15
5949, 2
5950, 2
5951, 74
5952, 36
5953, 11
5954, 7
5955, 2
5956, 2
5957, 27
5958, 26
5959, 41
5960, 89
5961, 77
5962, 58
5963, 54
5964, 39
5965, 76
5966, 56
5967, 54
5968, 2
5969, 45
5970, 35
5971, 11
5972, 2
5973, 25
5974, 25
5975, 25
5976, 22
5977, 2
5978, 20
5979, 50
5980, 49
5981, 50
5982, 28
5983, 11
5984, 2
5985, 58
5986, 11
5987, 69
5988, 25
5989, 18
5990, 32
5991, 2
5992, 40
5993, 44
5994, 44
5995, 2
5996, 36
5997, 55
5998, 55
5999, 2
6000, 34
6001, 72
6002, 52
6003, 52
6004, 71
6005, 51
6006, 51
6007, 2
6008, 50
6009, 36
6010, 15
6011, 62
6012, 2
6013, 49
6014, 32
6015, 2
6016, 48
6017, 50
6018, 11
6019, 2
6020, 57
6021, 11
6022, 42
6023, 55
6024, 37
6025, 24
6026, 15
6027, 2
6028, 60
6029, 52
6030, 2
6031, 64
6032, 42
6033, 34
6034, 2
6035, 54
6036, 29
6037, 2
6038, 59
6039, 55
6040, 2
6041, 47
6042, 2
6043, 62
6044, 63
6045, 2
6046, 32
6047, 30
6048, 2
6049, 57
6050, 2
6051, 52
6052, 30
6053, 55
6054, 2
6055, 28
6056, 11
6057, 58
6058, 11
6059, 41
6060, 35
6061, 24
6062, 38
6063, 15
6064, 2
6065, 41
6066, 28
6067, 57
6068, 47
6069, 15
6070, 37
6071, 2
6072, 53
6073, 52
6074, 64
6075, 54
6076, 38
6077, 35
6078, 15
6079, 2
6080, 30
6081, 38
6082, 51
6083, 20
6084, 67
6085, 42
6086, 67
6087, 63
6088, 44
6089, 19
6090, 68
6091, 15
6092, 2
6093, 41
6094, 53
6095, 65
6096, 52
6097, 46
6098, 15
6099, 2
6100, 26
6101, 11
6102, 39
6103, 71
6104, 60
6105, 72
6106, 2
6107, 70
6108, 64
6109, 66
6110, 35
6111, 2
6112, 63
6113, 43
6114, 64
6115, 64
6116, 2
6117, 60
6118, 66
6119, 23
6120, 19
6121, 49
6122, 49
6123, 15
6124, 11
6125, 2
6126, 67
6127, 11
6128, 41
6129, 47
6130, 26
6131, 24
6132, 63
6133, 39
6134, 15
6135, 2
6136, 40
6137, 51
6138, 71
6139, 27
6140, 52
6141, 43
6142, 40
6143, 2
6144, 37
6145, 39
6146, 2
6147, 41
6148, 53
6149, 34
6150, 52
6151, 46
6152, 15
6153, 2
6154, 27
6155, 11
6156, 2
6157, 71
6158, 11
6159, 55
6160, 37
6161, 24
6162, 15
6163, 62
6164, 60
6165, 2
6166, 54
6167, 46
6168, 70
6169, 15
6170, 54
6171, 31
6172, 2
6173, 44
6174, 87
6175, 71
6176, 2
6177, 53
6178, 35
6179, 2
6180, 43
6181, 2
6182, 64
6183, 47
6184, 35
6185, 23
6186, 2
6187, 65
6188, 2
6189, 49
6190, 63
6191, 71
6192, 26
6193, 52
6194, 2
6195, 43
6196, 43
6197, 19
6198, 2
6199, 44
6200, 15
6201, 11
6202, 2
6203, 39
6204, 27
6205, 2
6206, 40
6207, 53
6208, 25
6209, 15
6210, 2
6211, 40
6212, 41
6213, 45
6214, 41
6215, 2
6216, 37
6217, 27
6218, 43
6219, 35
6220, 48
6221, 35
6222, 11
6223, 7
6224, 2
6225, 26
6226, 26
6227, 26
6228, 29
6229, 24
6230, 27
6231, 11
6232, 2
6233, 38
6234, 68
6235, 42
6236, 2
6237, 41
6238, 49
6239, 48
6240, 12
6241, 2
6242, 76
6243, 2
6244, 58
6245, 2
6246, 23
6247, 48
6248, 49
6249, 11
6250, 19
6251, 21
6252, 11
6253, 2
6254, 18
6255, 54
6256, 52
6257, 54
6258, 15
6259, 11
6260, 58
6261, 26
6262, 27
6263, 47
6264, 51
6265, 46
6266, 42
6267, 42
6268, 2
6269, 32
6270, 23
6271, 33
6272, 19
6273, 15
6274, 11
6275, 2
6276, 47
6277, 23
6278, 29
6279, 54
6280, 34
6281, 34
6282, 2
6283, 49
6284, 39
6285, 15
6286, 2
6287, 28
6288, 11
6289, 2
6290, 60
6291, 2
6292, 54
6293, 55
6294, 38
6295, 39
6296, 15
6297, 11
6298, 2
6299, 77
6300, 11
6301, 28
6302, 35
6303, 30
6304, 50
6305, 34
6306, 34
6307, 2
6308, 31
6309, 31
6310, 36
6311, 31
6312, 15
6313, 2
6314, 34
6315, 50
6316, 2
6317, 38
6318, 2
6319, 75
6320, 43
6321, 15
6322, 2
6323, 41
6324, 48
6325, 33
6326, 11
6327, 2
6328, 50
6329, 45
6330, 30
6331, 51
6332, 2
6333, 75
6334, 40
6335, 45
6336, 2
6337, 88
6338, 2
6339, 44
6340, 35
6341, 2
6342, 53
6343, 2
6344, 65
6345, 35
6346, 2
6347, 45
6348, 19
6349, 15
6350, 11
6351, 2
6352, 72
6353, 11
6354, 51
6355, 37
6356, 2
6357, 28
6358, 36
6359, 46
6360, 30
6361, 52
6362, 49
6363, 15
6364, 2
6365, 36
6366, 54
6367, 38
6368, 38
6369, 2
6370, 63
6371, 59
6372, 41
6373, 41
6374, 19
6375, 15
6376, 2
6377, 35
6378, 30
6379, 50
6380, 34
6381, 2
6382, 31
6383, 31
6384, 36
6385, 31
6386, 15
6387, 34
6388, 54
6389, 52
6390, 2
6391, 38
6392, 46
6393, 42
6394, 43
6395, 2
6396, 36
6397, 41
6398, 34
6399, 41
6400, 41
6401, 11
6402, 2
6403, 44
6404, 69
6405, 50
6406, 72
6407, 61
6408, 59
6409, 80
6410, 84
6411, 19
6412, 15
6413, 69
6414, 72
6415, 36
6416, 64
6417, 77
6418, 68
6419, 72
6420, 62
6421, 102
6422, 62
6423, 31
6424, 2
6425, 41
6426, 27
6427, 23
6428, 19
6429, 15
6430, 11
6431, 2
6432, 74
6433, 70
6434, 11
6435, 7
6436, 2
6437, 2
6438, 39
6439, 46
6440, 30
6441, 61
6442, 2
6443, 24
6444, 32
6445, 37
6446, 32
6447, 37
6448, 2
6449, 63
6450, 42
6451, 42
6452, 7
6453, 2
6454, 63
6455, 41
6456, 66
6457, 1
6458, 18
6459, 20
6460, 20
6461, 1
6462, 15
6463, 26
6464, 41
6465, 34
6466, 6
6467, 29
6468, 28
6469, 6
6470, 31
6471, 34
6472, 22
6473, 6
6474, 2
6475, 1
6476, 33
6477, 23
6478, 21
6479, 1
6480, 61
6481, 28
6482, 38
6483, 26
6484, 6
6485, 31
6486, 27
6487, 46
6488, 38
6489, 30
6490, 10
6491, 22
6492, 6
6493, 2
6494, 1
6495, 24
6496, 64
6497, 43
6498, 1
6499, 28
6500, 41
6501, 34
6502, 45
6503, 10
6504, 54
6505, 1
6506, 20
6507, 52
6508, 34
6509, 46
6510, 10
6511, 54
6512, 6
6513, 2
6514, 63
6515, 42
6516, 2
6517, 19
6518, 21
6519, 21
6520, 24
6521, 2
6522, 24
6523, 46
6524, 18
6525, 33
6526, 28
6527, 24
6528, 37
6529, 38
6530, 28
6531, 24
6532, 28
6533, 26
6534, 29
6535, 24
6536, 2
6537, 15
6538, 87
6539, 54
6540, 41
6541, 21
6542, 36
6543, 15
6544, 35
6545, 36
6546, 21
6547, 11
6548, 2
6549, 22
6550, 19
6551, 27
6552, 65
6553, 51
6554, 44
6555, 40
6556, 44
6557, 7
6558, 29
6559, 26
6560, 47
6561, 28
6562, 54
6563, 62
6564, 7
6565, 6
6566, 29
6567, 2
6568, 18
6569, 29
6570, 49
6571, 50
6572, 54
6573, 6
6574, 51
6575, 38
6576, 32
6577, 37
6578, 37
6579, 2
6580, 53
6581, 69
6582, 67
6583, 80
6584, 81
6585, 71
6586, 67
6587, 71
6588, 7
6589, 3
6590, 2
6591, 42
6592, 39
6593, 2
6594, 33
6595, 38
6596, 4
6597, 2
6598, 28
6599, 46
6600, 44
6601, 2
6602, 49
6603, 55
6604, 33
6605, 34
6606, 55
6607, 7
6608, 3
6609, 2
6610, 27
6611, 27
6612, 2
6613, 26
6614, 28
6615, 25
6616, 29
6617, 28
6618, 28
6619, 28
6620, 13
6621, 2
6622, 24
6623, 24
6624, 24
6625, 46
6626, 47
6627, 47
6628, 47
6629, 9
6630, 43
6631, 6
6632, 2
6633, 37
6634, 2
6635, 46
6636, 37
6637, 51
6638, 52
6639, 48
6640, 48
6641, 2
6642, 64
6643, 56
6644, 58
6645, 2
6646, 52
6647, 52
6648, 52
6649, 2
6650, 52
6651, 52
6652, 52
6653, 12
6654, 9
6655, 2
6656, 37
6657, 34
6658, 34
6659, 34
6660, 9
6661, 6
6662, 2
6663, 28
6664, 36
6665, 23
6666, 2
6667, 47
6668, 37
6669, 37
6670, 40
6671, 42
6672, 45
6673, 2
6674, 52
6675, 41
6676, 41
6677, 37
6678, 37
6679, 2
6680, 58
6681, 56
6682, 12
6683, 9
6684, 17
6685, 6
6686, 3
6687, 2
6688, 2
6689, 20
6690, 48
6691, 50
6692, 48
6693, 2
6694, 45
6695, 2
6696, 20
6697, 2
6698, 27
6699, 28
6700, 38
6701, 39
6702, 39
6703, 55
6704, 55
6705, 56
6706, 54
6707, 17
6708, 6
6709, 2
6710, 26
6711, 28
6712, 38
6713, 38
6714, 39
6715, 56
6716, 55
6717, 55
6718, 54
6719, 17
6720, 6
6721, 2
6722, 26
6723, 28
6724, 38
6725, 39
6726, 39
6727, 55
6728, 55
6729, 56
6730, 54
6731, 17
6732, 6
6733, 2
6734, 27
6735, 28
6736, 38
6737, 39
6738, 38
6739, 55
6740, 55
6741, 56
6742, 54
6743, 17
6744, 6
6745, 2
6746, 23
6747, 28
6748, 28
6749, 17
6750, 6
6751, 2
6752, 58
6753, 30
6754, 30
6755, 30
6756, 20
6757, 6
6758, 3
6759, 2
6760, 65
6761, 41
6762, 1
6763, 18
6764, 20
6765, 1
6766, 26
6767, 64
6768, 43
6769, 19
6770, 32
6771, 36
6772, 40
6773, 44
6774, 48
6775, 52
6776, 37
6777, 31
6778, 6
6779, 2
6780, 40
6781, 38
6782, 1
6783, 34
6784, 3
6785, 1
6786, 20
6787, 2
6788, 47
6789, 5
6790, 52
6791, 21
6792, 1
6793, 35
6794, 27
6795, 62
6796, 21
6797, 11
6798, 8
6799, 20
6800, 5
6801, 1
6802, 60
6803, 5
6804, 44
6805, 39
6806, 54
6807, 1
6808, 42
6809, 25
6810, 1
6811, 29
6812, 1
6813, 28
6814, 5
6815, 1
6816, 42
6817, 5
6818, 17
6819, 58
6820, 24
6821, 1
6822, 28
6823, 42
6824, 1
6825, 99
6826, 26
6827, 99
6828, 26
6829, 99
6830, 5
6831, 2
6832, 34
6833, 35
6834, 31
6835, 3
6836, 1
6837, 20
6838, 2
6839, 30
6840, 25
6841, 38
6842, 5
6843, 28
6844, 23
6845, 17
6846, 40
6847, 27
6848, 8
6849, 9
6850, 73
6851, 4
6852, 1
6853, 43
6854, 15
6855, 56
6856, 32
6857, 30
6858, 4
6859, 2
6860, 42
6861, 39
6862, 2
6863, 35
6864, 22
6865, 4
6866, 2
6867, 27
6868, 3
6869, 46
6870, 7
6871, 24
6872, 38
6873, 36
6874, 63
6875, 26
6876, 15
6877, 11
6878, 23
6879, 7
6880, 2
6881, 44
6882, 7
6883, 44
6884, 2
6885, 31
6886, 40
6887, 2
6888, 74
6889, 29
6890, 74
6891, 29
6892, 74
6893, 7
6894, 2
6895, 34
6896, 35
6897, 1
6898, 33
6899, 3
6900, 1
6901, 25
6902, 1
6903, 24
6904, 2
6905, 51
6906, 24
6907, 1
6908, 21
6909, 37
6910, 28
6911, 44
6912, 27
6913, 21
6914, 11
6915, 8
6916, 20
6917, 5
6918, 1
6919, 60
6920, 5
6921, 44
6922, 39
6923, 54
6924, 1
6925, 42
6926, 25
6927, 1
6928, 29
6929, 1
6930, 28
6931, 5
6932, 1
6933, 42
6934, 5
6935, 17
6936, 27
6937, 40
6938, 17
6939, 16
6940, 1
6941, 32
6942, 37
6943, 98
6944, 1
6945, 30
6946, 98
6947, 1
6948, 30
6949, 98
6950, 5
6951, 2
6952, 1
6953, 41
6954, 35
6955, 1
6956, 33
6957, 45
6958, 3
6959, 1
6960, 1
6961, 1
6962, 24
6963, 2
6964, 35
6965, 26
6966, 18
6967, 42
6968, 42
6969, 31
6970, 32
6971, 21
6972, 8
6973, 7
6974, 31
6975, 58
6976, 29
6977, 14
6978, 8
6979, 33
6980, 73
6981, 8
6982, 31
6983, 48
6984, 8
6985, 7
6986, 33
6987, 49
6988, 8
6989, 7
6990, 34
6991, 42
6992, 24
6993, 22
6994, 58
6995, 58
6996, 8
6997, 5
6998, 53
6999, 4
7000, 7
7001, 7
7002, 22
7003, 21
7004, 37
7005, 28
7006, 53
7007, 44
7008, 27
7009, 21
7010, 11
7011, 8
7012, 20
7013, 5
7014, 1
7015, 60
7016, 5
7017, 44
7018, 39
7019, 54
7020, 1
7021, 42
7022, 25
7023, 1
7024, 29
7025, 1
7026, 28
7027, 5
7028, 1
7029, 42
7030, 5
7031, 24
7032, 17
7033, 27
7034, 40
7035, 17
7036, 16
7037, 1
7038, 32
7039, 41
7040, 66
7041, 61
7042, 1
7043, 30
7044, 66
7045, 61
7046, 1
7047, 30
7048, 66
7049, 61
7050, 5
7051, 2
7052, 41
7053, 35
7054, 1
7055, 33
7056, 45
7057, 35
7058, 3
7059, 1
7060, 25
7061, 1
7062, 26
7063, 26
7064, 30
7065, 40
7066, 40
7067, 1
7068, 29
7069, 40
7070, 6
7071, 1
7072, 27
7073, 29
7074, 6
7075, 1
7076, 32
7077, 59
7078, 6
7079, 1
7080, 31
7081, 46
7082, 6
7083, 4
7084, 1
7085, 44
7086, 19
7087, 19
7088, 35
7089, 25
7090, 59
7091, 17
7092, 8
7093, 6
7094, 18
7095, 4
7096, 1
7097, 45
7098, 30
7099, 69
7100, 4
7101, 1
7102, 43
7103, 15
7104, 25
7105, 37
7106, 22
7107, 1
7108, 30
7109, 41
7110, 21
7111, 23
7112, 23
7113, 4
7114, 2
7115, 42
7116, 36
7117, 2
7118, 34
7119, 46
7120, 36
7121, 36
7122, 4
7123, 2
7124, 26
7125, 2
7126, 27
7127, 27
7128, 31
7129, 41
7130, 41
7131, 2
7132, 30
7133, 41
7134, 7
7135, 2
7136, 28
7137, 30
7138, 7
7139, 2
7140, 33
7141, 60
7142, 7
7143, 2
7144, 32
7145, 47
7146, 7
7147, 5
7148, 2
7149, 45
7150, 20
7151, 20
7152, 36
7153, 26
7154, 77
7155, 18
7156, 9
7157, 7
7158, 19
7159, 5
7160, 2
7161, 46
7162, 31
7163, 70
7164, 5
7165, 2
7166, 44
7167, 16
7168, 26
7169, 38
7170, 23
7171, 2
7172, 31
7173, 42
7174, 22
7175, 24
7176, 24
7177, 5
7178, 3
7179, 42
7180, 36
7181, 2
7182, 34
7183, 46
7184, 36
7185, 36
7186, 58
7187, 4
7188, 2
7189, 26
7190, 2
7191, 25
7192, 3
7193, 41
7194, 41
7195, 2
7196, 46
7197, 20
7198, 30
7199, 44
7200, 27
7201, 2
7202, 35
7203, 61
7204, 26
7205, 30
7206, 30
7207, 7
7208, 2
7209, 45
7210, 41
7211, 59
7212, 24
7213, 38
7214, 11
7215, 63
7216, 15
7217, 53
7218, 61
7219, 27
7220, 15
7221, 11
7222, 2
7223, 64
7224, 7
7225, 3
7226, 62
7227, 41
7228, 66
7229, 1
7230, 18
7231, 20
7232, 20
7233, 1
7234, 15
7235, 26
7236, 41
7237, 34
7238, 6
7239, 29
7240, 28
7241, 6
7242, 31
7243, 34
7244, 22
7245, 6
7246, 2
7247, 1
7248, 33
7249, 23
7250, 21
7251, 1
7252, 61
7253, 28
7254, 38
7255, 26
7256, 6
7257, 31
7258, 27
7259, 46
7260, 38
7261, 30
7262, 10
7263, 22
7264, 6
7265, 2
7266, 1
7267, 23
7268, 64
7269, 43
7270, 43
7271, 34
7272, 81
7273, 10
7274, 34
7275, 46
7276, 10
7277, 1
7278, 32
7279, 9
7280, 53
7281, 34
7282, 82
7283, 10
7284, 34
7285, 55
7286, 10
7287, 6
7288, 2
7289, 36
7290, 40
7291, 31
7292, 1
7293, 23
7294, 1
7295, 20
7296, 44
7297, 1
7298, 43
7299, 41
7300, 1
7301, 63
7302, 65
7303, 1
7304, 32
7305, 47
7306, 52
7307, 21
7308, 1
7309, 40
7310, 33
7311, 32
7312, 33
7313, 33
7314, 22
7315, 23
7316, 22
7317, 33
7318, 8
7319, 48
7320, 47
7321, 49
7322, 52
7323, 54
7324, 49
7325, 53
7326, 61
7327, 48
7328, 5
7329, 2
7330, 36
7331, 40
7332, 31
7333, 1
7334, 23
7335, 1
7336, 20
7337, 44
7338, 1
7339, 43
7340, 41
7341, 1
7342, 63
7343, 65
7344, 1
7345, 32
7346, 65
7347, 52
7348, 21
7349, 1
7350, 40
7351, 33
7352, 32
7353, 33
7354, 33
7355, 22
7356, 23
7357, 22
7358, 33
7359, 8
7360, 48
7361, 47
7362, 49
7363, 52
7364, 54
7365, 49
7366, 53
7367, 61
7368, 48
7369, 5
7370, 2
7371, 44
7372, 41
7373, 28
7374, 2
7375, 21
7376, 46
7377, 2
7378, 46
7379, 2
7380, 44
7381, 33
7382, 66
7383, 68
7384, 2
7385, 36
7386, 69
7387, 64
7388, 25
7389, 2
7390, 44
7391, 37
7392, 36
7393, 37
7394, 37
7395, 26
7396, 27
7397, 26
7398, 37
7399, 11
7400, 2
7401, 35
7402, 65
7403, 36
7404, 27
7405, 39
7406, 2
7407, 51
7408, 50
7409, 52
7410, 55
7411, 57
7412, 52
7413, 56
7414, 64
7415, 51
7416, 7
7417, 3
7418, 2
7419, 4
7420, 61
7421, 60
7422, 58
7423, 63
7424, 11
7425, 2
7426, 62
7427, 63
7428, 4
7429, 2
7430, 16
7431, 3
7432, 46
7433, 48
7434, 49
7435, 54
7436, 2
7437, 9
7438, 46
7439, 49
7440, 35
7441, 49
7442, 52
7443, 52
7444, 40
7445, 9
7446, 59
7447, 59
7448, 67
7449, 40
7450, 11
7451, 74
7452, 37
7453, 11
7454, 2
7455, 25
7456, 7
7457, 2
7458, 49
7459, 2
7460, 87
7461, 47
7462, 39
7463, 18
7464, 46
7465, 11
7466, 7
7467, 2
7468, 49
7469, 2
7470, 38
7471, 7
7472, 2
7473, 40
7474, 38
7475, 2
7476, 29
7477, 3
7478, 1
7479, 29
7480, 1
7481, 24
7482, 28
7483, 1
7484, 45
7485, 41
7486, 17
7487, 4
7488, 50
7489, 7
7490, 21
7491, 22
7492, 71
7493, 20
7494, 18
7495, 71
7496, 61
7497, 23
7498, 11
7499, 57
7500, 28
7501, 23
7502, 5
7503, 2
7504, 1
7505, 1
7506, 22
7507, 45
7508, 8
7509, 27
7510, 39
7511, 39
7512, 45
7513, 8
7514, 4
7515, 22
7516, 23
7517, 23
7518, 35
7519, 15
7520, 52
7521, 8
7522, 9
7523, 7
7524, 23
7525, 27
7526, 13
7527, 4
7528, 37
7529, 36
7530, 8
7531, 4
7532, 41
7533, 56
7534, 10
7535, 7
7536, 52
7537, 27
7538, 24
7539, 3
7540, 1
7541, 1
7542, 23
7543, 26
7544, 24
7545, 8
7546, 54
7547, 38
7548, 38
7549, 38
7550, 56
7551, 13
7552, 5
7553, 4
7554, 82
7555, 18
7556, 18
7557, 18
7558, 36
7559, 13
7560, 13
7561, 4
7562, 33
7563, 11
7564, 33
7565, 41
7566, 33
7567, 42
7568, 36
7569, 11
7570, 4
7571, 30
7572, 47
7573, 56
7574, 76
7575, 79
7576, 10
7577, 4
7578, 59
7579, 38
7580, 38
7581, 38
7582, 39
7583, 15
7584, 48
7585, 14
7586, 3
7587, 58
7588, 33
7589, 25
7590, 54
7591, 54
7592, 72
7593, 32
7594, 15
7595, 2
7596, 1
7597, 1
7598, 3
7599, 4
7600, 41
7601, 38
7602, 28
7603, 30
7604, 3
7605, 1
7606, 1
7607, 24
7608, 4
7609, 64
7610, 48
7611, 64
7612, 26
7613, 1
7614, 17
7615, 14
7616, 10
7617, 47
7618, 16
7619, 4
7620, 27
7621, 5
7622, 16
7623, 5
7624, 4
7625, 58
7626, 5
7627, 19
7628, 19
7629, 19
7630, 18
7631, 19
7632, 18
7633, 19
7634, 19
7635, 18
7636, 19
7637, 5
7638, 1
7639, 50
7640, 58
7641, 5
7642, 19
7643, 19
7644, 18
7645, 19
7646, 19
7647, 19
7648, 18
7649, 19
7650, 18
7651, 19
7652, 5
7653, 1
7654, 28
7655, 30
7656, 5
7657, 18
7658, 18
7659, 18
7660, 18
7661, 18
7662, 26
7663, 5
7664, 1
7665, 56
7666, 34
7667, 5
7668, 24
7669, 37
7670, 76
7671, 31
7672, 27
7673, 37
7674, 40
7675, 8
7676, 21
7677, 5
7678, 1
7679, 43
7680, 19
7681, 5
7682, 16
7683, 12
7684, 12
7685, 15
7686, 15
7687, 15
7688, 15
7689, 16
7690, 27
7691, 30
7692, 33
7693, 37
7694, 16
7695, 40
7696, 14
7697, 9
7698, 7
7699, 5
7700, 7
7701, 44
7702, 60
7703, 20
7704, 5
7705, 2
7706, 1
7707, 1
7708, 1
7709, 19
7710, 4
7711, 21
7712, 4
7713, 25
7714, 18
7715, 5
7716, 1
7717, 34
7718, 14
7719, 34
7720, 5
7721, 4
7722, 62
7723, 1
7724, 87
7725, 4
7726, 99
7727, 4
7728, 102
7729, 4
7730, 57
7731, 4
7732, 63
7733, 1
7734, 23
7735, 4
7736, 12
7737, 37
7738, 5
7739, 25
7740, 4
7741, 32
7742, 26
7743, 5
7744, 4
7745, 35
7746, 1
7747, 44
7748, 1
7749, 62
7750, 19
7751, 1
7752, 59
7753, 21
7754, 1
7755, 62
7756, 21
7757, 1
7758, 63
7759, 1
7760, 51
7761, 1
7762, 53
7763, 2
7764, 4
7765, 41
7766, 38
7767, 1
7768, 28
7769, 30
7770, 40
7771, 3
7772, 1
7773, 31
7774, 1
7775, 24
7776, 74
7777, 36
7778, 68
7779, 40
7780, 82
7781, 1
7782, 33
7783, 1
7784, 36
7785, 55
7786, 43
7787, 44
7788, 51
7789, 1
7790, 65
7791, 1
7792, 10
7793, 49
7794, 16
7795, 1
7796, 27
7797, 5
7798, 16
7799, 5
7800, 1
7801, 58
7802, 5
7803, 19
7804, 62
7805, 1
7806, 70
7807, 19
7808, 7
7809, 11
7810, 9
7811, 31
7812, 9
7813, 28
7814, 10
7815, 7
7816, 5
7817, 1
7818, 41
7819, 5
7820, 24
7821, 42
7822, 1
7823, 33
7824, 7
7825, 26
7826, 7
7827, 1
7828, 51
7829, 7
7830, 50
7831, 7
7832, 1
7833, 59
7834, 7
7835, 41
7836, 7
7837, 1
7838, 23
7839, 7
7840, 15
7841, 121
7842, 7
7843, 1
7844, 24
7845, 7
7846, 32
7847, 9
7848, 44
7849, 28
7850, 17
7851, 9
7852, 1
7853, 142
7854, 57
7855, 57
7856, 1
7857, 27
7858, 9
7859, 82
7860, 9
7861, 32
7862, 9
7863, 74
7864, 9
7865, 36
7866, 9
7867, 93
7868, 32
7869, 9
7870, 1
7871, 31
7872, 7
7873, 6
7874, 1
7875, 65
7876, 92
7877, 74
7878, 1
7879, 65
7880, 76
7881, 136
7882, 77
7883, 41
7884, 75
7885, 109
7886, 74
7887, 83
7888, 78
7889, 49
7890, 1
7891, 41
7892, 56
7893, 75
7894, 140
7895, 94
7896, 38
7897, 75
7898, 83
7899, 74
7900, 83
7901, 75
7902, 108
7903, 49
7904, 1
7905, 1
7906, 98
7907, 5
7908, 29
7909, 1
7910, 61
7911, 1
7912, 24
7913, 27
7914, 24
7915, 27
7916, 24
7917, 27
7918, 1
7919, 57
7920, 7
7921, 116
7922, 27
7923, 7
7924, 1
7925, 35
7926, 1
7927, 23
7928, 126
7929, 109
7930, 38
7931, 1
7932, 15
7933, 5
7934, 1
7935, 56
7936, 50
7937, 5
7938, 24
7939, 37
7940, 76
7941, 31
7942, 27
7943, 48
7944, 53
7945, 8
7946, 21
7947, 5
7948, 1
7949, 43
7950, 33
7951, 5
7952, 16
7953, 80
7954, 1
7955, 43
7956, 43
7957, 43
7958, 66
7959, 25
7960, 111
7961, 55
7962, 26
7963, 29
7964, 26
7965, 26
7966, 12
7967, 16
7968, 75
7969, 53
7970, 8
7971, 148
7972, 40
7973, 86
7974, 1
7975, 20
7976, 134
7977, 19
7978, 11
7979, 16
7980, 31
7981, 37
7982, 55
7983, 14
7984, 9
7985, 29
7986, 35
7987, 25
7988, 24
7989, 35
7990, 25
7991, 25
7992, 35
7993, 24
7994, 7
7995, 5
7996, 1
7997, 43
7998, 60
7999, 52
8000, 24
8001, 1
8002, 22
8003, 5
8004, 2
8005, 1
8006, 16
8007, 12
8008, 37
8009, 5
8010, 34
8011, 1
8012, 43
8013, 1
8014, 54
8015, 19
8016, 1
8017, 51
8018, 21
8019, 1
8020, 55
8021, 1
8022, 43
8023, 1
8024, 51
8025, 1
8026, 58
8027, 18
8028, 2
8029, 40
8030, 38
8031, 2
8032, 30
8033, 3
8034, 1
8035, 1
8036, 23
8037, 1
8038, 44
8039, 41
8040, 1
8041, 47
8042, 24
8043, 29
8044, 10
8045, 32
8046, 51
8047, 23
8048, 23
8049, 8
8050, 1
8051, 25
8052, 65
8053, 1
8054, 42
8055, 22
8056, 5
8057, 2
8058, 1
8059, 1
8060, 28
8061, 14
8062, 21
8063, 25
8064, 4
8065, 17
8066, 16
8067, 5
8068, 1
8069, 24
8070, 48
8071, 5
8072, 1
8073, 34
8074, 19
8075, 61
8076, 19
8077, 19
8078, 19
8079, 1
8080, 28
8081, 60
8082, 20
8083, 31
8084, 5
8085, 1
8086, 29
8087, 28
8088, 60
8089, 1
8090, 23
8091, 20
8092, 19
8093, 31
8094, 5
8095, 2
8096, 1
8097, 1
8098, 29
8099, 25
8100, 27
8101, 4
8102, 27
8103, 16
8104, 22
8105, 5
8106, 1
8107, 24
8108, 10
8109, 32
8110, 41
8111, 5
8112, 2
8113, 1
8114, 25
8115, 63
8116, 41
8117, 42
8118, 74
8119, 1
8120, 24
8121, 30
8122, 32
8123, 45
8124, 1
8125, 40
8126, 43
8127, 22
8128, 28
8129, 53
8130, 14
8131, 33
8132, 25
8133, 31
8134, 10
8135, 1
8136, 50
8137, 42
8138, 22
8139, 28
8140, 53
8141, 14
8142, 32
8143, 32
8144, 25
8145, 10
8146, 6
8147, 1
8148, 44
8149, 39
8150, 29
8151, 1
8152, 50
8153, 29
8154, 29
8155, 10
8156, 1
8157, 28
8158, 48
8159, 36
8160, 30
8161, 14
8162, 10
8163, 6
8164, 1
8165, 44
8166, 39
8167, 29
8168, 1
8169, 50
8170, 29
8171, 29
8172, 10
8173, 1
8174, 28
8175, 27
8176, 48
8177, 43
8178, 30
8179, 14
8180, 10
8181, 6
8182, 1
8183, 24
8184, 28
8185, 28
8186, 70
8187, 70
8188, 59
8189, 6
8190, 1
8191, 33
8192, 49
8193, 55
8194, 55
8195, 6
8196, 1
8197, 45
8198, 23
8199, 75
8200, 35
8201, 6
8202, 1
8203, 33
8204, 33
8205, 32
8206, 32
8207, 2
8208, 61
8209, 38
8210, 3
8211, 62
8212, 52
8213, 1
8214, 20
8215, 1
8216, 22
8217, 1
8218, 41
8219, 39
8220, 40
8221, 1
8222, 45
8223, 47
8224, 54
8225, 40
8226, 40
8227, 35
8228, 1
8229, 26
8230, 29
8231, 10
8232, 56
8233, 6
8234, 1
8235, 33
8236, 50
8237, 61
8238, 6
8239, 2
8240, 40
8241, 38
8242, 66
8243, 1
8244, 20
8245, 31
8246, 75
8247, 84
8248, 16
8249, 31
8250, 74
8251, 6
8252, 73
8253, 73
8254, 72
8255, 69
8256, 70
8257, 16
8258, 30
8259, 52
8260, 6
8261, 16
8262, 30
8263, 27
8264, 61
8265, 6
8266, 27
8267, 55
8268, 6
8269, 33
8270, 27
8271, 30
8272, 63
8273, 44
8274, 43
8275, 40
8276, 56
8277, 43
8278, 50
8279, 41
8280, 29
8281, 39
8282, 10
8283, 47
8284, 40
8285, 41
8286, 67
8287, 43
8288, 10
8289, 6
8290, 32
8291, 29
8292, 32
8293, 33
8294, 23
8295, 37
8296, 10
8297, 47
8298, 46
8299, 41
8300, 52
8301, 35
8302, 48
8303, 45
8304, 14
8305, 22
8306, 10
8307, 6
8308, 56
8309, 75
8310, 44
8311, 60
8312, 60
8313, 41
8314, 31
8315, 49
8316, 77
8317, 49
8318, 6
8319, 47
8320, 42
8321, 39
8322, 53
8323, 36
8324, 39
8325, 38
8326, 44
8327, 64
8328, 62
8329, 14
8330, 22
8331, 6
8332, 41
8333, 59
8334, 52
8335, 35
8336, 38
8337, 28
8338, 44
8339, 50
8340, 78
8341, 74
8342, 68
8343, 52
8344, 22
8345, 60
8346, 14
8347, 6
8348, 45
8349, 64
8350, 6
8351, 2
8352, 73
8353, 40
8354, 38
8355, 3
8356, 71
8357, 3
8358, 32
8359, 73
8360, 1
8361, 23
8362, 2
8363, 41
8364, 4
8365, 39
8366, 1
8367, 56
8368, 69
8369, 1
8370, 12
8371, 85
8372, 1
8373, 47
8374, 71
8375, 4
8376, 1
8377, 38
8378, 4
8379, 30
8380, 38
8381, 38
8382, 4
8383, 1
8384, 31
8385, 4
8386, 25
8387, 36
8388, 4
8389, 1
8390, 37
8391, 4
8392, 29
8393, 40
8394, 4
8395, 1
8396, 45
8397, 4
8398, 26
8399, 70
8400, 4
8401, 1
8402, 57
8403, 4
8404, 26
8405, 76
8406, 4
8407, 2
8408, 1
8409, 3
8410, 41
8411, 38
8412, 31
8413, 4
8414, 1
8415, 1
8416, 18
8417, 31
8418, 38
8419, 26
8420, 20
8421, 1
8422, 1
8423, 22
8424, 2
8425, 47
8426, 90
8427, 87
8428, 5
8429, 45
8430, 32
8431, 51
8432, 6
8433, 12
8434, 10
8435, 104
8436, 13
8437, 45
8438, 37
8439, 13
8440, 53
8441, 14
8442, 31
8443, 42
8444, 14
8445, 1
8446, 26
8447, 10
8448, 31
8449, 10
8450, 35
8451, 10
8452, 9
8453, 18
8454, 6
8455, 5
8456, 32
8457, 46
8458, 53
8459, 6
8460, 53
8461, 57
8462, 9
8463, 36
8464, 47
8465, 9
8466, 26
8467, 10
8468, 43
8469, 1
8470, 59
8471, 14
8472, 74
8473, 47
8474, 14
8475, 1
8476, 76
8477, 98
8478, 1
8479, 54
8480, 30
8481, 10
8482, 1
8483, 27
8484, 51
8485, 37
8486, 9
8487, 26
8488, 6
8489, 5
8490, 37
8491, 6
8492, 35
8493, 34
8494, 41
8495, 41
8496, 41
8497, 41
8498, 41
8499, 41
8500, 41
8501, 40
8502, 11
8503, 5
8504, 84
8505, 82
8506, 9
8507, 80
8508, 46
8509, 10
8510, 35
8511, 14
8512, 34
8513, 18
8514, 47
8515, 65
8516, 22
8517, 76
8518, 1
8519, 67
8520, 33
8521, 61
8522, 25
8523, 60
8524, 78
8525, 26
8526, 67
8527, 1
8528, 46
8529, 61
8530, 26
8531, 22
8532, 18
8533, 15
8534, 29
8535, 10
8536, 9
8537, 27
8538, 30
8539, 10
8540, 16
8541, 14
8542, 26
8543, 14
8544, 43
8545, 14
8546, 37
8547, 14
8548, 10
8549, 9
8550, 49
8551, 10
8552, 71
8553, 10
8554, 6
8555, 5
8556, 33
8557, 6
8558, 37
8559, 10
8560, 33
8561, 33
8562, 26
8563, 11
8564, 38
8565, 10
8566, 49
8567, 53
8568, 46
8569, 11
8570, 9
8571, 84
8572, 85
8573, 9
8574, 80
8575, 70
8576, 1
8577, 46
8578, 10
8579, 35
8580, 14
8581, 34
8582, 18
8583, 63
8584, 21
8585, 67
8586, 22
8587, 75
8588, 57
8589, 1
8590, 65
8591, 34
8592, 1
8593, 80
8594, 26
8595, 79
8596, 46
8597, 52
8598, 1
8599, 45
8600, 30
8601, 79
8602, 47
8603, 30
8604, 1
8605, 40
8606, 30
8607, 55
8608, 54
8609, 57
8610, 30
8611, 1
8612, 62
8613, 72
8614, 29
8615, 50
8616, 26
8617, 25
8618, 28
8619, 26
8620, 45
8621, 26
8622, 45
8623, 26
8624, 50
8625, 26
8626, 22
8627, 18
8628, 15
8629, 13
8630, 29
8631, 10
8632, 9
8633, 30
8634, 10
8635, 16
8636, 14
8637, 26
8638, 14
8639, 43
8640, 14
8641, 37
8642, 14
8643, 10
8644, 9
8645, 29
8646, 50
8647, 42
8648, 28
8649, 6
8650, 5
8651, 44
8652, 6
8653, 49
8654, 38
8655, 9
8656, 41
8657, 19
8658, 9
8659, 22
8660, 35
8661, 9
8662, 37
8663, 32
8664, 9
8665, 79
8666, 6
8667, 2
8668, 41
8669, 38
8670, 3
8671, 36
8672, 3
8673, 4
8674, 1
8675, 18
8676, 20
8677, 50
8678, 1
8679, 30
8680, 1
8681, 34
8682, 25
8683, 49
8684, 47
8685, 100
8686, 40
8687, 57
8688, 59
8689, 41
8690, 114
8691, 28
8692, 8
8693, 5
8694, 35
8695, 30
8696, 50
8697, 33
8698, 44
8699, 69
8700, 50
8701, 8
8702, 69
8703, 5
8704, 1
8705, 31
8706, 38
8707, 32
8708, 77
8709, 102
8710, 8
8711, 1
8712, 44
8713, 76
8714, 38
8715, 1
8716, 51
8717, 56
8718, 21
8719, 70
8720, 42
8721, 46
8722, 46
8723, 16
8724, 23
8725, 11
8726, 20
8727, 8
8728, 7
8729, 59
8730, 40
8731, 39
8732, 25
8733, 8
8734, 59
8735, 31
8736, 61
8737, 18
8738, 18
8739, 51
8740, 40
8741, 31
8742, 59
8743, 38
8744, 11
8745, 36
8746, 23
8747, 8
8748, 65
8749, 31
8750, 21
8751, 56
8752, 29
8753, 60
8754, 30
8755, 14
8756, 25
8757, 8
8758, 66
8759, 31
8760, 56
8761, 29
8762, 60
8763, 30
8764, 14
8765, 32
8766, 25
8767, 8
8768, 46
8769, 48
8770, 28
8771, 10
8772, 43
8773, 40
8774, 39
8775, 46
8776, 39
8777, 98
8778, 45
8779, 19
8780, 46
8781, 14
8782, 11
8783, 31
8784, 1
8785, 45
8786, 47
8787, 8
8788, 1
8789, 20
8790, 32
8791, 30
8792, 35
8793, 1
8794, 23
8795, 39
8796, 55
8797, 80
8798, 68
8799, 14
8800, 21
8801, 1
8802, 30
8803, 77
8804, 65
8805, 11
8806, 20
8807, 8
8808, 7
8809, 27
8810, 30
8811, 36
8812, 1
8813, 23
8814, 39
8815, 46
8816, 67
8817, 50
8818, 14
8819, 21
8820, 1
8821, 31
8822, 64
8823, 47
8824, 11
8825, 20
8826, 8
8827, 5
8828, 1
8829, 1
8830, 81
8831, 64
8832, 64
8833, 64
8834, 36
8835, 88
8836, 14
8837, 62
8838, 62
8839, 62
8840, 62
8841, 62
8842, 62
8843, 64
8844, 64
8845, 64
8846, 64
8847, 66
8848, 5
8849, 58
8850, 4
8851, 61
8852, 39
8853, 39
8854, 36
8855, 34
8856, 8
8857, 1
8858, 39
8859, 49
8860, 48
8861, 30
8862, 47
8863, 54
8864, 25
8865, 11
8866, 55
8867, 31
8868, 29
8869, 8
8870, 1
8871, 49
8872, 48
8873, 41
8874, 34
8875, 35
8876, 78
8877, 56
8878, 82
8879, 39
8880, 21
8881, 17
8882, 15
8883, 40
8884, 39
8885, 8
8886, 1
8887, 19
8888, 53
8889, 53
8890, 30
8891, 47
8892, 54
8893, 84
8894, 50
8895, 25
8896, 11
8897, 55
8898, 29
8899, 8
8900, 1
8901, 80
8902, 28
8903, 34
8904, 34
8905, 34
8906, 5
8907, 2
8908, 3
8909, 41
8910, 38
8911, 77
8912, 3
8913, 1
8914, 18
8915, 26
8916, 20
8917, 1
8918, 30
8919, 1
8920, 90
8921, 1
8922, 12
8923, 1
8924, 38
8925, 38
8926, 38
8927, 38
8928, 38
8929, 38
8930, 40
8931, 40
8932, 40
8933, 40
8934, 42
8935, 5
8936, 1
8937, 36
8938, 31
8939, 31
8940, 1
8941, 50
8942, 1
8943, 60
8944, 8
8945, 1
8946, 35
8947, 34
8948, 8
8949, 1
8950, 44
8951, 1
8952, 53
8953, 83
8954, 8
8955, 1
8956, 85
8957, 51
8958, 34
8959, 56
8960, 47
8961, 11
8962, 42
8963, 29
8964, 8
8965, 5
8966, 1
8967, 42
8968, 24
8969, 1
8970, 65
8971, 53
8972, 37
8973, 21
8974, 47
8975, 40
8976, 1
8977, 39
8978, 1
8979, 51
8980, 1
8981, 39
8982, 23
8983, 11
8984, 21
8985, 1
8986, 1
8987, 42
8988, 1
8989, 50
8990, 52
8991, 52
8992, 52
8993, 52
8994, 52
8995, 52
8996, 52
8997, 51
8998, 24
8999, 1
9000, 40
9001, 1
9002, 24
9003, 65
9004, 26
9005, 21
9006, 52
9007, 8
9008, 1
9009, 49
9010, 1
9011, 39
9012, 47
9013, 11
9014, 27
9015, 1
9016, 28
9017, 41
9018, 38
9019, 45
9020, 1
9021, 5
9022, 2
9023, 3
9024, 41
9025, 38
9026, 33
9027, 4
9028, 1
9029, 31
9030, 28
9031, 34
9032, 26
9033, 22
9034, 32
9035, 32
9036, 1
9037, 30
9038, 1
9039, 90
9040, 1
9041, 12
9042, 1
9043, 38
9044, 38
9045, 38
9046, 38
9047, 38
9048, 38
9049, 40
9050, 40
9051, 40
9052, 40
9053, 42
9054, 5
9055, 1
9056, 63
9057, 77
9058, 26
9059, 44
9060, 19
9061, 46
9062, 26
9063, 26
9064, 8
9065, 1
9066, 39
9067, 1
9068, 72
9069, 1
9070, 42
9071, 1
9072, 78
9073, 70
9074, 70
9075, 70
9076, 43
9077, 1
9078, 75
9079, 53
9080, 34
9081, 35
9082, 29
9083, 22
9084, 32
9085, 30
9086, 71
9087, 34
9088, 27
9089, 17
9090, 44
9091, 14
9092, 20
9093, 8
9094, 54
9095, 29
9096, 33
9097, 15
9098, 29
9099, 25
9100, 14
9101, 44
9102, 20
9103, 11
9104, 8
9105, 20
9106, 40
9107, 67
9108, 8
9109, 45
9110, 70
9111, 25
9112, 39
9113, 50
9114, 8
9115, 25
9116, 1
9117, 28
9118, 41
9119, 38
9120, 40
9121, 5
9122, 2
9123, 3
9124, 41
9125, 38
9126, 30
9127, 35
9128, 4
9129, 1
9130, 31
9131, 28
9132, 34
9133, 33
9134, 26
9135, 22
9136, 50
9137, 32
9138, 32
9139, 1
9140, 28
9141, 2
9142, 59
9143, 38
9144, 49
9145, 40
9146, 47
9147, 28
9148, 35
9149, 35
9150, 35
9151, 35
9152, 35
9153, 35
9154, 35
9155, 34
9156, 6
9157, 1
9158, 10
9159, 5
9160, 38
9161, 38
9162, 38
9163, 38
9164, 38
9165, 38
9166, 40
9167, 40
9168, 40
9169, 40
9170, 42
9171, 5
9172, 4
9173, 58
9174, 5
9175, 37
9176, 48
9177, 47
9178, 1
9179, 59
9180, 70
9181, 45
9182, 8
9183, 39
9184, 35
9185, 43
9186, 41
9187, 8
9188, 1
9189, 16
9190, 30
9191, 8
9192, 52
9193, 51
9194, 65
9195, 26
9196, 11
9197, 42
9198, 53
9199, 11
9200, 28
9201, 46
9202, 8
9203, 5
9204, 1
9205, 59
9206, 5
9207, 49
9208, 36
9209, 37
9210, 1
9211, 60
9212, 67
9213, 57
9214, 8
9215, 35
9216, 33
9217, 33
9218, 35
9219, 8
9220, 1
9221, 16
9222, 30
9223, 8
9224, 24
9225, 57
9226, 49
9227, 26
9228, 11
9229, 21
9230, 11
9231, 48
9232, 8
9233, 5
9234, 4
9235, 69
9236, 40
9237, 22
9238, 5
9239, 60
9240, 51
9241, 70
9242, 29
9243, 10
9244, 8
9245, 22
9246, 47
9247, 11
9248, 39
9249, 14
9250, 51
9251, 14
9252, 17
9253, 14
9254, 32
9255, 35
9256, 14
9257, 11
9258, 8
9259, 14
9260, 8
9261, 20
9262, 8
9263, 34
9264, 56
9265, 28
9266, 5
9267, 4
9268, 58
9269, 5
9270, 60
9271, 29
9272, 42
9273, 8
9274, 29
9275, 11
9276, 37
9277, 14
9278, 72
9279, 14
9280, 11
9281, 8
9282, 20
9283, 5
9284, 1
9285, 48
9286, 22
9287, 5
9288, 62
9289, 60
9290, 63
9291, 43
9292, 55
9293, 8
9294, 71
9295, 11
9296, 71
9297, 53
9298, 51
9299, 50
9300, 14
9301, 65
9302, 46
9303, 14
9304, 11
9305, 36
9306, 8
9307, 44
9308, 8
9309, 67
9310, 8
9311, 28
9312, 45
9313, 43
9314, 46
9315, 5
9316, 2
9317, 41
9318, 38
9319, 1
9320, 33
9321, 3
9322, 1
9323, 31
9324, 32
9325, 28
9326, 38
9327, 32
9328, 32
9329, 1
9330, 50
9331, 1
9332, 26
9333, 22
9334, 1
9335, 42
9336, 39
9337, 5
9338, 4
9339, 54
9340, 30
9341, 28
9342, 5
9343, 1
9344, 25
9345, 21
9346, 5
9347, 1
9348, 35
9349, 36
9350, 5
9351, 4
9352, 57
9353, 49
9354, 5
9355, 2
9356, 1
9357, 1
9358, 30
9359, 4
9360, 66
9361, 4
9362, 37
9363, 25
9364, 24
9365, 24
9366, 22
9367, 22
9368, 26
9369, 22
9370, 22
9371, 24
9372, 22
9373, 24
9374, 4
9375, 71
9376, 4
9377, 37
9378, 31
9379, 2
9380, 36
9381, 27
9382, 35
9383, 35
9384, 35
9385, 35
9386, 35
9387, 35
9388, 35
9389, 34
9390, 6
9391, 1
9392, 61
9393, 4
9394, 12
9395, 45
9396, 47
9397, 7
9398, 17
9399, 46
9400, 50
9401, 19
9402, 7
9403, 41
9404, 48
9405, 62
9406, 36
9407, 50
9408, 53
9409, 8
9410, 5
9411, 4
9412, 53
9413, 1
9414, 34
9415, 41
9416, 7
9417, 22
9418, 17
9419, 7
9420, 28
9421, 29
9422, 13
9423, 26
9424, 39
9425, 50
9426, 28
9427, 8
9428, 7
9429, 40
9430, 47
9431, 7
9432, 23
9433, 5
9434, 4
9435, 56
9436, 13
9437, 47
9438, 20
9439, 43
9440, 27
9441, 17
9442, 50
9443, 8
9444, 5
9445, 4
9446, 57
9447, 7
9448, 34
9449, 49
9450, 19
9451, 7
9452, 41
9453, 20
9454, 7
9455, 26
9456, 43
9457, 40
9458, 75
9459, 34
9460, 17
9461, 8
9462, 7
9463, 39
9464, 37
9465, 7
9466, 42
9467, 5
9468, 1
9469, 63
9470, 1
9471, 70
9472, 42
9473, 63
9474, 22
9475, 7
9476, 53
9477, 23
9478, 1
9479, 26
9480, 7
9481, 36
9482, 7
9483, 28
9484, 46
9485, 40
9486, 40
9487, 5
9488, 1
9489, 2
9490, 2
9491, 32
9492, 29
9493, 35
9494, 29
9495, 28
9496, 33
9497, 33
9498, 2
9499, 27
9500, 2
9501, 88
9502, 104
9503, 65
9504, 56
9505, 59
9506, 58
9507, 58
9508, 61
9509, 2
9510, 65
9511, 2
9512, 46
9513, 68
9514, 43
9515, 24
9516, 2
9517, 15
9518, 87
9519, 56
9520, 35
9521, 15
9522, 25
9523, 2
9524, 29
9525, 32
9526, 54
9527, 41
9528, 80
9529, 44
9530, 39
9531, 59
9532, 113
9533, 60
9534, 38
9535, 115
9536, 60
9537, 31
9538, 27
9539, 23
9540, 19
9541, 22
9542, 15
9543, 35
9544, 36
9545, 11
9546, 25
9547, 7
9548, 2
9549, 3
9550, 2
9551, 3
9552, 41
9553, 38
9554, 36
9555, 31
9556, 4
9557, 1
9558, 18
9559, 1
9560, 29
9561, 1
9562, 43
9563, 16
9564, 97
9565, 86
9566, 7
9567, 1
9568, 55
9569, 21
9570, 61
9571, 57
9572, 33
9573, 34
9574, 32
9575, 10
9576, 6
9577, 7
9578, 63
9579, 58
9580, 29
9581, 1
9582, 36
9583, 35
9584, 62
9585, 35
9586, 10
9587, 1
9588, 31
9589, 6
9590, 2
9591, 41
9592, 38
9593, 2
9594, 32
9595, 58
9596, 3
9597, 1
9598, 28
9599, 28
9600, 30
9601, 29
9602, 23
9603, 45
9604, 39
9605, 1
9606, 21
9607, 2
9608, 58
9609, 59
9610, 90
9611, 97
9612, 99
9613, 1
9614, 12
9615, 45
9616, 28
9617, 8
9618, 34
9619, 34
9620, 34
9621, 34
9622, 34
9623, 34
9624, 34
9625, 34
9626, 34
9627, 34
9628, 34
9629, 34
9630, 34
9631, 5
9632, 1
9633, 61
9634, 5
9635, 16
9636, 21
9637, 33
9638, 7
9639, 11
9640, 40
9641, 40
9642, 27
9643, 1
9644, 63
9645, 34
9646, 30
9647, 1
9648, 36
9649, 1
9650, 43
9651, 91
9652, 31
9653, 1
9654, 26
9655, 5
9656, 1
9657, 37
9658, 5
9659, 29
9660, 35
9661, 40
9662, 5
9663, 4
9664, 57
9665, 5
9666, 24
9667, 24
9668, 29
9669, 31
9670, 36
9671, 7
9672, 57
9673, 8
9674, 21
9675, 27
9676, 35
9677, 8
9678, 7
9679, 29
9680, 8
9681, 29
9682, 29
9683, 44
9684, 23
9685, 11
9686, 24
9687, 8
9688, 1
9689, 24
9690, 8
9691, 67
9692, 1
9693, 42
9694, 31
9695, 32
9696, 14
9697, 11
9698, 7
9699, 33
9700, 35
9701, 18
9702, 40
9703, 49
9704, 56
9705, 64
9706, 14
9707, 11
9708, 7
9709, 82
9710, 105
9711, 48
9712, 11
9713, 10
9714, 65
9715, 31
9716, 22
9717, 8
9718, 5
9719, 4
9720, 57
9721, 5
9722, 23
9723, 25
9724, 31
9725, 36
9726, 7
9727, 57
9728, 8
9729, 25
9730, 29
9731, 35
9732, 8
9733, 7
9734, 27
9735, 8
9736, 29
9737, 29
9738, 44
9739, 23
9740, 11
9741, 8
9742, 1
9743, 24
9744, 8
9745, 51
9746, 10
9747, 33
9748, 37
9749, 1
9750, 33
9751, 37
9752, 10
9753, 32
9754, 39
9755, 1
9756, 32
9757, 7
9758, 40
9759, 35
9760, 21
9761, 42
9762, 21
9763, 21
9764, 35
9765, 39
9766, 35
9767, 21
9768, 21
9769, 14
9770, 36
9771, 22
9772, 36
9773, 23
9774, 14
9775, 28
9776, 22
9777, 36
9778, 36
9779, 14
9780, 11
9781, 1
9782, 33
9783, 31
9784, 11
9785, 1
9786, 78
9787, 22
9788, 8
9789, 5
9790, 1
9791, 92
9792, 5
9793, 36
9794, 32
9795, 55
9796, 20
9797, 32
9798, 20
9799, 8
9800, 51
9801, 5
9802, 4
9803, 68
9804, 5
9805, 25
9806, 33
9807, 34
9808, 1
9809, 34
9810, 56
9811, 28
9812, 35
9813, 31
9814, 11
9815, 53
9816, 28
9817, 33
9818, 19
9819, 11
9820, 28
9821, 15
9822, 8
9823, 21
9824, 8
9825, 2
9826, 4
9827, 42
9828, 39
9829, 37
9830, 58
9831, 4
9832, 2
9833, 19
9834, 24
9835, 45
9836, 13
9837, 63
9838, 34
9839, 34
9840, 34
9841, 34
9842, 34
9843, 34
9844, 34
9845, 34
9846, 34
9847, 34
9848, 34
9849, 34
9850, 34
9851, 6
9852, 2
9853, 77
9854, 41
9855, 27
9856, 45
9857, 43
9858, 36
9859, 49
9860, 45
9861, 36
9862, 42
9863, 49
9864, 42
9865, 18
9866, 15
9867, 46
9868, 12
9869, 9
9870, 6
9871, 2
9872, 62
9873, 35
9874, 17
9875, 60
9876, 53
9877, 31
9878, 29
9879, 35
9880, 49
9881, 31
9882, 29
9883, 26
9884, 15
9885, 18
9886, 12
9887, 46
9888, 9
9889, 22
9890, 6
9891, 3
9892, 2
9893, 4
9894, 66
9895, 41
9896, 24
9897, 1
9898, 18
9899, 1
9900, 27
9901, 39
9902, 1
9903, 47
9904, 36
9905, 1
9906, 43
9907, 44
9908, 1
9909, 14
9910, 25
9911, 70
9912, 26
9913, 55
9914, 66
9915, 73
9916, 37
9917, 18
9918, 14
9919, 1
9920, 26
9921, 1
9922, 38
9923, 21
9924, 48
9925, 56
9926, 48
9927, 51
9928, 62
9929, 38
9930, 26
9931, 22
9932, 29
9933, 1
9934, 31
9935, 31
9936, 18
9937, 14
9938, 1
9939, 46
9940, 10
9941, 32
9942, 10
9943, 6
9944, 2
9945, 60
9946, 41
9947, 1
9948, 21
9949, 45
9950, 45
9951, 50
9952, 23
9953, 28
9954, 23
9955, 44
9956, 33
9957, 14
9958, 44
9959, 32
9960, 56
9961, 55
9962, 42
9963, 22
9964, 29
9965, 18
9966, 14
9967, 12
9968, 52
9969, 6
9970, 2
9971, 1
9972, 4
9973, 38
9974, 36
9975, 2
9976, 45
9977, 47
9978, 15
9979, 4
9980, 2
9981, 32
9982, 32
9983, 1
9984, 26
9985, 2
9986, 9
9987, 88
9988, 9
9989, 49
9990, 29
9991, 68
9992, 17
9993, 89
9994, 10
9995, 9
9996, 50
9997, 38
9998, 44
9999, 51
10000, 17
10001, 48
10002, 44
10003, 50
10004, 17
10005, 43
10006, 45
10007, 45
10008, 18
10009, 17
10010, 62
10011, 49
10012, 40
10013, 42
10014, 42
10015, 42
10016, 18
10017, 17
10018, 42
10019, 10
10020, 9
10021, 9
10022, 54
10023, 46
10024, 51
10025, 10
10026, 9
10027, 44
10028, 71
10029, 41
10030, 35
10031, 70
10032, 18
10033, 10
10034, 9
10035, 55
10036, 73
10037, 39
10038, 36
10039, 71
10040, 18
10041, 10
10042, 9
10043, 76
10044, 75
10045, 44
10046, 35
10047, 39
10048, 10
10049, 2
10050, 3
10051, 38
10052, 35
10053, 2
10054, 32
10055, 32
10056, 25
10057, 4
10058, 1
10059, 32
10060, 31
10061, 43
10062, 1
10063, 26
10064, 2
10065, 85
10066, 5
10067, 44
10068, 6
10069, 22
10070, 61
10071, 9
10072, 71
10073, 6
10074, 5
10075, 5
10076, 57
10077, 6
10078, 30
10079, 36
10080, 36
10081, 38
10082, 9
10083, 36
10084, 24
10085, 9
10086, 59
10087, 68
10088, 59
10089, 9
10090, 33
10091, 53
10092, 9
10093, 42
10094, 10
10095, 32
10096, 58
10097, 13
10098, 57
10099, 10
10100, 9
10101, 9
10102, 32
10103, 42
10104, 10
10105, 16
10106, 14
10107, 31
10108, 17
10109, 36
10110, 34
10111, 14
10112, 32
10113, 14
10114, 38
10115, 14
10116, 10
10117, 9
10118, 35
10119, 6
10120, 5
10121, 5
10122, 52
10123, 6
10124, 46
10125, 9
10126, 29
10127, 29
10128, 31
10129, 9
10130, 44
10131, 44
10132, 9
10133, 9
10134, 88
10135, 10
10136, 22
10137, 13
10138, 20
10139, 20
10140, 24
10141, 13
10142, 34
10143, 30
10144, 13
10145, 22
10146, 10
10147, 9
10148, 27
10149, 10
10150, 44
10151, 41
10152, 14
10153, 45
10154, 45
10155, 14
10156, 13
10157, 58
10158, 14
10159, 40
10160, 40
10161, 14
10162, 10
10163, 9
10164, 54
10165, 58
10166, 10
10167, 56
10168, 30
10169, 10
10170, 9
10171, 81
10172, 70
10173, 10
10174, 58
10175, 14
10176, 32
10177, 51
10178, 49
10179, 17
10180, 29
10181, 14
10182, 10
10183, 9
10184, 55
10185, 72
10186, 10
10187, 58
10188, 14
10189, 32
10190, 51
10191, 49
10192, 17
10193, 30
10194, 14
10195, 10
10196, 9
10197, 76
10198, 88
10199, 10
10200, 16
10201, 14
10202, 37
10203, 53
10204, 34
10205, 41
10206, 53
10207, 34
10208, 14
10209, 32
10210, 14
10211, 38
10212, 14
10213, 10
10214, 6
10215, 2
10216, 65
10217, 41
10218, 1
10219, 18
10220, 20
10221, 1
10222, 26
10223, 64
10224, 43
10225, 38
10226, 21
10227, 1
10228, 14
10229, 86
10230, 53
10231, 48
10232, 14
10233, 24
10234, 34
10235, 35
10236, 20
10237, 10
10238, 9
10239, 14
10240, 86
10241, 53
10242, 47
10243, 46
10244, 18
10245, 14
10246, 34
10247, 35
10248, 20
10249, 10
10250, 6
10251, 2
10252, 3
10253, 41
10254, 38
10255, 4
10256, 30
10257, 3
10258, 4
10259, 1
10260, 31
10261, 27
10262, 28
10263, 34
10264, 26
10265, 1
10266, 26
10267, 1
10268, 49
10269, 28
10270, 1
10271, 68
10272, 22
10273, 98
10274, 65
10275, 54
10276, 26
10277, 36
10278, 83
10279, 65
10280, 63
10281, 66
10282, 34
10283, 26
10284, 42
10285, 47
10286, 32
10287, 18
10288, 10
10289, 2
10290, 61
10291, 41
10292, 59
10293, 55
10294, 19
10295, 1
10296, 18
10297, 20
10298, 1
10299, 22
10300, 64
10301, 43
10302, 34
10303, 58
10304, 1
10305, 34
10306, 40
10307, 10
10308, 1
10309, 51
10310, 6
10311, 2
10312, 61
10313, 42
10314, 1
10315, 18
10316, 20
10317, 20
10318, 1
10319, 22
10320, 44
10321, 19
10322, 19
10323, 12
10324, 83
10325, 50
10326, 48
10327, 11
10328, 32
10329, 32
10330, 17
10331, 8
10332, 49
10333, 5
10334, 2
10335, 41
10336, 38
10337, 35
10338, 3
10339, 2
10340, 19
10341, 2
10342, 29
10343, 2
10344, 48
10345, 45
10346, 2
10347, 62
10348, 2
10349, 34
10350, 6
10351, 2
10352, 46
10353, 6
10354, 48
10355, 45
10356, 16
10357, 50
10358, 24
10359, 46
10360, 39
10361, 44
10362, 32
10363, 27
10364, 20
10365, 39
10366, 26
10367, 26
10368, 23
10369, 24
10370, 23
10371, 16
10372, 21
10373, 6
10374, 2
10375, 3
10376, 41
10377, 38
10378, 3
10379, 32
10380, 32
10381, 3
10382, 4
10383, 1
10384, 32
10385, 1
10386, 22
10387, 60
10388, 19
10389, 70
10390, 69
10391, 42
10392, 9
10393, 50
10394, 5
10395, 2
10396, 41
10397, 38
10398, 1
10399, 29
10400, 3
10401, 1
10402, 1
10403, 21
10404, 45
10405, 43
10406, 59
10407, 6
10408, 1
10409, 56
10410, 26
10411, 68
10412, 4
10413, 2
10414, 4
10415, 41
10416, 38
10417, 32
10418, 4
10419, 1
10420, 20
10421, 1
10422, 26
10423, 1
10424, 32
10425, 46
10426, 1
10427, 50
10428, 41
10429, 118
10430, 30
10431, 1
10432, 44
10433, 22
10434, 6
10435, 1
10436, 24
10437, 46
10438, 38
10439, 32
10440, 21
10441, 53
10442, 45
10443, 10
10444, 36
10445, 8
10446, 6
10447, 4
10448, 1
10449, 43
10450, 42
10451, 4
10452, 1
10453, 56
10454, 32
10455, 19
10456, 19
10457, 1
10458, 65
10459, 31
10460, 38
10461, 8
10462, 1
10463, 35
10464, 32
10465, 22
10466, 41
10467, 26
10468, 10
10469, 33
10470, 20
10471, 8
10472, 1
10473, 33
10474, 23
10475, 8
10476, 1
10477, 25
10478, 21
10479, 8
10480, 6
10481, 1
10482, 1
10483, 59
10484, 46
10485, 1
10486, 33
10487, 31
10488, 47
10489, 45
10490, 43
10491, 6
10492, 23
10493, 30
10494, 1
10495, 43
10496, 25
10497, 30
10498, 8
10499, 26
10500, 24
10501, 25
10502, 23
10503, 1
10504, 22
10505, 26
10506, 4
10507, 2
10508, 4
10509, 41
10510, 38
10511, 32
10512, 4
10513, 1
10514, 47
10515, 1
10516, 26
10517, 39
10518, 1
10519, 53
10520, 30
10521, 30
10522, 1
10523, 63
10524, 22
10525, 36
10526, 6
10527, 1
10528, 24
10529, 49
10530, 6
10531, 1
10532, 49
10533, 30
10534, 39
10535, 24
10536, 8
10537, 65
10538, 33
10539, 35
10540, 51
10541, 6
10542, 1
10543, 31
10544, 30
10545, 28
10546, 8
10547, 29
10548, 22
10549, 18
10550, 6
10551, 4
10552, 1
10553, 59
10554, 46
10555, 1
10556, 32
10557, 31
10558, 47
10559, 43
10560, 42
10561, 6
10562, 23
10563, 29
10564, 1
10565, 25
10566, 29
10567, 8
10568, 17
10569, 24
10570, 24
10571, 22
10572, 29
10573, 42
10574, 4
10575, 2
10576, 4
10577, 41
10578, 38
10579, 3
10580, 35
10581, 3
10582, 84
10583, 73
10584, 82
10585, 17
10586, 4
10587, 1
10588, 43
10589, 45
10590, 39
10591, 49
10592, 1
10593, 26
10594, 46
10595, 48
10596, 1
10597, 38
10598, 25
10599, 1
10600, 45
10601, 69
10602, 43
10603, 49
10604, 6
10605, 5
10606, 31
10607, 15
10608, 6
10609, 1
10610, 31
10611, 38
10612, 32
10613, 25
10614, 6
10615, 1
10616, 39
10617, 62
10618, 38
10619, 39
10620, 44
10621, 10
10622, 22
10623, 6
10624, 5
10625, 52
10626, 29
10627, 34
10628, 42
10629, 10
10630, 6
10631, 1
10632, 40
10633, 28
10634, 36
10635, 32
10636, 1
10637, 53
10638, 34
10639, 32
10640, 10
10641, 1
10642, 69
10643, 34
10644, 32
10645, 34
10646, 10
10647, 6
10648, 1
10649, 45
10650, 28
10651, 31
10652, 93
10653, 42
10654, 29
10655, 1
10656, 45
10657, 30
10658, 38
10659, 30
10660, 10
10661, 1
10662, 41
10663, 34
10664, 29
10665, 10
10666, 1
10667, 50
10668, 26
10669, 36
10670, 10
10671, 1
10672, 1
10673, 28
10674, 28
10675, 22
10676, 51
10677, 36
10678, 51
10679, 54
10680, 62
10681, 77
10682, 33
10683, 49
10684, 53
10685, 26
10686, 42
10687, 69
10688, 29
10689, 44
10690, 56
10691, 85
10692, 33
10693, 51
10694, 53
10695, 26
10696, 22
10697, 52
10698, 42
10699, 18
10700, 14
10701, 10
10702, 6
10703, 2
10704, 4
10705, 41
10706, 38
10707, 34
10708, 4
10709, 1
10710, 45
10711, 39
10712, 1
10713, 26
10714, 1
10715, 48
10716, 95
10717, 5
10718, 35
10719, 34
10720, 1
10721, 45
10722, 33
10723, 35
10724, 51
10725, 6
10726, 1
10727, 52
10728, 1
10729, 30
10730, 27
10731, 27
10732, 1
10733, 30
10734, 26
10735, 39
10736, 33
10737, 21
10738, 37
10739, 14
10740, 10
10741, 1
10742, 39
10743, 32
10744, 36
10745, 10
10746, 1
10747, 28
10748, 32
10749, 34
10750, 21
10751, 40
10752, 32
10753, 14
10754, 13
10755, 10
10756, 6
10757, 2
10758, 1
10759, 1
10760, 4
10761, 41
10762, 38
10763, 3
10764, 35
10765, 3
10766, 84
10767, 80
10768, 80
10769, 87
10770, 77
10771, 4
10772, 85
10773, 87
10774, 4
10775, 1
10776, 1
10777, 29
10778, 24
10779, 1
10780, 1
10781, 26
10782, 45
10783, 37
10784, 44
10785, 37
10786, 10
10787, 44
10788, 59
10789, 56
10790, 10
10791, 47
10792, 44
10793, 36
10794, 6
10795, 1
10796, 59
10797, 1
10798, 48
10799, 1
10800, 28
10801, 27
10802, 22
10803, 31
10804, 37
10805, 40
10806, 56
10807, 43
10808, 29
10809, 36
10810, 23
10811, 51
10812, 41
10813, 18
10814, 14
10815, 10
10816, 6
10817, 44
10818, 33
10819, 27
10820, 29
10821, 1
10822, 33
10823, 32
10824, 10
10825, 1
10826, 47
10827, 34
10828, 37
10829, 10
10830, 1
10831, 28
10832, 64
10833, 32
10834, 43
10835, 32
10836, 21
10837, 47
10838, 14
10839, 10
10840, 6
10841, 2
10842, 57
10843, 41
10844, 39
10845, 1
10846, 18
10847, 20
10848, 20
10849, 1
10850, 31
10851, 60
10852, 71
10853, 62
10854, 27
10855, 1
10856, 18
10857, 45
10858, 36
10859, 1
10860, 14
10861, 42
10862, 36
10863, 24
10864, 20
10865, 1
10866, 60
10867, 30
10868, 50
10869, 39
10870, 35
10871, 30
10872, 51
10873, 40
10874, 48
10875, 30
10876, 39
10877, 22
10878, 18
10879, 14
10880, 34
10881, 35
10882, 20
10883, 10
10884, 56
10885, 56
10886, 50
10887, 6
10888, 2
10889, 40
10890, 38
10891, 1
10892, 65
10893, 27
10894, 4
10895, 31
10896, 60
10897, 71
10898, 62
10899, 27
10900, 3
10901, 1
10902, 18
10903, 1
10904, 18
10905, 45
10906, 36
10907, 1
10908, 14
10909, 42
10910, 36
10911, 24
10912, 12
10913, 60
10914, 30
10915, 50
10916, 39
10917, 40
10918, 41
10919, 49
10920, 41
10921, 35
10922, 35
10923, 58
10924, 25
10925, 42
10926, 33
10927, 43
10928, 39
10929, 47
10930, 30
10931, 22
10932, 11
10933, 18
10934, 14
10935, 34
10936, 35
10937, 20
10938, 10
10939, 56
10940, 56
10941, 50
10942, 6
10943, 2
10944, 41
10945, 38
10946, 1
10947, 32
10948, 3
10949, 1
10950, 18
10951, 20
10952, 26
10953, 1
10954, 24
10955, 25
10956, 19
10957, 4
10958, 1
10959, 42
10960, 23
10961, 4
10962, 33
10963, 56
10964, 1
10965, 77
10966, 17
10967, 44
10968, 63
10969, 31
10970, 40
10971, 45
10972, 23
10973, 21
10974, 13
10975, 41
10976, 8
10977, 6
10978, 5
10979, 52
10980, 46
10981, 51
10982, 109
10983, 24
10984, 96
10985, 12
10986, 20
10987, 10
10988, 10
10989, 5
10990, 92
10991, 46
10992, 35
10993, 26
10994, 46
10995, 44
10996, 72
10997, 30
10998, 77
10999, 11
11000, 47
11001, 6
11002, 4
11003, 2
11004, 1
