1, 42
2, 39
3, 2
4, 32
5, 42
6, 2
7, 17
8, 17
9, 2
10, 34
11, 2
12, 45
13, 2
14, 35
15, 19
16, 16
17, 52
18, 46
19, 12
20, 32
21, 2
22, 25
23, 27
24, 18
25, 81
26, 2
27, 2
28, 32
29, 63
30, 79
31, 38
32, 69
33, 75
34, 62
35, 2
36, 19
37, 2
38, 24
39, 40
40, 49
41, 36
42, 86
43, 57
44, 52
45, 48
46, 110
47, 2
48, 22
49, 63
50, 65
51, 24
52, 41
53, 38
54, 2
55, 41
56, 2
57, 30
58, 70
59, 1
60, 16
61, 18
62, 1
63, 33
64, 1
65, 44
66, 1
67, 34
68, 22
69, 21
70, 57
71, 51
72, 17
73, 35
74, 1
75, 24
76, 26
77, 19
78, 80
79, 1
80, 30
81, 65
82, 75
83, 42
84, 75
85, 81
86, 66
87, 1
88, 18
89, 1
90, 23
91, 39
92, 51
93, 37
94, 91
95, 60
96, 37
97, 45
98, 46
99, 26
100, 112
101, 26
102, 1
103, 21
104, 66
105, 67
106, 30
107, 41
108, 38
109, 2
110, 41
111, 2
112, 30
113, 70
114, 63
115, 1
116, 16
117, 16
118, 1
119, 33
120, 1
121, 44
122, 1
123, 34
124, 28
125, 31
126, 26
127, 35
128, 17
129, 71
130, 50
131, 55
132, 50
133, 20
134, 1
135, 24
136, 26
137, 23
138, 53
139, 67
140, 59
141, 1
142, 30
143, 61
144, 68
145, 35
146, 84
147, 90
148, 59
149, 1
150, 18
151, 1
152, 23
153, 39
154, 48
155, 35
156, 85
157, 57
158, 37
159, 71
160, 46
161, 29
162, 106
163, 27
164, 1
165, 21
166, 62
167, 64
168, 23
169, 41
170, 38
171, 2
172, 41
173, 2
174, 30
175, 70
176, 63
177, 1
178, 16
179, 16
180, 1
181, 33
182, 1
183, 44
184, 1
185, 34
186, 28
187, 31
188, 26
189, 35
190, 17
191, 71
192, 50
193, 55
194, 50
195, 20
196, 1
197, 24
198, 26
199, 23
200, 53
201, 67
202, 59
203, 1
204, 30
205, 61
206, 68
207, 35
208, 84
209, 90
210, 59
211, 1
212, 18
213, 1
214, 23
215, 39
216, 48
217, 35
218, 85
219, 57
220, 38
221, 71
222, 46
223, 29
224, 106
225, 27
226, 1
227, 21
228, 62
229, 64
230, 23
231, 41
232, 38
233, 2
234, 41
235, 2
236, 30
237, 70
238, 68
239, 56
240, 1
241, 16
242, 16
243, 1
244, 33
245, 1
246, 24
247, 17
248, 12
249, 14
250, 1
251, 70
252, 32
253, 1
254, 41
255, 12
256, 26
257, 21
258, 24
259, 1
260, 34
261, 28
262, 31
263, 26
264, 35
265, 17
266, 71
267, 50
268, 55
269, 50
270, 20
271, 1
272, 34
273, 26
274, 23
275, 53
276, 67
277, 59
278, 1
279, 30
280, 61
281, 68
282, 35
283, 84
284, 90
285, 59
286, 1
287, 18
288, 1
289, 23
290, 39
291, 48
292, 35
293, 85
294, 57
295, 70
296, 69
297, 70
298, 69
299, 37
300, 71
301, 46
302, 29
303, 106
304, 27
305, 1
306, 21
307, 62
308, 64
309, 23
310, 43
311, 40
312, 1
313, 36
314, 54
315, 1
316, 18
317, 28
318, 16
319, 1
320, 33
321, 1
322, 1
323, 68
324, 69
325, 71
326, 49
327, 1
328, 40
329, 21
330, 30
331, 23
332, 27
333, 23
334, 35
335, 37
336, 31
337, 39
338, 1
339, 1
340, 44
341, 21
342, 16
343, 19
344, 24
345, 24
346, 21
347, 23
348, 32
349, 22
350, 1
351, 1
352, 41
353, 30
354, 67
355, 14
356, 6
357, 61
358, 20
359, 32
360, 28
361, 43
362, 37
363, 18
364, 16
365, 46
366, 41
367, 1
368, 1
369, 70
370, 71
371, 62
372, 66
373, 53
374, 1
375, 69
376, 68
377, 69
378, 13
379, 1
380, 70
381, 70
382, 70
383, 70
384, 70
385, 70
386, 1
387, 68
388, 71
389, 69
390, 36
391, 1
392, 28
393, 21
394, 15
395, 43
396, 18
397, 43
398, 51
399, 19
400, 14
401, 28
402, 29
403, 38
404, 44
405, 36
406, 69
407, 1
408, 1
409, 36
410, 29
411, 31
412, 26
413, 1
414, 1
415, 64
416, 61
417, 1
418, 70
419, 68
420, 28
421, 1
422, 51
423, 18
424, 20
425, 16
426, 32
427, 24
428, 14
429, 9
430, 21
431, 20
432, 19
433, 9
434, 27
435, 13
436, 20
437, 13
438, 11
439, 17
440, 37
441, 20
442, 23
443, 32
444, 1
445, 1
446, 72
447, 32
448, 32
449, 27
450, 29
451, 33
452, 21
453, 22
454, 20
455, 28
456, 58
457, 41
458, 64
459, 54
460, 1
461, 1
462, 19
463, 41
464, 45
465, 66
466, 72
467, 43
468, 62
469, 67
470, 31
471, 1
472, 1
473, 21
474, 39
475, 41
476, 41
477, 10
478, 44
479, 31
480, 53
481, 10
482, 23
483, 43
484, 40
485, 1
486, 33
487, 1
488, 10
489, 16
490, 1
491, 33
492, 1
493, 1
494, 55
495, 50
496, 44
497, 27
498, 30
499, 38
500, 48
501, 58
502, 48
503, 70
504, 64
505, 39
506, 76
507, 49
508, 51
509, 21
510, 29
511, 32
512, 61
513, 43
514, 81
515, 36
516, 12
517, 57
518, 74
519, 1
520, 1
521, 20
522, 40
523, 1
524, 1
525, 68
526, 8
527, 30
528, 26
529, 24
530, 25
531, 31
532, 38
533, 62
534, 35
535, 35
536, 1
537, 1
538, 51
539, 1
540, 56
541, 33
542, 25
543, 32
544, 30
545, 32
546, 48
547, 44
548, 30
549, 36
550, 1
551, 1
552, 32
553, 75
554, 46
555, 21
556, 69
557, 73
558, 1
559, 1
560, 55
561, 68
562, 44
563, 27
564, 38
565, 49
566, 50
567, 48
568, 41
569, 32
570, 62
571, 55
572, 51
573, 35
574, 66
575, 47
576, 31
577, 1
578, 1
579, 59
580, 59
581, 59
582, 59
583, 59
584, 59
585, 54
586, 1
587, 20
588, 20
589, 20
590, 20
591, 20
592, 20
593, 20
594, 20
595, 20
596, 20
597, 20
598, 20
599, 20
600, 20
601, 22
602, 1
603, 39
604, 39
605, 39
606, 41
607, 1
608, 1
609, 34
610, 12
611, 28
612, 32
613, 56
614, 1
615, 1
616, 25
617, 31
618, 1
619, 1
620, 30
621, 26
622, 49
623, 69
624, 18
625, 1
626, 1
627, 21
628, 39
629, 55
630, 49
631, 23
632, 45
633, 48
634, 73
635, 78
636, 68
637, 50
638, 73
639, 66
640, 19
641, 23
642, 43
643, 40
644, 1
645, 33
646, 1
647, 10
648, 16
649, 1
650, 33
651, 1
652, 1
653, 64
654, 50
655, 44
656, 60
657, 30
658, 38
659, 46
660, 48
661, 58
662, 48
663, 71
664, 67
665, 39
666, 80
667, 57
668, 49
669, 51
670, 21
671, 29
672, 32
673, 61
674, 51
675, 35
676, 28
677, 79
678, 43
679, 41
680, 12
681, 75
682, 74
683, 1
684, 1
685, 20
686, 40
687, 1
688, 1
689, 68
690, 8
691, 30
692, 26
693, 24
694, 25
695, 31
696, 38
697, 62
698, 35
699, 35
700, 1
701, 1
702, 32
703, 75
704, 45
705, 35
706, 21
707, 50
708, 69
709, 68
710, 43
711, 40
712, 52
713, 46
714, 46
715, 30
716, 1
717, 1
718, 64
719, 68
720, 44
721, 42
722, 38
723, 49
724, 50
725, 48
726, 54
727, 32
728, 62
729, 58
730, 51
731, 35
732, 66
733, 50
734, 44
735, 1
736, 1
737, 59
738, 59
739, 59
740, 59
741, 59
742, 59
743, 54
744, 1
745, 20
746, 20
747, 20
748, 20
749, 20
750, 20
751, 20
752, 20
753, 20
754, 20
755, 20
756, 20
757, 20
758, 20
759, 22
760, 1
761, 39
762, 39
763, 39
764, 41
765, 1
766, 1
767, 34
768, 12
769, 28
770, 32
771, 56
772, 1
773, 1
774, 25
775, 31
776, 1
777, 1
778, 30
779, 26
780, 44
781, 62
782, 43
783, 69
784, 18
785, 1
786, 1
787, 21
788, 39
789, 55
790, 49
791, 23
792, 59
793, 48
794, 73
795, 81
796, 71
797, 50
798, 76
799, 66
800, 22
801, 23
802, 43
803, 40
804, 1
805, 33
806, 1
807, 10
808, 16
809, 1
810, 33
811, 1
812, 1
813, 64
814, 50
815, 44
816, 60
817, 30
818, 38
819, 46
820, 48
821, 58
822, 48
823, 71
824, 67
825, 39
826, 80
827, 57
828, 49
829, 51
830, 21
831, 29
832, 32
833, 61
834, 51
835, 35
836, 28
837, 79
838, 43
839, 41
840, 12
841, 75
842, 51
843, 68
844, 45
845, 1
846, 1
847, 20
848, 40
849, 1
850, 1
851, 68
852, 8
853, 30
854, 26
855, 38
856, 24
857, 25
858, 31
859, 38
860, 47
861, 42
862, 72
863, 49
864, 35
865, 49
866, 1
867, 1
868, 76
869, 33
870, 35
871, 22
872, 61
873, 68
874, 67
875, 42
876, 41
877, 55
878, 48
879, 57
880, 31
881, 1
882, 1
883, 64
884, 66
885, 60
886, 44
887, 42
888, 38
889, 49
890, 50
891, 48
892, 54
893, 32
894, 70
895, 58
896, 51
897, 35
898, 74
899, 50
900, 43
901, 11
902, 1
903, 1
904, 59
905, 59
906, 59
907, 59
908, 59
909, 59
910, 54
911, 1
912, 20
913, 20
914, 20
915, 20
916, 20
917, 20
918, 20
919, 20
920, 20
921, 20
922, 20
923, 20
924, 20
925, 20
926, 22
927, 1
928, 39
929, 39
930, 39
931, 41
932, 1
933, 1
934, 34
935, 12
936, 28
937, 32
938, 56
939, 1
940, 1
941, 25
942, 31
943, 1
944, 1
945, 30
946, 26
947, 44
948, 62
949, 43
950, 69
951, 18
952, 1
953, 1
954, 21
955, 39
956, 55
957, 49
958, 23
959, 59
960, 48
961, 72
962, 34
963, 81
964, 19
965, 77
966, 65
967, 78
968, 78
969, 23
970, 43
971, 40
972, 1
973, 29
974, 40
975, 1
976, 10
977, 16
978, 1
979, 33
980, 1
981, 1
982, 17
983, 27
984, 1
985, 1
986, 61
987, 61
988, 61
989, 61
990, 61
991, 61
992, 56
993, 1
994, 32
995, 1
996, 52
997, 48
998, 1
999, 52
1000, 53
1001, 1
1002, 1
1003, 26
1004, 19
1005, 23
1006, 22
1007, 8
1008, 44
1009, 1
1010, 1
1011, 35
1012, 47
1013, 27
1014, 40
1015, 26
1016, 24
1017, 25
1018, 23
1019, 45
1020, 40
1021, 46
1022, 64
1023, 71
1024, 64
1025, 67
1026, 64
1027, 67
1028, 68
1029, 26
1030, 64
1031, 34
1032, 1
1033, 1
1034, 36
1035, 26
1036, 68
1037, 1
1038, 1
1039, 47
1040, 28
1041, 31
1042, 35
1043, 32
1044, 20
1045, 66
1046, 8
1047, 1
1048, 1
1049, 40
1050, 58
1051, 38
1052, 28
1053, 34
1054, 43
1055, 51
1056, 21
1057, 21
1058, 22
1059, 49
1060, 22
1061, 41
1062, 59
1063, 55
1064, 45
1065, 61
1066, 29
1067, 45
1068, 12
1069, 42
1070, 57
1071, 1
1072, 1
1073, 61
1074, 46
1075, 51
1076, 1
1077, 1
1078, 67
1079, 40
1080, 46
1081, 54
1082, 28
1083, 34
1084, 39
1085, 59
1086, 38
1087, 72
1088, 62
1089, 68
1090, 56
1091, 72
1092, 20
1093, 12
1094, 44
1095, 55
1096, 44
1097, 54
1098, 16
1099, 76
1100, 30
1101, 16
1102, 59
1103, 55
1104, 46
1105, 57
1106, 16
1107, 40
1108, 33
1109, 24
1110, 20
1111, 75
1112, 71
1113, 24
1114, 59
1115, 50
1116, 1
1117, 1
1118, 58
1119, 44
1120, 1
1121, 1
1122, 21
1123, 42
1124, 59
1125, 47
1126, 49
1127, 35
1128, 52
1129, 41
1130, 57
1131, 49
1132, 23
1133, 43
1134, 40
1135, 1
1136, 33
1137, 1
1138, 16
1139, 16
1140, 1
1141, 33
1142, 1
1143, 1
1144, 29
1145, 62
1146, 6
1147, 26
1148, 1
1149, 1
1150, 39
1151, 73
1152, 29
1153, 15
1154, 34
1155, 72
1156, 1
1157, 1
1158, 40
1159, 69
1160, 73
1161, 62
1162, 72
1163, 71
1164, 63
1165, 19
1166, 35
1167, 77
1168, 73
1169, 35
1170, 26
1171, 68
1172, 76
1173, 43
1174, 26
1175, 1
1176, 1
1177, 25
1178, 70
1179, 39
1180, 10
1181, 27
1182, 66
1183, 1
1184, 1
1185, 19
1186, 13
1187, 27
1188, 25
1189, 59
1190, 8
1191, 1
1192, 1
1193, 12
1194, 72
1195, 71
1196, 69
1197, 68
1198, 68
1199, 62
1200, 11
1201, 54
1202, 1
1203, 1
1204, 23
1205, 10
1206, 16
1207, 41
1208, 81
1209, 37
1210, 37
1211, 68
1212, 1
1213, 1
1214, 23
1215, 14
1216, 43
1217, 1
1218, 1
1219, 21
1220, 49
1221, 77
1222, 14
1223, 78
1224, 26
1225, 14
1226, 78
1227, 26
1228, 14
1229, 43
1230, 78
1231, 26
1232, 14
1233, 44
1234, 78
1235, 26
1236, 14
1237, 46
1238, 78
1239, 26
1240, 14
1241, 53
1242, 80
1243, 27
1244, 14
1245, 59
1246, 80
1247, 27
1248, 16
1249, 23
1250, 43
1251, 40
1252, 1
1253, 33
1254, 1
1255, 16
1256, 16
1257, 1
1258, 33
1259, 1
1260, 1
1261, 27
1262, 12
1263, 29
1264, 55
1265, 1
1266, 1
1267, 70
1268, 64
1269, 71
1270, 68
1271, 16
1272, 1
1273, 20
1274, 24
1275, 28
1276, 20
1277, 59
1278, 53
1279, 48
1280, 30
1281, 43
1282, 60
1283, 43
1284, 38
1285, 32
1286, 30
1287, 28
1288, 51
1289, 49
1290, 53
1291, 44
1292, 76
1293, 1
1294, 1
1295, 59
1296, 1
1297, 33
1298, 26
1299, 1
1300, 1
1301, 71
1302, 29
1303, 1
1304, 52
1305, 34
1306, 72
1307, 1
1308, 1
1309, 67
1310, 69
1311, 68
1312, 66
1313, 71
1314, 71
1315, 1
1316, 57
1317, 27
1318, 63
1319, 10
1320, 26
1321, 68
1322, 76
1323, 43
1324, 26
1325, 1
1326, 1
1327, 52
1328, 52
1329, 1
1330, 1
1331, 66
1332, 70
1333, 68
1334, 66
1335, 71
1336, 70
1337, 67
1338, 1
1339, 33
1340, 36
1341, 36
1342, 32
1343, 32
1344, 34
1345, 32
1346, 32
1347, 35
1348, 37
1349, 34
1350, 35
1351, 1
1352, 68
1353, 68
1354, 64
1355, 13
1356, 1
1357, 25
1358, 71
1359, 51
1360, 17
1361, 34
1362, 24
1363, 5
1364, 24
1365, 68
1366, 37
1367, 1
1368, 1
1369, 29
1370, 39
1371, 56
1372, 35
1373, 1
1374, 1
1375, 44
1376, 29
1377, 42
1378, 44
1379, 48
1380, 62
1381, 31
1382, 25
1383, 21
1384, 31
1385, 49
1386, 61
1387, 29
1388, 58
1389, 69
1390, 45
1391, 1
1392, 1
1393, 45
1394, 16
1395, 41
1396, 81
1397, 37
1398, 53
1399, 68
1400, 1
1401, 1
1402, 39
1403, 68
1404, 1
1405, 1
1406, 38
1407, 57
1408, 16
1409, 7
1410, 16
1411, 62
1412, 36
1413, 62
1414, 36
1415, 32
1416, 42
1417, 33
1418, 42
1419, 35
1420, 42
1421, 41
1422, 43
1423, 47
1424, 46
1425, 59
1426, 14
1427, 1
1428, 1
1429, 41
1430, 56
1431, 1
1432, 1
1433, 21
1434, 19
1435, 36
1436, 38
1437, 47
1438, 17
1439, 42
1440, 10
1441, 47
1442, 49
1443, 76
1444, 65
1445, 72
1446, 71
1447, 73
1448, 68
1449, 48
1450, 30
1451, 56
1452, 56
1453, 74
1454, 64
1455, 61
1456, 14
1457, 25
1458, 20
1459, 19
1460, 23
1461, 43
1462, 40
1463, 1
1464, 33
1465, 1
1466, 16
1467, 16
1468, 1
1469, 33
1470, 1
1471, 1
1472, 28
1473, 22
1474, 18
1475, 1
1476, 1
1477, 69
1478, 16
1479, 25
1480, 15
1481, 37
1482, 1
1483, 2
1484, 27
1485, 12
1486, 29
1487, 55
1488, 1
1489, 1
1490, 70
1491, 64
1492, 71
1493, 68
1494, 16
1495, 1
1496, 20
1497, 24
1498, 28
1499, 20
1500, 59
1501, 53
1502, 48
1503, 30
1504, 43
1505, 60
1506, 43
1507, 38
1508, 32
1509, 30
1510, 28
1511, 51
1512, 49
1513, 53
1514, 44
1515, 76
1516, 1
1517, 1
1518, 59
1519, 1
1520, 33
1521, 26
1522, 1
1523, 1
1524, 71
1525, 29
1526, 1
1527, 52
1528, 34
1529, 72
1530, 1
1531, 1
1532, 67
1533, 69
1534, 68
1535, 66
1536, 71
1537, 71
1538, 1
1539, 57
1540, 27
1541, 63
1542, 10
1543, 26
1544, 68
1545, 76
1546, 43
1547, 26
1548, 1
1549, 1
1550, 52
1551, 52
1552, 1
1553, 1
1554, 66
1555, 70
1556, 68
1557, 66
1558, 71
1559, 70
1560, 67
1561, 1
1562, 33
1563, 36
1564, 36
1565, 32
1566, 32
1567, 34
1568, 32
1569, 32
1570, 35
1571, 37
1572, 34
1573, 35
1574, 1
1575, 68
1576, 68
1577, 64
1578, 13
1579, 1
1580, 25
1581, 71
1582, 51
1583, 17
1584, 34
1585, 24
1586, 5
1587, 24
1588, 50
1589, 48
1590, 37
1591, 1
1592, 1
1593, 29
1594, 39
1595, 56
1596, 35
1597, 1
1598, 1
1599, 44
1600, 29
1601, 42
1602, 44
1603, 48
1604, 62
1605, 46
1606, 52
1607, 36
1608, 23
1609, 25
1610, 14
1611, 31
1612, 49
1613, 61
1614, 55
1615, 62
1616, 64
1617, 30
1618, 47
1619, 41
1620, 41
1621, 1
1622, 1
1623, 32
1624, 19
1625, 1
1626, 1
1627, 45
1628, 16
1629, 53
1630, 31
1631, 74
1632, 72
1633, 54
1634, 62
1635, 63
1636, 44
1637, 39
1638, 61
1639, 62
1640, 51
1641, 46
1642, 46
1643, 71
1644, 1
1645, 1
1646, 39
1647, 34
1648, 74
1649, 23
1650, 1
1651, 1
1652, 38
1653, 8
1654, 17
1655, 63
1656, 58
1657, 63
1658, 58
1659, 33
1660, 64
1661, 34
1662, 64
1663, 36
1664, 64
1665, 42
1666, 65
1667, 48
1668, 68
1669, 1
1670, 1
1671, 41
1672, 56
1673, 1
1674, 1
1675, 21
1676, 19
1677, 36
1678, 38
1679, 47
1680, 17
1681, 42
1682, 10
1683, 47
1684, 49
1685, 76
1686, 65
1687, 72
1688, 71
1689, 73
1690, 68
1691, 48
1692, 30
1693, 56
1694, 56
1695, 74
1696, 61
1697, 14
1698, 25
1699, 20
1700, 19
1701, 21
1702, 44
1703, 41
1704, 2
1705, 34
1706, 2
1707, 72
1708, 69
1709, 70
1710, 31
1711, 2
1712, 26
1713, 71
1714, 2
1715, 16
1716, 16
1717, 45
1718, 2
1719, 34
1720, 2
1721, 25
1722, 33
1723, 2
1724, 17
1725, 25
1726, 44
1727, 51
1728, 23
1729, 24
1730, 72
1731, 61
1732, 75
1733, 28
1734, 28
1735, 58
1736, 27
1737, 28
1738, 34
1739, 48
1740, 37
1741, 42
1742, 37
1743, 26
1744, 2
1745, 2
1746, 41
1747, 31
1748, 2
1749, 2
1750, 19
1751, 20
1752, 24
1753, 18
1754, 2
1755, 2
1756, 30
1757, 22
1758, 36
1759, 34
1760, 27
1761, 32
1762, 17
1763, 56
1764, 61
1765, 38
1766, 28
1767, 28
1768, 49
1769, 30
1770, 26
1771, 48
1772, 27
1773, 32
1774, 17
1775, 37
1776, 32
1777, 38
1778, 82
1779, 16
1780, 2
1781, 2
1782, 27
1783, 45
1784, 32
1785, 32
1786, 77
1787, 32
1788, 66
1789, 27
1790, 2
1791, 2
1792, 28
1793, 35
1794, 20
1795, 42
1796, 55
1797, 23
1798, 65
1799, 26
1800, 15
1801, 2
1802, 2
1803, 25
1804, 51
1805, 29
1806, 60
1807, 32
1808, 2
1809, 2
1810, 22
1811, 52
1812, 16
1813, 50
1814, 16
1815, 50
1816, 20
1817, 16
1818, 24
1819, 24
1820, 43
1821, 40
1822, 1
1823, 33
1824, 1
1825, 71
1826, 68
1827, 69
1828, 30
1829, 1
1830, 15
1831, 15
1832, 44
1833, 1
1834, 1
1835, 24
1836, 32
1837, 1
1838, 16
1839, 24
1840, 43
1841, 50
1842, 22
1843, 23
1844, 71
1845, 60
1846, 74
1847, 27
1848, 27
1849, 47
1850, 26
1851, 27
1852, 33
1853, 47
1854, 36
1855, 41
1856, 36
1857, 25
1858, 1
1859, 1
1860, 40
1861, 30
1862, 1
1863, 1
1864, 12
1865, 8
1866, 19
1867, 23
1868, 17
1869, 1
1870, 1
1871, 18
1872, 13
1873, 21
1874, 35
1875, 33
1876, 26
1877, 31
1878, 16
1879, 55
1880, 60
1881, 37
1882, 27
1883, 27
1884, 48
1885, 29
1886, 25
1887, 47
1888, 26
1889, 31
1890, 16
1891, 36
1892, 31
1893, 37
1894, 81
1895, 15
1896, 1
1897, 1
1898, 18
1899, 11
1900, 12
1901, 29
1902, 55
1903, 1
1904, 1
1905, 20
1906, 70
1907, 69
1908, 73
1909, 55
1910, 24
1911, 28
1912, 20
1913, 59
1914, 53
1915, 48
1916, 30
1917, 43
1918, 60
1919, 43
1920, 38
1921, 32
1922, 30
1923, 28
1924, 51
1925, 49
1926, 53
1927, 65
1928, 76
1929, 3
1930, 1
1931, 38
1932, 44
1933, 31
1934, 31
1935, 76
1936, 31
1937, 40
1938, 74
1939, 35
1940, 1
1941, 1
1942, 39
1943, 46
1944, 19
1945, 41
1946, 54
1947, 22
1948, 64
1949, 25
1950, 14
1951, 1
1952, 1
1953, 41
1954, 56
1955, 1
1956, 24
1957, 50
1958, 28
1959, 59
1960, 77
1961, 78
1962, 81
1963, 41
1964, 57
1965, 31
1966, 1
1967, 1
1968, 21
1969, 51
1970, 15
1971, 49
1972, 15
1973, 49
1974, 19
1975, 15
1976, 19
1977, 31
1978, 13
1979, 58
1980, 24
1981, 56
1982, 26
1983, 51
1984, 20
1985, 47
1986, 35
1987, 23
1988, 43
1989, 40
1990, 1
1991, 33
1992, 1
1993, 71
1994, 68
1995, 69
1996, 30
1997, 1
1998, 25
1999, 70
2000, 1
2001, 28
2002, 70
2003, 71
2004, 68
2005, 13
2006, 1
2007, 15
2008, 15
2009, 44
2010, 1
2011, 33
2012, 1
2013, 1
2014, 24
2015, 32
2016, 1
2017, 16
2018, 24
2019, 43
2020, 50
2021, 22
2022, 23
2023, 71
2024, 60
2025, 74
2026, 27
2027, 27
2028, 57
2029, 26
2030, 27
2031, 33
2032, 47
2033, 36
2034, 41
2035, 36
2036, 25
2037, 1
2038, 1
2039, 40
2040, 30
2041, 1
2042, 1
2043, 18
2044, 19
2045, 23
2046, 17
2047, 1
2048, 1
2049, 39
2050, 21
2051, 33
2052, 69
2053, 50
2054, 21
2055, 21
2056, 24
2057, 24
2058, 32
2059, 34
2060, 19
2061, 12
2062, 46
2063, 32
2064, 75
2065, 53
2066, 18
2067, 16
2068, 66
2069, 74
2070, 37
2071, 49
2072, 48
2073, 39
2074, 26
2075, 26
2076, 50
2077, 37
2078, 25
2079, 51
2080, 37
2081, 1
2082, 1
2083, 26
2084, 44
2085, 31
2086, 31
2087, 80
2088, 54
2089, 80
2090, 55
2091, 47
2092, 25
2093, 1
2094, 1
2095, 27
2096, 34
2097, 20
2098, 33
2099, 12
2100, 54
2101, 22
2102, 41
2103, 25
2104, 14
2105, 1
2106, 1
2107, 21
2108, 50
2109, 25
2110, 24
2111, 43
2112, 40
2113, 1
2114, 33
2115, 1
2116, 71
2117, 68
2118, 69
2119, 30
2120, 1
2121, 25
2122, 70
2123, 1
2124, 28
2125, 70
2126, 66
2127, 57
2128, 1
2129, 15
2130, 15
2131, 44
2132, 1
2133, 33
2134, 1
2135, 1
2136, 24
2137, 32
2138, 1
2139, 16
2140, 24
2141, 43
2142, 50
2143, 22
2144, 23
2145, 71
2146, 60
2147, 74
2148, 27
2149, 27
2150, 57
2151, 26
2152, 27
2153, 33
2154, 47
2155, 36
2156, 41
2157, 36
2158, 25
2159, 1
2160, 1
2161, 40
2162, 30
2163, 1
2164, 1
2165, 18
2166, 19
2167, 23
2168, 17
2169, 1
2170, 1
2171, 39
2172, 21
2173, 33
2174, 69
2175, 50
2176, 21
2177, 21
2178, 24
2179, 24
2180, 32
2181, 34
2182, 19
2183, 12
2184, 46
2185, 32
2186, 75
2187, 53
2188, 18
2189, 16
2190, 66
2191, 74
2192, 37
2193, 49
2194, 48
2195, 39
2196, 26
2197, 26
2198, 50
2199, 37
2200, 25
2201, 51
2202, 37
2203, 1
2204, 1
2205, 26
2206, 44
2207, 31
2208, 31
2209, 80
2210, 54
2211, 80
2212, 55
2213, 48
2214, 26
2215, 1
2216, 1
2217, 27
2218, 34
2219, 20
2220, 33
2221, 12
2222, 54
2223, 22
2224, 41
2225, 25
2226, 14
2227, 1
2228, 1
2229, 21
2230, 50
2231, 25
2232, 24
2233, 41
2234, 38
2235, 3
2236, 33
2237, 75
2238, 1
2239, 11
2240, 15
2241, 38
2242, 42
2243, 1
2244, 33
2245, 1
2246, 1
2247, 63
2248, 64
2249, 63
2250, 64
2251, 63
2252, 64
2253, 63
2254, 64
2255, 63
2256, 64
2257, 1
2258, 71
2259, 31
2260, 3
2261, 22
2262, 24
2263, 22
2264, 24
2265, 22
2266, 24
2267, 22
2268, 24
2269, 22
2270, 24
2271, 1
2272, 1
2273, 38
2274, 70
2275, 1
2276, 70
2277, 70
2278, 71
2279, 68
2280, 55
2281, 1
2282, 64
2283, 57
2284, 1
2285, 53
2286, 22
2287, 51
2288, 50
2289, 51
2290, 3
2291, 55
2292, 75
2293, 67
2294, 55
2295, 55
2296, 55
2297, 55
2298, 68
2299, 3
2300, 53
2301, 3
2302, 53
2303, 52
2304, 32
2305, 3
2306, 55
2307, 55
2308, 55
2309, 55
2310, 55
2311, 21
2312, 1
2313, 71
2314, 3
2315, 19
2316, 3
2317, 68
2318, 67
2319, 60
2320, 68
2321, 11
2322, 1
2323, 1
2324, 71
2325, 70
2326, 62
2327, 71
2328, 66
2329, 69
2330, 62
2331, 68
2332, 66
2333, 56
2334, 1
2335, 1
2336, 54
2337, 19
2338, 12
2339, 12
2340, 12
2341, 12
2342, 12
2343, 12
2344, 14
2345, 1
2346, 56
2347, 17
2348, 12
2349, 12
2350, 12
2351, 12
2352, 12
2353, 12
2354, 14
2355, 1
2356, 1
2357, 71
2358, 64
2359, 68
2360, 1
2361, 23
2362, 12
2363, 21
2364, 35
2365, 25
2366, 26
2367, 35
2368, 25
2369, 26
2370, 22
2371, 35
2372, 25
2373, 26
2374, 35
2375, 25
2376, 28
2377, 1
2378, 1
2379, 26
2380, 36
2381, 71
2382, 52
2383, 35
2384, 1
2385, 1
2386, 69
2387, 67
2388, 20
2389, 1
2390, 31
2391, 12
2392, 64
2393, 70
2394, 56
2395, 69
2396, 56
2397, 63
2398, 69
2399, 53
2400, 70
2401, 53
2402, 1
2403, 1
2404, 24
2405, 36
2406, 83
2407, 56
2408, 35
2409, 1
2410, 1
2411, 69
2412, 40
2413, 1
2414, 27
2415, 63
2416, 1
2417, 1
2418, 69
2419, 45
2420, 1
2421, 25
2422, 61
2423, 1
2424, 1
2425, 71
2426, 71
2427, 26
2428, 1
2429, 69
2430, 68
2431, 62
2432, 1
2433, 64
2434, 42
2435, 23
2436, 20
2437, 28
2438, 14
2439, 68
2440, 67
2441, 62
2442, 38
2443, 30
2444, 34
2445, 31
2446, 39
2447, 47
2448, 30
2449, 74
2450, 63
2451, 61
2452, 65
2453, 44
2454, 31
2455, 1
2456, 1
2457, 67
2458, 69
2459, 49
2460, 1
2461, 59
2462, 26
2463, 42
2464, 30
2465, 55
2466, 71
2467, 66
2468, 45
2469, 1
2470, 1
2471, 60
2472, 7
2473, 73
2474, 60
2475, 43
2476, 45
2477, 1
2478, 1
2479, 68
2480, 55
2481, 1
2482, 44
2483, 71
2484, 9
2485, 25
2486, 25
2487, 58
2488, 59
2489, 40
2490, 36
2491, 52
2492, 62
2493, 52
2494, 62
2495, 52
2496, 62
2497, 52
2498, 62
2499, 52
2500, 62
2501, 52
2502, 66
2503, 23
2504, 1
2505, 1
2506, 36
2507, 8
2508, 30
2509, 25
2510, 27
2511, 22
2512, 15
2513, 73
2514, 1
2515, 1
2516, 44
2517, 1
2518, 49
2519, 74
2520, 30
2521, 43
2522, 29
2523, 26
2524, 26
2525, 14
2526, 71
2527, 66
2528, 39
2529, 56
2530, 75
2531, 43
2532, 54
2533, 60
2534, 32
2535, 44
2536, 1
2537, 1
2538, 70
2539, 34
2540, 1
2541, 37
2542, 69
2543, 33
2544, 76
2545, 35
2546, 1
2547, 1
2548, 31
2549, 18
2550, 44
2551, 20
2552, 50
2553, 19
2554, 35
2555, 1
2556, 1
2557, 71
2558, 69
2559, 58
2560, 1
2561, 76
2562, 32
2563, 20
2564, 55
2565, 26
2566, 29
2567, 62
2568, 30
2569, 54
2570, 26
2571, 29
2572, 62
2573, 30
2574, 81
2575, 11
2576, 1
2577, 1
2578, 69
2579, 67
2580, 71
2581, 62
2582, 1
2583, 59
2584, 35
2585, 48
2586, 25
2587, 37
2588, 79
2589, 68
2590, 62
2591, 1
2592, 1
2593, 69
2594, 69
2595, 37
2596, 1
2597, 47
2598, 31
2599, 28
2600, 22
2601, 24
2602, 14
2603, 1
2604, 1
2605, 71
2606, 71
2607, 71
2608, 65
2609, 64
2610, 1
2611, 43
2612, 1
2613, 63
2614, 13
2615, 1
2616, 49
2617, 37
2618, 72
2619, 33
2620, 45
2621, 53
2622, 58
2623, 73
2624, 62
2625, 50
2626, 47
2627, 25
2628, 39
2629, 72
2630, 26
2631, 29
2632, 40
2633, 41
2634, 56
2635, 35
2636, 33
2637, 74
2638, 74
2639, 76
2640, 69
2641, 54
2642, 74
2643, 62
2644, 74
2645, 77
2646, 1
2647, 63
2648, 61
2649, 72
2650, 72
2651, 65
2652, 47
2653, 48
2654, 79
2655, 30
2656, 58
2657, 58
2658, 33
2659, 53
2660, 27
2661, 61
2662, 61
2663, 10
2664, 1
2665, 1
2666, 1
2667, 66
2668, 71
2669, 69
2670, 24
2671, 1
2672, 49
2673, 24
2674, 56
2675, 39
2676, 10
2677, 57
2678, 1
2679, 1
2680, 48
2681, 25
2682, 58
2683, 28
2684, 80
2685, 14
2686, 29
2687, 73
2688, 78
2689, 61
2690, 1
2691, 1
2692, 66
2693, 71
2694, 71
2695, 70
2696, 42
2697, 1
2698, 45
2699, 66
2700, 65
2701, 33
2702, 34
2703, 20
2704, 33
2705, 23
2706, 25
2707, 27
2708, 73
2709, 63
2710, 28
2711, 44
2712, 72
2713, 72
2714, 54
2715, 64
2716, 70
2717, 67
2718, 68
2719, 68
2720, 70
2721, 68
2722, 49
2723, 70
2724, 52
2725, 54
2726, 78
2727, 68
2728, 27
2729, 41
2730, 56
2731, 65
2732, 34
2733, 20
2734, 33
2735, 23
2736, 25
2737, 27
2738, 82
2739, 72
2740, 28
2741, 44
2742, 81
2743, 80
2744, 54
2745, 64
2746, 70
2747, 70
2748, 61
2749, 63
2750, 78
2751, 40
2752, 55
2753, 53
2754, 23
2755, 41
2756, 1
2757, 1
2758, 34
2759, 40
2760, 1
2761, 64
2762, 68
2763, 38
2764, 1
2765, 36
2766, 42
2767, 45
2768, 45
2769, 41
2770, 33
2771, 31
2772, 32
2773, 48
2774, 44
2775, 58
2776, 60
2777, 44
2778, 46
2779, 49
2780, 1
2781, 1
2782, 67
2783, 51
2784, 1
2785, 52
2786, 55
2787, 55
2788, 28
2789, 10
2790, 60
2791, 27
2792, 31
2793, 61
2794, 52
2795, 75
2796, 52
2797, 75
2798, 73
2799, 74
2800, 72
2801, 65
2802, 73
2803, 75
2804, 72
2805, 64
2806, 61
2807, 52
2808, 75
2809, 52
2810, 77
2811, 68
2812, 63
2813, 57
2814, 21
2815, 33
2816, 76
2817, 54
2818, 33
2819, 75
2820, 58
2821, 1
2822, 1
2823, 30
2824, 1
2825, 65
2826, 70
2827, 48
2828, 1
2829, 69
2830, 65
2831, 67
2832, 68
2833, 25
2834, 1
2835, 69
2836, 23
2837, 1
2838, 70
2839, 68
2840, 70
2841, 61
2842, 1
2843, 69
2844, 69
2845, 64
2846, 1
2847, 69
2848, 68
2849, 1
2850, 73
2851, 9
2852, 73
2853, 75
2854, 33
2855, 35
2856, 35
2857, 41
2858, 70
2859, 68
2860, 36
2861, 42
2862, 42
2863, 79
2864, 63
2865, 66
2866, 53
2867, 63
2868, 70
2869, 70
2870, 69
2871, 58
2872, 71
2873, 72
2874, 42
2875, 46
2876, 31
2877, 70
2878, 64
2879, 64
2880, 71
2881, 79
2882, 57
2883, 35
2884, 79
2885, 80
2886, 81
2887, 68
2888, 74
2889, 74
2890, 72
2891, 66
2892, 66
2893, 45
2894, 44
2895, 56
2896, 43
2897, 65
2898, 80
2899, 46
2900, 61
2901, 79
2902, 21
2903, 76
2904, 1
2905, 1
2906, 43
2907, 49
2908, 22
2909, 20
2910, 38
2911, 39
2912, 33
2913, 28
2914, 49
2915, 14
2916, 1
2917, 1
2918, 21
2919, 39
2920, 35
2921, 59
2922, 71
2923, 71
2924, 50
2925, 44
2926, 47
2927, 79
2928, 48
2929, 41
2930, 16
2931, 47
2932, 16
2933, 77
2934, 44
2935, 41
2936, 2
2937, 37
2938, 28
2939, 2
2940, 11
2941, 17
2942, 2
2943, 34
2944, 2
2945, 21
2946, 21
2947, 21
2948, 18
2949, 18
2950, 18
2951, 19
2952, 19
2953, 19
2954, 37
2955, 60
2956, 47
2957, 53
2958, 63
2959, 72
2960, 52
2961, 2
2962, 2
2963, 29
2964, 29
2965, 62
2966, 62
2967, 62
2968, 63
2969, 63
2970, 65
2971, 9
2972, 22
2973, 16
2974, 16
2975, 16
2976, 18
2977, 18
2978, 18
2979, 22
2980, 51
2981, 2
2982, 23
2983, 41
2984, 11
2985, 2
2986, 26
2987, 47
2988, 11
2989, 2
2990, 27
2991, 26
2992, 26
2993, 27
2994, 2
2995, 20
2996, 30
2997, 30
2998, 30
2999, 12
3000, 2
3001, 26
3002, 29
3003, 31
3004, 31
3005, 31
3006, 28
3007, 30
3008, 31
3009, 46
3010, 40
3011, 29
3012, 22
3013, 34
3014, 34
3015, 34
3016, 20
3017, 50
3018, 15
3019, 2
3020, 26
3021, 50
3022, 64
3023, 33
3024, 41
3025, 41
3026, 41
3027, 37
3028, 65
3029, 48
3030, 35
3031, 30
3032, 2
3033, 10
3034, 20
3035, 78
3036, 58
3037, 2
3038, 40
3039, 26
3040, 33
3041, 65
3042, 54
3043, 64
3044, 2
3045, 26
3046, 13
3047, 9
3048, 19
3049, 14
3050, 14
3051, 14
3052, 15
3053, 15
3054, 15
3055, 19
3056, 23
3057, 34
3058, 35
3059, 35
3060, 35
3061, 35
3062, 36
3063, 39
3064, 22
3065, 34
3066, 34
3067, 35
3068, 36
3069, 35
3070, 35
3071, 39
3072, 22
3073, 34
3074, 35
3075, 35
3076, 35
3077, 35
3078, 36
3079, 39
3080, 23
3081, 34
3082, 35
3083, 34
3084, 35
3085, 35
3086, 36
3087, 42
3088, 2
3089, 2
3090, 16
3091, 2
3092, 21
3093, 27
3094, 60
3095, 69
3096, 53
3097, 38
3098, 60
3099, 60
3100, 63
3101, 42
3102, 38
3103, 46
3104, 28
3105, 65
3106, 2
3107, 14
3108, 38
3109, 34
3110, 33
3111, 24
3112, 55
3113, 36
3114, 2
3115, 20
3116, 44
3117, 34
3118, 36
3119, 26
3120, 22
3121, 42
3122, 27
3123, 38
3124, 27
3125, 48
3126, 38
3127, 44
3128, 27
3129, 30
3130, 2
3131, 2
3132, 25
3133, 43
3134, 92
3135, 32
3136, 2
3137, 2
3138, 22
3139, 31
3140, 16
3141, 10
3142, 32
3143, 48
3144, 23
3145, 49
3146, 29
3147, 25
3148, 20
3149, 16
3150, 38
3151, 24
3152, 21
3153, 39
3154, 41
3155, 38
3156, 1
3157, 65
3158, 26
3159, 1
3160, 13
3161, 16
3162, 1
3163, 27
3164, 38
3165, 1
3166, 34
3167, 25
3168, 25
3169, 25
3170, 27
3171, 1
3172, 34
3173, 14
3174, 34
3175, 38
3176, 51
3177, 19
3178, 27
3179, 34
3180, 40
3181, 25
3182, 45
3183, 72
3184, 40
3185, 75
3186, 1
3187, 21
3188, 47
3189, 52
3190, 29
3191, 11
3192, 43
3193, 40
3194, 1
3195, 33
3196, 1
3197, 13
3198, 15
3199, 53
3200, 39
3201, 1
3202, 1
3203, 69
3204, 24
3205, 1
3206, 22
3207, 67
3208, 21
3209, 75
3210, 18
3211, 54
3212, 37
3213, 22
3214, 17
3215, 15
3216, 10
3217, 30
3218, 33
3219, 1
3220, 1
3221, 47
3222, 37
3223, 37
3224, 37
3225, 37
3226, 37
3227, 37
3228, 37
3229, 40
3230, 1
3231, 1
3232, 39
3233, 25
3234, 25
3235, 25
3236, 25
3237, 25
3238, 25
3239, 25
3240, 25
3241, 25
3242, 28
3243, 1
3244, 1
3245, 54
3246, 63
3247, 1
3248, 1
3249, 12
3250, 11
3251, 34
3252, 37
3253, 70
3254, 73
3255, 71
3256, 26
3257, 56
3258, 42
3259, 5
3260, 32
3261, 34
3262, 73
3263, 44
3264, 76
3265, 51
3266, 5
3267, 62
3268, 68
3269, 44
3270, 43
3271, 40
3272, 1
3273, 33
3274, 1
3275, 13
3276, 15
3277, 38
3278, 39
3279, 1
3280, 1
3281, 69
3282, 24
3283, 1
3284, 22
3285, 71
3286, 17
3287, 75
3288, 18
3289, 54
3290, 37
3291, 22
3292, 17
3293, 15
3294, 10
3295, 30
3296, 33
3297, 1
3298, 1
3299, 47
3300, 37
3301, 37
3302, 37
3303, 37
3304, 37
3305, 37
3306, 37
3307, 40
3308, 1
3309, 1
3310, 39
3311, 25
3312, 25
3313, 25
3314, 25
3315, 25
3316, 25
3317, 25
3318, 25
3319, 25
3320, 28
3321, 1
3322, 1
3323, 54
3324, 67
3325, 1
3326, 1
3327, 37
3328, 52
3329, 23
3330, 59
3331, 27
3332, 1
3333, 1
3334, 12
3335, 11
3336, 34
3337, 37
3338, 70
3339, 73
3340, 71
3341, 26
3342, 60
3343, 42
3344, 5
3345, 72
3346, 53
3347, 41
3348, 5
3349, 62
3350, 80
3351, 10
3352, 21
3353, 43
3354, 40
3355, 1
3356, 33
3357, 1
3358, 12
3359, 16
3360, 1
3361, 33
3362, 1
3363, 1
3364, 21
3365, 66
3366, 73
3367, 73
3368, 71
3369, 70
3370, 38
3371, 3
3372, 71
3373, 71
3374, 22
3375, 32
3376, 75
3377, 45
3378, 39
3379, 42
3380, 38
3381, 32
3382, 28
3383, 32
3384, 49
3385, 15
3386, 62
3387, 77
3388, 27
3389, 38
3390, 55
3391, 57
3392, 33
3393, 15
3394, 62
3395, 47
3396, 36
3397, 61
3398, 27
3399, 55
3400, 55
3401, 1
3402, 1
3403, 29
3404, 20
3405, 20
3406, 20
3407, 20
3408, 20
3409, 20
3410, 20
3411, 20
3412, 20
3413, 20
3414, 20
3415, 20
3416, 20
3417, 20
3418, 20
3419, 22
3420, 1
3421, 1
3422, 34
3423, 27
3424, 51
3425, 45
3426, 27
3427, 31
3428, 1
3429, 1
3430, 69
3431, 63
3432, 44
3433, 18
3434, 1
3435, 1
3436, 76
3437, 69
3438, 62
3439, 57
3440, 27
3441, 28
3442, 31
3443, 20
3444, 35
3445, 47
3446, 43
3447, 69
3448, 44
3449, 39
3450, 29
3451, 46
3452, 16
3453, 29
3454, 40
3455, 45
3456, 16
3457, 40
3458, 64
3459, 66
3460, 41
3461, 39
3462, 24
3463, 10
3464, 1
3465, 1
3466, 21
3467, 34
3468, 42
3469, 55
3470, 67
3471, 71
3472, 62
3473, 51
3474, 80
3475, 60
3476, 54
3477, 63
3478, 72
3479, 72
3480, 17
3481, 38
3482, 18
3483, 23
3484, 43
3485, 40
3486, 1
3487, 33
3488, 1
3489, 12
3490, 16
3491, 1
3492, 33
3493, 1
3494, 1
3495, 29
3496, 20
3497, 20
3498, 20
3499, 20
3500, 20
3501, 20
3502, 20
3503, 20
3504, 20
3505, 20
3506, 20
3507, 20
3508, 20
3509, 20
3510, 20
3511, 22
3512, 1
3513, 1
3514, 36
3515, 41
3516, 21
3517, 50
3518, 30
3519, 13
3520, 8
3521, 1
3522, 1
3523, 59
3524, 38
3525, 21
3526, 27
3527, 20
3528, 27
3529, 27
3530, 22
3531, 63
3532, 48
3533, 48
3534, 18
3535, 13
3536, 39
3537, 16
3538, 12
3539, 20
3540, 57
3541, 51
3542, 24
3543, 24
3544, 31
3545, 45
3546, 1
3547, 1
3548, 21
3549, 43
3550, 38
3551, 58
3552, 33
3553, 32
3554, 39
3555, 15
3556, 25
3557, 61
3558, 31
3559, 7
3560, 64
3561, 39
3562, 21
3563, 60
3564, 31
3565, 7
3566, 24
3567, 28
3568, 35
3569, 48
3570, 62
3571, 19
3572, 23
3573, 43
3574, 40
3575, 1
3576, 33
3577, 1
3578, 12
3579, 16
3580, 1
3581, 33
3582, 1
3583, 1
3584, 29
3585, 20
3586, 20
3587, 20
3588, 20
3589, 20
3590, 20
3591, 20
3592, 20
3593, 20
3594, 20
3595, 20
3596, 20
3597, 20
3598, 20
3599, 20
3600, 22
3601, 1
3602, 1
3603, 18
3604, 19
3605, 23
3606, 17
3607, 1
3608, 1
3609, 36
3610, 31
3611, 54
3612, 56
3613, 38
3614, 38
3615, 1
3616, 1
3617, 80
3618, 21
3619, 29
3620, 28
3621, 38
3622, 36
3623, 68
3624, 64
3625, 39
3626, 38
3627, 29
3628, 53
3629, 53
3630, 65
3631, 1
3632, 1
3633, 44
3634, 24
3635, 30
3636, 10
3637, 37
3638, 1
3639, 1
3640, 48
3641, 20
3642, 23
3643, 26
3644, 27
3645, 44
3646, 12
3647, 40
3648, 1
3649, 1
3650, 21
3651, 45
3652, 33
3653, 58
3654, 33
3655, 26
3656, 34
3657, 35
3658, 30
3659, 24
3660, 27
3661, 62
3662, 77
3663, 53
3664, 72
3665, 67
3666, 36
3667, 30
3668, 43
3669, 40
3670, 1
3671, 33
3672, 1
3673, 12
3674, 16
3675, 1
3676, 33
3677, 1
3678, 11
3679, 35
3680, 40
3681, 34
3682, 30
3683, 14
3684, 41
3685, 1
3686, 1
3687, 57
3688, 37
3689, 26
3690, 45
3691, 10
3692, 38
3693, 1
3694, 1
3695, 80
3696, 21
3697, 29
3698, 28
3699, 38
3700, 36
3701, 68
3702, 64
3703, 39
3704, 38
3705, 29
3706, 53
3707, 53
3708, 65
3709, 1
3710, 1
3711, 78
3712, 40
3713, 38
3714, 27
3715, 22
3716, 55
3717, 29
3718, 67
3719, 42
3720, 1
3721, 1
3722, 29
3723, 20
3724, 20
3725, 20
3726, 20
3727, 20
3728, 20
3729, 20
3730, 20
3731, 20
3732, 20
3733, 20
3734, 20
3735, 20
3736, 20
3737, 20
3738, 22
3739, 1
3740, 1
3741, 18
3742, 19
3743, 23
3744, 17
3745, 1
3746, 1
3747, 36
3748, 31
3749, 55
3750, 57
3751, 39
3752, 38
3753, 1
3754, 1
3755, 21
3756, 21
3757, 16
3758, 29
3759, 46
3760, 58
3761, 32
3762, 21
3763, 41
3764, 34
3765, 25
3766, 29
3767, 27
3768, 68
3769, 44
3770, 18
3771, 68
3772, 58
3773, 30
3774, 45
3775, 22
3776, 48
3777, 41
3778, 48
3779, 41
3780, 38
3781, 3
3782, 35
3783, 1
3784, 17
3785, 16
3786, 1
3787, 33
3788, 1
3789, 23
3790, 22
3791, 24
3792, 12
3793, 43
3794, 14
3795, 17
3796, 1
3797, 31
3798, 33
3799, 28
3800, 76
3801, 1
3802, 32
3803, 35
3804, 29
3805, 77
3806, 1
3807, 34
3808, 36
3809, 39
3810, 23
3811, 29
3812, 1
3813, 30
3814, 31
3815, 59
3816, 1
3817, 19
3818, 31
3819, 33
3820, 32
3821, 20
3822, 32
3823, 33
3824, 32
3825, 32
3826, 32
3827, 1
3828, 21
3829, 28
3830, 17
3831, 45
3832, 45
3833, 41
3834, 38
3835, 3
3836, 35
3837, 31
3838, 1
3839, 17
3840, 16
3841, 1
3842, 33
3843, 1
3844, 23
3845, 1
3846, 62
3847, 57
3848, 1
3849, 21
3850, 19
3851, 19
3852, 30
3853, 31
3854, 21
3855, 76
3856, 45
3857, 1
3858, 26
3859, 31
3860, 32
3861, 27
3862, 19
3863, 52
3864, 82
3865, 1
3866, 27
3867, 32
3868, 34
3869, 28
3870, 19
3871, 53
3872, 83
3873, 1
3874, 34
3875, 36
3876, 39
3877, 27
3878, 63
3879, 24
3880, 27
3881, 68
3882, 25
3883, 1
3884, 1
3885, 42
3886, 66
3887, 1
3888, 22
3889, 33
3890, 80
3891, 53
3892, 35
3893, 36
3894, 35
3895, 20
3896, 32
3897, 33
3898, 32
3899, 32
3900, 32
3901, 1
3902, 21
3903, 28
3904, 17
3905, 53
3906, 43
3907, 24
3908, 1
3909, 41
3910, 38
3911, 3
3912, 34
3913, 32
3914, 68
3915, 64
3916, 27
3917, 1
3918, 1
3919, 17
3920, 16
3921, 1
3922, 33
3923, 1
3924, 25
3925, 22
3926, 22
3927, 34
3928, 34
3929, 21
3930, 78
3931, 46
3932, 1
3933, 56
3934, 34
3935, 34
3936, 20
3937, 12
3938, 12
3939, 57
3940, 77
3941, 41
3942, 1
3943, 58
3944, 34
3945, 34
3946, 24
3947, 14
3948, 24
3949, 54
3950, 58
3951, 43
3952, 1
3953, 62
3954, 51
3955, 27
3956, 62
3957, 24
3958, 27
3959, 67
3960, 25
3961, 1
3962, 46
3963, 75
3964, 1
3965, 22
3966, 70
3967, 59
3968, 58
3969, 36
3970, 66
3971, 76
3972, 59
3973, 34
3974, 36
3975, 35
3976, 20
3977, 59
3978, 60
3979, 32
3980, 32
3981, 32
3982, 1
3983, 21
3984, 28
3985, 17
3986, 53
3987, 43
3988, 24
3989, 41
3990, 38
3991, 3
3992, 34
3993, 32
3994, 1
3995, 17
3996, 16
3997, 1
3998, 33
3999, 1
4000, 23
4001, 34
4002, 59
4003, 62
4004, 31
4005, 1
4006, 56
4007, 34
4008, 34
4009, 20
4010, 12
4011, 12
4012, 50
4013, 49
4014, 34
4015, 1
4016, 58
4017, 34
4018, 34
4019, 21
4020, 12
4021, 12
4022, 51
4023, 50
4024, 34
4025, 1
4026, 78
4027, 70
4028, 76
4029, 1
4030, 46
4031, 75
4032, 1
4033, 22
4034, 64
4035, 59
4036, 58
4037, 60
4038, 75
4039, 34
4040, 36
4041, 35
4042, 20
4043, 47
4044, 48
4045, 58
4046, 1
4047, 21
4048, 28
4049, 17
4050, 53
4051, 43
4052, 24
4053, 1
4054, 41
4055, 38
4056, 3
4057, 35
4058, 1
4059, 15
4060, 16
4061, 1
4062, 33
4063, 1
4064, 19
4065, 13
4066, 18
4067, 16
4068, 20
4069, 35
4070, 24
4071, 23
4072, 66
4073, 35
4074, 63
4075, 49
4076, 13
4077, 1
4078, 20
4079, 23
4080, 26
4081, 55
4082, 73
4083, 32
4084, 54
4085, 63
4086, 1
4087, 21
4088, 39
4089, 28
4090, 56
4091, 39
