1, 67
2, 39
3, 20
4, 19
5, 1
6, 15
7, 32
8, 54
9, 13
10, 1
11, 18
12, 26
13, 36
14, 43
15, 40
16, 5
17, 33
18, 28
19, 1
20, 14
21, 27
22, 1
23, 23
24, 15
25, 31
26, 44
27, 23
28, 41
29, 25
30, 35
31, 37
32, 40
33, 18
34, 12
35, 1
36, 24
37, 20
38, 25
39, 25
40, 1
41, 23
42, 19
43, 15
44, 24
45, 1
46, 18
47, 14
48, 44
49, 19
50, 33
51, 37
52, 2
53, 44
54, 1
55, 23
56, 20
57, 1
58, 16
59, 1
60, 15
61, 29
62, 32
63, 1
64, 22
65, 56
66, 52
67, 1
68, 36
69, 24
70, 1
71, 59
72, 42
73, 1
74, 12
75, 1
76, 1
77, 33
78, 19
79, 27
80, 54
81, 35
82, 22
83, 1
84, 25
85, 21
86, 81
87, 1
88, 32
89, 62
90, 1
91, 21
92, 30
93, 43
94, 40
95, 37
96, 2
97, 44
98, 36
99, 1
100, 22
101, 19
102, 20
103, 1
104, 16
105, 1
106, 15
107, 29
108, 32
109, 1
110, 22
111, 55
112, 52
113, 1
114, 36
115, 24
116, 1
117, 58
118, 42
119, 1
120, 12
121, 1
122, 1
123, 18
124, 67
125, 33
126, 84
127, 23
128, 28
129, 1
130, 14
131, 28
132, 32
133, 1
134, 25
135, 20
136, 81
137, 1
138, 32
139, 62
140, 1
141, 21
142, 29
143, 43
144, 41
145, 39
146, 5
147, 46
148, 1
149, 21
150, 59
151, 1
152, 1
153, 38
154, 58
155, 41
156, 29
157, 27
158, 28
159, 27
160, 46
161, 55
162, 27
163, 69
164, 23
165, 60
166, 35
167, 41
168, 41
169, 60
170, 40
171, 13
172, 17
173, 27
174, 9
175, 1
176, 1
177, 53
178, 35
179, 13
180, 16
181, 91
182, 22
183, 79
184, 8
185, 7
186, 4
187, 34
188, 7
189, 39
190, 13
191, 21
192, 25
193, 21
194, 90
195, 19
196, 110
197, 28
198, 65
199, 38
200, 8
201, 1
202, 1
203, 39
204, 37
205, 12
206, 25
207, 67
208, 11
209, 1
210, 1
211, 15
212, 31
213, 68
214, 27
215, 75
216, 29
217, 22
218, 66
219, 48
220, 35
221, 13
222, 42
223, 39
224, 40
225, 25
226, 1
227, 38
228, 64
229, 35
230, 69
231, 71
232, 66
233, 1
234, 25
235, 19
236, 1
237, 29
238, 1
239, 21
240, 26
241, 1
242, 18
243, 153
244, 1
245, 1
246, 23
247, 33
248, 33
249, 33
250, 33
251, 33
252, 33
253, 1
254, 1
255, 22
256, 64
257, 34
258, 35
259, 1
260, 1
261, 19
262, 21
263, 53
264, 21
265, 1
266, 1
267, 13
268, 21
269, 21
270, 86
271, 15
272, 27
273, 1
274, 1
275, 47
276, 32
277, 12
278, 26
279, 69
280, 76
281, 16
282, 61
283, 30
284, 9
285, 1
286, 1
287, 18
288, 13
289, 12
290, 30
291, 9
292, 12
293, 26
294, 23
295, 23
296, 24
297, 9
298, 1
299, 48
300, 17
301, 12
302, 25
303, 24
304, 27
305, 20
306, 37
307, 9
308, 1
309, 1
310, 15
311, 30
312, 24
313, 33
314, 76
315, 21
316, 13
317, 1
318, 43
319, 40
320, 5
321, 39
322, 31
323, 28
324, 1
325, 15
326, 27
327, 1
328, 43
329, 1
330, 23
331, 15
332, 29
333, 51
334, 39
335, 51
336, 23
337, 30
338, 16
339, 1
340, 25
341, 68
342, 25
343, 24
344, 1
345, 29
346, 24
347, 35
348, 11
349, 52
350, 31
351, 8
352, 1
353, 17
354, 39
355, 25
356, 24
357, 1
358, 28
359, 11
360, 29
361, 42
362, 57
363, 78
364, 8
365, 25
366, 62
367, 42
368, 37
369, 1
370, 48
371, 1
372, 15
373, 47
374, 1
375, 43
376, 1
377, 23
378, 15
379, 44
380, 39
381, 58
382, 24
383, 17
384, 1
385, 24
386, 47
387, 11
388, 1
389, 21
390, 34
391, 10
392, 1
393, 25
394, 69
395, 26
396, 25
397, 1
398, 28
399, 24
400, 36
401, 12
402, 45
403, 28
404, 9
405, 1
406, 17
407, 40
408, 26
409, 26
410, 1
411, 28
412, 12
413, 26
414, 40
415, 48
416, 25
417, 58
418, 27
419, 9
420, 43
421, 40
422, 5
423, 28
424, 1
425, 59
426, 42
427, 1
428, 18
429, 27
430, 1
431, 57
432, 39
433, 1
434, 13
435, 27
436, 62
437, 54
438, 8
439, 5
440, 14
441, 27
442, 62
443, 16
444, 8
445, 5
446, 21
447, 15
448, 27
449, 86
450, 86
451, 16
452, 8
453, 20
454, 5
455, 23
456, 15
457, 31
458, 21
459, 21
460, 18
461, 88
462, 12
463, 35
464, 39
465, 2
466, 33
467, 1
468, 19
469, 19
470, 1
471, 15
472, 30
473, 17
474, 49
475, 20
476, 1
477, 22
478, 24
479, 16
480, 20
481, 20
482, 18
483, 1
484, 15
485, 13
486, 20
487, 26
488, 8
489, 18
490, 27
491, 52
492, 23
493, 8
494, 21
495, 8
496, 38
497, 55
498, 36
499, 20
500, 9
501, 17
502, 11
503, 25
504, 12
505, 10
506, 9
507, 1
508, 26
509, 21
510, 21
511, 34
512, 21
513, 17
514, 30
515, 32
516, 19
517, 5
518, 11
519, 21
520, 12
521, 57
522, 25
523, 20
524, 9
525, 19
526, 22
527, 18
528, 27
529, 15
530, 9
531, 1
532, 21
533, 20
534, 32
535, 36
536, 42
537, 39
538, 1
539, 34
540, 34
541, 1
542, 19
543, 1
544, 19
545, 40
546, 1
547, 15
548, 30
549, 30
550, 69
551, 32
552, 20
553, 25
554, 31
555, 29
556, 44
557, 18
558, 17
559, 14
560, 35
561, 60
562, 70
563, 20
564, 1
565, 23
566, 16
567, 25
568, 47
569, 34
570, 25
571, 14
572, 14
573, 11
574, 41
575, 23
576, 1
577, 67
578, 39
579, 26
580, 81
581, 35
582, 1
583, 28
584, 68
585, 1
586, 33
587, 3
588, 36
589, 56
590, 73
591, 47
592, 45
593, 52
594, 33
595, 1
596, 27
597, 1
598, 35
599, 27
600, 51
601, 1
602, 24
603, 55
604, 1
605, 24
606, 15
607, 27
608, 18
609, 30
610, 21
611, 33
612, 24
613, 36
614, 27
615, 39
616, 30
617, 42
618, 33
619, 45
620, 36
621, 49
622, 39
623, 16
624, 30
625, 25
626, 1
627, 25
628, 46
629, 52
630, 59
631, 1
632, 32
633, 36
634, 1
635, 15
636, 58
637, 21
638, 1
639, 41
640, 38
641, 3
642, 68
643, 1
644, 24
645, 1
646, 34
647, 1
648, 19
649, 1
650, 15
651, 32
652, 13
653, 22
654, 28
655, 13
656, 20
657, 17
658, 27
659, 44
660, 20
661, 8
662, 70
663, 26
664, 1
665, 28
666, 40
667, 19
668, 19
669, 69
670, 10
671, 16
672, 42
673, 1
674, 53
675, 31
676, 12
677, 69
678, 9
679, 1
680, 62
681, 35
682, 68
683, 14
684, 42
685, 37
686, 29
687, 43
688, 78
689, 1
690, 23
691, 33
692, 31
693, 36
694, 26
695, 9
696, 1
697, 39
698, 47
699, 55
700, 22
701, 39
702, 30
703, 1
704, 25
705, 27
706, 11
707, 24
708, 19
709, 19
710, 8
711, 18
712, 1
713, 19
714, 7
715, 22
716, 28
717, 26
718, 32
719, 30
720, 36
721, 34
722, 40
723, 38
724, 44
725, 42
726, 48
727, 46
728, 52
729, 50
730, 56
731, 55
732, 61
733, 60
734, 66
735, 65
736, 71
737, 26
738, 42
739, 47
740, 1
741, 20
742, 41
743, 1
744, 14
745, 28
746, 34
747, 39
748, 2
749, 30
750, 2
751, 44
752, 1
753, 16
754, 1
755, 27
756, 1
757, 21
758, 19
759, 20
760, 1
761, 304
762, 107
763, 196
764, 1
765, 26
766, 1
767, 26
768, 15
769, 29
770, 14
771, 59
772, 77
773, 74
774, 12
775, 1
776, 41
777, 50
778, 58
779, 34
780, 60
781, 45
782, 31
783, 33
784, 51
785, 31
786, 55
787, 1
788, 34
789, 45
790, 26
791, 59
792, 30
793, 21
794, 56
795, 24
796, 1
797, 48
798, 56
799, 58
800, 50
801, 12
802, 66
803, 59
804, 27
805, 12
806, 39
807, 66
808, 27
809, 58
810, 1
811, 41
812, 35
813, 41
814, 36
815, 33
816, 72
817, 1
818, 38
819, 14
820, 41
821, 29
822, 1
823, 74
824, 27
825, 12
826, 58
827, 9
828, 45
829, 36
830, 40
831, 37
832, 31
833, 1
834, 16
835, 19
836, 1
837, 22
838, 24
839, 1
840, 21
841, 20
842, 19
843, 1
844, 308
845, 1
846, 196
847, 1
848, 107
849, 1
850, 15
851, 51
852, 1
853, 15
854, 30
855, 1
856, 42
857, 29
858, 1
859, 45
860, 67
861, 1
862, 50
863, 58
864, 13
865, 1
866, 74
867, 72
868, 54
869, 67
870, 28
871, 34
872, 1
873, 64
874, 28
875, 30
876, 1
877, 68
878, 73
879, 79
880, 1
881, 42
882, 49
883, 79
884, 1
885, 40
886, 45
887, 41
888, 10
889, 1
890, 78
891, 41
892, 37
893, 50
894, 1
895, 56
896, 41
897, 77
898, 1
899, 62
900, 36
901, 33
902, 80
903, 1
904, 16
905, 42
906, 45
907, 1
908, 35
909, 53
910, 51
911, 1
912, 78
913, 44
914, 55
915, 68
916, 35
917, 75
918, 1
919, 46
920, 69
921, 25
922, 65
923, 39
924, 1
925, 15
926, 19
927, 1
928, 15
929, 32
930, 35
931, 13
932, 1
933, 13
934, 13
935, 31
936, 35
937, 39
938, 4
939, 30
940, 1
941, 19
942, 19
943, 1
944, 15
945, 31
946, 45
947, 18
948, 1
949, 38
950, 60
951, 1
952, 1
953, 2
954, 42
955, 39
956, 4
957, 49
958, 4
959, 47
960, 51
961, 27
962, 1
963, 15
964, 27
965, 1
966, 23
967, 15
968, 29
969, 38
970, 27
971, 35
972, 31
973, 11
974, 1
975, 26
976, 22
977, 56
978, 25
979, 1
980, 25
981, 22
982, 28
983, 29
984, 37
985, 38
986, 8
987, 42
988, 39
989, 5
990, 33
991, 27
992, 4
993, 49
994, 1
995, 16
996, 27
997, 1
998, 23
999, 15
1000, 29
1001, 29
1002, 29
1003, 22
1004, 26
1005, 65
1006, 43
1007, 40
1008, 45
1009, 12
1010, 1
1011, 28
1012, 20
1013, 65
1014, 30
1015, 23
1016, 1
1017, 27
1018, 25
1019, 22
1020, 28
1021, 1
1022, 21
1023, 24
1024, 27
1025, 1
1026, 59
1027, 1
1028, 40
1029, 26
1030, 26
1031, 53
1032, 60
1033, 36
1034, 8
1035, 41
1036, 40
1037, 38
1038, 3
1039, 45
1040, 59
1041, 69
1042, 23
1043, 3
1044, 61
1045, 41
1046, 44
1047, 3
1048, 39
1049, 25
1050, 43
1051, 1
1052, 19
1053, 27
1054, 1
1055, 27
1056, 17
1057, 14
1058, 43
1059, 24
1060, 40
1061, 18
1062, 8
1063, 1
1064, 17
1065, 20
1066, 29
1067, 31
1068, 14
1069, 30
1070, 28
1071, 15
1072, 29
1073, 8
1074, 1
1075, 19
1076, 15
1077, 23
1078, 18
1079, 1
1080, 22
1081, 25
1082, 25
1083, 24
1084, 25
1085, 1
1086, 22
1087, 19
1088, 15
1089, 18
1090, 16
1091, 33
1092, 17
1093, 19
1094, 19
1095, 29
1096, 29
1097, 17
1098, 24
1099, 26
1100, 21
1101, 25
1102, 19
1103, 18
1104, 28
1105, 16
1106, 26
1107, 40
1108, 25
1109, 31
1110, 29
1111, 16
1112, 9
1113, 1
1114, 26
1115, 22
1116, 14
1117, 27
1118, 1
1119, 20
1120, 39
1121, 34
1122, 14
1123, 1
1124, 23
1125, 15
1126, 29
1127, 23
1128, 26
1129, 18
1130, 35
1131, 12
1132, 25
1133, 63
1134, 42
1135, 1
1136, 16
1137, 19
1138, 1
1139, 51
1140, 41
1141, 38
1142, 63
1143, 67
1144, 1
1145, 22
1146, 19
1147, 1
1148, 57
1149, 36
1150, 56
1151, 60
1152, 43
1153, 1
1154, 49
1155, 16
1156, 28
1157, 32
1158, 36
1159, 30
1160, 9
1161, 1
1162, 22
1163, 22
1164, 28
1165, 48
1166, 49
1167, 9
1168, 1
1169, 33
1170, 36
1171, 52
1172, 1
1173, 37
1174, 40
1175, 54
1176, 32
1177, 44
1178, 1
1179, 72
1180, 30
1181, 53
1182, 54
1183, 9
1184, 1
1185, 48
1186, 27
1187, 69
1188, 72
1189, 41
1190, 59
1191, 24
1192, 21
1193, 1
1194, 54
1195, 31
1196, 39
1197, 59
1198, 44
1199, 9
1200, 1
1201, 50
1202, 32
1203, 19
1204, 39
1205, 52
1206, 49
1207, 26
1208, 38
1209, 33
1210, 14
1211, 27
1212, 13
1213, 1
1214, 14
1215, 39
1216, 18
1217, 29
1218, 64
1219, 68
1220, 38
1221, 34
1222, 35
1223, 36
1224, 38
1225, 44
1226, 51
1227, 4
1228, 53
1229, 40
1230, 37
1231, 33
1232, 41
1233, 38
1234, 3
1235, 58
1236, 36
1237, 3
1238, 1
1239, 28
1240, 1
1241, 27
1242, 1
1243, 44
1244, 24
1245, 27
1246, 27
1247, 38
1248, 39
1249, 41
1250, 47
1251, 55
1252, 1
1253, 14
1254, 28
1255, 24
1256, 27
1257, 10
1258, 18
1259, 8
1260, 36
1261, 9
1262, 1
1263, 22
1264, 28
1265, 24
1266, 13
1267, 10
1268, 56
1269, 11
1270, 32
1271, 36
1272, 57
1273, 26
1274, 9
1275, 1
1276, 1
1277, 23
1278, 72
1279, 1
1280, 62
1281, 52
1282, 1
1283, 21
1284, 49
1285, 1
1286, 50
1287, 37
1288, 28
1289, 36
1290, 12
1291, 32
1292, 61
1293, 10
1294, 26
1295, 9
1296, 51
1297, 51
1298, 28
1299, 37
1300, 40
1301, 30
1302, 23
1303, 33
1304, 13
1305, 26
1306, 30
1307, 37
1308, 1
1309, 22
1310, 12
1311, 35
1312, 41
1313, 54
1314, 30
1315, 61
1316, 31
1317, 36
1318, 30
1319, 39
1320, 31
1321, 29
1322, 20
1323, 14
1324, 59
1325, 30
1326, 11
1327, 20
1328, 9
1329, 10
1330, 1
1331, 10
1332, 36
1333, 59
1334, 1
1335, 39
1336, 1
1337, 31
1338, 16
1339, 16
1340, 16
1341, 23
1342, 1
1343, 24
1344, 11
1345, 36
1346, 33
1347, 43
1348, 19
1349, 17
1350, 36
1351, 1
1352, 34
1353, 30
1354, 36
1355, 35
1356, 15
1357, 20
1358, 8
1359, 1
1360, 15
1361, 12
1362, 13
1363, 41
1364, 38
1365, 63
1366, 67
1367, 1
1368, 22
1369, 19
1370, 1
1371, 57
1372, 36
1373, 56
1374, 60
1375, 59
1376, 1
1377, 49
1378, 16
1379, 28
1380, 32
1381, 36
1382, 30
1383, 9
1384, 1
1385, 22
1386, 22
1387, 28
1388, 48
1389, 49
1390, 9
1391, 1
1392, 33
1393, 35
1394, 52
1395, 1
1396, 37
1397, 40
1398, 54
1399, 32
1400, 44
1401, 1
1402, 72
1403, 30
1404, 53
1405, 54
1406, 9
1407, 1
1408, 48
1409, 27
1410, 69
1411, 72
1412, 41
1413, 58
1414, 24
1415, 21
1416, 1
1417, 54
1418, 31
1419, 39
1420, 59
1421, 44
1422, 9
1423, 1
1424, 50
1425, 32
1426, 19
1427, 39
1428, 52
1429, 49
1430, 25
1431, 38
1432, 32
1433, 14
1434, 27
1435, 13
1436, 1
1437, 14
1438, 39
1439, 18
1440, 29
1441, 64
1442, 68
1443, 38
1444, 34
1445, 35
1446, 36
1447, 38
1448, 44
1449, 51
1450, 1
1451, 53
1452, 40
1453, 37
1454, 33
1455, 40
1456, 38
1457, 1
1458, 54
1459, 26
1460, 1
1461, 42
1462, 21
1463, 27
1464, 1
1465, 22
1466, 1
1467, 23
1468, 15
1469, 29
1470, 20
1471, 12
1472, 1
1473, 19
1474, 38
1475, 19
1476, 17
1477, 22
1478, 1
1479, 16
1480, 12
1481, 22
1482, 18
1483, 33
1484, 33
1485, 22
1486, 22
1487, 23
1488, 13
1489, 1
1490, 19
1491, 44
1492, 26
1493, 32
1494, 13
1495, 20
1496, 8
1497, 1
1498, 19
1499, 42
1500, 26
1501, 32
1502, 13
1503, 20
1504, 8
1505, 1
1506, 40
1507, 1
1508, 9
1509, 15
1510, 1
1511, 16
1512, 21
1513, 19
1514, 8
1515, 1
1516, 29
1517, 27
1518, 25
1519, 19
1520, 32
1521, 28
1522, 25
1523, 47
1524, 19
1525, 1
1526, 24
1527, 27
1528, 1
1529, 16
1530, 25
1531, 23
1532, 6
1533, 20
1534, 45
1535, 14
1536, 14
1537, 8
1538, 1
1539, 24
1540, 24
1541, 1
1542, 20
1543, 9
1544, 19
1545, 33
1546, 37
1547, 1
1548, 26
1549, 23
1550, 18
1551, 1
1552, 20
1553, 7
1554, 19
1555, 32
1556, 31
1557, 22
1558, 1
1559, 60
1560, 6
1561, 23
1562, 14
1563, 14
1564, 45
1565, 23
1566, 28
1567, 27
1568, 20
1569, 30
1570, 14
1571, 23
1572, 29
1573, 39
1574, 34
1575, 33
1576, 20
1577, 41
1578, 34
1579, 62
1580, 32
1581, 14
1582, 27
1583, 8
1584, 1
1585, 58
1586, 6
1587, 23
1588, 14
1589, 14
1590, 44
1591, 23
1592, 28
1593, 27
1594, 20
1595, 31
1596, 14
1597, 23
1598, 29
1599, 39
1600, 33
1601, 31
1602, 20
1603, 41
1604, 33
1605, 61
1606, 31
1607, 14
1608, 27
1609, 8
1610, 1
1611, 45
1612, 29
1613, 1
1614, 22
1615, 7
1616, 22
1617, 36
1618, 36
1619, 27
1620, 1
1621, 23
1622, 18
1623, 1
1624, 15
1625, 6
1626, 14
1627, 36
1628, 1
1629, 41
1630, 38
1631, 77
1632, 1
1633, 21
1634, 19
1635, 23
1636, 19
1637, 19
1638, 17
1639, 1
1640, 15
1641, 30
1642, 49
1643, 5
1644, 33
1645, 74
1646, 45
1647, 1
1648, 69
1649, 39
1650, 35
1651, 1
1652, 67
1653, 50
1654, 20
1655, 37
1656, 27
1657, 9
1658, 1
1659, 33
1660, 75
1661, 1
1662, 36
1663, 74
1664, 1
1665, 22
1666, 47
1667, 1
1668, 25
1669, 32
1670, 67
1671, 15
1672, 13
1673, 9
1674, 1
1675, 61
1676, 84
1677, 40
1678, 38
1679, 1
1680, 54
1681, 26
1682, 1
1683, 17
1684, 27
1685, 1
1686, 19
1687, 1
1688, 23
1689, 15
1690, 30
1691, 33
1692, 33
1693, 24
1694, 13
1695, 1
1696, 22
1697, 24
1698, 60
1699, 45
1700, 45
1701, 47
1702, 22
1703, 19
1704, 26
1705, 1
1706, 24
1707, 19
1708, 28
1709, 49
1710, 39
1711, 37
1712, 1
1713, 1
1714, 17
1715, 31
1716, 1
1717, 25
1718, 23
1719, 27
1720, 28
1721, 28
1722, 47
1723, 1
1724, 30
1725, 22
1726, 32
1727, 34
1728, 54
1729, 1
1730, 41
1731, 9
1732, 41
1733, 41
1734, 65
1735, 1
1736, 1
1737, 1
1738, 40
1739, 39
1740, 2
1741, 34
1742, 2
1743, 46
1744, 1
1745, 1
1746, 18
1747, 27
1748, 1
1749, 15
1750, 30
1751, 31
1752, 48
1753, 20
1754, 1
1755, 30
1756, 1
1757, 66
1758, 1
1759, 17
1760, 11
1761, 11
1762, 21
1763, 20
1764, 8
1765, 1
1766, 24
1767, 1
1768, 25
1769, 13
1770, 25
1771, 30
1772, 1
1773, 1
1774, 25
1775, 69
1776, 39
1777, 4
1778, 45
1779, 40
1780, 1
1781, 21
1782, 27
1783, 1
1784, 81
1785, 34
1786, 64
1787, 1
1788, 23
1789, 15
1790, 43
1791, 67
1792, 31
1793, 78
1794, 35
1795, 18
1796, 1
1797, 32
1798, 58
1799, 20
1800, 46
1801, 64
1802, 62
1803, 1
1804, 1
1805, 28
1806, 32
1807, 1
1808, 23
1809, 38
1810, 34
1811, 1
1812, 38
1813, 38
1814, 65
1815, 1
1816, 1
1817, 56
1818, 43
1819, 57
1820, 42
1821, 59
1822, 57
1823, 111
1824, 78
1825, 57
1826, 47
1827, 1
1828, 40
1829, 10
1830, 47
1831, 25
1832, 51
1833, 25
1834, 1
1835, 41
1836, 47
1837, 4
1838, 39
1839, 4
1840, 40
1841, 25
1842, 49
1843, 2
1844, 20
1845, 29
1846, 2
1847, 28
1848, 24
1849, 16
1850, 31
1851, 42
1852, 43
1853, 45
1854, 58
1855, 40
1856, 37
1857, 47
1858, 62
1859, 50
1860, 74
1861, 35
1862, 13
1863, 2
1864, 87
1865, 43
1866, 31
1867, 14
1868, 41
1869, 58
1870, 2
1871, 38
1872, 45
1873, 31
1874, 20
1875, 69
1876, 11
1877, 56
1878, 2
1879, 44
1880, 2
1881, 18
1882, 48
1883, 21
1884, 63
1885, 32
1886, 10
1887, 2
1888, 55
1889, 30
1890, 2
1891, 58
1892, 29
1893, 2
1894, 70
1895, 38
1896, 57
1897, 55
1898, 53
1899, 66
1900, 67
1901, 57
1902, 53
1903, 57
1904, 40
1905, 37
1906, 2
1907, 38
1908, 48
1909, 1
1910, 16
1911, 19
1912, 1
1913, 34
1914, 38
1915, 32
1916, 28
1917, 1
1918, 15
1919, 30
1920, 13
1921, 20
1922, 1
1923, 11
1924, 38
1925, 41
1926, 59
1927, 1
1928, 55
1929, 37
1930, 74
1931, 57
1932, 27
1933, 71
1934, 34
1935, 46
1936, 38
1937, 74
1938, 1
1939, 39
1940, 1
1941, 20
1942, 42
1943, 67
1944, 59
1945, 55
1946, 39
1947, 39
1948, 39
1949, 67
1950, 45
1951, 29
1952, 69
1953, 29
1954, 1
1955, 35
1956, 74
1957, 1
1958, 25
1959, 25
1960, 37
1961, 27
1962, 16
1963, 22
1964, 25
1965, 26
1966, 33
1967, 28
1968, 1
1969, 50
1970, 32
1971, 77
1972, 67
1973, 68
1974, 15
1975, 15
1976, 15
1977, 40
1978, 22
1979, 16
1980, 18
1981, 71
1982, 76
1983, 34
1984, 1
1985, 16
1986, 22
1987, 25
1988, 46
1989, 69
1990, 79
1991, 1
1992, 12
1993, 2
1994, 10
1995, 7
1996, 7
1997, 7
1998, 7
1999, 7
2000, 7
2001, 14
2002, 5
2003, 1
2004, 14
2005, 27
2006, 28
2007, 28
2008, 44
2009, 44
2010, 45
2011, 40
2012, 5
2013, 1
2014, 13
2015, 27
2016, 27
2017, 28
2018, 45
2019, 44
2020, 44
2021, 40
2022, 5
2023, 1
2024, 13
2025, 27
2026, 28
2027, 28
2028, 44
2029, 44
2030, 45
2031, 40
2032, 5
2033, 1
2034, 14
2035, 27
2036, 28
2037, 27
2038, 44
2039, 44
2040, 45
2041, 40
2042, 4
2043, 3
2044, 1
2045, 43
2046, 40
2047, 5
2048, 28
2049, 1
2050, 21
2051, 19
2052, 1
2053, 15
2054, 31
2055, 44
2056, 12
2057, 1
2058, 1
2059, 21
2060, 51
2061, 1
2062, 21
2063, 51
2064, 1
2065, 21
2066, 51
2067, 1
2068, 21
2069, 51
2070, 1
2071, 21
2072, 48
2073, 1
2074, 18
2075, 36
2076, 41
2077, 38
2078, 2
2079, 32
2080, 1
2081, 1
2082, 17
2083, 19
2084, 1
2085, 14
2086, 30
2087, 47
2088, 19
2089, 1
2090, 10
2091, 49
2092, 55
2093, 1
2094, 1
2095, 29
2096, 29
2097, 30
2098, 52
2099, 9
2100, 1
2101, 22
2102, 1
2103, 1
2104, 32
2105, 29
2106, 32
2107, 52
2108, 9
2109, 1
2110, 23
2111, 1
2112, 42
2113, 39
2114, 2
2115, 28
2116, 1
2117, 17
2118, 19
2119, 1
2120, 15
2121, 29
2122, 13
2123, 19
2124, 1
2125, 12
2126, 10
2127, 12
2128, 12
2129, 1
2130, 1
2131, 9
2132, 26
2133, 42
2134, 31
2135, 58
2136, 1
2137, 37
2138, 30
2139, 49
2140, 11
2141, 41
2142, 11
2143, 47
2144, 44
2145, 8
2146, 1
2147, 43
2148, 31
2149, 48
2150, 39
2151, 1
2152, 34
2153, 38
2154, 33
2155, 30
2156, 1
2157, 21
2158, 19
2159, 1
2160, 15
2161, 28
2162, 65
2163, 11
2164, 1
2165, 13
2166, 73
2167, 1
2168, 36
2169, 79
2170, 14
2171, 42
2172, 12
2173, 26
2174, 28
2175, 1
2176, 40
2177, 18
2178, 70
2179, 42
2180, 29
2181, 30
2182, 1
2183, 53
2184, 25
2185, 68
2186, 39
2187, 4
2188, 45
2189, 65
2190, 24
2191, 1
2192, 20
2193, 27
2194, 1
2195, 81
2196, 34
2197, 64
2198, 1
2199, 23
2200, 15
2201, 43
2202, 45
2203, 37
2204, 20
2205, 52
2206, 41
2207, 18
2208, 1
2209, 27
2210, 54
2211, 1
2212, 37
2213, 32
2214, 82
2215, 88
2216, 31
2217, 46
2218, 1
2219, 26
2220, 22
2221, 33
2222, 25
2223, 1
2224, 30
2225, 26
2226, 40
2227, 29
2228, 1
2229, 28
2230, 32
2231, 1
2232, 23
2233, 38
2234, 34
2235, 1
2236, 38
2237, 38
2238, 65
2239, 1
2240, 1
2241, 56
2242, 43
2243, 57
2244, 42
2245, 59
2246, 57
2247, 111
2248, 78
2249, 57
2250, 47
2251, 1
2252, 40
2253, 10
2254, 47
2255, 25
2256, 51
2257, 25
2258, 35
2259, 39
2260, 46
2261, 1
2262, 22
2263, 19
2264, 35
2265, 38
2266, 1
2267, 15
2268, 29
2269, 77
2270, 76
2271, 72
2272, 13
2273, 48
2274, 54
2275, 18
2276, 1
2277, 1
2278, 56
2279, 16
2280, 16
2281, 18
2282, 1
2283, 20
2284, 29
2285, 24
2286, 28
2287, 29
2288, 29
2289, 20
2290, 27
2291, 20
2292, 27
2293, 1
2294, 74
2295, 1
2296, 40
2297, 39
2298, 4
2299, 36
2300, 2
2301, 48
2302, 1
2303, 1
2304, 19
2305, 19
2306, 1
2307, 13
2308, 34
2309, 29
2310, 45
2311, 30
2312, 1
2313, 6
2314, 26
2315, 37
2316, 58
2317, 51
2318, 1
2319, 32
2320, 1
2321, 41
2322, 37
2323, 25
2324, 17
2325, 26
2326, 17
2327, 57
2328, 17
2329, 50
2330, 9
2331, 1
2332, 1
2333, 45
2334, 17
2335, 9
2336, 1
2337, 26
2338, 1
2339, 1
2340, 46
2341, 1
2342, 1
2343, 65
2344, 69
2345, 60
2346, 1
2347, 1
2348, 15
2349, 30
2350, 13
2351, 20
2352, 1
2353, 33
2354, 41
2355, 38
2356, 3
2357, 46
2358, 1
2359, 19
2360, 1
2361, 34
2362, 1
2363, 19
2364, 1
2365, 30
2366, 48
2367, 30
2368, 32
2369, 39
2370, 5
2371, 53
2372, 1
2373, 36
2374, 1
2375, 44
2376, 1
2377, 61
2378, 1
2379, 22
2380, 17
2381, 23
2382, 11
2383, 34
2384, 40
2385, 64
2386, 9
2387, 1
2388, 15
2389, 12
2390, 16
2391, 40
2392, 55
2393, 23
2394, 36
2395, 39
2396, 20
2397, 18
2398, 29
2399, 19
2400, 9
2401, 40
2402, 39
2403, 4
2404, 36
2405, 2
2406, 46
2407, 1
2408, 1
2409, 18
2410, 27
2411, 1
2412, 15
2413, 30
2414, 37
2415, 20
2416, 5
2417, 33
2418, 18
2419, 46
2420, 29
2421, 22
2422, 17
2423, 32
2424, 1
2425, 20
2426, 18
2427, 13
2428, 22
2429, 1
2430, 1
2431, 19
2432, 19
2433, 12
2434, 18
2435, 49
2436, 15
2437, 1
2438, 13
2439, 12
2440, 33
2441, 24
2442, 23
2443, 33
2444, 23
2445, 9
2446, 1
2447, 10
2448, 12
2449, 42
2450, 48
2451, 9
2452, 1
2453, 26
2454, 41
2455, 46
2456, 4
2457, 39
2458, 4
2459, 62
2460, 62
2461, 4
2462, 40
2463, 26
2464, 45
2465, 2
2466, 21
2467, 45
2468, 2
2469, 2
2470, 47
2471, 27
2472, 79
2473, 26
2474, 77
2475, 39
2476, 10
2477, 2
2478, 2
2479, 50
2480, 29
2481, 78
2482, 78
2483, 71
2484, 10
2485, 2
2486, 2
2487, 16
2488, 45
2489, 81
2490, 81
2491, 82
2492, 82
2493, 37
2494, 14
2495, 2
2496, 2
2497, 2
2498, 2
2499, 41
2500, 38
2501, 4
2502, 26
2503, 1
2504, 17
2505, 27
2506, 1
2507, 23
2508, 15
2509, 29
2510, 51
2511, 12
2512, 1
2513, 21
2514, 19
2515, 20
2516, 1
2517, 29
2518, 28
2519, 41
2520, 34
2521, 37
2522, 33
2523, 37
2524, 44
2525, 1
2526, 20
2527, 19
2528, 1
2529, 15
2530, 30
2531, 50
2532, 73
2533, 74
2534, 45
2535, 79
2536, 13
2537, 1
2538, 17
2539, 24
2540, 34
2541, 1
2542, 36
2543, 36
2544, 31
2545, 1
2546, 31
2547, 63
2548, 40
2549, 37
2550, 31
2551, 1
2552, 20
2553, 19
2554, 1
2555, 39
2556, 54
2557, 37
2558, 52
2559, 1
2560, 35
2561, 42
2562, 67
2563, 1
2564, 58
2565, 73
2566, 19
2567, 1
2568, 15
2569, 37
2570, 50
2571, 60
2572, 67
2573, 42
2574, 63
2575, 13
2576, 1
2577, 1
2578, 1
2579, 1
2580, 1
2581, 40
2582, 37
2583, 30
2584, 1
2585, 1
2586, 20
2587, 19
2588, 1
2589, 15
2590, 30
2591, 50
2592, 83
2593, 74
2594, 51
2595, 79
2596, 13
2597, 1
2598, 17
2599, 24
2600, 34
2601, 1
2602, 42
2603, 42
2604, 34
2605, 1
2606, 31
2607, 63
2608, 1
2609, 40
2610, 37
2611, 38
2612, 47
2613, 60
2614, 1
2615, 16
2616, 53
2617, 55
2618, 40
2619, 48
2620, 45
2621, 1
2622, 64
2623, 65
2624, 1
2625, 19
2626, 1
2627, 34
2628, 1
2629, 19
2630, 1
2631, 19
2632, 1
2633, 24
2634, 1
2635, 8
2636, 16
2637, 48
2638, 29
2639, 30
2640, 1
2641, 16
2642, 16
2643, 51
2644, 29
2645, 42
2646, 37
2647, 19
2648, 55
2649, 25
2650, 49
2651, 22
2652, 40
2653, 60
2654, 19
2655, 32
2656, 41
2657, 21
2658, 1
2659, 33
2660, 14
2661, 38
2662, 51
2663, 38
2664, 51
2665, 38
2666, 51
2667, 38
2668, 49
2669, 38
2670, 49
2671, 38
2672, 53
2673, 38
2674, 49
2675, 38
2676, 49
2677, 38
2678, 51
2679, 38
2680, 49
2681, 38
2682, 49
2683, 37
2684, 42
2685, 9
2686, 25
2687, 1
2688, 26
2689, 14
2690, 11
2691, 63
2692, 9
2693, 1
2694, 16
2695, 55
2696, 1
2697, 26
2698, 39
2699, 31
2700, 19
2701, 9
2702, 1
2703, 29
2704, 52
2705, 19
2706, 1
2707, 14
2708, 55
2709, 34
2710, 34
2711, 34
2712, 34
2713, 34
2714, 34
2715, 35
2716, 1
2717, 10
2718, 61
2719, 27
2720, 1
2721, 28
2722, 12
2723, 58
2724, 43
2725, 59
2726, 37
2727, 57
2728, 32
2729, 61
2730, 15
2731, 48
2732, 20
2733, 9
2734, 40
2735, 37
2736, 38
2737, 47
2738, 60
2739, 1
2740, 16
2741, 53
2742, 55
2743, 40
2744, 48
2745, 45
2746, 44
2747, 1
2748, 1
2749, 19
2750, 1
2751, 34
2752, 1
2753, 27
2754, 1
2755, 19
2756, 1
2757, 24
2758, 1
2759, 8
2760, 14
2761, 46
2762, 27
2763, 28
2764, 1
2765, 16
2766, 14
2767, 42
2768, 27
2769, 40
2770, 25
2771, 7
2772, 53
2773, 23
2774, 47
2775, 20
2776, 31
2777, 58
2778, 17
2779, 30
2780, 36
2781, 19
2782, 1
2783, 33
2784, 12
2785, 36
2786, 52
2787, 36
2788, 52
2789, 36
2790, 52
2791, 36
2792, 50
2793, 36
2794, 50
2795, 36
2796, 54
2797, 36
2798, 50
2799, 36
2800, 50
2801, 36
2802, 52
2803, 36
2804, 50
2805, 36
2806, 50
2807, 35
2808, 43
2809, 7
2810, 25
2811, 1
2812, 26
2813, 12
2814, 10
2815, 60
2816, 7
2817, 1
2818, 16
2819, 53
2820, 1
2821, 26
2822, 35
2823, 1
2824, 29
2825, 50
2826, 19
2827, 1
2828, 14
2829, 53
2830, 33
2831, 33
2832, 33
2833, 33
2834, 33
2835, 33
2836, 34
2837, 1
2838, 10
2839, 60
2840, 26
2841, 1
2842, 28
2843, 10
2844, 56
2845, 44
2846, 57
2847, 35
2848, 58
2849, 30
2850, 60
2851, 13
2852, 49
2853, 21
2854, 7
2855, 1
2856, 23
2857, 26
2858, 60
2859, 5
2860, 1
2861, 14
2862, 43
2863, 1
2864, 19
2865, 28
2866, 28
2867, 35
2868, 34
2869, 35
2870, 1
2871, 26
2872, 32
2873, 25
2874, 68
2875, 42
2876, 1
2877, 21
2878, 19
2879, 1
2880, 70
2881, 15
2882, 32
2883, 29
2884, 58
2885, 34
2886, 64
2887, 27
2888, 46
2889, 41
2890, 59
2891, 53
2892, 61
2893, 51
2894, 62
2895, 9
2896, 25
2897, 26
2898, 13
2899, 1
2900, 1
2901, 27
2902, 39
2903, 40
2904, 27
2905, 10
2906, 26
2907, 33
2908, 30
2909, 1
2910, 1
2911, 30
2912, 17
2913, 66
2914, 66
2915, 51
2916, 30
2917, 23
2918, 10
2919, 1
2920, 1
2921, 30
2922, 15
2923, 21
2924, 48
2925, 35
2926, 58
2927, 34
2928, 13
2929, 11
2930, 13
2931, 1
2932, 1
2933, 27
2934, 22
2935, 61
2936, 45
2937, 60
2938, 30
2939, 23
2940, 42
2941, 58
2942, 22
2943, 29
2944, 9
2945, 28
2946, 1
2947, 1
2948, 25
2949, 19
2950, 31
2951, 38
2952, 9
2953, 24
2954, 1
2955, 1
2956, 15
2957, 54
2958, 37
2959, 1
2960, 38
2961, 12
2962, 18
2963, 29
2964, 29
2965, 49
2966, 9
2967, 41
2968, 38
2969, 3
2970, 29
2971, 34
2972, 1
2973, 18
2974, 46
2975, 1
2976, 19
2977, 1
2978, 17
2979, 36
2980, 38
2981, 30
2982, 14
2983, 12
2984, 1
2985, 18
2986, 28
2987, 23
2988, 53
2989, 44
2990, 31
2991, 37
2992, 53
2993, 44
2994, 66
2995, 54
2996, 19
2997, 64
2998, 9
2999, 1
3000, 38
3001, 31
3002, 65
3003, 27
3004, 64
3005, 38
3006, 1
3007, 41
3008, 40
3009, 72
3010, 92
3011, 35
3012, 48
3013, 1
3014, 44
3015, 20
3016, 22
3017, 46
3018, 49
3019, 23
3020, 53
3021, 1
3022, 22
3023, 22
3024, 22
3025, 22
3026, 22
3027, 22
3028, 22
3029, 22
3030, 22
3031, 22
3032, 22
3033, 22
3034, 22
3035, 22
3036, 22
3037, 22
3038, 22
3039, 22
3040, 22
3041, 22
3042, 22
3043, 22
3044, 22
3045, 22
3046, 22
3047, 22
3048, 22
3049, 22
3050, 22
3051, 22
3052, 22
3053, 22
3054, 21
3055, 3
3056, 41
3057, 38
3058, 3
3059, 47
3060, 33
3061, 3
3062, 34
3063, 3
3064, 1
3065, 74
3066, 66
3067, 76
3068, 75
3069, 15
3070, 1
3071, 18
3072, 1
3073, 62
3074, 1
3075, 23
3076, 19
3077, 1
3078, 20
3079, 21
3080, 1
3081, 17
3082, 24
3083, 18
3084, 10
3085, 1
3086, 68
3087, 49
3088, 18
3089, 28
3090, 15
3091, 15
3092, 1
3093, 13
3094, 26
3095, 11
3096, 28
3097, 45
3098, 28
3099, 36
3100, 28
3101, 47
3102, 19
3103, 12
3104, 34
3105, 26
3106, 37
3107, 43
3108, 7
3109, 1
3110, 61
3111, 68
3112, 64
3113, 26
3114, 31
3115, 44
3116, 25
3117, 25
3118, 15
3119, 1
3120, 45
3121, 73
3122, 71
3123, 38
3124, 29
3125, 9
3126, 30
3127, 61
3128, 37
3129, 44
3130, 27
3131, 1
3132, 20
3133, 5
3134, 30
3135, 47
3136, 1
3137, 37
3138, 5
3139, 57
3140, 74
3141, 50
3142, 1
3143, 51
3144, 39
3145, 7
3146, 43
3147, 24
3148, 59
3149, 22
3150, 67
3151, 1
3152, 56
3153, 54
3154, 24
3155, 59
3156, 22
3157, 59
3158, 35
3159, 43
3160, 22
3161, 31
3162, 1
3163, 61
3164, 24
3165, 18
3166, 9
3167, 17
3168, 32
3169, 63
3170, 1
3171, 33
3172, 24
3173, 24
3174, 22
3175, 43
3176, 18
3177, 1
3178, 24
3179, 24
3180, 24
3181, 24
3182, 24
3183, 24
3184, 24
3185, 24
3186, 24
3187, 24
3188, 24
3189, 24
3190, 24
3191, 24
3192, 24
3193, 24
3194, 24
3195, 24
3196, 24
3197, 24
3198, 24
3199, 24
3200, 24
3201, 24
3202, 24
3203, 24
3204, 24
3205, 24
3206, 24
3207, 24
3208, 24
3209, 24
3210, 1
3211, 21
3212, 27
3213, 57
3214, 1
3215, 30
3216, 69
3217, 79
3218, 33
3219, 32
3220, 1
3221, 22
3222, 19
3223, 1
3224, 14
3225, 57
3226, 34
3227, 19
3228, 1
3229, 38
3230, 20
3231, 39
3232, 59
3233, 41
3234, 38
3235, 1
3236, 36
3237, 38
3238, 46
3239, 26
3240, 1
3241, 16
3242, 35
3243, 1
3244, 69
3245, 71
3246, 70
3247, 49
3248, 1
3249, 23
3250, 15
3251, 31
3252, 68
3253, 69
3254, 11
3255, 1
3256, 69
3257, 1
3258, 27
3259, 39
3260, 6
3261, 42
3262, 33
3263, 8
3264, 1
3265, 33
3266, 49
3267, 19
3268, 1
3269, 66
3270, 59
3271, 68
3272, 35
3273, 39
3274, 46
3275, 1
3276, 23
3277, 19
3278, 1
3279, 15
3280, 30
3281, 66
3282, 49
3283, 20
3284, 1
3285, 18
3286, 41
3287, 23
3288, 22
3289, 53
3290, 1
3291, 31
3292, 31
3293, 25
3294, 21
3295, 20
3296, 27
3297, 1
3298, 42
3299, 12
3300, 27
3301, 37
3302, 1
3303, 32
3304, 20
3305, 17
3306, 54
3307, 1
3308, 22
3309, 20
3310, 46
3311, 1
3312, 43
3313, 23
3314, 19
3315, 57
3316, 1
3317, 23
3318, 64
3319, 1
3320, 64
3321, 18
3322, 46
3323, 1
3324, 46
3325, 34
3326, 36
3327, 42
3328, 39
3329, 33
3330, 1
3331, 23
3332, 19
3333, 47
3334, 1
3335, 15
3336, 30
3337, 30
3338, 63
3339, 51
3340, 20
3341, 1
3342, 18
3343, 61
3344, 1
3345, 39
3346, 24
3347, 58
3348, 1
3349, 31
3350, 36
3351, 29
3352, 20
3353, 20
3354, 32
3355, 1
3356, 1
3357, 42
3358, 42
3359, 1
3360, 1
3361, 32
3362, 66
3363, 1
3364, 100
3365, 1
3366, 26
3367, 70
3368, 1
3369, 1
3370, 43
3371, 67
3372, 1
3373, 102
3374, 1
3375, 26
3376, 71
3377, 1
3378, 1
3379, 64
3380, 32
3381, 1
3382, 1
3383, 31
3384, 14
3385, 71
3386, 73
3387, 55
3388, 39
3389, 1
3390, 78
3391, 83
3392, 1
3393, 25
3394, 72
3395, 39
3396, 4
3397, 51
3398, 1
3399, 21
3400, 27
3401, 2
3402, 23
3403, 15
3404, 23
3405, 38
3406, 11
3407, 1
3408, 15
3409, 41
3410, 52
3411, 24
3412, 34
3413, 8
3414, 79
3415, 9
3416, 1
3417, 21
3418, 7
3419, 29
3420, 34
3421, 38
3422, 20
3423, 8
3424, 38
3425, 1
3426, 25
3427, 73
3428, 42
3429, 1
3430, 17
3431, 19
3432, 1
3433, 15
3434, 46
3435, 64
3436, 13
3437, 42
3438, 39
3439, 5
3440, 63
3441, 27
3442, 4
3443, 71
3444, 71
3445, 70
3446, 18
3447, 4
3448, 61
3449, 63
3450, 18
3451, 4
3452, 65
3453, 71
3454, 71
3455, 65
3456, 72
3457, 18
3458, 4
3459, 4
3460, 41
3461, 36
3462, 41
3463, 1
3464, 17
3465, 27
3466, 1
3467, 23
3468, 15
3469, 31
3470, 61
3471, 12
3472, 1
3473, 44
3474, 1
3475, 27
3476, 53
3477, 25
3478, 64
3479, 39
3480, 4
3481, 48
3482, 1
3483, 17
3484, 19
3485, 1
3486, 70
3487, 43
3488, 15
3489, 42
3490, 32
3491, 12
3492, 1
3493, 28
3494, 32
3495, 48
3496, 1
3497, 41
3498, 38
3499, 28
3500, 1
3501, 18
3502, 20
3503, 21
3504, 2
3505, 71
3506, 44
3507, 16
3508, 34
3509, 13
3510, 13
3511, 15
3512, 10
3513, 2
3514, 56
3515, 12
3516, 20
3517, 38
3518, 33
3519, 59
3520, 12
3521, 2
3522, 23
3523, 13
3524, 59
3525, 51
3526, 20
3527, 25
3528, 10
3529, 2
3530, 21
3531, 55
3532, 30
3533, 13
3534, 26
3535, 22
3536, 9
3537, 41
3538, 38
3539, 34
3540, 1
3541, 17
3542, 19
3543, 1
3544, 70
3545, 43
3546, 15
3547, 38
3548, 32
3549, 12
3550, 1
3551, 25
3552, 24
3553, 42
3554, 41
3555, 40
3556, 40
3557, 4
3558, 36
3559, 2
3560, 44
3561, 1
3562, 16
3563, 19
3564, 1
3565, 15
3566, 30
3567, 36
3568, 19
3569, 49
3570, 1
3571, 31
3572, 69
3573, 1
3574, 23
3575, 42
3576, 39
3577, 28
3578, 1
3579, 21
3580, 32
3581, 1
3582, 20
3583, 1
3584, 16
3585, 20
3586, 68
3587, 15
3588, 32
3589, 14
3590, 20
3591, 1
3592, 22
3593, 11
3594, 11
3595, 34
3596, 24
3597, 15
3598, 26
3599, 28
3600, 8
3601, 1
3602, 15
3603, 33
3604, 17
3605, 25
3606, 60
3607, 39
3608, 4
3609, 50
3610, 60
3611, 61
3612, 27
3613, 1
3614, 13
3615, 19
3616, 1
3617, 24
3618, 1
3619, 15
3620, 31
3621, 36
3622, 38
3623, 20
3624, 1
3625, 43
3626, 1
3627, 18
3628, 34
3629, 1
3630, 40
3631, 40
3632, 42
3633, 42
3634, 43
3635, 34
3636, 1
3637, 40
3638, 40
3639, 42
3640, 40
3641, 43
3642, 34
3643, 1
3644, 25
3645, 75
3646, 42
3647, 1
3648, 51
3649, 62
3650, 1
3651, 54
3652, 1
3653, 19
3654, 27
3655, 1
3656, 70
3657, 23
3658, 14
3659, 18
3660, 57
3661, 62
3662, 51
3663, 63
3664, 34
3665, 44
3666, 11
3667, 35
3668, 13
3669, 1
3670, 1
3671, 31
3672, 26
3673, 28
3674, 43
3675, 1
3676, 1
3677, 18
3678, 50
3679, 8
3680, 22
3681, 75
3682, 11
3683, 47
3684, 40
3685, 26
3686, 25
3687, 16
3688, 9
3689, 1
3690, 24
3691, 26
3692, 41
3693, 65
3694, 34
3695, 47
3696, 14
3697, 18
3698, 14
3699, 12
3700, 34
3701, 10
3702, 28
3703, 12
3704, 40
3705, 59
3706, 36
3707, 28
3708, 9
3709, 1
3710, 1
3711, 44
3712, 19
3713, 58
3714, 29
3715, 9
3716, 19
3717, 1
3718, 51
3719, 17
3720, 26
3721, 69
3722, 39
3723, 4
3724, 48
3725, 51
3726, 1
3727, 19
3728, 27
3729, 1
3730, 24
3731, 1
3732, 27
3733, 23
3734, 15
3735, 42
3736, 31
3737, 50
3738, 19
3739, 17
3740, 12
3741, 1
3742, 1
3743, 32
3744, 27
3745, 50
3746, 54
3747, 1
3748, 1
3749, 19
3750, 7
3751, 46
3752, 51
3753, 21
3754, 9
3755, 14
3756, 8
3757, 1
3758, 23
3759, 7
3760, 51
3761, 56
3762, 11
3763, 25
3764, 17
3765, 9
3766, 18
3767, 23
3768, 1
3769, 1
3770, 22
3771, 57
3772, 33
3773, 46
3774, 15
3775, 10
3776, 9
3777, 1
3778, 10
3779, 70
3780, 36
3781, 1
3782, 15
3783, 32
3784, 45
3785, 10
3786, 30
3787, 1
