1, 64
2, 38
3, 3
4, 22
5, 30
6, 3
7, 35
8, 45
9, 24
10, 12
11, 1
12, 23
13, 17
14, 130
15, 6
16, 29
17, 39
18, 7
19, 14
20, 10
21, 1
22, 17
23, 38
24, 13
25, 39
26, 15
27, 1
28, 71
29, 1
30, 48
31, 1
32, 71
33, 1
34, 50
35, 29
36, 6
37, 17
38, 20
39, 20
40, 31
41, 8
42, 46
43, 11
44, 11
45, 1
46, 58
47, 38
48, 23
49, 47
50, 1
51, 51
52, 1
53, 17
54, 68
55, 79
56, 29
57, 6
58, 9
59, 59
60, 13
61, 37
62, 8
63, 11
64, 36
65, 46
66, 16
67, 33
68, 9
69, 31
70, 21
71, 16
72, 1
73, 33
74, 42
75, 26
76, 19
77, 16
78, 57
79, 39
80, 8
81, 9
82, 41
83, 38
84, 3
85, 29
86, 1
87, 31
88, 35
89, 51
90, 45
91, 57
92, 1
93, 25
94, 39
95, 21
96, 28
97, 31
98, 34
99, 34
100, 25
101, 29
102, 20
103, 18
104, 20
105, 26
106, 6
107, 30
108, 40
109, 11
110, 48
111, 35
112, 53
113, 36
114, 34
115, 43
116, 25
117, 35
118, 13
119, 4
120, 52
121, 4
122, 23
123, 33
124, 56
125, 18
126, 34
127, 74
128, 74
129, 46
130, 31
131, 46
132, 31
133, 16
134, 47
135, 36
136, 38
137, 28
138, 38
139, 16
140, 26
141, 13
142, 37
143, 39
144, 25
145, 39
146, 35
147, 13
148, 17
149, 65
150, 15
151, 3
152, 17
153, 3
154, 29
155, 65
156, 1
157, 21
158, 29
159, 77
160, 68
161, 8
162, 14
163, 33
164, 23
165, 32
166, 32
167, 30
168, 15
169, 15
170, 65
171, 15
172, 3
173, 17
174, 3
175, 29
176, 65
177, 1
178, 33
179, 1
180, 26
181, 60
182, 25
183, 9
184, 24
185, 65
186, 48
187, 19
188, 11
189, 45
190, 14
191, 23
192, 1
193, 71
194, 72
195, 37
196, 9
197, 31
198, 27
199, 11
200, 42
201, 44
202, 51
203, 14
204, 24
205, 19
206, 1
207, 15
208, 41
209, 38
210, 3
211, 29
212, 30
213, 1
214, 31
215, 35
216, 51
217, 45
218, 57
219, 1
220, 25
221, 55
222, 34
223, 25
224, 39
225, 21
226, 28
227, 31
228, 25
229, 29
230, 25
231, 26
232, 18
233, 20
234, 20
235, 1
236, 33
237, 69
238, 44
239, 25
240, 1
241, 33
242, 23
243, 21
244, 23
245, 24
246, 23
247, 37
248, 37
249, 1
250, 9
251, 11
252, 16
253, 78
254, 35
255, 45
256, 34
257, 23
258, 24
259, 40
260, 80
261, 80
262, 52
263, 37
264, 52
265, 37
266, 22
267, 53
268, 32
269, 26
270, 12
271, 23
272, 21
273, 16
274, 25
275, 1
276, 52
277, 51
278, 1
279, 6
280, 30
281, 40
282, 11
283, 48
284, 35
285, 53
286, 36
287, 34
288, 43
289, 25
290, 35
291, 13
292, 4
293, 52
294, 4
295, 23
296, 33
297, 56
298, 18
299, 1
300, 60
301, 44
302, 48
303, 75
304, 7
305, 26
306, 44
307, 25
308, 14
309, 3
310, 59
311, 71
312, 60
313, 63
314, 1
315, 39
316, 25
317, 41
318, 34
319, 57
320, 48
321, 19
322, 34
323, 36
324, 34
325, 19
326, 16
327, 47
328, 36
329, 38
330, 28
331, 38
332, 16
333, 26
334, 13
335, 37
336, 39
337, 25
338, 39
339, 35
340, 13
341, 17
342, 1
343, 41
344, 38
345, 3
346, 29
347, 30
348, 1
349, 21
350, 29
351, 77
352, 68
353, 8
354, 14
355, 33
356, 23
357, 32
358, 32
359, 30
360, 15
361, 15
362, 1
363, 41
364, 38
365, 3
366, 29
367, 30
368, 1
369, 33
370, 1
371, 26
372, 60
373, 25
374, 9
375, 24
376, 65
377, 48
378, 19
379, 11
380, 45
381, 14
382, 23
383, 1
384, 71
385, 72
386, 37
387, 9
388, 31
389, 27
390, 11
391, 42
392, 44
393, 51
394, 14
395, 24
396, 19
397, 1
398, 15
399, 1
400, 42
401, 39
402, 3
403, 37
404, 51
405, 36
406, 3
407, 30
408, 1
409, 40
410, 46
411, 54
412, 51
413, 57
414, 1
415, 25
416, 1
417, 41
418, 9
419, 33
420, 47
421, 11
422, 20
423, 14
424, 18
425, 1
426, 34
427, 53
428, 69
429, 72
430, 76
431, 1
432, 48
433, 9
434, 33
435, 47
436, 11
437, 70
438, 19
439, 14
440, 25
441, 1
442, 61
443, 1
444, 26
445, 52
446, 37
447, 21
448, 1
449, 55
450, 67
451, 1
452, 26
453, 6
454, 31
455, 31
456, 32
457, 9
458, 1
459, 45
460, 1
461, 52
462, 61
463, 56
464, 1
465, 26
466, 1
467, 39
468, 20
469, 45
470, 67
471, 18
472, 1
473, 37
474, 24
475, 38
476, 32
477, 37
478, 1
479, 37
480, 25
481, 39
482, 34
483, 38
484, 1
485, 32
486, 51
487, 50
488, 17
489, 19
490, 1
491, 40
492, 16
493, 1
494, 21
495, 1
496, 58
497, 1
498, 40
499, 55
500, 1
501, 46
502, 38
503, 1
504, 36
505, 40
506, 1
507, 49
508, 9
509, 28
510, 61
511, 11
512, 57
513, 37
514, 14
515, 1
516, 39
517, 31
518, 30
519, 9
520, 39
521, 18
522, 22
523, 1
524, 37
525, 1
526, 37
527, 1
528, 20
529, 1
530, 6
531, 1
532, 11
533, 33
534, 30
535, 1
536, 38
537, 61
538, 1
539, 33
540, 46
541, 40
542, 37
543, 50
544, 12
545, 52
546, 41
547, 50
548, 32
549, 42
550, 19
551, 30
552, 1
553, 42
554, 39
555, 1
556, 47
557, 12
558, 73
559, 39
560, 9
561, 12
562, 8
563, 1
564, 11
565, 50
566, 38
567, 37
568, 9
569, 12
570, 8
571, 1
572, 31
573, 60
574, 37
575, 57
576, 29
577, 45
578, 16
579, 13
580, 1
581, 38
582, 40
583, 26
584, 42
585, 36
586, 13
587, 1
588, 17
589, 1
590, 42
591, 39
592, 3
593, 37
594, 47
595, 36
596, 3
597, 30
598, 1
599, 31
600, 35
601, 1
602, 17
603, 1
604, 30
605, 58
606, 1
607, 38
608, 1
609, 19
610, 24
611, 22
612, 41
613, 1
614, 8
615, 1
616, 23
617, 1
618, 14
619, 38
620, 1
621, 23
622, 25
623, 25
624, 24
625, 15
626, 1
627, 21
628, 50
629, 13
630, 41
631, 18
632, 1
633, 62
634, 62
635, 1
636, 11
637, 1
638, 42
639, 39
640, 3
641, 37
642, 51
643, 36
644, 3
645, 30
646, 1
647, 31
648, 17
649, 13
650, 1
651, 22
652, 1
653, 56
654, 38
655, 39
656, 1
657, 58
658, 1
659, 19
660, 24
661, 22
662, 40
663, 6
664, 54
665, 9
666, 24
667, 72
668, 69
669, 40
670, 11
671, 62
672, 14
673, 1
674, 21
675, 1
676, 15
677, 1
678, 64
679, 9
680, 33
681, 17
682, 1
683, 64
684, 38
685, 21
686, 42
687, 45
688, 36
689, 9
690, 12
691, 19
692, 1
693, 60
694, 9
695, 31
696, 28
697, 11
698, 79
699, 14
700, 19
701, 1
702, 57
703, 6
704, 60
705, 35
706, 31
707, 9
708, 26
709, 44
710, 75
711, 17
712, 11
713, 1
714, 42
715, 39
716, 3
717, 30
718, 1
719, 26
720, 16
721, 1
722, 35
723, 1
724, 33
725, 1
726, 20
727, 1
728, 42
729, 39
730, 3
731, 30
732, 1
733, 13
734, 1
735, 32
736, 1
737, 40
738, 42
739, 1
740, 42
741, 1
742, 19
743, 30
744, 45
745, 1
746, 41
747, 1
748, 80
749, 1
750, 8
751, 1
752, 52
753, 51
754, 46
755, 1
756, 26
757, 1
758, 42
759, 39
760, 3
761, 30
762, 1
763, 37
764, 1
765, 22
766, 30
767, 26
768, 66
769, 55
770, 1
771, 16
772, 16
773, 16
774, 1
775, 19
776, 30
777, 26
778, 24
779, 6
780, 9
781, 23
782, 19
783, 17
784, 30
785, 31
786, 15
787, 1
788, 26
789, 73
790, 35
791, 39
792, 4
793, 30
794, 73
795, 73
796, 14
797, 73
798, 36
799, 46
800, 52
801, 2
802, 24
803, 46
804, 5
805, 33
806, 28
807, 5
808, 31
809, 56
810, 12
811, 57
812, 37
813, 27
814, 27
815, 23
816, 5
817, 36
818, 55
819, 26
820, 13
821, 29
822, 27
823, 34
824, 30
825, 15
826, 47
827, 27
828, 33
829, 33
830, 18
831, 19
832, 56
833, 32
834, 13
835, 30
836, 20
837, 23
838, 8
839, 27
840, 34
841, 43
842, 19
843, 5
844, 27
845, 25
846, 28
847, 37
848, 8
849, 43
850, 29
851, 13
852, 47
853, 27
854, 18
855, 11
856, 41
857, 30
858, 15
859, 37
860, 42
861, 40
862, 21
863, 37
864, 24
865, 21
866, 36
867, 43
868, 40
869, 21
870, 38
871, 24
872, 21
873, 39
874, 43
875, 37
876, 21
877, 38
878, 24
879, 21
880, 31
881, 18
882, 23
883, 10
884, 37
885, 25
886, 18
887, 12
888, 55
889, 46
890, 34
891, 38
892, 17
893, 46
894, 30
895, 24
896, 19
897, 5
898, 42
899, 35
900, 33
901, 7
902, 48
903, 30
904, 29
905, 32
906, 30
907, 34
908, 52
909, 61
910, 14
911, 45
912, 14
913, 16
914, 2
915, 42
916, 39
917, 4
918, 50
919, 4
920, 41
921, 71
922, 4
923, 70
924, 21
925, 40
926, 64
927, 4
928, 28
929, 63
930, 80
931, 39
932, 46
933, 14
934, 2
935, 29
936, 43
937, 36
938, 7
939, 2
940, 31
941, 13
942, 57
943, 17
944, 25
945, 61
946, 12
947, 12
948, 2
949, 19
950, 46
951, 8
952, 22
953, 72
954, 21
955, 81
956, 17
957, 41
958, 81
959, 2
960, 22
961, 2
962, 25
963, 33
964, 2
965, 40
966, 2
967, 59
968, 2
969, 60
970, 71
971, 35
972, 2
973, 42
974, 32
975, 37
976, 37
977, 16
978, 2
979, 66
980, 2
981, 45
982, 29
983, 2
984, 26
985, 58
986, 2
987, 16
988, 81
989, 46
990, 49
991, 56
992, 54
993, 2
994, 27
995, 2
996, 60
997, 2
998, 62
999, 10
1000, 18
1001, 23
1002, 24
1003, 29
1004, 32
1005, 28
1006, 34
1007, 31
1008, 31
1009, 23
1010, 22
1011, 24
1012, 29
1013, 34
1014, 28
1015, 31
1016, 31
1017, 32
1018, 23
1019, 25
1020, 24
1021, 29
1022, 31
1023, 28
1024, 32
1025, 31
1026, 34
1027, 23
1028, 17
1029, 23
1030, 2
1031, 69
1032, 27
1033, 2
1034, 66
1035, 33
1036, 32
1037, 36
1038, 2
1039, 67
1040, 29
1041, 28
1042, 28
1043, 30
1044, 29
1045, 29
1046, 28
1047, 30
1048, 30
1049, 30
1050, 2
1051, 56
1052, 59
1053, 43
1054, 10
1055, 12
1056, 55
1057, 28
1058, 27
1059, 17
1060, 34
1061, 17
1062, 2
1063, 31
1064, 10
1065, 29
1066, 32
1067, 22
1068, 48
1069, 24
1070, 48
1071, 25
1072, 68
1073, 20
1074, 17
1075, 17
1076, 23
1077, 2
1078, 43
1079, 60
1080, 37
1081, 53
1082, 59
1083, 38
1084, 2
1085, 10
1086, 31
1087, 58
1088, 17
1089, 17
1090, 2
1091, 39
1092, 30
1093, 41
1094, 31
1095, 47
1096, 17
1097, 2
1098, 57
1099, 31
1100, 53
1101, 17
1102, 2
1103, 31
1104, 64
1105, 61
1106, 20
1107, 17
1108, 2
1109, 31
1110, 73
1111, 17
1112, 39
1113, 21
1114, 2
1115, 14
1116, 26
1117, 31
1118, 66
1119, 13
1120, 2
1121, 16
1122, 80
1123, 30
1124, 81
1125, 32
1126, 2
1127, 33
1128, 26
1129, 53
1130, 67
1131, 18
1132, 25
1133, 23
1134, 48
1135, 18
1136, 35
1137, 34
1138, 36
1139, 36
1140, 36
1141, 2
1142, 12
1143, 21
1144, 35
1145, 34
1146, 36
1147, 36
1148, 36
1149, 2
1150, 37
1151, 36
1152, 37
1153, 37
1154, 15
1155, 2
1156, 26
1157, 81
1158, 37
1159, 2
1160, 28
1161, 2
1162, 50
1163, 13
1164, 41
1165, 36
1166, 17
1167, 2
1168, 18
1169, 35
1170, 34
1171, 36
1172, 36
1173, 45
1174, 10
1175, 13
1176, 41
1177, 37
1178, 33
1179, 68
1180, 30
1181, 30
1182, 15
1183, 32
1184, 34
1185, 33
1186, 33
1187, 37
1188, 33
1189, 18
1190, 39
1191, 39
1192, 46
1193, 44
1194, 42
1195, 58
1196, 21
1197, 18
1198, 17
1199, 2
1200, 21
1201, 35
1202, 34
1203, 36
1204, 36
1205, 51
1206, 10
1207, 13
1208, 30
1209, 34
1210, 32
1211, 20
1212, 15
1213, 2
1214, 26
1215, 42
1216, 41
1217, 47
1218, 47
1219, 42
1220, 10
1221, 56
1222, 27
1223, 26
1224, 18
1225, 2
1226, 12
1227, 79
1228, 35
1229, 37
1230, 19
1231, 18
1232, 68
1233, 46
1234, 35
1235, 49
1236, 18
1237, 2
1238, 17
1239, 36
1240, 70
1241, 50
1242, 50
1243, 19
1244, 18
1245, 2
1246, 26
1247, 42
1248, 38
1249, 4
1250, 29
1251, 3
1252, 44
1253, 38
1254, 3
1255, 51
1256, 48
1257, 48
1258, 45
1259, 45
1260, 1
1261, 1
1262, 27
1263, 197
1264, 1
1265, 1
1266, 1
1267, 43
1268, 60
1269, 1
1270, 49
1271, 50
1272, 54
1273, 1
1274, 28
1275, 1
1276, 18
1277, 1
1278, 22
1279, 1
1280, 90
1281, 1
1282, 54
1283, 85
1284, 1
1285, 65
1286, 1
1287, 65
1288, 1
1289, 6
1290, 28
1291, 1
1292, 30
1293, 22
1294, 8
1295, 47
1296, 11
1297, 1
1298, 62
1299, 57
1300, 30
1301, 1
1302, 57
1303, 30
1304, 37
1305, 57
1306, 57
1307, 1
1308, 30
1309, 30
1310, 11
1311, 1
1312, 18
1313, 18
1314, 20
1315, 1
1316, 80
1317, 1
1318, 51
1319, 68
1320, 2
1321, 22
1322, 2
1323, 42
1324, 80
1325, 79
1326, 18
1327, 2
1328, 45
1329, 48
1330, 2
1331, 40
1332, 2
1333, 63
1334, 53
1335, 52
1336, 56
1337, 2
1338, 65
1339, 2
1340, 57
1341, 56
1342, 58
1343, 56
1344, 55
1345, 58
1346, 57
1347, 58
1348, 55
1349, 58
1350, 2
1351, 42
1352, 39
1353, 2
1354, 79
1355, 62
1356, 54
1357, 2
1358, 2
1359, 60
1360, 2
1361, 55
1362, 49
1363, 2
1364, 2
1365, 79
1366, 74
1367, 80
1368, 78
1369, 73
1370, 81
1371, 81
1372, 61
1373, 2
1374, 80
1375, 18
1376, 40
1377, 2
1378, 82
1379, 2
1380, 81
1381, 43
1382, 71
1383, 2
1384, 55
1385, 2
1386, 66
1387, 2
1388, 16
1389, 1
1390, 80
1391, 1
1392, 26
1393, 27
1394, 28
1395, 2
1396, 47
1397, 2
1398, 32
1399, 2
1400, 71
1401, 82
1402, 50
1403, 2
1404, 46
1405, 57
1406, 2
1407, 81
1408, 79
1409, 49
1410, 58
1411, 63
1412, 42
1413, 2
1414, 42
1415, 71
1416, 2
1417, 42
1418, 55
1419, 2
1420, 57
1421, 2
1422, 69
1423, 2
1424, 57
1425, 2
1426, 60
1427, 2
1428, 60
1429, 2
1430, 48
1431, 2
1432, 57
1433, 2
1434, 73
1435, 2
1436, 9
1437, 2
1438, 30
1439, 2
1440, 73
1441, 77
1442, 78
1443, 77
1444, 79
1445, 80
1446, 26
1447, 66
1448, 83
1449, 16
1450, 2
1451, 42
1452, 55
1453, 2
1454, 62
1455, 14
1456, 47
1457, 69
1458, 33
1459, 43
1460, 43
1461, 55
1462, 45
1463, 45
1464, 60
1465, 19
1466, 2
1467, 26
1468, 1
1469, 80
1470, 1
1471, 53
1472, 26
1473, 27
1474, 2
1475, 28
1476, 2
1477, 74
1478, 2
1479, 68
1480, 20
1481, 38
1482, 41
1483, 40
1484, 35
1485, 2
1486, 53
1487, 46
1488, 2
1489, 37
1490, 2
1491, 9
1492, 2
1493, 19
1494, 2
1495, 76
1496, 2
1497, 65
1498, 14
1499, 55
1500, 45
1501, 44
1502, 57
1503, 75
1504, 59
1505, 19
1506, 2
1507, 22
1508, 1
1509, 80
1510, 1
1511, 35
1512, 2
1513, 31
1514, 2
1515, 78
1516, 81
1517, 77
1518, 80
1519, 60
1520, 2
1521, 36
1522, 50
1523, 2
1524, 84
1525, 72
1526, 23
1527, 30
1528, 54
1529, 2
1530, 79
1531, 76
1532, 74
1533, 54
1534, 26
1535, 30
1536, 54
1537, 2
1538, 9
1539, 2
1540, 36
1541, 63
1542, 46
1543, 2
1544, 33
1545, 53
1546, 2
1547, 74
1548, 75
1549, 2
1550, 69
1551, 14
1552, 71
1553, 79
1554, 100
1555, 79
1556, 78
1557, 78
1558, 79
1559, 78
1560, 79
1561, 23
1562, 42
1563, 80
1564, 54
1565, 56
1566, 19
1567, 2
1568, 25
1569, 1
1570, 80
1571, 1
1572, 27
1573, 30
1574, 1
1575, 39
1576, 1
1577, 48
1578, 45
1579, 1
1580, 38
1581, 45
1582, 78
1583, 77
1584, 81
1585, 14
1586, 1
1587, 37
1588, 75
1589, 1
1590, 78
1591, 74
1592, 75
1593, 64
1594, 22
1595, 59
1596, 44
1597, 43
1598, 44
1599, 1
1600, 80
1601, 46
1602, 24
1603, 59
1604, 40
1605, 43
1606, 44
1607, 1
1608, 75
1609, 39
1610, 61
1611, 32
1612, 1
1613, 8
1614, 1
1615, 26
1616, 65
1617, 44
1618, 43
1619, 44
1620, 1
1621, 28
1622, 65
1623, 40
1624, 43
1625, 44
1626, 1
1627, 38
1628, 71
1629, 1
1630, 33
1631, 1
1632, 80
1633, 1
1634, 32
1635, 2
1636, 81
1637, 81
1638, 79
1639, 80
1640, 74
1641, 81
1642, 78
1643, 72
1644, 61
1645, 58
1646, 19
1647, 25
1648, 12
1649, 42
1650, 15
1651, 2
1652, 40
1653, 54
1654, 2
1655, 26
1656, 1
1657, 80
1658, 1
1659, 50
1660, 24
1661, 53
1662, 23
1663, 2
1664, 33
1665, 27
1666, 2
1667, 82
1668, 2
1669, 32
1670, 2
1671, 78
1672, 77
1673, 80
1674, 38
1675, 55
1676, 2
1677, 69
1678, 75
1679, 67
1680, 7
1681, 70
1682, 69
1683, 58
1684, 7
1685, 32
1686, 37
1687, 35
1688, 35
1689, 35
1690, 35
1691, 35
1692, 35
1693, 35
1694, 31
1695, 2
1696, 27
1697, 1
1698, 80
1699, 1
1700, 36
1701, 2
1702, 34
1703, 2
1704, 67
1705, 80
1706, 68
1707, 39
1708, 41
1709, 34
1710, 34
1711, 27
1712, 2
1713, 54
1714, 2
1715, 28
1716, 1
1717, 80
1718, 1
1719, 28
1720, 29
1721, 2
1722, 27
1723, 2
1724, 64
1725, 50
1726, 49
1727, 49
1728, 51
1729, 50
1730, 50
1731, 49
1732, 51
1733, 51
1734, 51
1735, 2
1736, 18
1737, 18
1738, 18
1739, 2
1740, 56
1741, 34
1742, 34
1743, 34
1744, 10
1745, 12
1746, 60
1747, 23
1748, 27
1749, 17
1750, 34
1751, 17
1752, 2
1753, 30
1754, 30
1755, 30
1756, 2
1757, 41
1758, 10
1759, 31
1760, 35
1761, 57
1762, 59
1763, 78
1764, 20
1765, 17
1766, 17
1767, 33
1768, 2
1769, 16
1770, 1
1771, 80
1772, 1
1773, 29
1774, 2
1775, 37
1776, 2
1777, 16
1778, 16
1779, 16
1780, 2
1781, 20
1782, 35
1783, 44
1784, 49
1785, 27
1786, 7
1787, 46
1788, 55
1789, 10
1790, 42
1791, 33
1792, 46
1793, 60
1794, 65
1795, 15
1796, 2
1797, 15
1798, 15
1799, 15
1800, 2
1801, 72
1802, 27
1803, 10
1804, 34
1805, 50
1806, 52
1807, 15
1808, 2
1809, 38
1810, 39
1811, 2
1812, 67
1813, 32
1814, 33
1815, 2
1816, 26
1817, 14
1818, 2
1819, 25
1820, 25
1821, 25
1822, 2
1823, 57
1824, 10
1825, 35
1826, 18
1827, 40
1828, 16
1829, 37
1830, 46
1831, 62
1832, 40
1833, 36
1834, 24
1835, 23
1836, 15
1837, 12
1838, 34
1839, 33
1840, 20
1841, 15
1842, 26
1843, 24
1844, 2
1845, 27
1846, 27
1847, 27
1848, 2
1849, 59
1850, 10
1851, 29
1852, 26
1853, 2
1854, 17
1855, 17
1856, 17
1857, 2
1858, 71
1859, 10
1860, 22
1861, 16
1862, 2
1863, 13
1864, 13
1865, 13
1866, 2
1867, 59
1868, 10
1869, 23
1870, 12
1871, 2
1872, 24
1873, 24
1874, 24
1875, 2
1876, 62
1877, 10
1878, 26
1879, 23
1880, 2
1881, 24
1882, 24
1883, 24
1884, 2
1885, 62
1886, 10
1887, 35
1888, 23
1889, 2
1890, 18
1891, 18
1892, 18
1893, 2
1894, 50
1895, 10
1896, 25
1897, 45
1898, 17
1899, 2
1900, 20
1901, 20
1902, 20
1903, 2
1904, 59
1905, 10
1906, 26
1907, 19
1908, 2
1909, 17
1910, 17
1911, 17
1912, 2
1913, 24
1914, 31
1915, 10
1916, 64
1917, 31
1918, 16
1919, 2
1920, 26
1921, 1
1922, 80
1923, 1
1924, 29
1925, 2
1926, 33
1927, 2
1928, 16
1929, 16
1930, 16
1931, 2
1932, 20
1933, 38
1934, 41
1935, 40
1936, 34
1937, 7
1938, 56
1939, 78
1940, 77
1941, 82
1942, 80
1943, 77
1944, 77
1945, 81
1946, 42
1947, 10
1948, 67
1949, 40
1950, 76
1951, 33
1952, 48
1953, 54
1954, 32
1955, 42
1956, 17
1957, 15
1958, 2
1959, 27
1960, 27
1961, 27
1962, 2
1963, 48
1964, 10
1965, 40
1966, 45
1967, 17
1968, 26
1969, 2
1970, 18
1971, 18
1972, 18
1973, 2
1974, 39
1975, 35
1976, 10
1977, 40
1978, 73
1979, 17
1980, 17
1981, 2
1982, 40
1983, 36
1984, 67
1985, 17
1986, 41
1987, 17
1988, 17
1989, 2
1990, 22
1991, 1
1992, 80
1993, 1
1994, 27
1995, 57
1996, 2
1997, 36
1998, 2
1999, 19
2000, 19
2001, 19
2002, 2
2003, 23
2004, 30
2005, 53
2006, 7
2007, 58
2008, 10
2009, 27
2010, 47
2011, 51
2012, 18
2013, 2
2014, 2
2015, 77
2016, 51
2017, 61
2018, 2
2019, 68
2020, 79
2021, 2
2022, 2
2023, 22
2024, 22
2025, 22
2026, 2
2027, 26
2028, 30
2029, 53
2030, 7
2031, 61
2032, 40
2033, 40
2034, 40
2035, 10
2036, 12
2037, 69
2038, 52
2039, 41
2040, 81
2041, 80
2042, 60
2043, 81
2044, 38
2045, 82
2046, 76
2047, 55
2048, 76
2049, 19
2050, 18
2051, 2
2052, 82
2053, 79
2054, 77
2055, 57
2056, 54
2057, 41
2058, 43
2059, 2
2060, 80
2061, 34
2062, 69
2063, 18
2064, 39
2065, 21
2066, 2
2067, 42
2068, 79
2069, 47
2070, 18
2071, 17
2072, 21
2073, 2
2074, 25
2075, 1
2076, 80
2077, 1
2078, 37
2079, 2
2080, 16
2081, 16
2082, 16
2083, 2
2084, 28
2085, 2
2086, 18
2087, 18
2088, 18
2089, 2
2090, 36
2091, 13
2092, 16
2093, 17
2094, 2
2095, 20
2096, 20
2097, 20
2098, 2
2099, 27
2100, 13
2101, 30
2102, 19
2103, 2
2104, 15
2105, 2
2106, 26
2107, 1
2108, 80
2109, 1
2110, 20
2111, 31
2112, 1
2113, 44
2114, 1
2115, 40
2116, 1
2117, 81
2118, 79
2119, 24
2120, 52
2121, 1
2122, 64
2123, 25
2124, 35
2125, 1
2126, 55
2127, 25
2128, 35
2129, 1
2130, 47
2131, 43
2132, 1
2133, 63
2134, 25
2135, 34
2136, 1
2137, 52
2138, 84
2139, 1
2140, 60
2141, 1
2142, 18
2143, 18
2144, 18
2145, 1
2146, 22
2147, 59
2148, 44
2149, 43
2150, 43
2151, 6
2152, 34
2153, 39
2154, 1
2155, 25
2156, 25
2157, 25
2158, 34
2159, 9
2160, 87
2161, 77
2162, 78
2163, 52
2164, 1
2165, 36
2166, 30
2167, 14
2168, 1
2169, 69
2170, 92
2171, 36
2172, 79
2173, 78
2174, 43
2175, 49
2176, 34
2177, 17
2178, 1
2179, 20
2180, 20
2181, 20
2182, 1
2183, 24
2184, 59
2185, 40
2186, 43
2187, 43
2188, 6
2189, 34
2190, 44
2191, 39
2192, 1
2193, 24
2194, 24
2195, 9
2196, 51
2197, 49
2198, 28
2199, 19
2200, 1
2201, 22
2202, 22
2203, 22
2204, 1
2205, 25
2206, 42
2207, 32
2208, 6
2209, 35
2210, 9
2211, 37
2212, 21
2213, 1
2214, 22
2215, 22
2216, 22
2217, 1
2218, 26
2219, 65
2220, 44
2221, 43
2222, 43
2223, 6
2224, 9
2225, 67
2226, 21
2227, 1
2228, 24
2229, 24
2230, 24
2231, 1
2232, 28
2233, 65
2234, 40
2235, 43
2236, 43
2237, 6
2238, 9
2239, 69
2240, 23
2241, 1
2242, 33
2243, 1
2244, 80
2245, 1
2246, 20
2247, 2
2248, 38
2249, 2
2250, 36
2251, 2
2252, 60
2253, 79
2254, 77
2255, 81
2256, 2
2257, 28
2258, 2
2259, 19
2260, 19
2261, 19
2262, 2
2263, 59
2264, 10
2265, 24
2266, 36
2267, 12
2268, 59
2269, 15
2270, 18
2271, 2
2272, 28
2273, 28
2274, 28
2275, 2
2276, 31
2277, 71
2278, 32
2279, 42
2280, 2
2281, 2
2282, 57
2283, 2
2284, 19
2285, 19
2286, 19
2287, 2
2288, 70
2289, 10
2290, 34
2291, 17
2292, 2
2293, 36
2294, 36
2295, 36
2296, 2
2297, 43
2298, 40
2299, 58
2300, 31
2301, 90
2302, 35
2303, 34
2304, 10
2305, 83
2306, 27
2307, 61
2308, 15
2309, 2
2310, 38
2311, 39
2312, 67
2313, 59
2314, 75
2315, 56
2316, 22
2317, 21
2318, 54
2319, 47
2320, 18
2321, 17
2322, 2
2323, 32
2324, 44
2325, 12
2326, 29
2327, 15
2328, 35
2329, 2
2330, 2
2331, 7
2332, 35
2333, 49
2334, 14
2335, 31
2336, 27
2337, 1
2338, 80
2339, 1
2340, 53
2341, 2
2342, 39
2343, 2
2344, 36
2345, 36
2346, 36
2347, 2
2348, 39
2349, 41
2350, 34
2351, 34
2352, 26
2353, 7
2354, 34
2355, 37
2356, 10
2357, 29
2358, 42
2359, 43
2360, 16
2361, 38
2362, 18
2363, 35
2364, 74
2365, 74
2366, 62
2367, 74
2368, 34
2369, 28
2370, 23
2371, 27
2372, 35
2373, 2
2374, 28
2375, 41
2376, 38
2377, 50
2378, 3
2379, 40
2380, 70
2381, 3
2382, 69
2383, 20
2384, 39
2385, 63
2386, 3
2387, 27
2388, 62
2389, 79
2390, 39
2391, 43
2392, 60
2393, 1
2394, 38
2395, 45
2396, 13
2397, 1
2398, 28
2399, 42
2400, 35
2401, 6
2402, 1
2403, 30
2404, 12
2405, 56
2406, 16
2407, 24
2408, 60
2409, 11
2410, 11
2411, 1
2412, 18
2413, 45
2414, 7
2415, 21
2416, 71
2417, 20
2418, 80
2419, 16
2420, 40
2421, 80
2422, 1
2423, 21
2424, 24
2425, 32
2426, 39
2427, 58
2428, 1
2429, 59
2430, 70
2431, 34
2432, 1
2433, 41
2434, 31
2435, 36
2436, 36
2437, 15
2438, 1
2439, 65
2440, 1
2441, 26
2442, 28
2443, 25
2444, 57
2445, 15
2446, 80
2447, 45
2448, 48
2449, 55
2450, 53
2451, 1
2452, 26
2453, 1
2454, 59
2455, 1
2456, 61
2457, 9
2458, 17
2459, 22
2460, 23
2461, 28
2462, 31
2463, 27
2464, 33
2465, 30
2466, 30
2467, 22
2468, 21
2469, 23
2470, 28
2471, 33
2472, 27
2473, 30
2474, 30
2475, 31
2476, 22
2477, 24
2478, 23
2479, 28
2480, 30
2481, 27
2482, 31
2483, 30
2484, 33
2485, 22
2486, 16
2487, 22
2488, 1
2489, 68
2490, 26
2491, 1
2492, 65
2493, 32
2494, 31
2495, 35
2496, 1
2497, 66
2498, 28
2499, 27
2500, 27
2501, 29
2502, 28
2503, 28
2504, 27
2505, 29
2506, 29
2507, 29
2508, 1
2509, 55
2510, 58
2511, 42
2512, 9
2513, 11
2514, 54
2515, 27
2516, 26
2517, 16
2518, 33
2519, 16
2520, 1
2521, 30
2522, 9
2523, 28
2524, 31
2525, 21
2526, 47
2527, 23
2528, 47
2529, 24
2530, 67
2531, 19
2532, 16
2533, 16
2534, 22
2535, 1
2536, 42
2537, 59
2538, 36
2539, 54
2540, 58
2541, 37
2542, 1
2543, 9
2544, 30
2545, 57
2546, 16
2547, 16
2548, 1
2549, 38
2550, 29
2551, 40
2552, 30
2553, 46
2554, 16
2555, 1
2556, 56
2557, 30
2558, 49
2559, 16
2560, 1
2561, 30
2562, 63
2563, 60
2564, 19
2565, 16
2566, 1
2567, 30
2568, 72
2569, 16
2570, 38
2571, 20
2572, 1
2573, 13
2574, 25
2575, 30
2576, 65
2577, 12
2578, 1
2579, 15
2580, 79
2581, 29
2582, 80
2583, 31
2584, 1
2585, 32
2586, 25
2587, 52
2588, 49
2589, 17
2590, 24
2591, 22
2592, 47
2593, 17
2594, 34
2595, 33
2596, 35
2597, 35
2598, 35
2599, 1
2600, 11
2601, 20
2602, 34
2603, 33
2604, 35
2605, 35
2606, 35
2607, 1
2608, 36
2609, 36
2610, 35
2611, 36
2612, 14
2613, 1
2614, 25
2615, 80
2616, 36
2617, 1
2618, 27
2619, 1
2620, 49
2621, 12
2622, 40
2623, 35
2624, 16
2625, 1
2626, 17
2627, 34
2628, 33
2629, 35
2630, 35
2631, 44
2632, 9
2633, 12
2634, 40
2635, 36
2636, 32
2637, 67
2638, 29
2639, 29
2640, 14
2641, 31
2642, 33
2643, 32
2644, 32
2645, 36
2646, 32
2647, 17
2648, 38
2649, 38
2650, 45
2651, 43
2652, 41
2653, 57
2654, 20
2655, 17
2656, 16
2657, 1
2658, 20
2659, 34
2660, 33
2661, 35
2662, 35
2663, 50
2664, 9
2665, 37
2666, 12
2667, 29
2668, 33
2669, 31
2670, 19
2671, 14
2672, 1
2673, 25
2674, 41
2675, 40
2676, 46
2677, 46
2678, 41
2679, 9
2680, 55
2681, 26
2682, 25
2683, 17
2684, 11
2685, 78
2686, 34
2687, 36
2688, 18
2689, 17
2690, 67
2691, 45
2692, 34
2693, 48
2694, 17
2695, 16
2696, 35
2697, 52
2698, 49
2699, 49
2700, 18
2701, 17
2702, 1
2703, 25
2704, 61
2705, 33
2706, 23
2707, 1
2708, 51
2709, 1
2710, 20
2711, 31
2712, 31
2713, 34
2714, 34
2715, 1
2716, 37
2717, 30
2718, 9
2719, 28
2720, 45
2721, 44
2722, 16
2723, 15
2724, 1
2725, 43
2726, 36
2727, 9
2728, 18
2729, 13
2730, 44
2731, 21
2732, 1
2733, 44
2734, 37
2735, 9
2736, 24
2737, 13
2738, 47
2739, 22
2740, 1
2741, 44
2742, 37
2743, 9
2744, 25
2745, 13
2746, 65
2747, 22
2748, 1
2749, 68
2750, 79
2751, 28
2752, 6
2753, 9
2754, 58
2755, 13
2756, 37
2757, 8
2758, 36
2759, 25
2760, 13
2761, 73
2762, 54
2763, 12
2764, 72
2765, 34
2766, 38
2767, 3
2768, 34
2769, 73
2770, 72
2771, 45
2772, 35
2773, 1
2774, 22
2775, 59
2776, 15
2777, 58
2778, 44
2779, 27
2780, 9
2781, 14
2782, 17
2783, 13
2784, 4
2785, 49
2786, 35
2787, 35
2788, 35
2789, 35
2790, 37
2791, 31
2792, 31
2793, 9
2794, 32
2795, 24
2796, 16
2797, 11
2798, 28
2799, 38
2800, 54
2801, 22
2802, 22
2803, 32
2804, 17
2805, 27
2806, 31
2807, 24
2808, 19
2809, 52
2810, 27
2811, 20
2812, 43
2813, 38
2814, 18
2815, 20
2816, 32
2817, 35
2818, 50
2819, 49
2820, 28
2821, 50
2822, 25
2823, 53
2824, 50
2825, 23
2826, 17
2827, 17
2828, 14
2829, 27
2830, 39
2831, 20
2832, 20
2833, 44
2834, 28
2835, 33
2836, 18
2837, 32
2838, 30
2839, 40
2840, 26
2841, 25
2842, 34
2843, 17
2844, 38
2845, 36
2846, 24
2847, 19
2848, 16
2849, 13
2850, 24
2851, 22
2852, 6
2853, 30
2854, 42
2855, 11
2856, 24
2857, 25
2858, 33
2859, 16
2860, 36
2861, 13
2862, 14
2863, 1
2864, 41
2865, 38
2866, 3
2867, 68
2868, 43
2869, 41
2870, 35
2871, 3
2872, 1
2873, 23
2874, 35
2875, 1
2876, 22
2877, 1
2878, 60
2879, 1
2880, 31
2881, 1
2882, 65
2883, 60
2884, 1
2885, 67
2886, 1
2887, 53
2888, 63
2889, 1
2890, 65
2891, 54
2892, 1
2893, 64
2894, 1
2895, 32
2896, 39
2897, 36
2898, 7
2899, 28
2900, 52
2901, 40
2902, 9
2903, 23
2904, 1
2905, 71
2906, 25
2907, 30
2908, 26
2909, 32
2910, 32
2911, 24
2912, 28
2913, 24
2914, 19
2915, 37
2916, 31
2917, 29
2918, 40
2919, 16
2920, 27
2921, 1
2922, 37
2923, 39
2924, 36
2925, 6
2926, 42
2927, 36
2928, 9
2929, 32
2930, 31
2931, 21
2932, 16
2933, 31
2934, 32
2935, 1
2936, 73
2937, 37
2938, 63
2939, 33
2940, 9
2941, 44
2942, 23
2943, 16
2944, 28
2945, 28
2946, 1
2947, 44
2948, 26
2949, 16
2950, 1
2951, 29
2952, 36
2953, 1
2954, 49
2955, 1
2956, 45
2957, 44
2958, 1
2959, 45
2960, 42
2961, 37
2962, 22
2963, 1
2964, 53
2965, 45
2966, 17
2967, 54
2968, 81
2969, 20
2970, 1
2971, 14
2972, 34
2973, 17
2974, 1
2975, 16
2976, 1
2977, 24
2978, 1
2979, 33
2980, 1
2981, 74
2982, 78
2983, 1
2984, 42
2985, 43
2986, 44
2987, 6
2988, 63
2989, 51
2990, 37
2991, 34
2992, 9
2993, 30
2994, 1
2995, 44
2996, 23
2997, 16
2998, 1
2999, 64
3000, 1
3001, 47
3002, 20
3003, 81
3004, 18
3005, 55
3006, 17
3007, 19
3008, 19
3009, 1
3010, 37
3011, 29
3012, 22
3013, 19
3014, 1
3015, 79
3016, 51
3017, 52
3018, 49
3019, 20
3020, 17
3021, 1
3022, 29
3023, 53
3024, 47
3025, 38
3026, 59
3027, 24
3028, 33
3029, 1
3030, 32
3031, 1
3032, 36
3033, 1
3034, 60
3035, 48
3036, 1
3037, 6
3038, 1
3039, 32
3040, 32
3041, 43
3042, 1
3043, 72
3044, 56
3045, 44
3046, 14
3047, 11
3048, 1
3049, 40
3050, 1
3051, 59
3052, 1
3053, 35
3054, 43
3055, 71
3056, 27
3057, 1
3058, 35
3059, 45
3060, 15
3061, 46
3062, 29
3063, 23
3064, 1
3065, 63
3066, 1
3067, 74
3068, 52
3069, 31
3070, 27
3071, 1
3072, 65
3073, 1
3074, 13
3075, 31
3076, 34
3077, 19
3078, 1
3079, 31
3080, 42
3081, 46
3082, 19
3083, 11
3084, 1
3085, 25
3086, 5
3087, 28
3088, 70
3089, 16
3090, 1
3091, 11
3092, 1
3093, 19
3094, 25
3095, 54
3096, 51
3097, 14
3098, 13
3099, 1
3100, 53
3101, 37
3102, 1
3103, 14
3104, 1
3105, 3
3106, 41
3107, 38
3108, 3
3109, 77
3110, 79
3111, 45
3112, 3
3113, 1
3114, 23
3115, 35
3116, 1
3117, 27
3118, 1
3119, 52
3120, 1
3121, 31
3122, 1
3123, 65
3124, 60
3125, 1
3126, 68
3127, 69
3128, 47
3129, 1
3130, 36
3131, 45
3132, 55
3133, 1
3134, 65
3135, 54
3136, 1
3137, 68
3138, 51
3139, 1
3140, 38
3141, 67
3142, 73
3143, 1
3144, 34
3145, 81
3146, 1
3147, 49
3148, 1
3149, 66
3150, 1
3151, 32
3152, 38
3153, 35
3154, 7
3155, 25
3156, 25
3157, 48
3158, 36
3159, 9
3160, 28
3161, 71
3162, 26
3163, 31
3164, 28
3165, 36
3166, 36
3167, 26
3168, 30
3169, 26
3170, 19
3171, 39
3172, 32
3173, 30
3174, 41
3175, 16
3176, 27
3177, 1
3178, 36
3179, 40
3180, 38
3181, 38
3182, 39
3183, 6
3184, 39
3185, 27
3186, 20
3187, 9
3188, 43
3189, 1
3190, 31
3191, 23
3192, 16
3193, 1
3194, 56
3195, 55
3196, 45
3197, 24
3198, 1
3199, 24
3200, 30
3201, 29
3202, 39
3203, 17
3204, 43
3205, 20
3206, 19
3207, 16
3208, 1
3209, 30
3210, 1
3211, 35
3212, 34
3213, 34
3214, 6
3215, 25
3216, 35
3217, 29
3218, 9
3219, 26
3220, 24
3221, 1
3222, 32
3223, 32
3224, 24
3225, 21
3226, 1
3227, 32
3228, 32
3229, 33
3230, 36
3231, 19
3232, 27
3233, 32
3234, 1
3235, 35
3236, 16
3237, 1
3238, 29
3239, 1
3240, 37
3241, 40
3242, 38
3243, 35
3244, 37
3245, 6
3246, 57
3247, 30
3248, 33
3249, 35
3250, 9
3251, 1
3252, 48
3253, 83
3254, 1
3255, 81
3256, 83
3257, 78
3258, 59
3259, 1
3260, 67
3261, 36
3262, 1
3263, 22
3264, 22
3265, 32
3266, 11
3267, 32
3268, 51
3269, 63
3270, 39
3271, 64
3272, 18
3273, 64
3274, 20
3275, 17
3276, 1
3277, 53
3278, 33
3279, 1
3280, 45
3281, 16
3282, 1
3283, 31
3284, 1
3285, 29
3286, 35
3287, 19
3288, 39
3289, 38
3290, 27
3291, 44
3292, 47
3293, 21
3294, 1
3295, 29
3296, 37
3297, 32
3298, 34
3299, 23
3300, 9
3301, 20
3302, 39
3303, 37
3304, 9
3305, 35
3306, 25
3307, 17
3308, 1
3309, 70
3310, 1
3311, 28
3312, 44
3313, 46
3314, 9
3315, 42
3316, 41
3317, 25
3318, 21
3319, 1
3320, 58
3321, 60
3322, 54
3323, 54
3324, 32
3325, 32
3326, 1
3327, 28
3328, 1
3329, 6
3330, 73
3331, 83
3332, 27
3333, 11
3334, 1
3335, 22
3336, 55
3337, 58
3338, 13
3339, 1
3340, 32
3341, 1
3342, 65
3343, 1
3344, 71
3345, 1
3346, 13
3347, 1
3348, 37
3349, 45
3350, 19
3351, 1
3352, 37
3353, 60
3354, 48
3355, 47
3356, 19
3357, 1
3358, 11
3359, 1
3360, 24
3361, 5
3362, 34
3363, 69
3364, 45
3365, 44
3366, 16
3367, 1
3368, 11
3369, 1
3370, 19
3371, 31
3372, 48
3373, 45
3374, 14
3375, 13
3376, 1
3377, 18
3378, 31
3379, 51
3380, 13
3381, 1
3382, 11
3383, 64
3384, 9
3385, 43
3386, 56
3387, 40
3388, 8
3389, 1
3390, 19
3391, 3
3392, 41
3393, 38
3394, 3
3395, 77
3396, 79
3397, 63
3398, 3
3399, 1
3400, 23
3401, 35
3402, 13
3403, 1
3404, 27
3405, 1
3406, 52
3407, 1
3408, 45
3409, 1
3410, 56
3411, 49
3412, 1
3413, 65
3414, 60
3415, 1
3416, 68
3417, 1
3418, 36
3419, 45
3420, 55
3421, 1
3422, 65
3423, 1
3424, 54
3425, 1
3426, 68
3427, 51
3428, 1
3429, 50
3430, 52
3431, 69
3432, 1
3433, 67
3434, 73
3435, 1
3436, 33
3437, 81
3438, 1
3439, 49
3440, 1
3441, 30
3442, 80
3443, 1
3444, 1
3445, 27
3446, 29
3447, 22
3448, 7
3449, 34
3450, 25
3451, 30
3452, 48
3453, 36
3454, 9
3455, 65
3456, 39
3457, 39
3458, 31
3459, 26
3460, 28
3461, 36
3462, 36
3463, 26
3464, 30
3465, 26
3466, 19
3467, 39
3468, 32
3469, 30
3470, 16
3471, 25
3472, 23
3473, 1
3474, 36
3475, 40
3476, 38
3477, 38
3478, 39
3479, 6
3480, 20
3481, 39
3482, 27
3483, 9
3484, 43
3485, 43
3486, 1
3487, 31
3488, 23
3489, 16
3490, 1
3491, 54
3492, 55
3493, 45
3494, 24
3495, 1
3496, 24
3497, 30
3498, 29
3499, 39
3500, 17
3501, 43
3502, 20
3503, 19
3504, 16
3505, 1
3506, 30
3507, 1
3508, 35
3509, 34
3510, 34
3511, 6
3512, 29
3513, 29
3514, 35
3515, 9
3516, 26
3517, 24
3518, 32
3519, 5
3520, 27
3521, 11
3522, 24
3523, 1
3524, 17
3525, 21
3526, 32
3527, 35
3528, 14
3529, 34
3530, 22
3531, 29
3532, 19
3533, 28
3534, 33
3535, 35
3536, 34
3537, 16
3538, 14
3539, 1
3540, 29
3541, 1
3542, 37
3543, 40
3544, 38
3545, 35
3546, 39
3547, 6
3548, 57
3549, 30
3550, 33
3551, 35
3552, 9
3553, 1
3554, 48
3555, 83
3556, 1
3557, 81
3558, 83
3559, 78
3560, 59
3561, 1
3562, 67
3563, 36
3564, 1
3565, 22
3566, 22
3567, 32
3568, 11
3569, 1
3570, 31
3571, 49
3572, 64
3573, 39
3574, 66
3575, 18
3576, 66
3577, 20
3578, 17
3579, 1
3580, 43
3581, 33
3582, 45
3583, 1
3584, 16
3585, 1
3586, 31
3587, 1
3588, 29
3589, 35
3590, 19
3591, 39
3592, 38
3593, 27
3594, 44
3595, 49
3596, 21
3597, 1
3598, 1
3599, 29
3600, 37
3601, 32
3602, 36
3603, 23
3604, 9
3605, 20
3606, 39
3607, 37
3608, 9
3609, 35
3610, 25
3611, 17
3612, 1
3613, 70
3614, 1
3615, 28
3616, 44
3617, 48
3618, 9
3619, 42
3620, 41
3621, 25
3622, 21
3623, 1
3624, 58
3625, 62
3626, 54
3627, 54
3628, 34
3629, 34
3630, 1
3631, 28
3632, 1
3633, 6
3634, 73
3635, 83
3636, 27
3637, 11
3638, 1
3639, 22
3640, 55
3641, 58
3642, 13
3643, 1
3644, 32
3645, 1
3646, 65
3647, 1
3648, 71
3649, 1
3650, 13
3651, 1
3652, 37
3653, 45
3654, 19
3655, 1
3656, 37
3657, 60
3658, 48
3659, 47
3660, 19
3661, 1
3662, 11
3663, 1
3664, 24
3665, 5
3666, 34
3667, 69
3668, 45
3669, 44
3670, 16
3671, 1
3672, 11
3673, 1
3674, 19
3675, 31
3676, 48
3677, 45
3678, 14
3679, 13
3680, 1
3681, 18
3682, 31
3683, 51
3684, 13
3685, 1
3686, 11
3687, 66
3688, 9
3689, 43
3690, 56
3691, 40
3692, 8
3693, 1
3694, 19
3695, 41
3696, 37
3697, 3
3698, 44
3699, 1
3700, 21
3701, 1
3702, 32
3703, 1
3704, 28
3705, 21
3706, 16
3707, 15
3708, 1
3709, 65
3710, 1
3711, 65
3712, 1
3713, 75
3714, 1
3715, 31
3716, 76
3717, 1
3718, 75
3719, 1
3720, 15
3721, 1
3722, 35
3723, 1
3724, 26
3725, 1
3726, 33
3727, 1
3728, 32
3729, 1
3730, 52
3731, 31
3732, 1
3733, 54
3734, 32
3735, 32
3736, 32
3737, 9
3738, 39
3739, 46
3740, 19
3741, 1
3742, 67
3743, 49
3744, 9
3745, 58
3746, 35
3747, 31
3748, 16
3749, 24
3750, 1
3751, 77
3752, 44
3753, 27
3754, 9
3755, 48
3756, 47
3757, 14
3758, 1
3759, 15
3760, 28
3761, 1
3762, 29
3763, 29
3764, 37
3765, 21
3766, 14
3767, 21
3768, 17
3769, 16
3770, 1
3771, 31
3772, 22
3773, 1
3774, 31
3775, 75
3776, 6
3777, 27
3778, 22
3779, 40
3780, 9
3781, 40
3782, 1
3783, 26
3784, 47
3785, 1
3786, 30
3787, 51
3788, 19
3789, 1
3790, 35
3791, 37
3792, 16
3793, 26
3794, 1
3795, 77
3796, 27
3797, 34
3798, 22
3799, 9
3800, 40
3801, 1
3802, 26
3803, 47
3804, 1
3805, 48
3806, 35
3807, 47
3808, 26
3809, 19
3810, 1
3811, 46
3812, 35
3813, 1
3814, 37
3815, 16
3816, 26
3817, 1
3818, 15
3819, 1
3820, 45
3821, 38
3822, 1
3823, 19
3824, 34
3825, 68
3826, 69
3827, 34
3828, 72
3829, 72
3830, 72
3831, 60
3832, 36
3833, 67
3834, 67
3835, 67
3836, 67
3837, 67
3838, 67
3839, 59
3840, 1
3841, 69
3842, 1
3843, 6
3844, 26
3845, 34
3846, 1
3847, 62
3848, 65
3849, 21
3850, 62
3851, 11
3852, 1
3853, 41
3854, 38
3855, 3
3856, 68
3857, 40
3858, 63
3859, 1
3860, 1
3861, 45
3862, 28
3863, 1
3864, 19
3865, 1
3866, 27
3867, 1
3868, 49
3869, 1
3870, 28
3871, 34
3872, 37
3873, 15
3874, 1
3875, 69
3876, 1
3877, 52
3878, 53
3879, 54
3880, 1
3881, 46
3882, 57
3883, 57
3884, 57
3885, 45
3886, 1
3887, 28
3888, 51
3889, 51
3890, 51
3891, 51
3892, 51
3893, 51
3894, 50
3895, 1
3896, 49
3897, 1
3898, 41
3899, 65
3900, 1
3901, 24
3902, 73
3903, 1
3904, 35
3905, 33
3906, 27
3907, 33
3908, 1
3909, 42
3910, 53
3911, 1
3912, 31
3913, 1
3914, 37
3915, 1
3916, 41
3917, 1
3918, 25
3919, 1
3920, 1
3921, 36
3922, 1
3923, 23
3924, 1
3925, 36
3926, 1
3927, 39
3928, 72
3929, 57
3930, 29
3931, 42
3932, 50
3933, 54
3934, 12
3935, 47
3936, 15
3937, 1
3938, 25
3939, 12
3940, 35
3941, 17
3942, 1
3943, 9
3944, 30
3945, 50
3946, 46
3947, 25
3948, 1
3949, 1
3950, 24
3951, 33
3952, 41
3953, 6
3954, 32
3955, 32
3956, 32
3957, 9
3958, 41
3959, 71
3960, 19
3961, 1
3962, 1
3963, 31
3964, 42
3965, 17
3966, 1
3967, 20
3968, 25
3969, 26
3970, 6
3971, 54
3972, 32
3973, 9
3974, 15
3975, 16
3976, 1
3977, 55
3978, 79
3979, 1
3980, 46
3981, 1
3982, 24
3983, 50
3984, 1
3985, 70
3986, 1
3987, 29
3988, 34
3989, 37
3990, 17
3991, 27
3992, 16
3993, 15
3994, 1
3995, 1
3996, 23
3997, 32
3998, 25
3999, 26
4000, 6
4001, 68
4002, 34
4003, 66
4004, 20
4005, 24
4006, 16
4007, 34
4008, 1
4009, 64
4010, 34
4011, 12
4012, 35
4013, 49
4014, 61
4015, 19
4016, 1
4017, 54
4018, 1
4019, 17
4020, 45
4021, 63
4022, 15
4023, 44
4024, 57
4025, 30
4026, 25
4027, 45
4028, 36
4029, 22
4030, 14
4031, 29
4032, 1
4033, 45
4034, 77
4035, 9
4036, 46
4037, 1
4038, 33
4039, 1
4040, 54
4041, 1
4042, 28
4043, 14
4044, 27
4045, 37
4046, 61
4047, 43
4048, 24
4049, 19
4050, 1
4051, 39
4052, 1
4053, 33
4054, 48
4055, 20
4056, 14
4057, 24
4058, 17
4059, 16
4060, 20
4061, 69
4062, 14
4063, 1
4064, 28
4065, 18
4066, 1
4067, 59
4068, 1
4069, 6
4070, 1
4071, 41
4072, 54
4073, 66
4074, 1
4075, 26
4076, 1
4077, 11
4078, 1
4079, 42
4080, 38
4081, 4
4082, 45
4083, 39
4084, 56
4085, 53
4086, 2
4087, 22
4088, 2
4089, 33
4090, 2
4091, 29
4092, 22
4093, 17
4094, 16
4095, 2
4096, 66
4097, 2
4098, 66
4099, 2
4100, 76
4101, 2
4102, 32
4103, 77
4104, 2
4105, 76
4106, 2
4107, 9
4108, 35
4109, 16
4110, 2
4111, 47
4112, 28
4113, 2
4114, 27
4115, 2
4116, 34
4117, 2
4118, 30
4119, 2
4120, 32
4121, 2
4122, 53
4123, 32
4124, 2
4125, 55
4126, 33
4127, 33
4128, 33
4129, 10
4130, 40
4131, 55
4132, 20
4133, 2
4134, 68
4135, 50
4136, 10
4137, 59
4138, 36
4139, 32
4140, 17
4141, 25
4142, 2
4143, 78
4144, 54
4145, 28
4146, 10
4147, 49
4148, 48
4149, 15
4150, 2
4151, 16
4152, 29
4153, 2
4154, 30
4155, 30
4156, 38
4157, 22
4158, 15
4159, 22
4160, 18
4161, 17
4162, 2
4163, 32
4164, 23
4165, 2
4166, 2
4167, 34
4168, 2
4169, 39
4170, 52
4171, 43
4172, 50
4173, 64
4174, 55
4175, 53
4176, 29
4177, 29
4178, 10
4179, 61
4180, 15
4181, 2
4182, 32
4183, 76
4184, 7
4185, 28
4186, 23
4187, 41
4188, 10
4189, 38
4190, 2
4191, 27
4192, 48
4193, 2
4194, 31
4195, 52
4196, 20
4197, 2
4198, 33
4199, 38
4200, 17
4201, 27
4202, 2
4203, 78
4204, 28
4205, 35
4206, 74
4207, 10
4208, 38
4209, 2
4210, 27
4211, 71
4212, 32
4213, 63
4214, 30
4215, 18
4216, 38
4217, 17
4218, 2
4219, 27
4220, 2
4221, 7
4222, 28
4223, 48
4224, 44
4225, 16
4226, 2
4227, 46
4228, 39
4229, 2
4230, 20
4231, 35
4232, 69
4233, 70
4234, 35
4235, 73
4236, 73
4237, 73
4238, 61
4239, 37
4240, 68
4241, 68
4242, 68
4243, 68
4244, 68
4245, 68
4246, 60
4247, 2
4248, 70
4249, 2
4250, 7
4251, 27
4252, 35
4253, 2
4254, 63
4255, 66
4256, 22
4257, 63
4258, 12
4259, 62
4260, 37
4261, 44
4262, 1
4263, 57
4264, 57
4265, 1
4266, 15
4267, 1
4268, 18
4269, 16
4270, 6
4271, 38
4272, 47
4273, 13
4274, 10
4275, 62
4276, 33
4277, 44
4278, 1
4279, 20
4280, 1
4281, 49
4282, 1
4283, 14
4284, 62
4285, 38
4286, 44
4287, 1
4288, 25
4289, 1
4290, 51
4291, 9
4292, 21
4293, 19
4294, 11
4295, 43
4296, 14
4297, 12
4298, 1
4299, 14
4300, 40
4301, 37
4302, 3
4303, 29
4304, 38
4305, 1
4306, 46
4307, 51
4308, 57
4309, 1
4310, 22
4311, 36
4312, 26
4313, 6
4314, 38
4315, 1
4316, 24
4317, 59
4318, 13
4319, 1
4320, 50
4321, 13
4322, 14
4323, 65
4324, 33
4325, 23
4326, 41
4327, 1
4328, 29
4329, 62
4330, 31
4331, 23
4332, 1
4333, 34
4334, 46
4335, 44
4336, 45
4337, 32
4338, 1
4339, 64
4340, 9
4341, 39
4342, 57
4343, 19
4344, 23
4345, 1
4346, 24
4347, 1
4348, 69
4349, 57
4350, 1
4351, 53
4352, 18
4353, 1
4354, 29
4355, 1
4356, 55
4357, 52
4358, 31
4359, 45
4360, 46
4361, 61
4362, 55
4363, 34
4364, 55
4365, 31
4366, 9
4367, 28
4368, 17
4369, 14
4370, 20
4371, 11
4372, 25
4373, 26
4374, 42
4375, 14
4376, 27
4377, 33
4378, 39
4379, 33
4380, 21
4381, 17
4382, 37
4383, 20
4384, 17
4385, 34
4386, 23
4387, 29
4388, 28
4389, 45
4390, 34
4391, 23
4392, 20
4393, 33
4394, 33
4395, 25
4396, 48
4397, 17
4398, 31
4399, 20
4400, 19
4401, 24
4402, 16
4403, 17
4404, 1
4405, 18
4406, 1
4407, 32
4408, 37
4409, 24
4410, 1
4411, 22
4412, 60
4413, 1
4414, 17
4415, 29
4416, 6
4417, 56
4418, 39
4419, 28
4420, 62
4421, 13
4422, 1
4423, 26
4424, 57
4425, 21
4426, 14
4427, 60
4428, 33
4429, 23
4430, 1
4431, 18
4432, 19
4433, 6
4434, 41
4435, 11
4436, 42
4437, 39
4438, 3
4439, 35
4440, 50
4441, 1
4442, 43
4443, 60
4444, 1
4445, 29
4446, 26
4447, 24
4448, 18
4449, 21
4450, 1
4451, 23
4452, 17
4453, 23
4454, 18
4455, 1
4456, 25
4457, 1
4458, 54
4459, 1
4460, 35
4461, 1
4462, 48
4463, 1
4464, 78
4465, 77
4466, 1
4467, 11
4468, 58
4469, 19
4470, 1
4471, 22
4472, 52
4473, 82
4474, 1
4475, 21
4476, 12
4477, 36
4478, 12
4479, 38
4480, 1
4481, 63
4482, 93
4483, 18
4484, 1
4485, 13
4486, 1
4487, 1
4488, 54
4489, 1
4490, 24
4491, 9
4492, 38
4493, 9
4494, 38
4495, 48
4496, 1
4497, 11
4498, 22
4499, 47
4500, 26
4501, 16
4502, 1
4503, 29
4504, 1
4505, 71
4506, 80
4507, 1
4508, 46
4509, 93
4510, 12
4511, 15
4512, 17
4513, 1
4514, 50
4515, 12
4516, 27
4517, 19
4518, 1
4519, 16
4520, 1
4521, 24
4522, 1
4523, 28
4524, 28
4525, 28
4526, 1
4527, 77
4528, 77
4529, 70
4530, 9
4531, 22
4532, 52
4533, 81
4534, 9
4535, 24
4536, 1
4537, 79
4538, 78
4539, 76
4540, 1
4541, 31
4542, 1
4543, 58
4544, 1
4545, 42
4546, 56
4547, 62
4548, 1
4549, 1
4550, 58
4551, 1
4552, 67
4553, 1
4554, 65
4555, 1
4556, 85
4557, 1
4558, 66
4559, 1
4560, 54
4561, 1
4562, 57
4563, 1
4564, 53
4565, 1
4566, 45
4567, 1
4568, 82
4569, 86
4570, 1
4571, 76
4572, 26
4573, 1
4574, 77
4575, 1
4576, 17
4577, 51
4578, 1
4579, 40
4580, 44
4581, 66
4582, 47
4583, 24
4584, 25
4585, 1
4586, 36
4587, 1
4588, 86
4589, 70
4590, 1
4591, 68
4592, 1
4593, 61
4594, 76
4595, 70
4596, 76
4597, 1
4598, 59
4599, 1
4600, 59
4601, 40
4602, 43
4603, 45
4604, 35
4605, 39
4606, 35
4607, 44
4608, 39
4609, 35
4610, 39
4611, 1
4612, 1
4613, 63
4614, 52
4615, 72
4616, 41
4617, 62
4618, 18
4619, 55
4620, 63
4621, 25
4622, 51
4623, 64
4624, 22
4625, 1
4626, 1
4627, 69
4628, 18
4629, 60
4630, 26
4631, 71
4632, 75
4633, 24
4634, 45
4635, 79
4636, 26
4637, 65
4638, 65
4639, 69
4640, 29
4641, 23
4642, 25
4643, 23
4644, 33
4645, 1
4646, 1
4647, 84
4648, 18
4649, 41
4650, 26
4651, 1
4652, 1
4653, 87
4654, 89
4655, 18
4656, 43
4657, 48
4658, 20
4659, 28
4660, 23
4661, 32
4662, 1
4663, 1
4664, 56
4665, 18
4666, 39
4667, 27
4668, 1
4669, 1
4670, 78
4671, 18
4672, 33
4673, 25
4674, 1
4675, 1
4676, 55
4677, 18
4678, 38
4679, 26
4680, 1
4681, 1
4682, 79
4683, 64
4684, 18
4685, 27
4686, 27
4687, 46
4688, 64
4689, 44
4690, 49
4691, 25
4692, 28
4693, 1
4694, 1
4695, 88
4696, 18
4697, 39
4698, 29
4699, 1
4700, 72
4701, 18
4702, 34
4703, 22
4704, 1
4705, 78
4706, 18
4707, 35
4708, 26
4709, 1
4710, 25
4711, 1
4712, 22
4713, 1
4714, 57
4715, 1
4716, 63
4717, 38
4718, 44
4719, 44
4720, 18
4721, 37
4722, 42
4723, 47
4724, 1
4725, 38
4726, 86
4727, 1
4728, 44
4729, 65
4730, 74
4731, 1
4732, 51
4733, 1
4734, 76
4735, 24
4736, 28
4737, 56
4738, 25
4739, 57
4740, 33
4741, 1
4742, 67
4743, 24
4744, 47
4745, 28
4746, 1
4747, 60
4748, 35
4749, 41
4750, 1
4751, 38
4752, 36
4753, 52
4754, 1
4755, 48
4756, 54
4757, 28
4758, 1
4759, 46
4760, 1
4761, 53
4762, 48
4763, 80
4764, 43
4765, 39
4766, 76
4767, 61
4768, 35
4769, 35
4770, 36
4771, 43
4772, 28
4773, 40
4774, 55
4775, 33
4776, 33
4777, 14
4778, 47
4779, 36
4780, 72
4781, 28
4782, 57
4783, 56
4784, 49
4785, 17
4786, 17
4787, 1
4788, 26
4789, 46
4790, 48
4791, 1
4792, 24
4793, 12
4794, 14
4795, 15
4796, 69
4797, 15
4798, 19
4799, 70
4800, 79
4801, 18
4802, 57
4803, 59
4804, 24
4805, 57
4806, 15
4807, 26
4808, 24
4809, 19
4810, 16
4811, 28
4812, 60
4813, 56
4814, 18
4815, 1
4816, 13
4817, 1
4818, 1
4819, 52
4820, 52
4821, 52
4822, 52
4823, 52
4824, 54
4825, 54
4826, 1
4827, 55
4828, 1
4829, 83
4830, 84
4831, 86
4832, 94
4833, 100
4834, 1
4835, 48
4836, 48
4837, 48
4838, 48
4839, 48
4840, 50
4841, 50
4842, 1
4843, 6
4844, 29
4845, 60
4846, 60
4847, 57
4848, 29
4849, 57
4850, 57
4851, 17
4852, 1
4853, 1
4854, 1
4855, 8
4856, 33
4857, 28
4858, 1
4859, 56
4860, 1
4861, 59
4862, 43
4863, 56
4864, 1
4865, 22
4866, 1
4867, 1
4868, 31
4869, 1
4870, 33
4871, 1
4872, 35
4873, 44
4874, 40
4875, 48
4876, 1
4877, 45
4878, 9
4879, 55
4880, 22
4881, 1
4882, 1
4883, 63
4884, 1
4885, 58
4886, 27
4887, 40
4888, 44
4889, 9
4890, 33
4891, 23
4892, 14
4893, 1
4894, 11
4895, 32
4896, 73
4897, 26
4898, 17
4899, 40
4900, 40
4901, 16
4902, 1
4903, 33
4904, 37
4905, 26
4906, 17
4907, 16
4908, 19
4909, 12
4910, 1
4911, 1
4912, 61
4913, 25
4914, 9
4915, 49
4916, 33
4917, 14
4918, 45
4919, 21
4920, 20
4921, 1
4922, 22
4923, 1
4924, 1
4925, 17
4926, 17
4927, 17
4928, 1
4929, 22
4930, 1
4931, 73
4932, 1
4933, 32
4934, 1
4935, 16
4936, 1
4937, 33
4938, 24
4939, 28
4940, 14
4941, 33
4942, 1
4943, 27
4944, 1
4945, 20
4946, 55
4947, 40
4948, 1
4949, 80
4950, 1
4951, 47
4952, 68
4953, 1
4954, 81
4955, 1
4956, 40
4957, 77
4958, 1
4959, 29
4960, 34
4961, 28
4962, 28
4963, 9
4964, 52
4965, 22
4966, 37
4967, 41
4968, 62
4969, 14
4970, 20
4971, 51
4972, 18
4973, 58
4974, 48
4975, 35
4976, 76
4977, 68
4978, 24
4979, 23
4980, 57
4981, 17
4982, 69
4983, 41
4984, 19
4985, 25
4986, 63
4987, 21
4988, 13
4989, 42
4990, 66
4991, 24
4992, 21
4993, 1
4994, 1
4995, 59
4996, 1
4997, 32
4998, 9
4999, 11
5000, 17
5001, 52
5002, 15
5003, 43
5004, 54
5005, 14
5006, 16
5007, 24
5008, 1
5009, 1
5010, 34
5011, 9
5012, 23
5013, 20
5014, 1
5015, 26
5016, 32
5017, 52
5018, 1
5019, 48
5020, 13
5021, 1
5022, 16
5023, 1
5024, 28
5025, 27
5026, 28
5027, 8
5028, 52
5029, 19
5030, 1
5031, 26
5032, 1
5033, 47
5034, 31
5035, 1
5036, 36
5037, 1
5038, 13
5039, 1
5040, 1
5041, 28
5042, 1
5043, 24
5044, 1
5045, 20
5046, 1
5047, 32
5048, 1
5049, 52
5050, 1
5051, 30
5052, 56
5053, 1
5054, 55
5055, 1
5056, 69
5057, 49
5058, 75
5059, 57
5060, 67
5061, 47
5062, 38
5063, 65
5064, 1
5065, 57
5066, 71
5067, 1
5068, 25
5069, 26
5070, 41
5071, 31
5072, 1
5073, 65
5074, 61
5075, 52
5076, 27
5077, 1
5078, 38
5079, 1
5080, 26
5081, 46
5082, 46
5083, 12
5084, 42
5085, 39
5086, 17
5087, 31
5088, 39
5089, 33
5090, 39
5091, 24
5092, 62
5093, 18
5094, 1
5095, 1
5096, 52
5097, 65
5098, 44
5099, 48
5100, 12
5101, 55
5102, 24
5103, 19
5104, 19
5105, 30
5106, 1
5107, 1
5108, 70
5109, 22
5110, 1
5111, 27
5112, 36
5113, 14
5114, 1
5115, 44
5116, 1
5117, 36
5118, 17
5119, 66
5120, 66
5121, 15
5122, 18
5123, 23
5124, 50
5125, 22
5126, 43
5127, 40
5128, 42
5129, 17
5130, 14
5131, 11
5132, 17
5133, 76
5134, 72
5135, 15
5136, 45
5137, 37
5138, 14
5139, 14
5140, 1
5141, 27
5142, 17
5143, 1
5144, 1
5145, 6
5146, 26
5147, 32
5148, 28
5149, 1
5150, 71
5151, 38
5152, 30
5153, 26
5154, 13
5155, 63
5156, 34
5157, 22
5158, 35
5159, 51
5160, 33
5161, 45
5162, 1
5163, 28
5164, 32
5165, 22
5166, 36
5167, 28
5168, 54
5169, 56
5170, 36
5171, 50
5172, 58
5173, 57
5174, 69
5175, 69
5176, 69
5177, 69
5178, 58
5179, 37
5180, 57
5181, 48
5182, 52
5183, 50
5184, 56
5185, 42
5186, 11
5187, 34
5188, 31
5189, 44
5190, 44
5191, 18
5192, 26
5193, 32
5194, 42
5195, 42
5196, 18
5197, 16
5198, 1
5199, 27
5200, 56
5201, 12
5202, 29
5203, 18
5204, 58
5205, 12
5206, 33
5207, 20
5208, 57
5209, 12
5210, 32
5211, 36
5212, 17
5213, 31
5214, 17
5215, 56
5216, 12
5217, 32
5218, 36
5219, 17
5220, 31
5221, 16
5222, 71
5223, 45
5224, 52
5225, 12
5226, 32
5227, 41
5228, 28
5229, 30
5230, 35
5231, 31
5232, 14
5233, 31
5234, 17
5235, 21
5236, 71
5237, 72
5238, 17
5239, 45
5240, 12
5241, 34
5242, 44
5243, 40
5244, 45
5245, 38
5246, 39
5247, 17
5248, 34
5249, 20
5250, 33
5251, 27
5252, 20
5253, 17
5254, 20
5255, 71
5256, 45
5257, 52
5258, 12
5259, 32
5260, 41
5261, 28
5262, 28
5263, 30
5264, 35
5265, 14
5266, 31
5267, 17
5268, 21
5269, 71
5270, 72
5271, 17
5272, 48
5273, 15
5274, 33
5275, 38
5276, 44
5277, 47
5278, 40
5279, 37
5280, 20
5281, 46
5282, 23
5283, 27
5284, 20
5285, 23
5286, 57
5287, 49
5288, 51
5289, 35
5290, 12
5291, 44
5292, 40
5293, 57
5294, 35
5295, 24
5296, 23
5297, 42
5298, 44
5299, 22
5300, 14
5301, 29
5302, 17
5303, 24
5304, 15
5305, 39
5306, 24
5307, 12
5308, 24
5309, 20
5310, 59
5311, 24
5312, 25
5313, 32
5314, 31
5315, 12
5316, 27
5317, 26
5318, 23
5319, 26
5320, 17
5321, 35
5322, 36
5323, 19
5324, 24
5325, 20
5326, 50
5327, 24
5328, 53
5329, 12
5330, 39
5331, 68
5332, 43
5333, 19
5334, 24
5335, 16
5336, 54
5337, 47
5338, 32
5339, 12
5340, 30
5341, 37
5342, 30
5343, 29
5344, 36
5345, 17
5346, 14
5347, 31
5348, 40
5349, 35
5350, 26
5351, 35
5352, 19
5353, 24
5354, 52
5355, 72
5356, 17
5357, 53
5358, 32
5359, 12
5360, 39
5361, 32
5362, 43
5363, 24
5364, 19
5365, 29
5366, 22
5367, 58
5368, 51
5369, 12
5370, 24
5371, 60
5372, 39
5373, 48
5374, 67
5375, 20
5376, 55
5377, 44
5378, 63
5379, 20
5380, 22
5381, 43
5382, 19
5383, 17
5384, 44
5385, 44
5386, 65
5387, 33
5388, 24
5389, 12
5390, 53
5391, 35
5392, 33
5393, 27
5394, 45
5395, 28
5396, 52
5397, 23
5398, 17
5399, 38
5400, 41
5401, 42
5402, 19
5403, 34
5404, 35
5405, 50
5406, 23
5407, 17
5408, 45
5409, 31
5410, 38
5411, 41
5412, 42
5413, 19
5414, 34
5415, 35
5416, 50
5417, 23
5418, 17
5419, 33
5420, 28
5421, 54
5422, 42
5423, 77
5424, 58
5425, 23
5426, 17
5427, 43
5428, 38
5429, 61
5430, 48
5431, 23
5432, 17
5433, 53
5434, 42
5435, 55
5436, 46
5437, 49
5438, 23
5439, 17
5440, 48
5441, 38
5442, 56
5443, 23
5444, 17
5445, 48
5446, 37
5447, 48
5448, 46
5449, 44
5450, 23
5451, 17
5452, 45
5453, 28
5454, 52
5455, 23
5456, 17
5457, 29
5458, 26
5459, 26
5460, 26
5461, 21
5462, 22
5463, 16
5464, 19
5465, 21
5466, 6
5467, 9
5468, 42
5469, 13
5470, 21
5471, 20
5472, 8
5473, 27
5474, 36
5475, 13
5476, 56
5477, 25
5478, 20
5479, 1
5480, 1
5481, 40
5482, 37
5483, 3
5484, 29
5485, 38
5486, 58
5487, 1
5488, 36
5489, 45
5490, 39
5491, 1
5492, 24
5493, 27
5494, 44
5495, 45
5496, 38
5497, 45
5498, 45
5499, 44
5500, 6
5501, 43
5502, 1
5503, 20
5504, 1
5505, 20
5506, 49
5507, 1
5508, 33
5509, 35
5510, 20
5511, 20
5512, 52
5513, 53
5514, 1
5515, 37
5516, 28
5517, 28
5518, 35
5519, 39
5520, 23
5521, 23
5522, 1
5523, 41
5524, 19
5525, 10
5526, 35
5527, 60
5528, 14
5529, 60
5530, 17
5531, 1
5532, 33
5533, 1
5534, 29
5535, 44
5536, 27
5537, 27
5538, 34
5539, 66
5540, 44
5541, 27
5542, 27
5543, 17
5544, 16
5545, 13
5546, 16
5547, 1
5548, 42
5549, 38
5550, 3
5551, 30
5552, 83
5553, 1
5554, 43
5555, 60
5556, 1
5557, 50
5558, 1
5559, 44
5560, 45
5561, 1
5562, 24
5563, 1
5564, 27
5565, 21
5566, 40
5567, 1
5568, 33
5569, 34
5570, 69
5571, 53
5572, 1
5573, 88
5574, 49
5575, 39
5576, 1
5577, 23
5578, 41
5579, 46
5580, 15
5581, 1
5582, 75
5583, 23
5584, 31
5585, 24
5586, 44
5587, 37
5588, 101
5589, 1
5590, 56
5591, 6
5592, 64
5593, 58
5594, 1
5595, 34
5596, 34
5597, 73
5598, 60
5599, 9
5600, 33
5601, 69
5602, 20
5603, 73
5604, 71
5605, 36
5606, 36
5607, 44
5608, 44
5609, 54
5610, 29
5611, 1
5612, 77
5613, 71
5614, 36
5615, 36
5616, 44
5617, 44
5618, 54
5619, 29
5620, 18
5621, 39
5622, 1
5623, 40
5624, 40
5625, 40
5626, 40
5627, 48
5628, 48
5629, 40
5630, 40
5631, 1
5632, 49
5633, 51
5634, 52
5635, 29
5636, 26
5637, 49
5638, 43
5639, 43
5640, 26
5641, 1
5642, 49
5643, 51
5644, 52
5645, 29
5646, 26
5647, 49
5648, 43
5649, 43
5650, 26
5651, 1
5652, 71
5653, 25
5654, 1
5655, 42
5656, 66
5657, 20
5658, 66
5659, 23
5660, 49
5661, 1
5662, 42
5663, 66
5664, 20
5665, 66
5666, 23
5667, 49
5668, 17
5669, 1
5670, 49
5671, 1
5672, 39
5673, 1
5674, 35
5675, 36
5676, 74
5677, 33
5678, 23
5679, 1
5680, 22
5681, 19
5682, 1
5683, 33
5684, 22
5685, 21
5686, 34
5687, 63
5688, 21
5689, 30
5690, 80
5691, 33
5692, 71
5693, 30
5694, 30
5695, 19
5696, 16
5697, 16
5698, 1
5699, 23
5700, 23
5701, 23
5702, 9
5703, 44
5704, 26
5705, 26
5706, 21
5707, 1
5708, 54
5709, 40
5710, 1
5711, 49
5712, 25
5713, 22
5714, 15
5715, 1
5716, 77
5717, 46
5718, 12
5719, 73
5720, 9
5721, 67
5722, 30
5723, 1
5724, 6
5725, 67
5726, 1
5727, 11
5728, 53
5729, 40
5730, 56
5731, 51
5732, 64
5733, 46
5734, 9
5735, 33
5736, 30
5737, 43
5738, 71
5739, 16
5740, 1
5741, 14
5742, 39
5743, 55
5744, 57
5745, 26
5746, 1
5747, 67
5748, 44
5749, 54
5750, 12
5751, 69
5752, 49
5753, 36
5754, 54
5755, 50
5756, 19
5757, 11
5758, 8
5759, 1
5760, 16
5761, 1
5762, 61
5763, 38
5764, 3
5765, 31
5766, 1
5767, 51
5768, 1
5769, 20
5770, 1
5771, 33
5772, 1
5773, 12
5774, 1
5775, 34
5776, 1
5777, 28
5778, 59
5779, 1
5780, 68
5781, 72
5782, 1
5783, 47
5784, 24
5785, 9
5786, 32
5787, 35
5788, 31
5789, 32
5790, 19
5791, 16
5792, 18
5793, 1
5794, 69
5795, 17
5796, 9
5797, 33
5798, 36
5799, 22
5800, 40
5801, 53
5802, 22
5803, 30
5804, 19
5805, 16
5806, 15
5807, 1
5808, 28
5809, 31
5810, 1
5811, 6
5812, 9
5813, 59
5814, 13
5815, 37
5816, 8
5817, 1
5818, 19
5819, 19
5820, 1
5821, 27
5822, 27
5823, 13
5824, 1
5825, 20
5826, 63
5827, 56
5828, 12
5829, 40
5830, 37
5831, 3
5832, 29
5833, 38
5834, 1
5835, 51
5836, 35
5837, 45
5838, 1
5839, 21
5840, 14
5841, 36
5842, 68
5843, 36
5844, 38
5845, 13
5846, 1
5847, 21
5848, 30
5849, 25
5850, 9
5851, 37
5852, 44
5853, 26
5854, 22
5855, 1
5856, 34
5857, 38
5858, 14
5859, 32
5860, 37
5861, 17
5862, 16
5863, 1
5864, 31
5865, 40
5866, 19
5867, 14
5868, 13
5869, 1
5870, 32
5871, 32
5872, 28
5873, 36
5874, 6
5875, 30
5876, 49
5877, 11
5878, 1
5879, 35
5880, 51
5881, 29
5882, 13
5883, 1
5884, 34
5885, 28
5886, 13
5887, 13
5888, 1
5889, 63
5890, 33
5891, 23
5892, 1
5893, 57
5894, 1
5895, 22
5896, 22
5897, 80
5898, 76
5899, 43
5900, 21
5901, 1
5902, 45
5903, 1
5904, 80
5905, 16
5906, 41
5907, 40
5908, 21
5909, 1
5910, 45
5911, 32
5912, 16
5913, 1
5914, 27
5915, 47
5916, 12
5917, 33
5918, 20
5919, 1
5920, 47
5921, 12
5922, 33
5923, 41
5924, 26
5925, 36
5926, 17
5927, 20
5928, 16
5929, 1
5930, 48
5931, 78
5932, 23
5933, 29
5934, 6
5935, 9
5936, 59
5937, 13
5938, 37
5939, 8
5940, 27
5941, 28
5942, 22
5943, 13
5944, 78
5945, 27
5946, 28
5947, 22
5948, 13
5949, 78
5950, 14
5951, 64
5952, 37
5953, 44
5954, 41
5955, 41
5956, 1
5957, 8
5958, 30
5959, 57
5960, 59
5961, 67
5962, 1
5963, 69
5964, 33
5965, 27
5966, 27
5967, 22
5968, 6
5969, 21
5970, 35
5971, 46
5972, 32
5973, 19
5974, 45
5975, 30
5976, 19
5977, 31
5978, 31
5979, 35
5980, 30
5981, 32
5982, 31
5983, 17
5984, 16
5985, 33
5986, 34
5987, 11
5988, 16
5989, 1
5990, 64
5991, 37
5992, 44
5993, 41
5994, 41
5995, 1
5996, 56
5997, 35
5998, 17
5999, 26
6000, 1
6001, 21
6002, 1
6003, 32
6004, 1
6005, 21
6006, 69
6007, 58
6008, 1
6009, 17
6010, 56
6011, 42
6012, 1
6013, 25
6014, 62
6015, 1
6016, 73
6017, 1
6018, 51
6019, 1
6020, 36
6021, 36
6022, 46
6023, 46
6024, 44
6025, 36
6026, 1
6027, 6
6028, 28
6029, 1
6030, 9
6031, 11
6032, 34
6033, 21
6034, 43
6035, 29
6036, 16
6037, 13
6038, 27
6039, 8
6040, 1
6041, 27
6042, 1
6043, 24
6044, 51
6045, 56
6046, 38
6047, 43
6048, 47
6049, 51
6050, 13
6051, 1
6052, 55
6053, 50
6054, 45
6055, 1
6056, 48
6057, 76
6058, 8
6059, 69
6060, 70
6061, 11
6062, 1
6063, 33
6064, 1
6065, 25
6066, 43
6067, 8
6068, 71
6069, 11
6070, 1
6071, 57
6072, 70
6073, 70
6074, 70
6075, 70
6076, 70
6077, 70
6078, 70
6079, 13
6080, 41
6081, 37
6082, 3
6083, 44
6084, 1
6085, 37
6086, 48
6087, 1
6088, 21
6089, 1
6090, 27
6091, 1
6092, 73
6093, 1
6094, 51
6095, 44
6096, 1
6097, 23
6098, 25
6099, 25
6100, 25
6101, 15
6102, 1
6103, 62
6104, 1
6105, 41
6106, 60
6107, 61
6108, 61
6109, 76
6110, 76
6111, 77
6112, 74
6113, 1
6114, 60
6115, 60
6116, 61
6117, 77
6118, 76
6119, 76
6120, 74
6121, 1
6122, 60
6123, 61
6124, 61
6125, 76
6126, 76
6127, 77
6128, 74
6129, 1
6130, 60
6131, 61
6132, 60
6133, 76
6134, 76
6135, 77
6136, 74
6137, 1
6138, 40
6139, 40
6140, 40
6141, 40
6142, 40
6143, 40
6144, 49
6145, 1
6146, 29
6147, 32
6148, 33
6149, 1
6150, 32
6151, 1
6152, 37
6153, 1
6154, 15
6155, 1
6156, 40
6157, 37
6158, 3
6159, 44
6160, 1
6161, 26
6162, 1
6163, 29
6164, 32
6165, 35
6166, 9
6167, 37
6168, 37
6169, 37
6170, 24
6171, 1
6172, 34
6173, 35
6174, 42
6175, 9
6176, 33
6177, 39
6178, 43
6179, 47
6180, 49
6181, 1
6182, 36
6183, 62
6184, 49
6185, 49
6186, 49
6187, 1
6188, 67
6189, 71
6190, 21
6191, 16
6192, 16
6193, 16
6194, 15
6195, 1
6196, 39
6197, 40
6198, 9
6199, 36
6200, 37
6201, 63
6202, 50
6203, 50
6204, 50
6205, 1
6206, 68
6207, 44
6208, 1
6209, 76
6210, 76
6211, 76
6212, 1
6213, 76
6214, 76
6215, 76
6216, 22
6217, 17
6218, 16
6219, 1
6220, 36
6221, 60
6222, 60
6223, 60
6224, 16
6225, 16
6226, 1
6227, 15
6228, 1
6229, 40
6230, 37
6231, 3
6232, 44
6233, 1
6234, 45
6235, 40
6236, 38
6237, 1
6238, 19
6239, 1
6240, 39
6241, 1
6242, 17
6243, 56
6244, 42
6245, 1
6246, 57
6247, 1
6248, 29
6249, 1
6250, 6
6251, 33
6252, 50
6253, 50
6254, 50
6255, 13
6256, 1
6257, 47
6258, 1
6259, 17
6260, 13
6261, 1
6262, 24
6263, 22
6264, 13
6265, 1
6266, 17
6267, 13
6268, 11
6269, 3
6270, 41
6271, 38
6272, 4
6273, 43
6274, 32
6275, 3
6276, 45
6277, 40
6278, 38
6279, 1
6280, 19
6281, 1
6282, 57
6283, 1
6284, 23
6285, 18
6286, 22
6287, 22
6288, 22
6289, 22
6290, 22
6291, 22
6292, 30
6293, 18
6294, 43
6295, 43
6296, 43
6297, 59
6298, 59
6299, 59
6300, 57
6301, 18
6302, 43
6303, 43
6304, 43
6305, 59
6306, 59
6307, 59
6308, 57
6309, 18
6310, 43
6311, 43
6312, 43
6313, 59
6314, 59
6315, 59
6316, 57
6317, 18
6318, 43
6319, 43
6320, 43
6321, 59
6322, 59
6323, 59
6324, 58
6325, 1
6326, 39
6327, 1
6328, 17
6329, 23
6330, 29
6331, 28
6332, 29
6333, 20
6334, 1
6335, 29
6336, 1
6337, 6
6338, 1
6339, 30
6340, 50
6341, 50
6342, 50
6343, 13
6344, 1
6345, 47
6346, 1
6347, 26
6348, 13
6349, 1
6350, 24
6351, 30
6352, 13
6353, 1
6354, 26
6355, 13
6356, 1
6357, 12
6358, 25
6359, 34
6360, 13
6361, 1
6362, 11
6363, 1
6364, 37
6365, 48
6366, 1
6367, 21
6368, 1
6369, 27
6370, 1
6371, 73
6372, 1
6373, 51
6374, 44
6375, 1
6376, 16
6377, 13
6378, 25
6379, 28
6380, 22
6381, 18
6382, 1
6383, 26
6384, 1
6385, 40
6386, 1
6387, 44
6388, 44
6389, 44
6390, 44
6391, 44
6392, 1
6393, 44
6394, 1
6395, 29
6396, 32
6397, 33
6398, 1
6399, 54
6400, 1
6401, 62
6402, 1
6403, 15
6404, 1
6405, 26
6406, 1
6407, 29
6408, 32
6409, 35
6410, 9
6411, 37
6412, 37
6413, 37
6414, 24
6415, 1
6416, 56
6417, 35
6418, 42
6419, 9
6420, 33
6421, 40
6422, 47
6423, 47
6424, 49
6425, 1
6426, 36
6427, 26
6428, 50
6429, 50
6430, 50
6431, 68
6432, 72
6433, 20
6434, 19
6435, 16
6436, 16
6437, 15
6438, 1
6439, 64
6440, 30
6441, 26
6442, 9
6443, 33
6444, 36
6445, 26
6446, 52
6447, 52
6448, 52
6449, 1
6450, 53
6451, 76
6452, 1
6453, 77
6454, 77
6455, 77
6456, 76
6457, 76
6458, 76
6459, 20
6460, 19
6461, 16
6462, 1
6463, 33
6464, 60
6465, 60
6466, 60
6467, 16
6468, 16
6469, 1
6470, 15
6471, 1
6472, 41
6473, 37
6474, 3
6475, 44
6476, 44
6477, 1
6478, 45
6479, 40
6480, 38
6481, 1
6482, 19
6483, 1
6484, 39
6485, 1
6486, 17
6487, 56
6488, 42
6489, 1
6490, 57
6491, 1
6492, 29
6493, 1
6494, 6
6495, 33
6496, 36
6497, 13
6498, 1
6499, 38
6500, 1
6501, 17
6502, 13
6503, 1
6504, 24
6505, 21
6506, 13
6507, 1
6508, 17
6509, 13
6510, 11
6511, 1
6512, 40
6513, 37
6514, 3
6515, 44
6516, 44
6517, 1
6518, 37
6519, 48
6520, 1
6521, 21
6522, 1
6523, 27
6524, 1
6525, 73
6526, 1
6527, 51
6528, 44
6529, 1
6530, 62
6531, 32
6532, 1
6533, 29
6534, 33
6535, 29
6536, 1
6537, 26
6538, 33
6539, 33
6540, 1
6541, 32
6542, 1
6543, 36
6544, 1
6545, 8
6546, 1
6547, 48
6548, 60
6549, 61
6550, 62
6551, 60
6552, 60
6553, 62
6554, 60
6555, 61
6556, 62
6557, 60
6558, 61
6559, 61
6560, 40
6561, 40
6562, 42
6563, 1
6564, 48
6565, 76
6566, 76
6567, 78
6568, 77
6569, 76
6570, 77
6571, 76
6572, 76
6573, 78
6574, 76
6575, 76
6576, 78
6577, 40
6578, 40
6579, 42
6580, 1
6581, 47
6582, 64
6583, 64
6584, 64
6585, 64
6586, 39
6587, 1
6588, 15
6589, 1
6590, 40
6591, 37
6592, 3
6593, 44
6594, 44
6595, 1
6596, 26
6597, 1
6598, 29
6599, 33
6600, 31
6601, 9
6602, 48
6603, 48
6604, 48
6605, 24
6606, 1
6607, 26
6608, 33
6609, 35
6610, 9
6611, 55
6612, 55
6613, 55
6614, 21
6615, 1
6616, 34
6617, 35
6618, 42
6619, 9
6620, 30
6621, 32
6622, 51
6623, 51
6624, 53
6625, 1
6626, 36
6627, 62
6628, 55
6629, 55
6630, 55
6631, 1
6632, 67
6633, 57
6634, 21
6635, 16
6636, 16
6637, 16
6638, 15
6639, 1
6640, 38
6641, 39
6642, 20
6643, 91
6644, 1
6645, 9
6646, 27
6647, 32
6648, 33
6649, 26
6650, 56
6651, 56
6652, 56
6653, 1
6654, 49
6655, 64
6656, 1
6657, 73
6658, 73
6659, 73
6660, 1
6661, 71
6662, 71
6663, 71
6664, 1
6665, 20
6666, 19
6667, 16
6668, 1
6669, 30
6670, 68
6671, 68
6672, 68
6673, 16
6674, 16
6675, 1
6676, 15
6677, 65
6678, 33
6679, 23
6680, 1
6681, 57
6682, 1
6683, 24
6684, 28
6685, 29
6686, 6
6687, 1
6688, 9
6689, 59
6690, 13
6691, 37
6692, 8
6693, 15
6694, 24
6695, 27
6696, 30
6697, 33
6698, 36
6699, 39
6700, 41
6701, 28
6702, 25
6703, 22
6704, 19
6705, 16
6706, 13
6707, 56
6708, 25
6709, 16
6710, 1
6711, 40
6712, 37
6713, 3
6714, 29
6715, 1
6716, 48
6717, 43
6718, 51
6719, 1
6720, 20
6721, 1
6722, 53
6723, 55
6724, 24
6725, 45
6726, 20
6727, 9
6728, 28
6729, 23
6730, 24
6731, 24
6732, 30
6733, 31
6734, 27
6735, 22
6736, 17
6737, 16
6738, 16
6739, 14
6740, 1
6741, 37
6742, 19
6743, 9
6744, 28
6745, 29
6746, 35
6747, 17
6748, 43
6749, 16
6750, 12
6751, 1
6752, 57
6753, 6
6754, 12
6755, 16
6756, 16
6757, 4
6758, 12
6759, 41
6760, 37
6761, 3
6762, 45
6763, 1
6764, 48
6765, 43
6766, 51
6767, 1
6768, 24
6769, 1
6770, 53
6771, 55
6772, 35
6773, 24
6774, 45
6775, 20
6776, 9
6777, 28
6778, 23
6779, 24
6780, 24
6781, 30
6782, 31
6783, 27
6784, 22
6785, 17
6786, 16
6787, 16
6788, 14
6789, 1
6790, 37
6791, 19
6792, 9
6793, 28
6794, 29
6795, 35
6796, 18
6797, 43
6798, 16
6799, 12
6800, 1
6801, 57
6802, 6
6803, 12
6804, 16
6805, 16
6806, 16
6807, 62
6808, 33
6809, 23
6810, 1
6811, 78
6812, 1
6813, 67
6814, 1
6815, 34
6816, 41
6817, 35
6818, 47
6819, 26
6820, 1
6821, 22
6822, 20
6823, 78
6824, 43
6825, 21
6826, 1
6827, 35
6828, 16
6829, 41
6830, 40
6831, 21
6832, 1
6833, 56
6834, 1
6835, 74
6836, 32
6837, 16
6838, 1
6839, 27
6840, 76
6841, 40
6842, 38
6843, 78
6844, 78
6845, 44
6846, 14
6847, 78
6848, 44
6849, 55
6850, 18
6851, 39
6852, 47
6853, 32
6854, 42
6855, 23
6856, 17
6857, 17
6858, 19
6859, 20
6860, 16
6861, 1
6862, 80
6863, 77
6864, 29
6865, 23
6866, 6
6867, 9
6868, 59
6869, 13
6870, 37
6871, 8
6872, 39
6873, 24
6874, 48
6875, 60
6876, 13
6877, 27
6878, 42
6879, 13
6880, 21
6881, 69
6882, 24
6883, 48
6884, 60
6885, 13
6886, 27
6887, 72
6888, 13
6889, 13
6890, 73
6891, 42
6892, 38
6893, 29
6894, 38
6895, 73
6896, 49
6897, 36
6898, 46
6899, 2
6900, 2
6901, 26
6902, 28
6903, 79
6904, 20
6905, 55
6906, 17
6907, 2
6908, 38
6909, 2
6910, 19
6911, 54
6912, 24
6913, 2
6914, 7
6915, 2
6916, 37
6917, 2
6918, 23
6919, 15
6920, 32
6921, 30
6922, 30
6923, 32
6924, 32
6925, 13
6926, 23
6927, 44
6928, 37
6929, 46
6930, 43
6931, 43
6932, 31
6933, 31
6934, 31
6935, 45
6936, 12
6937, 14
6938, 2
6939, 60
6940, 36
6941, 2
6942, 60
6943, 35
6944, 2
6945, 60
6946, 37
6947, 2
6948, 60
6949, 40
6950, 2
6951, 60
6952, 42
6953, 2
6954, 60
6955, 37
6956, 2
6957, 60
6958, 41
6959, 2
6960, 60
6961, 49
6962, 2
6963, 60
6964, 36
6965, 18
6966, 2
6967, 36
6968, 39
6969, 38
6970, 33
6971, 4
6972, 42
6973, 43
6974, 47
6975, 2
6976, 58
6977, 66
6978, 63
6979, 59
6980, 2
6981, 20
6982, 2
6983, 23
6984, 2
6985, 32
6986, 2
6987, 23
6988, 50
6989, 38
6990, 2
6991, 26
6992, 45
6993, 25
6994, 17
6995, 2
6996, 43
6997, 48
6998, 2
6999, 86
7000, 62
7001, 2
7002, 98
7003, 52
7004, 2
7005, 88
7006, 52
7007, 2
7008, 64
7009, 46
7010, 2
7011, 67
7012, 52
7013, 2
7014, 77
7015, 52
7016, 2
7017, 37
7018, 2
7019, 17
7020, 2
7021, 53
7022, 19
7023, 2
7024, 58
7025, 2
7026, 45
7027, 2
7028, 32
7029, 19
7030, 27
7031, 2
7032, 80
7033, 11
7034, 28
7035, 25
7036, 28
7037, 25
7038, 28
7039, 47
7040, 18
7041, 2
7042, 23
7043, 2
7044, 39
7045, 11
7046, 34
7047, 17
7048, 2
7049, 26
7050, 11
7051, 29
7052, 38
7053, 25
7054, 29
7055, 18
7056, 2
7057, 26
7058, 11
7059, 18
7060, 32
7061, 32
7062, 25
7063, 32
7064, 32
7065, 25
7066, 28
7067, 28
7068, 18
7069, 2
7070, 9
7071, 13
7072, 13
7073, 13
7074, 28
7075, 28
7076, 28
7077, 28
7078, 18
7079, 18
7080, 18
7081, 31
7082, 28
7083, 29
7084, 18
7085, 29
7086, 17
7087, 16
7088, 18
7089, 59
7090, 18
7091, 22
7092, 37
7093, 29
7094, 17
7095, 15
7096, 15
7097, 19
7098, 24
7099, 29
7100, 19
7101, 17
7102, 28
7103, 17
7104, 17
7105, 13
7106, 24
7107, 2
7108, 15
7109, 2
7110, 16
7111, 37
7112, 2
7113, 7
7114, 14
7115, 28
7116, 37
7117, 11
7118, 18
7119, 17
7120, 11
7121, 23
7122, 18
7123, 17
7124, 75
7125, 16
7126, 11
7127, 15
7128, 43
7129, 39
7130, 80
7131, 4
7132, 50
7133, 32
7134, 2
7135, 58
7136, 66
7137, 63
7138, 59
7139, 2
7140, 64
7141, 20
7142, 2
7143, 23
7144, 2
7145, 53
7146, 2
7147, 23
7148, 2
7149, 45
7150, 2
7151, 55
7152, 11
7153, 41
7154, 20
7155, 15
7156, 2
7157, 46
7158, 37
7159, 35
7160, 35
7161, 45
7162, 2
7163, 49
7164, 35
7165, 2
7166, 74
7167, 41
7168, 20
7169, 15
7170, 2
7171, 50
7172, 24
7173, 2
7174, 31
7175, 2
7176, 28
7177, 53
7178, 11
7179, 37
7180, 36
7181, 37
7182, 36
7183, 37
7184, 20
7185, 2
7186, 26
7187, 2
7188, 34
7189, 11
7190, 62
7191, 37
7192, 37
7193, 26
7194, 2
7195, 24
7196, 27
7197, 2
7198, 9
7199, 13
7200, 21
7201, 21
7202, 32
7203, 32
7204, 32
7205, 8
7206, 10
7207, 12
7208, 20
7209, 20
7210, 28
7211, 28
7212, 17
7213, 18
7214, 55
7215, 18
7216, 22
7217, 37
7218, 29
7219, 16
7220, 15
7221, 34
7222, 24
7223, 15
7224, 2
7225, 18
7226, 24
7227, 29
7228, 19
7229, 17
7230, 28
7231, 17
7232, 17
7233, 13
7234, 24
7235, 2
7236, 15
7237, 2
7238, 16
7239, 37
7240, 2
7241, 7
7242, 14
7243, 28
7244, 37
7245, 11
7246, 18
7247, 17
7248, 11
7249, 23
7250, 18
7251, 17
7252, 75
7253, 16
7254, 11
7255, 15
7256, 20
7257, 2
7258, 30
7259, 2
7260, 35
7261, 2
7262, 12
7263, 2
7264, 48
7265, 36
7266, 2
7267, 24
7268, 43
7269, 23
7270, 15
7271, 2
7272, 44
7273, 2
7274, 41
7275, 46
7276, 2
7277, 79
7278, 60
7279, 2
7280, 18
7281, 2
7282, 64
7283, 45
7284, 2
7285, 17
7286, 2
7287, 62
7288, 44
7289, 2
7290, 94
7291, 56
7292, 2
7293, 91
7294, 50
7295, 2
7296, 86
7297, 50
7298, 2
7299, 96
7300, 54
7301, 2
7302, 65
7303, 50
7304, 2
7305, 64
7306, 52
7307, 2
7308, 24
7309, 2
7310, 70
7311, 50
7312, 2
7313, 24
7314, 40
7315, 37
7316, 3
7317, 29
7318, 38
7319, 1
7320, 51
7321, 43
7322, 48
7323, 1
7324, 21
7325, 1
7326, 14
7327, 36
7328, 1
7329, 46
7330, 37
7331, 38
7332, 13
7333, 1
7334, 21
7335, 21
7336, 9
7337, 41
7338, 19
7339, 19
7340, 1
7341, 31
7342, 43
7343, 19
7344, 11
7345, 38
7346, 14
7347, 13
7348, 1
7349, 32
7350, 28
7351, 36
7352, 1
7353, 6
7354, 30
7355, 50
7356, 11
7357, 1
7358, 33
7359, 40
7360, 29
7361, 13
7362, 1
7363, 25
7364, 13
7365, 66
7366, 34
7367, 23
7368, 1
7369, 51
7370, 1
7371, 22
7372, 1
7373, 34
7374, 59
7375, 1
7376, 22
7377, 36
7378, 44
7379, 11
7380, 37
7381, 34
7382, 14
7383, 1
7384, 27
7385, 35
7386, 27
7387, 12
7388, 25
7389, 29
7390, 15
7391, 1
7392, 43
7393, 28
7394, 12
7395, 29
7396, 29
7397, 15
7398, 14
7399, 1
7400, 38
7401, 1
7402, 42
7403, 42
7404, 1
7405, 30
7406, 9
7407, 44
7408, 37
7409, 35
7410, 16
7411, 39
7412, 22
7413, 1
7414, 30
7415, 31
7416, 9
7417, 11
7418, 39
7419, 39
7420, 35
7421, 16
7422, 22
7423, 1
7424, 68
7425, 79
7426, 28
7427, 6
7428, 9
7429, 58
7430, 13
7431, 37
7432, 8
7433, 11
7434, 44
7435, 44
7436, 9
7437, 12
7438, 8
7439, 57
7440, 39
7441, 14
7442, 1
7443, 62
7444, 38
7445, 45
7446, 42
7447, 2
7448, 45
7449, 2
7450, 21
7451, 33
7452, 59
7453, 2
7454, 27
7455, 54
7456, 35
7457, 21
7458, 2
7459, 32
7460, 50
7461, 47
7462, 48
7463, 36
7464, 2
7465, 56
7466, 44
7467, 41
7468, 13
7469, 43
7470, 49
7471, 23
7472, 68
7473, 21
7474, 2
7475, 21
7476, 29
7477, 7
7478, 10
7479, 59
7480, 14
7481, 38
7482, 9
7483, 28
7484, 57
7485, 14
7486, 53
7487, 26
7488, 13
7489, 73
7490, 42
7491, 38
7492, 56
7493, 73
7494, 2
7495, 36
7496, 46
7497, 2
7498, 24
7499, 28
7500, 55
7501, 17
7502, 64
7503, 16
7504, 2
7505, 22
7506, 2
7507, 62
7508, 10
7509, 21
7510, 24
7511, 15
7512, 21
7513, 32
7514, 15
7515, 41
7516, 13
7517, 58
7518, 10
7519, 21
7520, 20
7521, 12
7522, 42
7523, 15
7524, 13
7525, 64
7526, 10
7527, 21
7528, 73
7529, 12
7530, 20
7531, 15
7532, 13
7533, 42
7534, 10
7535, 23
7536, 22
7537, 12
7538, 46
7539, 15
7540, 13
7541, 48
7542, 10
7543, 21
7544, 82
7545, 12
7546, 20
7547, 15
7548, 13
7549, 2
7550, 7
7551, 42
7552, 2
7553, 59
7554, 50
7555, 2
7556, 75
7557, 81
7558, 14
7559, 2
7560, 16
7561, 57
7562, 72
7563, 69
7564, 2
7565, 64
7566, 93
7567, 14
7568, 2
7569, 15
7570, 41
7571, 38
7572, 3
7573, 29
7574, 29
7575, 3
7576, 65
7577, 65
7578, 1
7579, 55
7580, 18
7581, 1
7582, 15
7583, 1
7584, 49
7585, 67
7586, 30
7587, 38
7588, 38
7589, 38
7590, 38
7591, 38
7592, 38
7593, 38
7594, 39
7595, 1
7596, 68
7597, 32
7598, 60
7599, 70
7600, 70
7601, 70
7602, 70
7603, 70
7604, 70
7605, 61
7606, 1
7607, 15
7608, 13
7609, 33
7610, 33
7611, 15
7612, 47
7613, 51
7614, 37
7615, 32
7616, 32
7617, 32
7618, 30
7619, 30
7620, 34
7621, 30
7622, 30
7623, 32
7624, 30
7625, 31
7626, 1
7627, 54
7628, 1
7629, 9
7630, 1
7631, 20
7632, 19
7633, 20
7634, 35
7635, 51
7636, 56
7637, 55
7638, 18
7639, 1
7640, 19
7641, 20
7642, 9
7643, 1
7644, 22
7645, 1
7646, 58
7647, 26
7648, 9
7649, 31
7650, 37
7651, 16
7652, 18
7653, 15
7654, 1
7655, 1
7656, 34
7657, 26
7658, 25
7659, 27
7660, 26
7661, 35
7662, 64
7663, 24
7664, 34
7665, 6
7666, 1
7667, 26
7668, 53
7669, 1
7670, 30
7671, 51
7672, 43
7673, 61
7674, 33
7675, 51
7676, 56
7677, 13
7678, 36
7679, 1
7680, 1
7681, 18
7682, 11
7683, 75
7684, 23
7685, 9
7686, 22
7687, 40
7688, 49
7689, 16
7690, 1
7691, 30
7692, 40
7693, 55
7694, 56
7695, 41
7696, 19
7697, 16
7698, 1
7699, 22
7700, 1
7701, 1
7702, 25
7703, 1
7704, 49
7705, 49
7706, 34
7707, 11
7708, 1
7709, 19
7710, 11
7711, 54
7712, 65
7713, 37
7714, 69
7715, 1
7716, 81
7717, 30
7718, 9
7719, 47
7720, 16
7721, 31
7722, 41
7723, 55
7724, 44
7725, 31
7726, 50
7727, 51
7728, 17
7729, 16
7730, 1
7731, 17
7732, 33
7733, 46
7734, 16
7735, 1
7736, 37
7737, 31
7738, 16
7739, 47
7740, 16
7741, 44
7742, 16
7743, 55
7744, 16
7745, 23
7746, 1
7747, 14
7748, 1
7749, 20
7750, 9
7751, 20
7752, 24
7753, 1
7754, 55
7755, 51
7756, 1
7757, 52
7758, 16
7759, 1
7760, 1
7761, 57
7762, 1
7763, 48
7764, 1
7765, 22
7766, 58
7767, 1
7768, 66
7769, 54
7770, 11
7771, 57
7772, 14
7773, 1
7774, 18
7775, 1
7776, 1
7777, 29
7778, 1
7779, 24
7780, 28
7781, 43
7782, 12
7783, 29
7784, 23
7785, 21
7786, 31
7787, 9
7788, 55
7789, 37
7790, 25
7791, 1
7792, 18
7793, 37
7794, 82
7795, 36
7796, 16
7797, 1
7798, 1
7799, 27
7800, 68
7801, 12
7802, 33
7803, 18
7804, 1
7805, 68
7806, 40
7807, 12
7808, 34
7809, 15
7810, 14
7811, 1
7812, 18
7813, 1
7814, 1
7815, 20
7816, 17
7817, 20
7818, 25
7819, 1
7820, 60
7821, 9
7822, 40
7823, 9
7824, 47
7825, 16
7826, 1
7827, 55
7828, 1
7829, 22
7830, 41
7831, 21
7832, 45
7833, 11
7834, 56
7835, 14
7836, 1
7837, 19
7838, 1
7839, 1
7840, 30
7841, 1
7842, 24
7843, 1
7844, 49
7845, 52
7846, 65
7847, 1
7848, 23
7849, 20
7850, 9
7851, 50
7852, 31
7853, 19
7854, 1
7855, 52
7856, 19
7857, 1
7858, 56
7859, 9
7860, 50
7861, 39
7862, 53
7863, 59
7864, 28
7865, 35
7866, 18
7867, 51
7868, 43
7869, 55
7870, 17
7871, 21
7872, 22
7873, 19
7874, 24
7875, 16
7876, 1
7877, 26
7878, 1
7879, 16
7880, 1
7881, 1
7882, 27
7883, 43
7884, 12
7885, 33
7886, 16
7887, 1
7888, 20
7889, 50
7890, 12
7891, 15
7892, 19
7893, 14
7894, 1
7895, 19
7896, 1
7897, 64
7898, 45
7899, 40
7900, 33
7901, 26
7902, 28
7903, 56
7904, 56
7905, 56
7906, 30
7907, 31
7908, 35
7909, 35
7910, 60
7911, 60
7912, 60
7913, 60
7914, 60
7915, 60
7916, 60
7917, 60
7918, 60
7919, 60
7920, 60
7921, 60
7922, 60
7923, 60
7924, 66
7925, 66
7926, 66
7927, 66
7928, 66
7929, 66
7930, 53
7931, 53
7932, 53
7933, 53
7934, 76
7935, 76
7936, 76
7937, 76
7938, 76
7939, 76
7940, 76
7941, 76
7942, 76
7943, 76
7944, 76
7945, 76
7946, 76
7947, 76
7948, 76
7949, 76
7950, 76
7951, 76
7952, 76
7953, 76
7954, 76
7955, 76
7956, 76
7957, 76
7958, 76
7959, 76
7960, 76
7961, 76
7962, 76
7963, 76
7964, 76
7965, 76
7966, 76
7967, 76
7968, 76
7969, 76
7970, 76
7971, 76
7972, 76
7973, 76
7974, 76
7975, 76
7976, 76
7977, 76
7978, 76
7979, 76
7980, 76
7981, 76
7982, 76
7983, 76
7984, 76
7985, 76
7986, 76
7987, 76
7988, 76
7989, 76
7990, 76
7991, 76
7992, 76
7993, 76
7994, 76
7995, 76
7996, 76
7997, 37
7998, 39
7999, 41
8000, 18
8001, 25
8002, 41
8003, 18
8004, 25
8005, 41
8006, 18
8007, 24
8008, 41
8009, 18
8010, 24
8011, 41
8012, 18
8013, 29
8014, 25
8015, 41
8016, 18
8017, 29
8018, 25
8019, 41
8020, 18
8021, 29
8022, 25
8023, 40
8024, 18
8025, 29
8026, 25
8027, 40
8028, 19
8029, 25
8030, 26
8031, 19
8032, 25
8033, 26
8034, 19
8035, 24
8036, 26
8037, 19
8038, 24
8039, 26
8040, 19
8041, 32
8042, 25
8043, 26
8044, 19
8045, 32
8046, 25
8047, 26
8048, 19
8049, 32
8050, 25
8051, 25
8052, 19
8053, 32
8054, 25
8055, 25
8056, 33
8057, 45
8058, 18
8059, 29
8060, 25
8061, 50
8062, 19
8063, 32
8064, 25
8065, 35
8066, 21
8067, 37
8068, 26
8069, 34
8070, 76
8071, 76
8072, 76
8073, 76
8074, 76
8075, 76
8076, 54
8077, 55
8078, 47
8079, 48
8080, 33
8081, 8
8082, 12
8083, 33
8084, 46
8085, 26
8086, 26
8087, 15
8088, 43
8089, 47
8090, 49
8091, 43
8092, 31
8093, 25
8094, 28
8095, 27
8096, 15
8097, 35
8098, 27
8099, 72
8100, 38
8101, 3
8102, 44
8103, 1
8104, 48
8105, 51
8106, 43
8107, 43
8108, 1
8109, 31
8110, 1
8111, 66
8112, 1
8113, 31
8114, 1
8115, 32
8116, 61
8117, 54
8118, 76
8119, 72
8120, 78
8121, 67
8122, 76
8123, 1
8124, 40
8125, 1
8126, 51
8127, 25
8128, 1
8129, 33
8130, 21
8131, 1
8132, 51
8133, 36
8134, 1
8135, 43
8136, 27
8137, 1
8138, 47
8139, 45
8140, 46
8141, 1
8142, 6
8143, 9
8144, 11
8145, 34
8146, 21
8147, 55
8148, 16
8149, 13
8150, 27
8151, 8
8152, 1
8153, 27
8154, 27
8155, 50
8156, 1
8157, 26
8158, 44
8159, 59
8160, 40
8161, 79
8162, 20
8163, 40
8164, 71
8165, 23
8166, 1
8167, 34
8168, 68
8169, 34
8170, 68
8171, 1
8172, 35
8173, 40
8174, 34
8175, 20
8176, 17
8177, 16
8178, 13
8179, 23
8180, 64
8181, 33
8182, 44
8183, 43
8184, 1
8185, 50
8186, 33
8187, 1
8188, 21
8189, 1
8190, 59
8191, 79
8192, 79
8193, 79
8194, 31
8195, 79
8196, 79
8197, 79
8198, 31
8199, 35
8200, 1
8201, 32
8202, 1
8203, 40
8204, 1
8205, 77
8206, 1
8207, 77
8208, 28
8209, 27
8210, 24
8211, 22
8212, 9
8213, 19
8214, 1
8215, 11
8216, 30
8217, 43
8218, 46
8219, 31
8220, 37
8221, 17
8222, 16
8223, 1
8224, 11
8225, 50
8226, 24
8227, 53
8228, 52
8229, 24
8230, 17
8231, 1
8232, 64
8233, 26
8234, 22
8235, 1
8236, 32
8237, 23
8238, 17
8239, 1
8240, 30
8241, 1
8242, 64
8243, 20
8244, 17
8245, 16
8246, 13
8247, 24
8248, 17
8249, 18
8250, 1
8251, 54
8252, 24
8253, 22
8254, 9
8255, 38
8256, 31
8257, 30
8258, 26
8259, 25
8260, 46
8261, 38
8262, 16
8263, 22
8264, 1
8265, 59
8266, 33
8267, 9
8268, 33
8269, 58
8270, 53
8271, 30
8272, 16
8273, 20
8274, 41
8275, 36
8276, 14
8277, 27
8278, 1
8279, 54
8280, 21
8281, 1
8282, 6
8283, 8
8284, 31
8285, 28
8286, 46
8287, 13
8288, 13
8289, 3
8290, 42
8291, 39
8292, 3
8293, 45
8294, 44
8295, 50
8296, 1
8297, 1
8298, 26
8299, 33
8300, 24
8301, 1
8302, 21
8303, 1
8304, 60
8305, 1
8306, 67
8307, 1
8308, 59
8309, 66
8310, 66
8311, 66
8312, 18
8313, 66
8314, 66
8315, 66
8316, 18
8317, 22
8318, 1
8319, 37
8320, 1
8321, 28
8322, 43
8323, 37
8324, 37
8325, 37
8326, 6
8327, 52
8328, 53
8329, 9
8330, 11
8331, 36
8332, 49
8333, 21
8334, 21
8335, 16
8336, 22
8337, 1
8338, 34
8339, 1
8340, 33
8341, 44
8342, 39
8343, 6
8344, 43
8345, 75
8346, 85
8347, 47
8348, 47
8349, 59
8350, 9
8351, 1
8352, 75
8353, 1
8354, 57
8355, 39
8356, 45
8357, 55
8358, 27
8359, 47
8360, 56
8361, 34
8362, 66
8363, 82
8364, 54
8365, 44
8366, 19
8367, 45
8368, 16
8369, 1
8370, 38
8371, 24
8372, 44
8373, 53
8374, 31
8375, 64
8376, 71
8377, 35
8378, 16
8379, 1
8380, 20
8381, 24
8382, 44
8383, 31
8384, 31
8385, 50
8386, 59
8387, 14
8388, 1
8389, 27
8390, 1
8391, 44
8392, 37
8393, 6
8394, 72
8395, 71
8396, 38
8397, 38
8398, 9
8399, 32
8400, 1
8401, 30
8402, 45
8403, 44
8404, 36
8405, 43
8406, 73
8407, 1
8408, 70
8409, 34
8410, 14
8411, 1
8412, 40
8413, 63
8414, 14
8415, 32
8416, 63
8417, 14
8418, 41
8419, 1
8420, 39
8421, 1
8422, 45
8423, 27
8424, 72
8425, 26
8426, 35
8427, 37
8428, 1
8429, 45
8430, 72
8431, 71
8432, 38
8433, 38
8434, 42
8435, 9
8436, 11
8437, 13
8438, 31
8439, 4
8440, 33
8441, 48
8442, 47
8443, 39
8444, 46
8445, 76
8446, 4
8447, 73
8448, 37
8449, 17
8450, 1
8451, 78
8452, 52
8453, 37
8454, 4
8455, 43
8456, 66
8457, 17
8458, 35
8459, 66
8460, 17
8461, 1
8462, 30
8463, 9
8464, 20
8465, 18
8466, 16
8467, 41
8468, 37
8469, 1
8470, 30
8471, 1
8472, 6
8473, 1
8474, 80
8475, 1
8476, 14
8477, 37
8478, 78
8479, 49
8480, 49
8481, 12
8482, 1
8483, 59
8484, 76
8485, 1
8486, 42
8487, 51
8488, 1
8489, 15
8490, 12
8491, 75
8492, 75
8493, 5
8494, 74
8495, 45
8496, 50
8497, 21
8498, 5
8499, 43
8500, 81
8501, 81
8502, 1
8503, 44
8504, 25
8505, 1
8506, 20
8507, 1
8508, 12
8509, 1
8510, 46
8511, 1
8512, 11
8513, 59
8514, 36
8515, 16
8516, 1
8517, 43
8518, 1
8519, 27
8520, 1
8521, 13
8522, 1
8523, 1
8524, 31
8525, 71
8526, 79
8527, 72
8528, 25
8529, 1
8530, 1
8531, 57
8532, 14
8533, 26
8534, 40
8535, 57
8536, 1
8537, 1
8538, 23
8539, 33
8540, 1
8541, 22
8542, 1
8543, 53
8544, 1
8545, 40
8546, 1
8547, 26
8548, 46
8549, 40
8550, 39
8551, 40
8552, 49
8553, 1
8554, 47
8555, 1
8556, 71
8557, 67
8558, 1
8559, 77
8560, 1
8561, 16
8562, 1
8563, 24
8564, 1
8565, 27
8566, 1
8567, 26
8568, 46
8569, 40
8570, 39
8571, 40
8572, 48
8573, 6
8574, 27
8575, 9
8576, 26
8577, 26
8578, 1
8579, 24
8580, 11
8581, 68
8582, 32
8583, 69
8584, 70
8585, 24
8586, 17
8587, 1
8588, 24
8589, 17
8590, 65
8591, 67
8592, 28
8593, 15
8594, 1
8595, 44
8596, 35
8597, 38
8598, 20
8599, 1
8600, 58
8601, 36
8602, 20
8603, 1
8604, 54
8605, 42
8606, 76
8607, 53
8608, 38
8609, 17
8610, 84
8611, 65
8612, 20
8613, 1
8614, 28
8615, 1
8616, 33
8617, 1
8618, 13
8619, 42
8620, 16
8621, 21
8622, 1
8623, 16
8624, 1
8625, 28
8626, 27
8627, 28
8628, 1
8629, 8
8630, 52
8631, 19
8632, 1
8633, 26
8634, 1
8635, 39
8636, 1
8637, 34
8638, 1
8639, 36
8640, 1
8641, 38
8642, 1
8643, 13
8644, 1
8645, 1
8646, 28
8647, 27
8648, 1
8649, 24
8650, 1
8651, 20
8652, 1
8653, 33
8654, 33
8655, 1
8656, 23
8657, 14
8658, 23
8659, 79
8660, 78
8661, 29
8662, 1
8663, 75
8664, 63
8665, 41
8666, 1
8667, 41
8668, 69
8669, 54
8670, 26
8671, 39
8672, 47
8673, 51
8674, 9
8675, 44
8676, 49
8677, 17
8678, 1
8679, 36
8680, 69
8681, 54
8682, 26
8683, 39
8684, 47
8685, 51
8686, 9
8687, 44
8688, 12
8689, 1
8690, 52
8691, 1
8692, 34
8693, 56
8694, 1
8695, 57
8696, 1
8697, 69
8698, 49
8699, 75
8700, 57
8701, 67
8702, 47
8703, 38
8704, 65
8705, 1
8706, 57
8707, 71
8708, 1
8709, 25
8710, 26
8711, 41
8712, 31
8713, 1
8714, 65
8715, 61
8716, 52
8717, 27
8718, 1
8719, 38
8720, 1
8721, 26
8722, 46
8723, 46
8724, 12
8725, 42
8726, 39
8727, 17
8728, 31
8729, 39
8730, 33
8731, 39
8732, 24
8733, 62
8734, 18
8735, 1
8736, 52
8737, 65
8738, 48
8739, 12
8740, 14
8741, 54
8742, 21
8743, 59
8744, 33
8745, 17
8746, 27
8747, 20
8748, 19
8749, 18
8750, 30
8751, 1
8752, 70
8753, 22
8754, 1
8755, 27
8756, 36
8757, 14
8758, 1
8759, 44
8760, 1
8761, 36
8762, 17
8763, 66
8764, 66
8765, 15
8766, 18
8767, 23
8768, 50
8769, 22
8770, 43
8771, 40
8772, 42
8773, 17
8774, 14
8775, 11
8776, 17
8777, 76
8778, 72
8779, 15
8780, 45
8781, 37
8782, 14
8783, 14
8784, 1
8785, 27
8786, 17
8787, 1
8788, 22
8789, 9
8790, 32
8791, 14
8792, 1
8793, 6
8794, 27
8795, 34
8796, 30
8797, 26
8798, 33
8799, 29
8800, 1
8801, 71
8802, 38
8803, 34
8804, 26
8805, 13
8806, 73
8807, 42
8808, 39
8809, 4
8810, 30
8811, 40
8812, 73
8813, 36
8814, 60
8815, 34
8816, 2
8817, 22
8818, 42
8819, 42
8820, 76
8821, 47
8822, 2
8823, 16
8824, 39
8825, 25
8826, 33
8827, 37
8828, 16
8829, 34
8830, 2
8831, 40
8832, 55
8833, 10
8834, 22
8835, 14
8836, 2
8837, 43
8838, 78
8839, 28
8840, 10
8841, 29
8842, 25
8843, 31
8844, 31
8845, 22
8846, 15
8847, 13
8848, 2
8849, 47
8850, 29
8851, 26
8852, 10
8853, 32
8854, 30
8855, 22
8856, 22
8857, 34
8858, 23
8859, 25
8860, 18
8861, 17
8862, 25
8863, 20
8864, 15
8865, 21
8866, 2
8867, 62
8868, 2
8869, 61
8870, 61
8871, 61
8872, 61
8873, 61
8874, 61
8875, 61
8876, 61
8877, 61
8878, 61
8879, 61
8880, 61
8881, 61
8882, 61
8883, 61
8884, 62
8885, 43
8886, 27
8887, 10
8888, 44
8889, 46
8890, 44
8891, 19
8892, 18
8893, 17
8894, 22
8895, 20
8896, 2
8897, 35
8898, 28
8899, 38
8900, 2
8901, 7
8902, 47
8903, 61
8904, 62
8905, 61
8906, 56
8907, 61
8908, 40
8909, 45
8910, 18
8911, 60
8912, 33
8913, 60
8914, 51
8915, 34
8916, 12
8917, 40
8918, 48
8919, 18
8920, 60
8921, 51
8922, 60
8923, 40
8924, 48
8925, 20
8926, 15
8927, 14
8928, 57
8929, 49
8930, 57
8931, 26
8932, 39
8933, 12
8934, 14
8935, 66
8936, 38
8937, 3
8938, 22
8939, 4
8940, 55
8941, 35
8942, 1
8943, 25
8944, 56
8945, 25
8946, 6
8947, 29
8948, 20
8949, 38
8950, 12
8951, 47
8952, 61
8953, 12
8954, 17
8955, 60
8956, 33
8957, 23
8958, 1
8959, 32
8960, 1
8961, 19
8962, 35
8963, 47
8964, 31
8965, 6
8966, 9
8967, 58
8968, 13
8969, 37
8970, 8
8971, 27
8972, 14
8973, 43
8974, 40
8975, 40
8976, 12
8977, 21
8978, 39
8979, 38
8980, 33
8981, 27
8982, 45
8983, 77
8984, 72
8985, 25
8986, 35
8987, 20
8988, 19
8989, 11
8990, 13
8991, 56
8992, 11
8993, 42
8994, 40
8995, 38
8996, 4
8997, 29
8998, 42
8999, 26
9000, 57
9001, 4
9002, 54
9003, 56
9004, 57
9005, 62
9006, 20
9007, 1
9008, 42
9009, 40
9010, 3
9011, 29
9012, 42
9013, 31
9014, 1
9015, 57
9016, 9
9017, 65
9018, 15
9019, 4
9020, 59
9021, 9
9022, 29
9023, 23
9024, 31
9025, 50
9026, 19
9027, 16
9028, 21
9029, 4
9030, 60
9031, 9
9032, 29
9033, 23
9034, 31
9035, 50
9036, 19
9037, 16
9038, 22
9039, 4
9040, 65
9041, 35
9042, 9
9043, 26
9044, 30
9045, 25
9046, 4
9047, 20
9048, 1
9049, 60
9050, 40
9051, 3
9052, 29
9053, 60
9054, 1
9055, 18
9056, 49
9057, 45
9058, 41
9059, 1
9060, 26
9061, 60
9062, 84
9063, 19
9064, 23
9065, 32
9066, 6
9067, 30
9068, 39
9069, 11
9070, 4
9071, 11
9072, 45
9073, 45
9074, 9
9075, 26
9076, 33
9077, 33
9078, 16
9079, 28
9080, 35
9081, 31
9082, 16
9083, 8
9084, 69
9085, 25
9086, 18
9087, 1
9088, 1
9089, 1
9090, 1
9091, 1
9092, 1
9093, 41
9094, 38
9095, 3
9096, 29
9097, 42
9098, 1
9099, 43
9100, 60
9101, 1
9102, 18
9103, 48
9104, 45
9105, 21
9106, 1
9107, 26
9108, 1
9109, 27
9110, 1
9111, 39
9112, 1
9113, 54
9114, 78
9115, 19
9116, 1
9117, 23
9118, 26
9119, 6
9120, 30
9121, 40
9122, 11
9123, 1
9124, 11
9125, 55
9126, 69
9127, 30
9128, 1
9129, 37
9130, 37
9131, 9
9132, 28
9133, 33
9134, 33
9135, 16
9136, 28
9137, 35
9138, 35
9139, 16
9140, 8
9141, 69
9142, 25
9143, 18
9144, 1
9145, 8
9146, 1
9147, 27
9148, 27
9149, 27
9150, 1
9151, 26
9152, 1
9153, 67
9154, 1
9155, 42
9156, 2
9157, 48
9158, 1
9159, 59
9160, 2
9161, 30
9162, 42
9163, 43
9164, 1
9165, 62
9166, 2
9167, 27
9168, 28
9169, 29
9170, 29
9171, 28
9172, 1
9173, 73
9174, 2
9175, 27
9176, 28
9177, 29
9178, 29
9179, 28
9180, 1
9181, 48
9182, 45
9183, 1
9184, 20
9185, 1
9186, 31
9187, 1
9188, 54
9189, 75
9190, 9
9191, 26
9192, 15
9193, 1
9194, 50
9195, 1
9196, 54
9197, 1
9198, 70
9199, 75
9200, 75
9201, 9
9202, 45
9203, 21
9204, 1
9205, 54
9206, 1
9207, 74
9208, 75
9209, 75
9210, 9
9211, 45
9212, 24
9213, 1
9214, 26
9215, 28
9216, 29
9217, 29
9218, 28
9219, 6
9220, 18
9221, 25
9222, 35
9223, 9
9224, 36
9225, 21
9226, 57
9227, 41
9228, 53
9229, 80
9230, 19
9231, 36
9232, 78
9233, 17
9234, 23
9235, 16
9236, 21
9237, 1
9238, 1
9239, 27
9240, 28
9241, 29
9242, 29
9243, 28
9244, 6
9245, 18
9246, 25
9247, 35
9248, 9
9249, 36
9250, 21
9251, 57
9252, 41
9253, 56
9254, 80
9255, 19
9256, 36
9257, 79
9258, 17
9259, 23
9260, 16
9261, 22
9262, 1
9263, 1
9264, 22
9265, 1
9266, 33
9267, 35
9268, 79
9269, 80
9270, 25
9271, 1
9272, 33
9273, 24
9274, 28
9275, 9
9276, 10
9277, 12
9278, 84
9279, 24
9280, 25
9281, 25
9282, 22
9283, 3
9284, 66
9285, 3
9286, 85
9287, 25
9288, 25
9289, 54
9290, 20
9291, 8
9292, 19
9293, 17
9294, 15
9295, 25
9296, 1
9297, 1
9298, 32
9299, 1
9300, 36
9301, 35
9302, 79
9303, 80
9304, 28
9305, 1
9306, 36
9307, 24
9308, 28
9309, 9
9310, 10
9311, 12
9312, 84
9313, 24
9314, 25
9315, 25
9316, 22
9317, 3
9318, 76
9319, 3
9320, 85
9321, 25
9322, 25
9323, 54
9324, 20
9325, 8
9326, 19
9327, 17
9328, 15
9329, 28
9330, 1
9331, 1
9332, 79
9333, 75
9334, 1
9335, 60
9336, 1
9337, 74
9338, 77
9339, 1
9340, 1
9341, 31
9342, 43
9343, 43
9344, 6
9345, 35
9346, 4
9347, 71
9348, 71
9349, 2
9350, 32
9351, 9
9352, 21
9353, 42
9354, 39
9355, 1
9356, 48
9357, 1
9358, 31
9359, 59
9360, 23
9361, 36
9362, 41
9363, 16
9364, 1
9365, 76
9366, 1
9367, 75
9368, 1
9369, 31
9370, 71
9371, 51
9372, 16
9373, 1
9374, 72
9375, 1
9376, 21
9377, 42
9378, 39
9379, 1
9380, 31
9381, 62
9382, 23
9383, 36
9384, 41
9385, 16
9386, 1
9387, 61
9388, 65
9389, 1
9390, 31
9391, 74
9392, 71
9393, 16
9394, 1
9395, 25
9396, 1
9397, 20
9398, 1
9399, 1
9400, 40
9401, 38
9402, 3
9403, 43
9404, 22
9405, 1
9406, 24
9407, 6
9408, 44
9409, 34
9410, 16
9411, 40
9412, 38
9413, 3
9414, 43
9415, 19
9416, 1
9417, 27
9418, 1
9419, 82
9420, 1
9421, 37
9422, 1
9423, 55
9424, 40
9425, 55
9426, 28
9427, 1
9428, 21
9429, 40
9430, 38
9431, 3
9432, 43
9433, 68
9434, 41
9435, 1
9436, 32
9437, 1
9438, 32
9439, 53
9440, 1
9441, 55
9442, 42
9443, 36
9444, 60
9445, 48
9446, 1
9447, 58
9448, 59
9449, 12
9450, 38
9451, 57
9452, 33
9453, 69
9454, 23
9455, 27
9456, 17
9457, 35
9458, 61
9459, 1
9460, 20
9461, 19
9462, 19
9463, 1
9464, 9
9465, 51
9466, 1
9467, 11
9468, 48
9469, 39
9470, 41
9471, 17
9472, 1
9473, 32
9474, 13
9475, 1
9476, 55
9477, 30
9478, 32
9479, 22
9480, 23
9481, 9
9482, 1
9483, 11
9484, 32
9485, 65
9486, 58
9487, 17
9488, 16
9489, 1
9490, 13
9491, 36
9492, 15
9493, 22
9494, 1
9495, 21
9496, 68
9497, 38
9498, 34
9499, 58
9500, 71
9501, 40
9502, 1
9503, 45
9504, 55
9505, 35
9506, 2
9507, 20
9508, 16
9509, 42
9510, 56
9511, 6
9512, 37
9513, 25
9514, 52
9515, 14
9516, 12
9517, 53
9518, 10
9519, 35
9520, 9
9521, 12
9522, 63
9523, 37
9524, 22
9525, 43
9526, 48
9527, 1
9528, 37
9529, 37
9530, 1
9531, 20
9532, 28
9533, 23
9534, 18
9535, 6
9536, 7
9537, 42
9538, 50
9539, 13
9540, 10
9541, 21
9542, 62
9543, 12
9544, 62
9545, 37
9546, 64
9547, 38
9548, 1
9549, 21
9550, 48
9551, 15
9552, 1
9553, 26
9554, 1
9555, 50
9556, 9
9557, 21
9558, 19
9559, 11
9560, 20
9561, 76
9562, 14
9563, 12
9564, 1
9565, 15
9566, 1
9567, 62
9568, 37
9569, 64
9570, 38
9571, 1
9572, 41
9573, 47
9574, 46
9575, 39
9576, 1
9577, 19
9578, 14
9579, 6
9580, 36
9581, 51
9582, 13
9583, 11
9584, 64
9585, 38
9586, 3
9587, 44
9588, 1
9589, 48
9590, 43
9591, 51
9592, 43
9593, 44
9594, 1
9595, 21
9596, 1
9597, 70
9598, 37
9599, 34
9600, 34
9601, 1
9602, 71
9603, 73
9604, 1
9605, 29
9606, 1
9607, 18
9608, 19
9609, 15
9610, 1
9611, 23
9612, 28
9613, 55
9614, 38
9615, 29
9616, 29
9617, 9
9618, 20
9619, 1
9620, 30
9621, 40
9622, 1
9623, 31
9624, 46
9625, 1
9626, 21
9627, 40
9628, 51
9629, 45
9630, 19
9631, 1
9632, 33
9633, 16
9634, 1
9635, 29
9636, 1
9637, 50
9638, 59
9639, 15
9640, 1
9641, 32
9642, 32
9643, 61
9644, 42
9645, 1
9646, 6
9647, 66
9648, 25
9649, 1
9650, 34
9651, 41
9652, 34
9653, 1
9654, 17
9655, 1
9656, 51
9657, 1
9658, 28
9659, 45
9660, 41
9661, 13
9662, 13
9663, 67
9664, 38
9665, 3
9666, 44
9667, 1
9668, 48
9669, 43
9670, 51
9671, 43
9672, 44
9673, 1
9674, 24
9675, 1
9676, 70
9677, 35
9678, 37
9679, 34
9680, 1
9681, 71
9682, 73
9683, 1
9684, 29
9685, 1
9686, 18
9687, 19
9688, 15
9689, 1
9690, 23
9691, 28
9692, 55
9693, 38
9694, 29
9695, 29
9696, 9
9697, 20
9698, 1
9699, 30
9700, 40
9701, 1
9702, 31
9703, 46
9704, 1
9705, 21
9706, 40
9707, 51
9708, 45
9709, 19
9710, 1
9711, 33
9712, 16
9713, 1
9714, 29
9715, 1
9716, 50
9717, 59
9718, 15
9719, 1
9720, 32
9721, 32
9722, 61
9723, 42
9724, 1
9725, 6
9726, 66
9727, 25
9728, 1
9729, 34
9730, 41
9731, 34
9732, 1
9733, 17
9734, 1
9735, 51
9736, 1
9737, 28
9738, 45
9739, 41
9740, 13
9741, 16
9742, 66
9743, 38
9744, 3
9745, 44
9746, 1
9747, 48
9748, 43
9749, 51
9750, 43
9751, 44
9752, 1
9753, 23
9754, 1
9755, 70
9756, 33
9757, 39
9758, 34
9759, 1
9760, 71
9761, 73
9762, 1
9763, 29
9764, 1
9765, 18
9766, 19
9767, 15
9768, 1
9769, 23
9770, 28
9771, 55
9772, 38
9773, 29
9774, 29
9775, 9
9776, 20
9777, 1
9778, 30
9779, 40
9780, 1
9781, 31
9782, 46
9783, 1
9784, 21
9785, 40
9786, 51
9787, 45
9788, 19
9789, 1
9790, 33
9791, 16
9792, 1
9793, 29
9794, 1
9795, 50
9796, 59
9797, 15
9798, 1
9799, 32
9800, 32
9801, 61
9802, 42
9803, 1
9804, 6
9805, 66
9806, 25
9807, 1
9808, 34
9809, 41
9810, 34
9811, 1
9812, 17
9813, 1
9814, 51
9815, 1
9816, 28
9817, 45
9818, 41
9819, 13
9820, 15
9821, 42
9822, 39
9823, 30
9824, 2
9825, 36
9826, 46
9827, 52
9828, 2
9829, 25
9830, 5
9831, 22
9832, 38
9833, 40
9834, 12
9835, 32
9836, 22
9837, 14
9838, 27
9839, 40
9840, 13
9841, 24
9842, 21
9843, 16
9844, 52
9845, 13
9846, 22
9847, 17
9848, 14
9849, 2
9850, 15
9851, 37
9852, 5
9853, 41
9854, 5
9855, 37
9856, 40
9857, 37
9858, 19
9859, 14
9860, 5
9861, 22
9862, 22
9863, 32
9864, 10
9865, 43
9866, 29
9867, 18
9868, 8
9869, 12
9870, 17
9871, 46
9872, 29
9873, 22
9874, 13
9875, 26
9876, 19
9877, 22
9878, 26
9879, 29
9880, 33
9881, 15
9882, 27
9883, 18
9884, 17
9885, 14
9886, 5
9887, 26
9888, 26
9889, 7
9890, 46
9891, 29
9892, 31
9893, 14
9894, 36
9895, 44
9896, 35
9897, 14
9898, 29
9899, 26
9900, 40
9901, 14
9902, 29
9903, 21
9904, 14
9905, 5
9906, 17
9907, 41
9908, 38
9909, 68
9910, 3
9911, 17
9912, 151
9913, 1
9914, 18
9915, 23
9916, 1
9917, 24
9918, 32
9919, 37
9920, 1
9921, 68
9922, 1
9923, 27
9924, 42
9925, 42
9926, 11
9927, 23
9928, 32
9929, 14
9930, 1
9931, 27
9932, 57
9933, 12
9934, 24
9935, 23
9936, 15
9937, 1
9938, 54
9939, 12
9940, 24
9941, 24
9942, 16
9943, 14
9944, 1
9945, 51
9946, 24
9947, 1
9948, 21
9949, 58
9950, 13
9951, 1
9952, 21
9953, 26
9954, 23
9955, 9
9956, 61
9957, 27
9958, 22
9959, 1
9960, 11
9961, 35
9962, 1
9963, 27
9964, 47
9965, 34
9966, 17
9967, 1
9968, 42
9969, 1
9970, 30
9971, 16
9972, 13
9973, 1
9974, 49
9975, 22
9976, 6
9977, 30
9978, 48
9979, 13
9980, 1
9981, 67
9982, 16
9983, 41
9984, 38
9985, 53
9986, 43
9987, 17
9988, 44
9989, 3
9990, 43
9991, 60
9992, 1
9993, 36
9994, 1
9995, 24
9996, 32
9997, 37
9998, 1
9999, 68
10000, 1
10001, 21
10002, 53
10003, 39
10004, 13
10005, 1
10006, 49
10007, 22
10008, 1
10009, 21
10010, 32
10011, 29
10012, 9
10013, 56
10014, 27
10015, 22
10016, 1
10017, 11
10018, 45
10019, 34
10020, 19
10021, 41
10022, 44
10023, 36
10024, 16
10025, 1
10026, 31
10027, 44
10028, 31
10029, 14
10030, 13
10031, 1
10032, 6
10033, 30
10034, 48
10035, 13
10036, 67
10037, 16
10038, 59
10039, 40
10040, 38
10041, 3
10042, 37
10043, 38
10044, 3
10045, 23
10046, 1
10047, 60
10048, 59
10049, 53
10050, 48
10051, 58
10052, 24
10053, 48
10054, 61
10055, 1
10056, 16
10057, 1
10058, 57
10059, 29
10060, 65
10061, 64
10062, 54
10063, 1
10064, 31
10065, 48
10066, 36
10067, 1
10068, 27
10069, 27
10070, 27
10071, 1
10072, 27
10073, 9
10074, 26
10075, 23
10076, 19
10077, 1
10078, 25
10079, 9
10080, 24
10081, 17
10082, 1
10083, 25
10084, 9
10085, 26
10086, 16
10087, 17
10088, 1
10089, 58
10090, 9
10091, 33
10092, 28
10093, 29
10094, 22
10095, 14
10096, 41
10097, 31
10098, 28
10099, 23
10100, 17
10101, 35
10102, 30
10103, 23
10104, 20
10105, 17
10106, 16
10107, 20
10108, 1
10109, 64
10110, 1
10111, 6
10112, 8
10113, 67
10114, 37
10115, 35
10116, 13
10117, 1
10118, 11
10119, 34
10120, 79
10121, 9
10122, 71
10123, 8
10124, 8
10125, 40
10126, 38
10127, 3
10128, 37
10129, 3
10130, 42
10131, 1
10132, 18
10133, 28
10134, 18
10135, 31
10136, 1
10137, 22
10138, 1
10139, 21
10140, 1
10141, 47
10142, 58
10143, 70
10144, 31
10145, 56
10146, 52
10147, 60
10148, 24
10149, 1
10150, 33
10151, 66
10152, 30
10153, 25
10154, 17
10155, 32
10156, 1
10157, 43
10158, 51
10159, 54
10160, 15
10161, 34
10162, 17
10163, 14
10164, 32
10165, 38
10166, 19
10167, 41
10168, 1
10169, 65
10170, 65
10171, 30
10172, 1
10173, 66
10174, 10
10175, 38
10176, 18
10177, 58
10178, 63
10179, 16
10180, 44
10181, 44
10182, 18
10183, 54
10184, 55
10185, 24
10186, 25
10187, 43
10188, 71
10189, 21
10190, 15
10191, 15
10192, 9
10193, 1
10194, 34
10195, 60
10196, 34
10197, 29
10198, 1
10199, 34
10200, 22
10201, 48
10202, 24
10203, 14
10204, 27
10205, 27
10206, 41
10207, 19
10208, 1
10209, 58
10210, 61
10211, 10
10212, 29
10213, 37
10214, 31
10215, 33
10216, 12
10217, 39
10218, 50
10219, 15
10220, 51
10221, 18
10222, 15
10223, 9
10224, 1
10225, 37
10226, 1
10227, 33
10228, 37
10229, 37
10230, 69
10231, 32
10232, 1
10233, 45
10234, 10
10235, 34
10236, 48
10237, 24
10238, 9
10239, 1
10240, 26
10241, 10
10242, 39
10243, 68
10244, 15
10245, 33
10246, 25
10247, 9
10248, 1
10249, 49
10250, 1
10251, 41
10252, 65
10253, 10
10254, 64
10255, 55
10256, 59
10257, 17
10258, 9
10259, 1
10260, 52
10261, 10
10262, 29
10263, 39
10264, 47
10265, 15
10266, 48
10267, 18
10268, 17
10269, 9
10270, 1
10271, 55
10272, 1
10273, 51
10274, 10
10275, 34
10276, 34
10277, 51
10278, 38
10279, 22
10280, 24
10281, 77
10282, 44
10283, 18
10284, 44
10285, 49
10286, 18
10287, 17
10288, 34
10289, 9
10290, 1
10291, 32
10292, 10
10293, 33
10294, 30
10295, 9
10296, 1
10297, 55
10298, 29
10299, 10
10300, 29
10301, 42
10302, 17
10303, 17
10304, 9
10305, 1
10306, 40
10307, 1
10308, 50
10309, 40
10310, 10
10311, 68
10312, 9
10313, 1
10314, 37
10315, 1
10316, 59
10317, 10
10318, 25
10319, 32
10320, 31
10321, 57
10322, 31
10323, 15
10324, 9
10325, 1
10326, 6
10327, 29
10328, 9
10329, 68
10330, 34
10331, 36
10332, 14
10333, 38
10334, 20
10335, 16
10336, 5
