1, 15
2, 62
3, 39
4, 0
5, 41
6, 12
7, 0
8, 37
9, 10
10, 21
11, 43
12, 43
13, 34
14, 2
15, 0
16, 43
17, 47
18, 20
19, 9
20, 57
21, 18
22, 10
23, 1
24, 0
25, 19
26, 23
27, 23
28, 28
29, 15
30, 69
31, 39
32, 0
33, 41
34, 12
35, 0
36, 62
37, 18
38, 12
39, 15
40, 0
41, 43
42, 47
43, 20
44, 9
45, 57
46, 18
47, 10
48, 1
49, 0
50, 19
51, 23
52, 23
53, 28
54, 15
55, 71
56, 39
57, 0
58, 46
59, 21
60, 0
61, 43
62, 47
63, 20
64, 9
65, 73
66, 18
67, 10
68, 1
69, 0
70, 19
71, 23
72, 23
73, 28
74, 15
75, 44
76, 36
77, 24
78, 0
79, 12
80, 0
81, 9
82, 16
83, 38
84, 38
85, 29
86, 1
87, 0
88, 19
89, 23
90, 23
91, 28
92, 15
93, 69
94, 39
95, 0
96, 11
97, 12
98, 0
99, 49
100, 50
101, 26
102, 13
103, 0
104, 9
105, 16
106, 41
107, 45
108, 53
109, 54
110, 1
111, 0
112, 19
113, 23
114, 23
115, 28
116, 15
117, 56
118, 39
119, 0
120, 32
121, 58
122, 69
123, 60
124, 25
125, 0
126, 22
127, 6
128, 6
129, 0
130, 18
131, 22
132, 16
133, 1
134, 20
135, 30
136, 17
137, 1
138, 1
139, 0
140, 26
141, 15
142, 38
143, 36
144, 39
145, 0
146, 12
147, 0
148, 22
149, 19
150, 18
151, 0
152, 37
153, 15
154, 0
155, 20
156, 15
157, 57
158, 53
159, 32
160, 1
161, 0
162, 34
163, 0
164, 39
165, 36
166, 1
167, 34
168, 0
169, 19
170, 25
171, 28
172, 34
173, 76
174, 1
175, 0
176, 16
177, 40
178, 10
179, 67
180, 1
181, 1
182, 0
183, 28
184, 18
185, 0
186, 59
187, 0
188, 35
189, 52
190, 55
191, 32
192, 20
193, 0
194, 50
195, 0
196, 67
197, 59
198, 14
199, 0
200, 26
201, 49
202, 48
203, 1
204, 0
205, 71
206, 1
207, 0
208, 54
209, 33
210, 39
211, 36
212, 1
213, 26
214, 28
215, 53
216, 0
217, 12
218, 0
219, 16
220, 16
221, 0
222, 46
223, 68
224, 1
225, 0
226, 0
227, 20
228, 16
229, 0
230, 9
231, 55
232, 0
233, 47
234, 46
235, 40
236, 1
237, 16
238, 1
239, 0
240, 0
241, 20
242, 0
243, 18
244, 14
245, 0
246, 29
247, 28
248, 8
249, 16
250, 1
251, 0
252, 1
253, 35
254, 50
255, 55
256, 32
257, 1
258, 0
259, 49
260, 0
261, 23
262, 31
263, 57
264, 14
265, 0
266, 32
267, 39
268, 33
269, 0
270, 36
271, 33
272, 1
273, 0
274, 74
275, 12
276, 1
277, 0
278, 54
279, 35
280, 0
281, 41
282, 41
283, 41
284, 41
285, 41
286, 41
287, 0
288, 12
289, 20
290, 0
291, 57
292, 45
293, 0
294, 43
295, 33
296, 0
297, 48
298, 32
299, 0
300, 32
301, 27
302, 28
303, 0
304, 59
305, 23
306, 51
307, 7
308, 39
309, 12
310, 0
311, 42
312, 7
313, 0
314, 15
315, 1
316, 15
317, 0
318, 66
319, 0
320, 20
321, 22
322, 17
323, 22
324, 15
325, 15
326, 1
327, 4
328, 1
329, 16
330, 20
331, 23
332, 1
333, 28
334, 0
335, 62
336, 7
337, 0
338, 5
339, 1
340, 0
341, 47
342, 21
343, 24
344, 1
345, 33
346, 0
347, 26
348, 38
349, 36
350, 38
351, 35
352, 0
353, 11
354, 11
355, 13
356, 12
357, 20
358, 22
359, 23
360, 0
361, 42
362, 0
363, 16
364, 19
365, 0
366, 17
367, 11
368, 25
369, 19
370, 16
371, 8
372, 13
373, 1
374, 24
375, 20
376, 16
377, 8
378, 14
379, 1
380, 25
381, 13
382, 8
383, 14
384, 1
385, 1
386, 0
387, 15
388, 35
389, 35
390, 46
391, 1
392, 1
393, 0
394, 22
395, 35
396, 35
397, 45
398, 1
399, 1
400, 0
401, 7
402, 1
403, 0
404, 14
405, 13
406, 0
407, 68
408, 0
409, 58
410, 1
411, 0
412, 12
413, 38
414, 0
415, 35
416, 0
417, 44
418, 43
419, 1
420, 0
421, 34
422, 1
423, 0
424, 14
425, 56
426, 0
427, 11
428, 17
429, 17
430, 0
431, 21
432, 16
433, 1
434, 1
435, 0
436, 19
437, 37
438, 0
439, 32
440, 25
441, 22
442, 27
443, 27
444, 0
445, 39
446, 17
447, 40
448, 18
449, 0
450, 10
451, 29
452, 39
453, 83
454, 1
455, 0
456, 15
457, 18
458, 20
459, 28
460, 15
461, 18
462, 20
463, 19
464, 59
465, 27
466, 27
467, 16
468, 16
469, 8
470, 21
471, 16
472, 1
473, 20
474, 25
475, 19
476, 12
477, 8
478, 38
479, 1
480, 1
481, 1
482, 0
483, 19
484, 51
485, 108
486, 39
487, 36
488, 39
489, 47
490, 76
491, 0
492, 12
493, 20
494, 0
495, 14
496, 1
497, 21
498, 0
499, 8
500, 8
501, 8
502, 8
503, 8
504, 8
505, 8
506, 8
507, 8
508, 0
509, 10
510, 1
511, 0
512, 14
513, 1
514, 14
515, 0
516, 10
517, 9
518, 12
519, 0
520, 10
521, 1
522, 0
523, 23
524, 1
525, 16
526, 0
527, 57
528, 56
529, 59
530, 56
531, 55
532, 58
533, 59
534, 58
535, 61
536, 9
537, 1
538, 0
539, 13
540, 1
541, 14
542, 0
543, 12
544, 11
545, 11
546, 13
547, 12
548, 12
549, 11
550, 13
551, 13
552, 12
553, 0
554, 10
555, 1
556, 0
557, 21
558, 1
559, 39
560, 1
561, 0
562, 0
563, 20
564, 22
565, 27
566, 28
567, 17
568, 22
569, 0
570, 13
571, 1
572, 15
573, 18
574, 0
575, 11
576, 15
577, 25
578, 0
579, 25
580, 13
581, 20
582, 8
583, 22
584, 0
585, 75
586, 39
587, 29
588, 15
589, 0
590, 15
591, 1
592, 1
593, 1
594, 0
595, 13
596, 1
597, 14
598, 13
599, 12
600, 0
601, 27
602, 0
603, 15
604, 20
605, 29
606, 48
607, 1
608, 16
609, 11
610, 1
611, 0
612, 14
613, 20
614, 45
615, 22
616, 1
617, 41
618, 1
619, 0
620, 0
621, 22
622, 31
623, 45
624, 39
625, 36
626, 39
627, 47
628, 76
629, 41
630, 0
631, 12
632, 20
633, 0
634, 13
635, 10
636, 9
637, 12
638, 2
639, 0
640, 11
641, 37
642, 0
643, 15
644, 16
645, 21
646, 18
647, 27
648, 22
649, 22
650, 22
651, 22
652, 22
653, 22
654, 3
655, 82
656, 1
657, 0
658, 68
659, 0
660, 23
661, 1
662, 21
663, 21
664, 71
665, 1
666, 1
667, 11
668, 1
669, 0
670, 15
671, 48
672, 1
673, 0
674, 23
675, 22
676, 27
677, 28
678, 17
679, 22
680, 0
681, 13
682, 1
683, 15
684, 0
685, 11
686, 15
687, 22
688, 0
689, 21
690, 22
691, 89
692, 39
693, 29
694, 13
695, 13
696, 8
697, 13
698, 20
699, 1
700, 1
701, 1
702, 0
703, 13
704, 1
705, 14
706, 32
707, 12
708, 0
709, 25
710, 0
711, 15
712, 24
713, 29
714, 48
715, 1
716, 16
717, 11
718, 1
719, 0
720, 14
721, 24
722, 45
723, 22
724, 1
725, 41
726, 1
727, 0
728, 0
729, 22
730, 41
731, 77
732, 15
733, 57
734, 39
735, 0
736, 11
737, 0
738, 34
739, 0
740, 17
741, 10
742, 38
743, 25
744, 57
745, 29
746, 44
747, 23
748, 14
749, 12
750, 1
751, 0
752, 14
753, 18
754, 34
755, 1
756, 0
757, 17
758, 17
759, 10
760, 58
761, 25
762, 51
763, 26
764, 12
765, 1
766, 0
767, 17
768, 19
769, 33
770, 13
771, 7
772, 23
773, 12
774, 17
775, 53
776, 1
777, 11
778, 1
779, 0
780, 17
781, 12
782, 29
783, 28
784, 15
785, 39
786, 11
787, 18
788, 13
789, 49
790, 14
791, 7
792, 10
793, 17
794, 9
795, 17
796, 1
797, 15
798, 36
799, 8
800, 17
801, 23
802, 1
803, 7
804, 1
805, 0
806, 10
807, 22
808, 16
809, 8
810, 1
811, 0
812, 7
813, 15
814, 59
815, 39
816, 0
817, 12
818, 0
819, 11
820, 11
821, 19
822, 23
823, 0
824, 21
825, 0
826, 9
827, 35
828, 1
829, 0
830, 21
831, 0
832, 9
833, 35
834, 1
835, 0
836, 13
837, 0
838, 19
839, 16
840, 6
841, 19
842, 2
843, 9
844, 33
845, 1
846, 1
847, 0
848, 17
849, 16
850, 6
851, 19
852, 2
853, 32
854, 16
855, 14
856, 18
857, 1
858, 1
859, 0
860, 17
861, 16
862, 6
863, 14
864, 2
865, 32
866, 16
867, 14
868, 18
869, 1
870, 1
871, 0
872, 12
873, 16
874, 15
875, 35
876, 8
877, 35
878, 1
879, 1
880, 0
881, 16
882, 16
883, 21
884, 1
885, 38
886, 39
887, 36
888, 36
889, 27
890, 26
891, 26
892, 0
893, 12
894, 0
895, 14
896, 16
897, 34
898, 24
899, 0
900, 22
901, 17
902, 23
903, 15
904, 0
905, 6
906, 17
907, 39
908, 8
909, 1
910, 0
911, 57
912, 8
913, 9
914, 41
915, 9
916, 48
917, 1
918, 43
919, 1
920, 0
921, 17
922, 38
923, 27
924, 20
925, 1
926, 17
927, 1
928, 1
929, 0
930, 18
931, 45
932, 1
933, 39
934, 36
935, 0
936, 36
937, 27
938, 26
939, 34
940, 0
941, 12
942, 12
943, 0
944, 14
945, 20
946, 30
947, 20
948, 0
949, 46
950, 17
951, 0
952, 16
953, 33
954, 8
955, 38
956, 40
957, 1
958, 41
959, 1
960, 0
961, 25
962, 27
963, 27
964, 20
965, 1
966, 17
967, 1
968, 1
969, 0
970, 13
971, 20
972, 22
973, 0
974, 16
975, 15
976, 24
977, 25
978, 27
979, 27
980, 20
981, 1
982, 1
983, 1
984, 0
985, 19
986, 0
987, 12
988, 0
989, 12
990, 21
991, 51
992, 1
993, 0
994, 12
995, 27
996, 24
997, 27
998, 1
999, 33
1000, 39
1001, 36
1002, 45
1003, 29
1004, 28
1005, 28
1006, 47
1007, 53
1008, 0
1009, 12
1010, 0
1011, 19
1012, 16
1013, 66
1014, 28
1015, 0
1016, 17
1017, 23
1018, 0
1019, 4
1020, 24
1021, 8
1022, 11
1023, 32
1024, 9
1025, 48
1026, 1
1027, 43
1028, 30
1029, 1
1030, 0
1031, 20
1032, 17
1033, 11
1034, 37
1035, 8
1036, 20
1037, 10
1038, 37
1039, 16
1040, 39
1041, 44
1042, 16
1043, 40
1044, 1
1045, 1
1046, 12
1047, 1
1048, 0
1049, 13
1050, 40
1051, 46
1052, 20
1053, 38
1054, 1
1055, 0
1056, 32
1057, 36
1058, 1
1059, 27
1060, 24
1061, 29
1062, 0
1063, 26
1064, 24
1065, 25
1066, 0
1067, 30
1068, 0
1069, 14
1070, 0
1071, 20
1072, 19
1073, 13
1074, 0
1075, 21
1076, 25
1077, 1
1078, 1
1079, 0
1080, 21
1081, 32
1082, 0
1083, 21
1084, 13
1085, 0
1086, 14
1087, 9
1088, 0
1089, 43
1090, 57
1091, 46
1092, 0
1093, 27
1094, 21
1095, 20
1096, 17
1097, 10
1098, 1
1099, 1
1100, 1
1101, 0
1102, 16
1103, 17
1104, 1
1105, 1
1106, 0
1107, 80
1108, 21
1109, 25
1110, 0
1111, 21
1112, 0
1113, 7
1114, 14
1115, 22
1116, 40
1117, 49
1118, 63
1119, 17
1120, 1
1121, 1
1122, 0
1123, 11
1124, 10
1125, 10
1126, 10
1127, 10
1128, 10
1129, 10
1130, 10
1131, 10
1132, 10
1133, 10
1134, 10
1135, 10
1136, 10
1137, 10
1138, 9
1139, 2
1140, 0
1141, 19
1142, 21
1143, 21
1144, 21
1145, 20
1146, 2
1147, 0
1148, 6
1149, 46
1150, 46
1151, 46
1152, 46
1153, 46
1154, 46
1155, 38
1156, 0
1157, 5
1158, 0
1159, 28
1160, 0
1161, 20
1162, 28
1163, 0
1164, 56
1165, 59
1166, 72
1167, 0
1168, 15
1169, 0
1170, 38
1171, 36
1172, 1
1173, 27
1174, 24
1175, 0
1176, 26
1177, 24
1178, 25
1179, 0
1180, 30
1181, 0
1182, 14
1183, 20
1184, 59
1185, 1
1186, 0
1187, 22
1188, 19
1189, 10
1190, 0
1191, 21
1192, 25
1193, 1
1194, 1
1195, 0
1196, 20
1197, 19
1198, 20
1199, 0
1200, 21
1201, 36
1202, 1
1203, 1
1204, 0
1205, 0
1206, 26
1207, 114
1208, 32
1209, 0
1210, 21
1211, 9
1212, 0
1213, 19
1214, 37
1215, 28
1216, 33
1217, 1
1218, 16
1219, 11
1220, 1
1221, 35
1222, 21
1223, 33
1224, 33
1225, 1
1226, 16
1227, 1
1228, 1
1229, 0
1230, 26
1231, 83
1232, 91
1233, 25
1234, 0
1235, 21
1236, 0
1237, 57
1238, 37
1239, 32
1240, 10
1241, 1
1242, 37
1243, 29
1244, 1
1245, 11
1246, 32
1247, 10
1248, 1
1249, 46
1250, 18
1251, 1
1252, 0
1253, 0
1254, 11
1255, 14
1256, 14
1257, 14
1258, 14
1259, 14
1260, 14
1261, 14
1262, 14
1263, 14
1264, 14
1265, 14
1266, 14
1267, 14
1268, 14
1269, 13
1270, 2
1271, 0
1272, 19
1273, 25
1274, 25
1275, 25
1276, 24
1277, 2
1278, 0
1279, 6
1280, 46
1281, 46
1282, 46
1283, 46
1284, 46
1285, 46
1286, 38
1287, 0
1288, 70
1289, 5
1290, 0
1291, 28
1292, 0
1293, 20
1294, 28
1295, 0
1296, 56
1297, 59
1298, 72
1299, 0
1300, 7
1301, 0
1302, 12
1303, 39
1304, 36
1305, 1
1306, 27
1307, 24
1308, 30
1309, 25
1310, 0
1311, 11
1312, 13
1313, 26
1314, 24
1315, 25
1316, 0
1317, 30
1318, 0
1319, 14
1320, 16
1321, 79
1322, 1
1323, 0
1324, 20
1325, 21
1326, 13
1327, 0
1328, 44
1329, 1
1330, 0
1331, 18
1332, 21
1333, 24
1334, 31
1335, 0
1336, 6
1337, 20
1338, 21
1339, 42
1340, 1
1341, 1
1342, 0
1343, 10
1344, 1
1345, 0
1346, 0
1347, 21
1348, 36
1349, 0
1350, 33
1351, 0
1352, 19
1353, 37
1354, 48
1355, 1
1356, 36
1357, 21
1358, 53
1359, 1
1360, 1
1361, 0
1362, 21
1363, 29
1364, 0
1365, 33
1366, 0
1367, 18
1368, 42
1369, 38
1370, 27
1371, 40
1372, 1
1373, 22
1374, 44
1375, 1
1376, 1
1377, 0
1378, 0
1379, 11
1380, 14
1381, 14
1382, 14
1383, 14
1384, 14
1385, 14
1386, 14
1387, 14
1388, 14
1389, 14
1390, 14
1391, 14
1392, 14
1393, 14
1394, 13
1395, 2
1396, 0
1397, 19
1398, 25
1399, 25
1400, 25
1401, 24
1402, 2
1403, 0
1404, 9
1405, 46
1406, 46
1407, 46
1408, 46
1409, 46
1410, 46
1411, 38
1412, 0
1413, 70
1414, 5
1415, 0
1416, 28
1417, 0
1418, 21
1419, 29
1420, 0
1421, 56
1422, 59
1423, 72
1424, 0
1425, 15
1426, 60
1427, 39
1428, 0
1429, 11
1430, 12
1431, 0
1432, 20
1433, 9
1434, 51
1435, 1
1436, 0
1437, 38
1438, 18
1439, 15
1440, 15
1441, 67
1442, 39
1443, 0
1444, 11
1445, 12
1446, 0
1447, 38
1448, 60
1449, 8
1450, 14
1451, 17
1452, 0
1453, 20
1454, 9
1455, 51
1456, 1
1457, 0
1458, 38
1459, 18
1460, 15
1461, 18
1462, 38
1463, 36
1464, 30
1465, 0
1466, 29
1467, 22
1468, 15
1469, 57
1470, 39
1471, 0
1472, 32
1473, 57
1474, 69
1475, 60
1476, 25
1477, 0
1478, 11
1479, 0
1480, 22
1481, 11
1482, 10
1483, 0
1484, 19
1485, 27
1486, 1
1487, 27
1488, 22
1489, 1
1490, 13
1491, 15
1492, 12
1493, 0
1494, 19
1495, 8
1496, 7
1497, 11
1498, 20
1499, 29
1500, 29
1501, 29
1502, 29
1503, 1
1504, 22
1505, 78
1506, 1
1507, 14
1508, 15
1509, 64
1510, 39
1511, 0
1512, 32
1513, 57
1514, 69
1515, 60
1516, 25
1517, 0
1518, 11
1519, 0
1520, 22
1521, 11
1522, 17
1523, 10
1524, 0
1525, 19
1526, 27
1527, 1
1528, 27
1529, 22
1530, 1
1531, 13
1532, 15
1533, 58
1534, 39
1535, 27
1536, 0
1537, 11
1538, 0
1539, 38
1540, 15
1541, 34
1542, 15
1543, 11
1544, 13
1545, 60
1546, 1
1547, 72
1548, 15
1549, 61
1550, 39
1551, 54
1552, 0
1553, 11
1554, 0
1555, 26
1556, 26
1557, 26
1558, 0
1559, 17
1560, 0
1561, 14
1562, 66
1563, 0
1564, 20
1565, 14
1566, 36
1567, 18
1568, 0
1569, 17
1570, 0
1571, 22
1572, 12
1573, 11
1574, 13
1575, 17
1576, 8
1577, 16
1578, 18
1579, 17
1580, 14
1581, 7
1582, 1
1583, 1
1584, 8
1585, 13
1586, 19
1587, 46
1588, 21
1589, 18
1590, 16
1591, 8
1592, 13
1593, 1
1594, 1
1595, 15
1596, 1
1597, 1
1598, 0
1599, 0
1600, 17
1601, 19
1602, 0
1603, 37
1604, 13
1605, 29
1606, 27
1607, 1
1608, 0
1609, 19
1610, 0
1611, 28
1612, 0
1613, 15
1614, 58
1615, 39
1616, 0
1617, 22
1618, 40
1619, 37
1620, 0
1621, 29
1622, 67
1623, 35
1624, 25
1625, 34
1626, 0
1627, 11
1628, 12
1629, 0
1630, 30
1631, 0
1632, 29
1633, 9
1634, 80
1635, 0
1636, 37
1637, 0
1638, 25
1639, 8
1640, 30
1641, 23
1642, 88
1643, 11
1644, 1
1645, 0
1646, 69
1647, 34
1648, 26
1649, 1
1650, 0
1651, 27
1652, 18
1653, 12
1654, 31
1655, 12
1656, 31
1657, 39
1658, 11
1659, 25
1660, 19
1661, 1
1662, 74
1663, 1
1664, 27
1665, 26
1666, 40
1667, 1
1668, 1
1669, 0
1670, 23
1671, 31
1672, 10
1673, 57
1674, 15
1675, 1
1676, 0
1677, 14
1678, 40
1679, 9
1680, 15
1681, 29
1682, 1
1683, 13
1684, 1
1685, 40
1686, 37
1687, 29
1688, 67
1689, 35
1690, 25
1691, 0
1692, 15
1693, 9
1694, 80
1695, 0
1696, 37
1697, 25
1698, 8
1699, 30
1700, 23
1701, 88
1702, 11
1703, 1
1704, 0
1705, 69
1706, 34
1707, 26
1708, 1
1709, 0
1710, 27
1711, 18
1712, 61
1713, 1
1714, 0
1715, 15
1716, 58
1717, 11
1718, 0
1719, 17
1720, 0
1721, 20
1722, 25
1723, 0
1724, 15
1725, 17
1726, 24
1727, 1
1728, 18
1729, 0
1730, 16
1731, 48
1732, 21
1733, 48
1734, 15
1735, 13
1736, 55
1737, 48
1738, 36
1739, 23
1740, 56
1741, 46
1742, 34
1743, 23
1744, 22
1745, 20
1746, 35
1747, 30
1748, 34
1749, 24
1750, 24
1751, 35
1752, 30
1753, 26
1754, 27
1755, 17
1756, 5
1757, 1
1758, 1
1759, 30
1760, 31
1761, 14
1762, 1
1763, 39
1764, 36
1765, 30
1766, 31
1767, 32
1768, 29
1769, 38
1770, 0
1771, 28
1772, 34
1773, 66
1774, 0
1775, 12
1776, 22
1777, 76
1778, 0
1779, 38
1780, 13
1781, 44
1782, 13
1783, 30
1784, 30
1785, 1
1786, 28
1787, 22
1788, 16
1789, 15
1790, 40
1791, 18
1792, 1
1793, 0
1794, 51
1795, 15
1796, 17
1797, 47
1798, 14
1799, 1
1800, 0
1801, 70
1802, 31
1803, 30
1804, 54
1805, 23
1806, 0
1807, 71
1808, 7
1809, 20
1810, 10
1811, 12
1812, 30
1813, 34
1814, 44
1815, 20
1816, 21
1817, 54
1818, 9
1819, 1
1820, 68
1821, 26
1822, 20
1823, 1
1824, 0
1825, 32
1826, 36
1827, 30
1828, 31
1829, 0
1830, 18
1831, 28
1832, 0
1833, 16
1834, 34
1835, 0
1836, 9
1837, 27
1838, 27
1839, 0
1840, 28
1841, 10
1842, 1
1843, 28
1844, 22
1845, 16
1846, 15
1847, 40
1848, 18
1849, 1
1850, 0
1851, 22
1852, 20
1853, 21
1854, 53
1855, 1
1856, 0
1857, 15
1858, 59
1859, 39
1860, 0
1861, 42
1862, 63
1863, 65
1864, 0
1865, 62
1866, 61
1867, 40
1868, 0
1869, 11
1870, 12
1871, 0
1872, 14
1873, 0
1874, 14
1875, 22
1876, 17
1877, 14
1878, 12
1879, 22
1880, 13
1881, 41
1882, 17
1883, 1
1884, 13
1885, 1
1886, 0
1887, 11
1888, 33
1889, 12
1890, 17
1891, 24
1892, 13
1893, 20
1894, 24
1895, 12
1896, 24
1897, 37
1898, 1
1899, 17
1900, 1
1901, 17
1902, 1
1903, 13
1904, 1
1905, 0
1906, 22
1907, 0
1908, 32
1909, 32
1910, 7
1911, 14
1912, 36
1913, 1
1914, 66
1915, 0
1916, 39
1917, 36
1918, 30
1919, 0
1920, 12
1921, 18
1922, 0
1923, 12
1924, 14
1925, 0
1926, 15
1927, 37
1928, 0
1929, 21
1930, 8
1931, 16
1932, 37
1933, 1
1934, 11
1935, 1
1936, 0
1937, 13
1938, 18
1939, 28
1940, 1
1941, 0
1942, 15
1943, 39
1944, 36
1945, 1
1946, 41
1947, 22
1948, 0
1949, 0
1950, 11
1951, 13
1952, 11
1953, 12
1954, 23
1955, 0
1956, 22
1957, 15
1958, 27
1959, 23
1960, 18
1961, 38
1962, 0
1963, 78
1964, 78
1965, 0
1966, 19
1967, 42
1968, 48
1969, 35
1970, 0
1971, 57
1972, 41
1973, 45
1974, 19
1975, 22
1976, 0
1977, 32
1978, 29
1979, 0
1980, 43
1981, 27
1982, 28
1983, 11
1984, 0
1985, 0
1986, 12
1987, 32
1988, 1
1989, 0
1990, 10
1991, 32
1992, 1
1993, 0
1994, 13
1995, 23
1996, 0
1997, 16
1998, 30
1999, 26
2000, 0
2001, 27
2002, 42
2003, 23
2004, 1
2005, 1
2006, 0
2007, 31
2008, 0
2009, 12
2010, 1
2011, 0
2012, 13
2013, 15
2014, 0
2015, 14
2016, 21
2017, 25
2018, 1
2019, 0
2020, 11
2021, 38
2022, 1
2023, 0
2024, 20
2025, 24
2026, 0
2027, 7
2028, 40
2029, 41
2030, 20
2031, 1
2032, 1
2033, 0
2034, 20
2035, 46
2036, 28
2037, 11
2038, 20
2039, 28
2040, 21
2041, 1
2042, 1
2043, 0
2044, 26
2045, 44
2046, 1
2047, 1
2048, 1
2049, 1
2050, 0
2051, 11
2052, 1
2053, 0
2054, 14
2055, 19
2056, 0
2057, 16
2058, 20
2059, 11
2060, 26
2061, 28
2062, 21
2063, 1
2064, 1
2065, 0
2066, 18
2067, 1
2068, 0
2069, 15
2070, 1
2071, 0
2072, 16
2073, 0
2074, 7
2075, 25
2076, 25
2077, 31
2078, 1
2079, 1
2080, 0
2081, 7
2082, 33
2083, 18
2084, 1
2085, 0
2086, 30
2087, 20
2088, 19
2089, 19
2090, 25
2091, 18
2092, 20
2093, 20
2094, 20
2095, 21
2096, 0
2097, 7
2098, 49
2099, 36
2100, 1
2101, 0
2102, 26
2103, 1
2104, 0
2105, 17
2106, 14
2107, 0
2108, 11
2109, 25
2110, 25
2111, 41
2112, 1
2113, 0
2114, 11
2115, 0
2116, 18
2117, 10
2118, 1
2119, 1
2120, 1
2121, 0
2122, 11
2123, 38
2124, 0
2125, 30
2126, 0
2127, 29
2128, 33
2129, 28
2130, 0
2131, 21
2132, 27
2133, 49
2134, 0
2135, 49
2136, 22
2137, 22
2138, 1
2139, 0
2140, 33
2141, 0
2142, 37
2143, 11
2144, 55
2145, 0
2146, 32
2147, 71
2148, 36
2149, 51
2150, 31
2151, 30
2152, 5
2153, 1
2154, 1
2155, 0
2156, 43
2157, 1
2158, 8
2159, 30
2160, 20
2161, 20
2162, 21
2163, 0
2164, 35
2165, 7
2166, 1
2167, 1
2168, 1
2169, 1
2170, 0
2171, 35
2172, 7
2173, 1
2174, 1
2175, 0
2176, 7
2177, 1
2178, 15
2179, 61
2180, 39
2181, 26
2182, 0
2183, 15
2184, 0
2185, 9
2186, 30
2187, 42
2188, 1
2189, 0
2190, 11
2191, 16
2192, 1
2193, 0
2194, 14
2195, 17
2196, 19
2197, 14
2198, 1
2199, 0
2200, 0
2201, 18
2202, 22
2203, 0
2204, 9
2205, 44
2206, 44
2207, 33
2208, 21
2209, 14
2210, 1
2211, 0
2212, 14
2213, 17
2214, 46
2215, 19
2216, 21
2217, 1
2218, 14
2219, 1
2220, 0
2221, 0
2222, 13
2223, 0
2224, 10
2225, 19
2226, 23
2227, 0
2228, 12
2229, 31
2230, 15
2231, 32
2232, 1
2233, 38
2234, 0
2235, 9
2236, 38
2237, 15
2238, 33
2239, 1
2240, 38
2241, 1
2242, 0
2243, 7
2244, 15
2245, 60
2246, 39
2247, 0
2248, 11
2249, 0
2250, 19
2251, 12
2252, 30
2253, 22
2254, 19
2255, 26
2256, 27
2257, 17
2258, 13
2259, 17
2260, 17
2261, 27
2262, 38
2263, 27
2264, 23
2265, 27
2266, 1
2267, 25
2268, 22
2269, 38
2270, 0
2271, 16
2272, 48
2273, 57
2274, 1
2275, 0
2276, 33
2277, 20
2278, 70
2279, 0
2280, 39
2281, 44
2282, 42
2283, 55
2284, 56
2285, 46
2286, 42
2287, 46
2288, 32
2289, 36
2290, 1
2291, 32
2292, 36
2293, 37
2294, 29
2295, 0
2296, 48
2297, 44
2298, 37
2299, 0
2300, 33
2301, 83
2302, 51
2303, 0
2304, 14
2305, 1
2306, 14
2307, 51
2308, 0
2309, 38
2310, 16
2311, 38
2312, 41
2313, 24
2314, 24
2315, 24
2316, 52
2317, 49
2318, 23
2319, 24
2320, 23
2321, 22
2322, 23
2323, 22
2324, 23
2325, 22
2326, 1
2327, 0
2328, 41
2329, 56
2330, 26
2331, 26
2332, 26
2333, 1
2334, 1
2335, 0
2336, 10
2337, 1
2338, 38
2339, 0
2340, 9
2341, 19
2342, 23
2343, 66
2344, 21
2345, 24
2346, 24
2347, 24
2348, 52
2349, 42
2350, 1
2351, 1
2352, 10
2353, 1
2354, 0
2355, 19
2356, 1
2357, 37
2358, 0
2359, 16
2360, 28
2361, 28
2362, 28
2363, 1
2364, 29
2365, 29
2366, 29
2367, 1
2368, 0
2369, 49
2370, 110
2371, 113
2372, 113
2373, 31
2374, 105
2375, 31
2376, 104
2377, 31
2378, 107
2379, 29
2380, 104
2381, 0
2382, 16
2383, 0
2384, 18
2385, 28
2386, 0
2387, 17
2388, 0
2389, 53
2390, 12
2391, 14
2392, 1
2393, 0
2394, 28
2395, 0
2396, 15
2397, 63
2398, 39
2399, 0
2400, 11
2401, 0
2402, 38
2403, 10
2404, 11
2405, 14
2406, 11
2407, 14
2408, 11
2409, 14
2410, 11
2411, 14
2412, 11
2413, 14
2414, 11
2415, 14
2416, 5
2417, 1
2418, 1
2419, 1
2420, 1
2421, 1
2422, 1
2423, 13
2424, 39
2425, 36
2426, 1
2427, 39
2428, 41
2429, 0
2430, 12
2431, 11
2432, 0
2433, 12
2434, 13
2435, 17
2436, 0
2437, 14
2438, 25
2439, 13
2440, 41
2441, 11
2442, 1
2443, 9
2444, 1
2445, 1
2446, 14
2447, 1
2448, 0
2449, 0
2450, 17
2451, 12
2452, 0
2453, 24
2454, 23
2455, 45
2456, 1
2457, 0
2458, 0
2459, 38
2460, 16
2461, 30
2462, 30
2463, 0
2464, 0
2465, 39
2466, 36
2467, 1
2468, 39
2469, 41
2470, 39
2471, 0
2472, 12
2473, 11
2474, 0
2475, 0
2476, 12
2477, 13
2478, 20
2479, 14
2480, 0
2481, 12
2482, 0
2483, 28
2484, 31
2485, 38
2486, 24
2487, 1
2488, 9
2489, 1
2490, 1
2491, 14
2492, 1
2493, 0
2494, 0
2495, 17
2496, 12
2497, 0
2498, 24
2499, 23
2500, 45
2501, 1
2502, 0
2503, 38
2504, 0
2505, 16
2506, 30
2507, 30
2508, 15
2509, 0
2510, 38
2511, 36
2512, 23
2513, 41
2514, 0
2515, 11
2516, 0
2517, 12
2518, 15
2519, 21
2520, 12
2521, 22
2522, 27
2523, 9
2524, 41
2525, 17
2526, 1
2527, 1
2528, 1
2529, 7
2530, 1
2531, 0
2532, 10
2533, 14
2534, 25
2535, 48
2536, 1
2537, 0
2538, 13
2539, 20
2540, 19
2541, 1
2542, 1
2543, 0
2544, 0
2545, 15
2546, 60
2547, 39
2548, 0
2549, 11
2550, 0
2551, 0
2552, 15
2553, 0
2554, 9
2555, 30
2556, 42
2557, 1
2558, 0
2559, 11
2560, 17
2561, 22
2562, 1
2563, 0
2564, 14
2565, 17
2566, 19
2567, 14
2568, 1
2569, 0
2570, 0
2571, 18
2572, 29
2573, 0
2574, 9
2575, 44
2576, 44
2577, 33
2578, 21
2579, 14
2580, 1
2581, 0
2582, 14
2583, 17
2584, 46
2585, 19
2586, 21
2587, 1
2588, 14
2589, 1
2590, 0
2591, 0
2592, 13
2593, 0
2594, 10
2595, 40
2596, 0
2597, 28
2598, 12
2599, 58
2600, 1
2601, 15
2602, 25
2603, 1
2604, 0
2605, 11
2606, 0
2607, 35
2608, 12
2609, 59
2610, 1
2611, 15
2612, 32
2613, 1
2614, 1
2615, 0
2616, 7
2617, 0
2618, 32
2619, 36
2620, 34
2621, 0
2622, 27
2623, 0
2624, 73
2625, 13
2626, 25
2627, 0
2628, 13
2629, 30
2630, 16
2631, 28
2632, 68
2633, 43
2634, 14
2635, 15
2636, 27
2637, 26
2638, 1
2639, 0
2640, 44
2641, 44
2642, 44
2643, 44
2644, 44
2645, 44
2646, 44
2647, 44
2648, 43
2649, 32
2650, 38
2651, 1
2652, 34
2653, 35
2654, 36
2655, 0
2656, 11
2657, 0
2658, 30
2659, 0
2660, 32
2661, 54
2662, 0
2663, 30
2664, 30
2665, 30
2666, 0
2667, 64
2668, 0
2669, 13
2670, 22
2671, 39
2672, 8
2673, 39
2674, 1
2675, 19
2676, 19
2677, 6
2678, 1
2679, 0
2680, 17
2681, 24
2682, 27
2683, 0
2684, 11
2685, 16
2686, 7
2687, 68
2688, 3
2689, 12
2690, 33
2691, 1
2692, 26
2693, 9
2694, 0
2695, 48
2696, 1
2697, 0
2698, 36
2699, 0
2700, 21
2701, 39
2702, 38
2703, 1
2704, 34
2705, 32
2706, 33
2707, 44
2708, 0
2709, 11
2710, 14
2711, 0
2712, 49
2713, 0
2714, 49
2715, 0
2716, 13
2717, 22
2718, 26
2719, 8
2720, 26
2721, 1
2722, 16
2723, 16
2724, 7
2725, 1
2726, 0
2727, 17
2728, 24
2729, 27
2730, 0
2731, 11
2732, 16
2733, 7
2734, 56
2735, 3
2736, 12
2737, 33
2738, 1
2739, 26
2740, 9
2741, 0
2742, 48
2743, 1
2744, 0
2745, 36
2746, 0
2747, 21
2748, 15
2749, 0
2750, 64
2751, 36
2752, 28
2753, 0
2754, 62
2755, 12
2756, 12
2757, 0
2758, 61
2759, 38
2760, 16
2761, 16
2762, 23
2763, 7
2764, 14
2765, 1
2766, 0
2767, 38
2768, 17
2769, 11
2770, 1
2771, 0
2772, 0
2773, 12
2774, 32
2775, 39
2776, 57
2777, 40
2778, 0
2779, 14
2780, 14
2781, 41
2782, 0
2783, 30
2784, 46
2785, 1
2786, 0
2787, 18
2788, 24
2789, 0
2790, 18
2791, 15
2792, 1
2793, 0
2794, 0
2795, 19
2796, 23
2797, 16
2798, 15
2799, 64
2800, 39
2801, 0
2802, 11
2803, 37
2804, 0
2805, 14
2806, 13
2807, 17
2808, 17
2809, 0
2810, 14
2811, 14
2812, 11
2813, 13
2814, 38
2815, 14
2816, 11
2817, 12
2818, 19
2819, 20
2820, 1
2821, 1
2822, 0
2823, 14
2824, 14
2825, 29
2826, 13
2827, 38
2828, 11
2829, 11
2830, 12
2831, 20
2832, 1
2833, 1
2834, 0
2835, 10
2836, 38
2837, 36
2838, 36
2839, 9
2840, 9
2841, 30
2842, 1
2843, 0
2844, 8
2845, 32
2846, 36
2847, 32
2848, 0
2849, 53
2850, 12
2851, 0
2852, 16
2853, 18
2854, 12
2855, 41
2856, 11
2857, 25
2858, 1
2859, 0
2860, 50
2861, 0
2862, 32
2863, 36
2864, 48
2865, 0
2866, 56
2867, 0
2868, 11
2869, 0
2870, 7
2871, 1
2872, 17
2873, 0
2874, 33
2875, 33
2876, 0
2877, 25
2878, 27
2879, 12
2880, 1
2881, 0
2882, 7
2883, 1
2884, 13
2885, 0
2886, 19
2887, 0
2888, 21
2889, 21
2890, 17
2891, 1
2892, 0
2893, 7
2894, 1
2895, 21
2896, 0
2897, 14
2898, 31
2899, 31
2900, 31
2901, 29
2902, 12
2903, 8
2904, 10
2905, 1
2906, 1
2907, 0
2908, 28
2909, 26
2910, 26
2911, 27
2912, 26
2913, 29
2914, 44
2915, 23
2916, 10
2917, 37
2918, 30
2919, 39
2920, 36
2921, 28
2922, 26
2923, 45
2924, 52
2925, 49
2926, 0
2927, 11
2928, 13
2929, 0
2930, 23
2931, 43
2932, 57
2933, 0
2934, 23
2935, 21
2936, 31
2937, 0
2938, 32
2939, 28
2940, 28
2941, 28
2942, 28
2943, 28
2944, 28
2945, 28
2946, 30
2947, 0
2948, 10
2949, 18
2950, 17
2951, 28
2952, 45
2953, 15
2954, 12
2955, 34
2956, 18
2957, 7
2958, 1
2959, 17
2960, 1
2961, 0
2962, 23
2963, 14
2964, 12
2965, 1
2966, 0
2967, 52
2968, 48
2969, 48
2970, 50
2971, 0
2972, 75
2973, 78
2974, 44
2975, 45
2976, 0
2977, 34
2978, 0
2979, 59
2980, 39
2981, 36
2982, 28
2983, 26
2984, 45
2985, 52
2986, 0
2987, 11
2988, 13
2989, 0
2990, 23
2991, 43
2992, 57
2993, 0
2994, 61
2995, 26
2996, 31
2997, 0
2998, 32
2999, 28
3000, 28
3001, 28
3002, 28
3003, 28
3004, 28
3005, 28
3006, 30
3007, 0
3008, 21
3009, 22
3010, 40
3011, 28
3012, 1
3013, 0
3014, 52
3015, 48
3016, 48
3017, 50
3018, 0
3019, 50
3020, 46
3021, 52
3022, 43
3023, 0
3024, 45
3025, 0
3026, 34
3027, 0
3028, 59
3029, 39
3030, 36
3031, 28
3032, 25
3033, 29
3034, 26
3035, 0
3036, 11
3037, 13
3038, 0
3039, 40
3040, 31
3041, 24
3042, 20
3043, 31
3044, 0
3045, 32
3046, 28
3047, 28
3048, 28
3049, 28
3050, 28
3051, 28
3052, 28
3053, 30
3054, 0
3055, 21
3056, 16
3057, 48
3058, 56
3059, 36
3060, 1
3061, 0
3062, 52
3063, 48
3064, 48
3065, 50
3066, 0
3067, 45
3068, 0
3069, 34
3070, 65
3071, 0
3072, 39
3073, 36
3074, 28
3075, 70
3076, 52
3077, 49
3078, 87
3079, 0
3080, 11
3081, 13
3082, 0
3083, 23
3084, 43
3085, 57
3086, 0
3087, 23
3088, 21
3089, 31
3090, 0
3091, 37
3092, 33
3093, 33
3094, 33
3095, 33
3096, 33
3097, 33
3098, 33
3099, 35
3100, 0
3101, 10
3102, 18
3103, 49
3104, 28
3105, 45
3106, 15
3107, 12
3108, 36
3109, 36
3110, 31
3111, 7
3112, 1
3113, 17
3114, 1
3115, 0
3116, 23
3117, 14
3118, 12
3119, 1
3120, 0
3121, 52
3122, 48
3123, 48
3124, 50
3125, 0
3126, 75
3127, 78
3128, 44
3129, 45
3130, 0
3131, 34
3132, 0
3133, 59
3134, 15
3135, 63
3136, 39
3137, 0
3138, 11
3139, 0
3140, 12
3141, 50
3142, 48
3143, 43
3144, 47
3145, 40
3146, 40
3147, 42
3148, 37
3149, 39
3150, 3
3151, 0
3152, 19
3153, 23
3154, 0
3155, 21
3156, 14
3157, 8
3158, 16
3159, 19
3160, 13
3161, 20
3162, 16
3163, 9
3164, 23
3165, 1
3166, 1
3167, 1
3168, 1
3169, 39
3170, 36
3171, 1
3172, 32
3173, 54
3174, 67
3175, 0
3176, 11
3177, 18
3178, 0
3179, 15
3180, 29
3181, 13
3182, 0
3183, 43
3184, 20
3185, 0
3186, 1
3187, 16
3188, 17
3189, 0
3190, 16
3191, 21
3192, 41
3193, 32
3194, 0
3195, 30
3196, 16
3197, 0
3198, 35
3199, 24
3200, 1
3201, 1
3202, 15
3203, 0
3204, 38
3205, 36
3206, 1
3207, 32
3208, 54
3209, 0
3210, 0
3211, 11
3212, 0
3213, 19
3214, 20
3215, 20
3216, 18
3217, 17
3218, 40
3219, 33
3220, 31
3221, 49
3222, 1
3223, 0
3224, 15
3225, 17
3226, 6
3227, 11
3228, 27
3229, 11
3230, 10
3231, 8
3232, 11
3233, 1
3234, 1
3235, 27
3236, 39
3237, 36
3238, 1
3239, 31
3240, 0
3241, 11
3242, 0
3243, 19
3244, 47
3245, 35
3246, 1
3247, 1
3248, 0
3249, 9
3250, 0
3251, 17
3252, 11
3253, 20
3254, 6
3255, 8
3256, 6
3257, 34
3258, 33
3259, 12
3260, 1
3261, 1
3262, 20
3263, 15
3264, 64
3265, 36
3266, 25
3267, 0
3268, 10
3269, 36
3270, 53
3271, 15
3272, 58
3273, 39
3274, 28
3275, 0
3276, 11
3277, 12
3278, 0
3279, 40
3280, 10
3281, 15
3282, 16
3283, 11
3284, 24
3285, 24
3286, 31
3287, 34
3288, 11
3289, 41
3290, 9
3291, 1
3292, 1
3293, 24
3294, 39
3295, 36
3296, 1
3297, 29
3298, 26
3299, 0
3300, 13
3301, 11
3302, 0
3303, 7
3304, 75
3305, 1
3306, 0
3307, 8
3308, 15
3309, 15
3310, 27
3311, 23
3312, 23
3313, 33
3314, 1
3315, 1
3316, 11
3317, 1
3318, 0
3319, 9
3320, 15
3321, 15
3322, 27
3323, 23
3324, 23
3325, 33
3326, 1
3327, 1
3328, 11
3329, 1
3330, 0
3331, 10
3332, 26
3333, 1
3334, 0
3335, 31
3336, 0
3337, 6
3338, 23
3339, 20
3340, 16
3341, 16
3342, 1
3343, 0
3344, 24
3345, 23
3346, 28
3347, 21
3348, 1
3349, 40
3350, 0
3351, 39
3352, 36
3353, 1
3354, 31
3355, 0
3356, 11
3357, 0
3358, 12
3359, 12
3360, 67
3361, 11
3362, 9
3363, 1
3364, 0
3365, 16
3366, 12
3367, 21
3368, 45
3369, 5
3370, 11
3371, 1
3372, 0
3373, 17
3374, 12
3375, 21
3376, 45
3377, 5
3378, 11
3379, 1
3380, 0
3381, 18
3382, 39
3383, 1
3384, 0
3385, 28
3386, 17
3387, 6
3388, 14
3389, 24
3390, 24
3391, 1
3392, 0
3393, 15
3394, 22
3395, 24
3396, 19
3397, 1
3398, 0
3399, 40
3400, 0
3401, 39
3402, 36
3403, 1
3404, 31
3405, 0
3406, 11
3407, 15
3408, 0
3409, 58
3410, 0
3411, 12
3412, 12
3413, 67
3414, 11
3415, 9
3416, 1
3417, 0
3418, 16
3419, 12
3420, 21
3421, 45
3422, 5
3423, 17
3424, 1
3425, 0
3426, 17
3427, 12
3428, 21
3429, 45
3430, 5
3431, 17
3432, 1
3433, 0
3434, 17
3435, 17
3436, 0
3437, 8
3438, 25
3439, 34
3440, 37
3441, 32
3442, 16
3443, 31
3444, 7
3445, 8
3446, 31
3447, 21
3448, 1
3449, 1
3450, 0
3451, 34
3452, 0
3453, 24
3454, 32
3455, 25
3456, 44
3457, 43
3458, 1
3459, 33
3460, 1
3461, 1
3462, 0
3463, 12
3464, 1
3465, 0
3466, 18
3467, 42
3468, 42
3469, 1
3470, 0
3471, 14
3472, 40
3473, 9
3474, 15
3475, 29
3476, 1
3477, 13
3478, 1
3479, 0
3480, 10
3481, 36
3482, 0
3483, 28
3484, 27
3485, 0
3486, 20
3487, 14
3488, 1
3489, 0
3490, 31
3491, 12
3492, 36
3493, 46
3494, 11
3495, 1
3496, 1
3497, 0
3498, 7
3499, 0
3500, 17
3501, 6
3502, 14
3503, 24
3504, 24
3505, 1
3506, 0
3507, 15
3508, 22
3509, 24
3510, 19
3511, 1
3512, 0
3513, 40
3514, 0
3515, 15
3516, 63
3517, 39
3518, 1
3519, 38
3520, 0
3521, 11
3522, 0
3523, 17
3524, 32
3525, 45
3526, 0
3527, 9
3528, 16
3529, 6
3530, 18
3531, 1
3532, 12
3533, 0
3534, 10
3535, 17
3536, 6
3537, 30
3538, 1
3539, 15
3540, 59
3541, 39
3542, 0
3543, 11
3544, 0
3545, 19
3546, 23
3547, 0
3548, 13
3549, 36
3550, 24
3551, 0
3552, 15
3553, 59
3554, 39
3555, 0
3556, 12
3557, 6
3558, 25
3559, 15
3560, 18
3561, 35
3562, 1
3563, 61
3564, 67
3565, 19
3566, 1
3567, 18
3568, 0
3569, 0
3570, 9
3571, 25
3572, 0
3573, 7
3574, 1
3575, 12
3576, 0
3577, 21
3578, 36
3579, 39
3580, 29
3581, 30
3582, 1
3583, 15
3584, 32
3585, 36
3586, 18
3587, 41
3588, 0
3589, 17
3590, 15
3591, 0
3592, 39
3593, 0
3594, 14
3595, 1
3596, 25
3597, 7
3598, 38
3599, 31
3600, 30
3601, 1
3602, 1
3603, 15
3604, 0
3605, 38
3606, 37
3607, 1
3608, 46
3609, 0
3610, 11
3611, 13
3612, 11
3613, 0
3614, 35
3615, 25
3616, 31
3617, 33
3618, 0
3619, 10
3620, 37
3621, 8
3622, 0
3623, 23
3624, 38
3625, 0
3626, 9
3627, 36
3628, 14
3629, 16
3630, 0
3631, 69
3632, 68
3633, 0
3634, 14
3635, 17
3636, 44
3637, 72
3638, 20
3639, 11
3640, 1
3641, 0
3642, 19
3643, 43
3644, 8
3645, 1
3646, 0
3647, 7
3648, 32
3649, 9
3650, 0
3651, 69
3652, 66
3653, 0
3654, 18
3655, 0
3656, 31
3657, 0
3658, 44
3659, 41
3660, 1
3661, 0
3662, 18
3663, 19
3664, 15
3665, 0
3666, 38
3667, 37
3668, 1
3669, 46
3670, 0
3671, 11
3672, 13
3673, 11
3674, 0
3675, 35
3676, 24
3677, 33
3678, 33
3679, 0
3680, 10
3681, 37
3682, 8
3683, 0
3684, 23
3685, 38
3686, 0
3687, 9
3688, 36
3689, 14
3690, 16
3691, 0
3692, 69
3693, 68
3694, 0
3695, 14
3696, 17
3697, 44
3698, 72
3699, 20
3700, 11
3701, 1
3702, 0
3703, 19
3704, 43
3705, 8
3706, 1
3707, 0
3708, 7
3709, 32
3710, 9
3711, 0
3712, 69
3713, 66
3714, 0
3715, 18
3716, 0
3717, 31
3718, 0
3719, 44
3720, 41
3721, 1
3722, 0
3723, 18
3724, 19
3725, 15
3726, 0
3727, 38
3728, 37
3729, 1
3730, 46
3731, 0
3732, 11
3733, 13
3734, 11
3735, 0
3736, 35
3737, 22
3738, 35
3739, 33
3740, 0
3741, 10
3742, 37
3743, 8
3744, 0
3745, 23
3746, 38
3747, 0
3748, 9
3749, 36
3750, 14
3751, 16
3752, 0
3753, 69
3754, 68
3755, 0
3756, 14
3757, 17
3758, 44
3759, 72
3760, 20
3761, 11
3762, 1
3763, 0
3764, 19
3765, 43
3766, 8
3767, 1
3768, 0
3769, 7
3770, 32
3771, 9
3772, 0
3773, 69
3774, 66
3775, 0
3776, 18
3777, 0
3778, 31
3779, 0
3780, 44
3781, 41
3782, 1
3783, 0
3784, 18
3785, 19
3786, 40
3787, 37
3788, 0
3789, 34
3790, 0
3791, 0
3792, 11
3793, 13
3794, 12
3795, 20
3796, 22
3797, 0
3798, 23
3799, 17
3800, 19
3801, 18
3802, 0
3803, 18
3804, 0
3805, 14
3806, 28
3807, 27
3808, 18
3809, 31
3810, 16
3811, 1
3812, 6
3813, 28
3814, 1
3815, 11
3816, 26
3817, 12
3818, 16
3819, 26
3820, 1
3821, 6
3822, 20
3823, 16
3824, 1
3825, 1
3826, 1
3827, 0
3828, 17
3829, 0
3830, 37
3831, 1
3832, 24
3833, 38
3834, 28
3835, 1
3836, 1
3837, 16
3838, 18
3839, 18
3840, 8
3841, 39
3842, 38
3843, 31
3844, 0
3845, 74
3846, 75
3847, 72
3848, 73
3849, 16
3850, 1
3851, 75
3852, 74
3853, 76
3854, 40
3855, 1
3856, 78
3857, 75
3858, 49
3859, 1
3860, 76
3861, 25
3862, 0
3863, 10
3864, 13
3865, 11
3866, 12
3867, 31
3868, 0
3869, 28
3870, 75
3871, 59
3872, 45
3873, 0
3874, 19
3875, 26
3876, 43
3877, 23
3878, 0
3879, 21
3880, 0
3881, 14
3882, 39
3883, 27
3884, 19
3885, 0
3886, 16
3887, 26
3888, 15
3889, 44
3890, 16
3891, 23
3892, 15
3893, 38
3894, 66
3895, 42
3896, 11
3897, 36
3898, 5
3899, 38
3900, 31
3901, 30
3902, 31
3903, 26
3904, 49
3905, 5
3906, 1
3907, 1
3908, 3
3909, 19
3910, 0
3911, 24
3912, 32
3913, 22
3914, 0
3915, 24
3916, 26
3917, 0
3918, 15
3919, 55
3920, 39
3921, 0
3922, 32
3923, 58
3924, 69
3925, 60
3926, 25
3927, 0
3928, 11
3929, 0
3930, 18
3931, 31
3932, 14
3933, 27
3934, 14
3935, 21
3936, 1
3937, 22
3938, 15
3939, 34
3940, 38
3941, 35
3942, 0
3943, 11
3944, 18
3945, 31
3946, 14
3947, 14
3948, 20
3949, 17
3950, 1
3951, 22
3952, 15
3953, 61
3954, 36
3955, 0
3956, 62
3957, 68
3958, 0
3959, 11
3960, 0
3961, 15
3962, 49
3963, 16
3964, 40
3965, 1
3966, 0
3967, 15
3968, 12
3969, 33
3970, 21
3971, 42
3972, 1
3973, 32
