1, 73
2, 73
3, 73
4, 73
5, 73
6, 73
7, 1
8, 59
9, 1
10, 37
11, 1
12, 7
13, 1
14, 36
15, 1
16, 6
17, 42
18, 50
19, 50
20, 40
21, 38
22, 1
23, 39
24, 3
25, 1
26, 31
27, 1
28, 15
29, 11
30, 11
31, 4
32, 1
33, 8
34, 23
35, 22
36, 7
37, 4
38, 1
39, 12
40, 1
41, 34
42, 38
43, 1
44, 39
45, 3
46, 1
47, 16
48, 10
49, 13
50, 21
51, 32
52, 1
53, 32
54, 48
55, 8
56, 1
57, 62
58, 6
59, 17
60, 41
61, 25
62, 48
63, 10
64, 24
65, 10
66, 1
67, 13
68, 36
69, 38
70, 4
71, 8
72, 18
73, 38
74, 30
75, 21
76, 19
77, 19
78, 10
79, 14
80, 7
81, 4
82, 16
83, 1
84, 28
85, 6
86, 18
87, 20
88, 13
89, 4
90, 9
91, 1
92, 29
93, 6
94, 10
95, 15
96, 36
97, 13
98, 4
99, 7
100, 1
101, 73
102, 73
103, 73
104, 73
105, 73
106, 73
107, 1
108, 79
109, 1
110, 54
111, 54
112, 54
113, 54
114, 54
115, 54
116, 44
117, 1
118, 1
119, 37
120, 37
121, 37
122, 29
123, 1
124, 35
125, 35
126, 35
127, 34
128, 1
129, 61
130, 1
131, 56
132, 82
133, 95
134, 1
135, 7
136, 1
137, 36
138, 1
139, 44
140, 32
141, 28
142, 1
143, 36
144, 1
145, 52
146, 43
147, 1
148, 47
149, 1
150, 24
151, 34
152, 40
153, 6
154, 1
155, 36
156, 1
157, 40
158, 41
159, 1
160, 24
161, 34
162, 20
163, 23
164, 6
165, 1
166, 21
167, 1
168, 36
169, 1
170, 57
171, 43
172, 1
173, 49
174, 40
175, 1
176, 19
177, 1
178, 21
179, 45
180, 26
181, 35
182, 7
183, 1
184, 47
185, 24
186, 38
187, 1
188, 9
189, 1
190, 36
191, 1
192, 67
193, 59
194, 1
195, 74
196, 1
197, 19
198, 1
199, 21
200, 28
201, 47
202, 8
203, 33
204, 7
205, 1
206, 35
207, 1
208, 27
209, 45
210, 6
211, 14
212, 1
213, 9
214, 73
215, 73
216, 73
217, 73
218, 73
219, 73
220, 1
221, 60
222, 1
223, 54
224, 54
225, 54
226, 54
227, 54
228, 54
229, 45
230, 1
231, 1
232, 37
233, 37
234, 37
235, 29
236, 1
237, 35
238, 35
239, 35
240, 34
241, 1
242, 61
243, 1
244, 51
245, 77
246, 90
247, 1
248, 7
249, 1
250, 36
251, 1
252, 13
253, 41
254, 32
255, 1
256, 36
257, 1
258, 16
259, 45
260, 1
261, 49
262, 1
263, 25
264, 38
265, 43
266, 6
267, 1
268, 36
269, 1
270, 40
271, 41
272, 1
273, 24
274, 34
275, 41
276, 6
277, 1
278, 21
279, 1
280, 36
281, 1
282, 47
283, 43
284, 1
285, 19
286, 1
287, 54
288, 1
289, 17
290, 1
291, 38
292, 1
293, 36
294, 1
295, 34
296, 22
297, 1
298, 18
299, 1
300, 42
301, 39
302, 42
303, 1
304, 8
305, 1
306, 20
307, 6
308, 1
309, 9
310, 1
311, 36
312, 1
313, 15
314, 60
315, 1
316, 19
317, 1
318, 40
319, 1
320, 18
321, 40
322, 1
323, 25
324, 47
325, 8
326, 1
327, 53
328, 6
329, 1
330, 9
331, 1
332, 40
333, 38
334, 1
335, 39
336, 3
337, 1
338, 31
339, 1
340, 11
341, 5
342, 1
343, 15
344, 8
345, 9
346, 17
347, 39
348, 1
349, 73
350, 73
351, 73
352, 73
353, 73
354, 73
355, 1
356, 58
357, 1
358, 11
359, 1
360, 7
361, 1
362, 36
363, 1
364, 6
365, 32
366, 43
367, 40
368, 38
369, 1
370, 40
371, 1
372, 3
373, 1
374, 18
375, 10
376, 20
377, 19
378, 4
379, 22
380, 1
381, 40
382, 38
383, 1
384, 39
385, 3
386, 1
387, 8
388, 20
389, 1
390, 15
391, 16
392, 20
393, 4
394, 1
395, 15
396, 44
397, 4
398, 1
399, 10
400, 40
401, 38
402, 1
403, 39
404, 3
405, 1
406, 8
407, 1
408, 17
409, 21
410, 18
411, 4
412, 1
413, 12
414, 5
415, 20
416, 24
417, 43
418, 7
419, 4
420, 1
421, 34
422, 52
423, 40
424, 38
425, 1
426, 39
427, 3
428, 1
429, 60
430, 46
431, 1
432, 31
433, 1
434, 15
435, 25
436, 4
437, 1
438, 16
439, 1
440, 24
441, 8
442, 1
443, 43
444, 30
445, 26
446, 1
447, 32
448, 8
449, 7
450, 27
451, 1
452, 11
453, 20
454, 16
455, 18
456, 7
457, 11
458, 19
459, 21
460, 18
461, 24
462, 21
463, 16
464, 10
465, 7
466, 9
467, 13
468, 20
469, 16
470, 43
471, 29
472, 23
473, 15
474, 19
475, 10
476, 22
477, 7
478, 15
479, 4
480, 1
481, 40
482, 38
483, 1
484, 40
485, 1
486, 3
487, 1
488, 18
489, 40
490, 38
491, 1
492, 39
493, 3
494, 1
495, 13
496, 28
497, 36
498, 4
499, 1
500, 14
501, 24
502, 20
503, 45
504, 32
505, 27
506, 4
507, 1
508, 28
509, 28
510, 1
511, 30
512, 31
513, 33
514, 39
515, 45
516, 1
517, 7
518, 1
519, 20
520, 31
521, 62
522, 1
523, 22
524, 29
525, 1
526, 32
527, 11
528, 16
529, 20
530, 29
531, 40
532, 32
533, 39
534, 37
535, 7
536, 4
537, 28
538, 1
539, 21
540, 29
541, 16
542, 24
543, 4
544, 22
545, 1
546, 21
547, 44
548, 4
549, 4
550, 7
551, 1
552, 38
553, 9
554, 51
555, 57
556, 71
557, 53
558, 9
559, 47
560, 30
561, 52
562, 22
563, 37
564, 35
565, 41
566, 39
567, 7
568, 4
569, 51
570, 29
571, 35
572, 33
573, 45
574, 21
575, 7
576, 1
577, 73
578, 73
579, 73
580, 73
581, 73
582, 73
583, 1
584, 17
585, 1
586, 21
587, 61
588, 61
589, 1
590, 69
591, 19
592, 1
593, 39
594, 1
595, 33
596, 58
597, 6
598, 4
599, 1
600, 61
601, 21
602, 82
603, 20
604, 1
605, 33
606, 59
607, 28
608, 6
609, 4
610, 1
611, 53
612, 1
613, 50
614, 79
615, 75
616, 1
617, 79
618, 75
619, 1
620, 57
621, 1
622, 18
623, 52
624, 52
625, 40
626, 1
627, 23
628, 1
629, 36
630, 1
631, 58
632, 20
633, 1
634, 28
635, 37
636, 1
637, 7
638, 67
639, 65
640, 52
641, 7
642, 1
643, 62
644, 56
645, 9
646, 59
647, 6
648, 1
649, 9
650, 1
651, 36
652, 1
653, 55
654, 32
655, 1
656, 28
657, 37
658, 33
659, 6
660, 1
661, 15
662, 1
663, 18
664, 1
665, 29
666, 44
667, 1
668, 18
669, 1
670, 59
671, 20
672, 1
673, 41
674, 10
675, 50
676, 6
677, 1
678, 56
679, 1
680, 47
681, 1
682, 17
683, 1
684, 28
685, 37
686, 1
687, 45
688, 57
689, 1
690, 20
691, 36
692, 9
693, 36
694, 1
695, 48
696, 59
697, 6
698, 1
699, 49
700, 38
701, 6
702, 1
703, 24
704, 1
705, 18
706, 1
707, 40
708, 36
709, 1
710, 28
711, 45
712, 37
713, 6
714, 1
715, 23
716, 1
717, 36
718, 1
719, 48
720, 35
721, 1
722, 28
723, 45
724, 24
725, 6
726, 1
727, 9
728, 1
729, 36
730, 1
731, 24
732, 38
733, 1
734, 63
735, 1
736, 20
737, 29
738, 72
739, 8
740, 6
741, 1
742, 16
743, 1
744, 36
745, 1
746, 20
747, 42
748, 25
749, 1
750, 18
751, 1
752, 23
753, 54
754, 42
755, 1
756, 8
757, 1
758, 18
759, 37
760, 29
761, 66
762, 6
763, 1
764, 33
765, 9
766, 38
767, 57
768, 14
769, 60
770, 47
771, 6
772, 1
773, 50
774, 1
775, 73
776, 67
777, 73
778, 73
779, 73
780, 73
781, 73
782, 73
783, 73
784, 73
785, 73
786, 73
787, 73
788, 73
789, 73
790, 1
791, 64
792, 1
793, 19
794, 1
795, 7
796, 1
797, 36
798, 1
799, 17
800, 35
801, 1
802, 18
803, 70
804, 71
805, 1
806, 43
807, 78
808, 8
809, 1
810, 27
811, 66
812, 8
813, 1
814, 44
815, 56
816, 8
817, 1
818, 80
819, 1
820, 70
821, 1
822, 21
823, 90
824, 8
825, 6
826, 1
827, 11
828, 1
829, 9
830, 3
831, 73
832, 73
833, 73
834, 73
835, 73
836, 73
837, 1
838, 76
839, 57
840, 1
841, 50
842, 1
843, 23
844, 1
845, 24
846, 1
847, 24
848, 1
849, 20
850, 59
851, 1
852, 10
853, 34
854, 28
855, 24
856, 80
857, 8
858, 1
859, 62
860, 1
861, 46
862, 1
863, 45
864, 63
865, 8
866, 1
867, 22
868, 35
869, 46
870, 8
871, 1
872, 6
873, 1
874, 4
875, 1
876, 40
877, 38
878, 1
879, 39
880, 3
881, 1
882, 39
883, 10
884, 11
885, 11
886, 32
887, 32
888, 11
889, 1
890, 15
891, 46
892, 4
893, 32
894, 5
895, 1
896, 10
897, 25
898, 32
899, 10
900, 18
901, 21
902, 38
903, 24
904, 9
905, 6
906, 7
907, 1
908, 7
909, 33
910, 42
911, 18
912, 21
913, 14
914, 24
915, 44
916, 38
917, 12
918, 36
919, 9
920, 6
921, 7
922, 73
923, 73
924, 73
925, 73
926, 73
927, 73
928, 73
929, 73
930, 73
931, 73
932, 73
933, 73
934, 1
935, 18
936, 1
937, 36
938, 1
939, 14
940, 1
941, 36
942, 1
943, 8
944, 1
945, 32
946, 47
947, 19
948, 16
949, 4
950, 1
951, 40
952, 1
953, 66
954, 1
955, 15
956, 28
957, 57
958, 39
959, 31
960, 39
961, 4
962, 1
963, 42
964, 30
965, 36
966, 1
967, 24
968, 52
969, 56
970, 4
971, 1
972, 21
973, 33
974, 1
975, 19
976, 18
977, 5
978, 35
979, 1
980, 28
981, 45
982, 43
983, 56
984, 57
985, 47
986, 43
987, 47
988, 1
989, 7
990, 1
991, 36
992, 1
993, 21
994, 54
995, 31
996, 36
997, 1
998, 13
999, 1
1000, 26
1001, 25
1002, 1
1003, 59
1004, 1
1005, 19
1006, 44
1007, 1
1008, 9
1009, 1
1010, 36
1011, 1
1012, 32
1013, 22
1014, 1
1015, 25
1016, 20
1017, 1
1018, 21
1019, 1
1020, 23
1021, 51
1022, 15
1023, 24
1024, 35
1025, 26
1026, 61
1027, 12
1028, 10
1029, 57
1030, 1
1031, 38
1032, 9
1033, 7
1034, 1
1035, 10
1036, 73
1037, 73
1038, 73
1039, 73
1040, 73
1041, 73
1042, 73
1043, 73
1044, 73
1045, 73
1046, 1
1047, 18
1048, 1
1049, 10
1050, 75
1051, 1
1052, 47
1053, 1
1054, 50
1055, 1
1056, 19
1057, 19
1058, 19
1059, 20
1060, 20
1061, 20
1062, 29
1063, 1
1064, 43
1065, 44
1066, 44
1067, 60
1068, 60
1069, 61
1070, 59
1071, 1
1072, 42
1073, 42
1074, 43
1075, 60
1076, 59
1077, 59
1078, 58
1079, 1
1080, 42
1081, 43
1082, 43
1083, 59
1084, 59
1085, 60
1086, 58
1087, 3
1088, 43
1089, 44
1090, 43
1091, 60
1092, 60
1093, 61
1094, 59
1095, 1
1096, 36
1097, 1
1098, 14
1099, 1
1100, 36
1101, 1
1102, 61
1103, 1
1104, 20
1105, 1
1106, 24
1107, 1
1108, 31
1109, 1
1110, 24
1111, 1
1112, 7
1113, 1
1114, 36
1115, 1
1116, 48
1117, 39
1118, 1
1119, 28
1120, 37
1121, 28
1122, 1
1123, 34
1124, 51
1125, 1
1126, 45
1127, 45
1128, 45
1129, 1
1130, 51
1131, 50
1132, 1
1133, 72
1134, 72
1135, 72
1136, 1
1137, 76
1138, 76
1139, 76
1140, 8
1141, 6
1142, 1
1143, 25
1144, 1
1145, 28
1146, 37
1147, 56
1148, 56
1149, 56
1150, 6
1151, 1
1152, 9
1153, 1
1154, 36
1155, 1
1156, 46
1157, 35
1158, 1
1159, 28
1160, 37
1161, 139
1162, 28
1163, 1
1164, 34
1165, 51
1166, 45
1167, 45
1168, 45
1169, 51
1170, 67
1171, 8
1172, 6
1173, 1
1174, 11
1175, 1
1176, 36
1177, 1
1178, 54
1179, 58
1180, 1
1181, 28
1182, 37
1183, 48
1184, 48
1185, 48
1186, 6
1187, 1
1188, 37
1189, 37
1190, 37
1191, 1
1192, 9
1193, 1
1194, 36
1195, 1
1196, 21
1197, 54
1198, 31
1199, 36
1200, 1
1201, 13
1202, 1
1203, 26
1204, 25
1205, 1
1206, 59
1207, 1
1208, 19
1209, 44
1210, 1
1211, 9
1212, 73
1213, 73
1214, 73
1215, 73
1216, 73
1217, 73
1218, 1
1219, 58
1220, 14
1221, 1
1222, 15
1223, 20
1224, 17
1225, 22
1226, 19
1227, 24
1228, 21
1229, 26
1230, 23
1231, 28
1232, 25
1233, 38
1234, 14
1235, 12
1236, 10
1237, 8
1238, 8
1239, 4
1240, 1
1241, 6
1242, 73
1243, 73
1244, 73
1245, 73
1246, 73
1247, 73
1248, 1
1249, 17
1250, 1
1251, 58
1252, 1
1253, 34
1254, 40
1255, 40
1256, 1
1257, 7
1258, 1
1259, 36
1260, 1
1261, 26
1262, 36
1263, 53
1264, 9
1265, 1
1266, 36
1267, 1
1268, 19
1269, 35
1270, 1
1271, 16
1272, 19
1273, 53
1274, 34
1275, 8
1276, 6
1277, 1
1278, 15
1279, 40
1280, 38
1281, 1
1282, 39
1283, 3
1284, 1
1285, 8
1286, 27
1287, 29
1288, 29
1289, 5
1290, 1
1291, 16
1292, 6
1293, 17
1294, 55
1295, 7
1296, 1
1297, 22
1298, 6
1299, 10
1300, 26
1301, 18
1302, 26
1303, 24
1304, 33
1305, 20
1306, 12
1307, 7
1308, 6
1309, 13
1310, 73
1311, 73
1312, 73
1313, 73
1314, 73
1315, 73
1316, 73
1317, 73
1318, 73
1319, 73
1320, 73
1321, 1
1322, 18
1323, 1
1324, 36
1325, 1
1326, 44
1327, 1
1328, 36
1329, 1
1330, 58
1331, 1
1332, 47
1333, 1
1334, 15
1335, 55
1336, 1
1337, 37
1338, 30
1339, 36
1340, 37
1341, 37
1342, 24
1343, 25
1344, 26
1345, 36
1346, 1
1347, 13
1348, 4
1349, 1
1350, 52
1351, 51
1352, 53
1353, 56
1354, 58
1355, 53
1356, 57
1357, 65
1358, 52
1359, 1
1360, 7
1361, 1
1362, 36
1363, 1
1364, 21
1365, 54
1366, 31
1367, 36
1368, 1
1369, 13
1370, 1
1371, 26
1372, 25
1373, 1
1374, 50
1375, 50
1376, 1
1377, 55
1378, 1
1379, 19
1380, 44
1381, 1
1382, 9
1383, 1
1384, 36
1385, 1
1386, 20
1387, 53
1388, 30
1389, 35
1390, 1
1391, 12
1392, 1
1393, 25
1394, 24
1395, 1
1396, 50
1397, 50
1398, 1
1399, 52
1400, 1
1401, 19
1402, 43
1403, 1
1404, 9
1405, 1
1406, 36
1407, 5
1408, 20
1409, 53
1410, 30
1411, 35
1412, 1
1413, 12
1414, 1
1415, 25
1416, 24
1417, 1
1418, 50
1419, 50
1420, 1
1421, 52
1422, 1
1423, 19
1424, 43
1425, 1
1426, 9
1427, 1
1428, 73
1429, 73
1430, 73
1431, 73
1432, 73
1433, 73
1434, 73
1435, 73
1436, 73
1437, 1
1438, 18
1439, 1
1440, 36
1441, 1
1442, 44
1443, 1
1444, 36
1445, 1
1446, 58
1447, 1
1448, 123
1449, 1
1450, 36
1451, 1
1452, 32
1453, 1
1454, 15
1455, 55
1456, 1
1457, 33
1458, 26
1459, 32
1460, 33
1461, 33
1462, 20
1463, 21
1464, 22
1465, 32
1466, 1
1467, 13
1468, 4
1469, 1
1470, 23
1471, 47
1472, 24
1473, 4
1474, 1
1475, 7
1476, 1
1477, 36
1478, 1
1479, 19
1480, 42
1481, 9
1482, 1
1483, 18
1484, 1
1485, 18
1486, 71
1487, 9
1488, 1
1489, 36
1490, 1
1491, 21
1492, 54
1493, 31
1494, 36
1495, 1
1496, 13
1497, 1
1498, 26
1499, 25
1500, 1
1501, 50
1502, 50
1503, 1
1504, 55
1505, 1
1506, 19
1507, 44
1508, 1
1509, 9
1510, 1
1511, 36
1512, 1
1513, 20
1514, 53
1515, 30
1516, 35
1517, 1
1518, 12
1519, 1
1520, 25
1521, 24
1522, 1
1523, 50
1524, 50
1525, 1
1526, 52
1527, 1
1528, 19
1529, 43
1530, 1
1531, 9
1532, 1
1533, 36
1534, 5
1535, 20
1536, 53
1537, 30
1538, 35
1539, 1
1540, 12
1541, 1
1542, 25
1543, 24
1544, 1
1545, 50
1546, 50
1547, 1
1548, 52
1549, 1
1550, 19
1551, 43
1552, 1
1553, 9
1554, 1
1555, 40
1556, 38
1557, 1
1558, 40
1559, 3
1560, 1
1561, 48
1562, 60
1563, 70
1564, 1
1565, 23
1566, 37
1567, 14
1568, 58
1569, 1
1570, 29
1571, 40
1572, 4
1573, 11
1574, 62
1575, 5
1576, 1
1577, 41
1578, 10
1579, 7
1580, 19
1581, 34
1582, 44
1583, 16
1584, 64
1585, 29
1586, 37
1587, 7
1588, 58
1589, 26
1590, 11
1591, 4
1592, 19
1593, 1
1594, 19
1595, 37
1596, 49
1597, 1
1598, 19
1599, 30
1600, 29
1601, 1
1602, 73
1603, 73
1604, 73
1605, 73
1606, 73
1607, 73
1608, 1
1609, 30
1610, 1
1611, 58
1612, 1
1613, 47
1614, 1
1615, 34
1616, 1
1617, 7
1618, 1
1619, 36
1620, 1
1621, 13
1622, 41
1623, 32
1624, 1
1625, 73
1626, 73
1627, 73
1628, 73
1629, 73
1630, 73
1631, 73
1632, 73
1633, 1
1634, 58
1635, 1
1636, 48
1637, 57
1638, 1
1639, 10
1640, 89
1641, 1
1642, 33
1643, 55
1644, 1
1645, 7
1646, 1
1647, 36
1648, 1
1649, 6
1650, 42
1651, 50
1652, 50
1653, 1
1654, 18
1655, 1
1656, 6
1657, 32
1658, 43
1659, 1
1660, 18
1661, 1
1662, 6
1663, 43
1664, 118
1665, 1
1666, 40
1667, 38
1668, 1
1669, 39
1670, 3
1671, 1
1672, 9
1673, 18
1674, 20
1675, 42
1676, 16
1677, 15
1678, 15
1679, 7
1680, 26
1681, 21
1682, 4
1683, 10
1684, 5
1685, 1
1686, 27
1687, 69
1688, 66
1689, 20
1690, 33
1691, 23
1692, 45
1693, 4
1694, 7
1695, 2
1696, 73
1697, 73
1698, 73
1699, 73
1700, 73
1701, 73
1702, 1
1703, 41
1704, 41
1705, 1
1706, 77
1707, 1
1708, 13
1709, 1
1710, 16
1711, 1
1712, 21
1713, 49
1714, 1
1715, 39
1716, 1
1717, 26
1718, 56
1719, 1
1720, 21
1721, 1
1722, 16
1723, 1
1724, 24
1725, 1
1726, 6
1727, 4
1728, 1
1729, 17
1730, 1
1731, 25
1732, 1
1733, 36
1734, 1
1735, 72
1736, 1
1737, 18
1738, 1
1739, 72
1740, 1
1741, 36
1742, 1
1743, 88
1744, 1
1745, 18
1746, 1
1747, 69
1748, 1
1749, 36
1750, 1
1751, 69
1752, 47
1753, 1
1754, 83
1755, 1
1756, 24
1757, 68
1758, 1
1759, 35
1760, 53
1761, 8
1762, 6
1763, 1
1764, 53
1765, 2
1766, 18
1767, 1
1768, 52
1769, 92
1770, 1
1771, 26
1772, 66
1773, 6
1774, 1
1775, 11
1776, 3
1777, 27
1778, 80
1779, 6
1780, 1
1781, 11
1782, 73
1783, 73
1784, 73
1785, 73
1786, 73
1787, 73
1788, 1
1789, 21
1790, 51
1791, 4
1792, 1
1793, 57
1794, 73
1795, 73
1796, 73
1797, 73
1798, 73
1799, 73
1800, 1
1801, 58
1802, 1
1803, 15
1804, 12
1805, 1
1806, 47
1807, 1
1808, 27
1809, 23
1810, 60
1811, 38
1812, 8
1813, 7
1814, 1
1815, 12
1816, 4
1817, 1
1818, 19
1819, 73
1820, 73
1821, 73
1822, 73
1823, 73
1824, 73
1825, 73
1826, 73
1827, 73
1828, 73
1829, 1
1830, 18
1831, 1
1832, 36
1833, 1
1834, 14
1835, 1
1836, 36
1837, 1
1838, 11
1839, 1
1840, 44
1841, 1
1842, 35
1843, 1
1844, 6
1845, 52
1846, 4
1847, 1
1848, 17
1849, 46
1850, 4
1851, 1
1852, 31
1853, 1
1854, 7
1855, 1
1856, 36
1857, 1
1858, 14
1859, 45
1860, 49
1861, 1
1862, 18
1863, 1
1864, 8
1865, 46
1866, 1
1867, 32
1868, 1
1869, 28
1870, 26
1871, 29
1872, 61
1873, 8
1874, 6
1875, 1
1876, 9
1877, 1
1878, 18
1879, 1
1880, 9
1881, 48
1882, 1
1883, 33
1884, 1
1885, 29
1886, 27
1887, 29
1888, 63
1889, 8
1890, 6
1891, 1
1892, 9
1893, 1
1894, 18
1895, 1
1896, 9
1897, 50
1898, 1
1899, 23
1900, 27
1901, 1
1902, 9
1903, 1
1904, 36
1905, 1
1906, 21
1907, 54
1908, 31
1909, 36
1910, 1
1911, 13
1912, 1
1913, 26
1914, 25
1915, 1
1916, 50
1917, 50
1918, 1
1919, 55
1920, 1
1921, 19
1922, 44
1923, 1
1924, 9
1925, 1
1926, 73
1927, 73
1928, 73
1929, 73
1930, 73
1931, 73
1932, 73
1933, 73
1934, 73
1935, 73
1936, 73
1937, 2
1938, 53
1939, 1
1940, 41
1941, 22
1942, 19
1943, 43
1944, 4
1945, 1
1946, 31
1947, 22
1948, 50
1949, 33
1950, 4
1951, 73
1952, 73
1953, 73
1954, 73
1955, 73
1956, 73
1957, 1
1958, 58
1959, 1
1960, 36
1961, 1
1962, 32
1963, 1
1964, 16
1965, 40
1966, 38
1967, 1
1968, 40
1969, 3
1970, 1
1971, 8
1972, 15
1973, 19
1974, 19
1975, 18
1976, 4
1977, 1
1978, 8
1979, 8
1980, 1
1981, 73
1982, 73
1983, 73
1984, 73
1985, 73
1986, 73
1987, 1
1988, 58
1989, 1
1990, 35
1991, 1
1992, 7
1993, 1
1994, 36
1995, 1
1996, 6
1997, 43
1998, 118
1999, 40
2000, 38
2001, 1
2002, 39
2003, 3
2004, 1
2005, 8
2006, 21
2007, 1
2008, 44
2009, 5
2010, 1
2011, 15
2012, 12
2013, 24
2014, 61
2015, 1
2016, 73
2017, 73
2018, 73
2019, 73
2020, 73
2021, 73
2022, 1
2023, 50
2024, 1
2025, 21
2026, 18
2027, 49
2028, 48
2029, 32
2030, 4
2031, 1
2032, 22
2033, 73
2034, 73
2035, 73
2036, 73
2037, 73
2038, 73
2039, 1
2040, 50
2041, 1
2042, 21
2043, 18
2044, 49
2045, 48
2046, 32
2047, 4
2048, 1
2049, 22
2050, 73
2051, 73
2052, 73
2053, 73
2054, 73
2055, 73
2056, 1
2057, 10
2058, 1
2059, 48
2060, 46
2061, 1
2062, 48
2063, 47
2064, 1
2065, 58
2066, 1
2067, 53
2068, 8
2069, 1
2070, 21
2071, 44
2072, 1
2073, 24
2074, 30
2075, 1
2076, 36
2077, 43
2078, 40
2079, 14
2080, 8
2081, 1
2082, 36
2083, 58
2084, 16
2085, 6
2086, 1
2087, 4
2088, 1
2089, 19
2090, 1
2091, 40
2092, 17
2093, 43
2094, 34
2095, 46
2096, 7
2097, 18
2098, 4
2099, 1
2100, 57
2101, 23
2102, 44
2103, 23
2104, 64
2105, 4
2106, 1
2107, 21
2108, 1
2109, 36
2110, 1
2111, 33
2112, 33
2113, 42
2114, 1
2115, 8
2116, 1
2117, 19
2118, 37
2119, 29
2120, 48
2121, 6
2122, 1
2123, 33
2124, 9
2125, 38
2126, 57
2127, 15
2128, 60
2129, 47
2130, 6
2131, 1
2132, 50
