1, 23
2, 66
3, 39
4, 4
5, 30
6, 48
7, 1
8, 22
9, 73
10, 14
11, 10
12, 37
13, 50
14, 76
15, 1
16, 18
17, 9
18, 23
19, 31
20, 38
21, 1
22, 15
23, 68
24, 82
25, 77
26, 52
27, 2
28, 23
29, 60
30, 39
31, 46
32, 1
33, 15
34, 68
35, 82
36, 77
37, 25
38, 51
39, 51
40, 25
41, 30
42, 21
43, 29
44, 35
45, 24
46, 30
47, 27
48, 31
49, 41
50, 55
51, 23
52, 4
53, 39
54, 4
55, 24
56, 33
57, 41
58, 72
59, 51
60, 58
61, 62
62, 1
63, 80
64, 32
65, 32
66, 20
67, 10
68, 31
69, 34
70, 41
71, 19
72, 66
73, 53
74, 1
75, 25
76, 28
77, 11
78, 30
79, 31
80, 32
81, 44
82, 37
83, 10
84, 1
85, 50
86, 52
87, 66
88, 59
89, 49
90, 53
91, 59
92, 68
93, 1
94, 41
95, 69
96, 83
97, 70
98, 39
99, 66
100, 47
101, 66
102, 20
103, 58
104, 52
105, 1
106, 9
107, 1
108, 23
109, 61
110, 42
111, 27
112, 1
113, 30
114, 26
115, 20
116, 60
117, 74
118, 39
119, 38
120, 34
121, 1
122, 1
123, 39
124, 1
125, 36
126, 37
127, 21
128, 1
129, 15
130, 16
131, 45
132, 97
133, 11
134, 68
135, 92
136, 70
137, 30
138, 44
139, 51
140, 21
141, 33
142, 37
143, 48
144, 69
145, 73
146, 67
147, 46
148, 31
149, 29
150, 46
151, 65
152, 30
153, 27
154, 71
155, 68
156, 106
157, 79
158, 43
159, 49
160, 50
161, 68
162, 141
163, 108
164, 1
165, 26
166, 48
167, 10
168, 1
169, 31
170, 26
171, 37
172, 56
173, 80
174, 41
175, 71
176, 56
177, 35
178, 3
179, 31
180, 39
181, 22
182, 58
183, 65
184, 54
185, 49
186, 37
187, 64
188, 1
189, 23
190, 61
191, 39
192, 27
193, 46
194, 1
195, 20
196, 20
197, 60
198, 74
199, 20
200, 1
201, 1
202, 27
203, 1
204, 36
205, 37
206, 21
207, 1
208, 15
209, 45
210, 68
211, 92
212, 70
213, 30
214, 41
215, 21
216, 33
217, 37
218, 48
219, 63
220, 67
221, 46
222, 31
223, 29
224, 46
225, 65
226, 30
227, 27
228, 71
229, 68
230, 106
231, 79
232, 43
233, 40
234, 68
235, 141
236, 108
237, 1
238, 26
239, 48
240, 10
241, 1
242, 31
243, 26
244, 37
245, 64
246, 56
247, 35
248, 3
249, 31
250, 39
251, 22
252, 58
253, 65
254, 54
255, 49
256, 37
257, 64
258, 1
259, 23
260, 66
261, 40
262, 30
263, 46
264, 1
265, 22
266, 22
267, 1
268, 20
269, 11
270, 17
271, 1
272, 18
273, 23
274, 17
275, 3
276, 18
277, 23
278, 19
279, 3
280, 19
281, 16
282, 50
283, 50
284, 1
285, 15
286, 68
287, 82
288, 77
289, 15
290, 16
291, 21
292, 16
293, 19
294, 54
295, 23
296, 74
297, 40
298, 20
299, 46
300, 1
301, 32
302, 59
303, 75
304, 1
305, 16
306, 16
307, 1
308, 46
309, 6
310, 1
311, 46
312, 6
313, 1
314, 19
315, 29
316, 28
317, 28
318, 1
319, 18
320, 16
321, 18
322, 21
323, 33
324, 1
325, 18
326, 16
327, 17
328, 21
329, 33
330, 1
331, 20
332, 14
333, 1
334, 52
335, 23
336, 31
337, 54
338, 35
339, 39
340, 33
341, 4
342, 132
343, 4
344, 49
345, 1
346, 32
347, 29
348, 24
349, 12
350, 1
351, 20
352, 65
353, 23
354, 52
355, 53
356, 53
357, 53
358, 25
359, 1
360, 58
361, 56
362, 5
363, 44
364, 5
365, 10
366, 1
367, 25
368, 33
369, 21
370, 1
371, 28
372, 40
373, 21
374, 1
375, 38
376, 49
377, 22
378, 59
379, 31
380, 31
381, 48
382, 39
383, 75
384, 26
385, 40
386, 45
387, 1
388, 14
389, 25
390, 46
391, 43
392, 34
393, 32
394, 53
395, 29
396, 39
397, 60
398, 24
399, 13
400, 15
401, 51
402, 57
403, 39
404, 26
405, 35
406, 46
407, 41
408, 76
409, 46
410, 1
411, 28
412, 28
413, 27
414, 1
415, 27
416, 1
417, 44
418, 1
419, 24
420, 56
421, 31
422, 75
423, 27
424, 1
425, 29
426, 1
427, 33
428, 26
429, 32
430, 1
431, 39
432, 47
433, 47
434, 47
435, 47
436, 47
437, 47
438, 42
439, 1
440, 19
441, 10
442, 32
443, 32
444, 32
445, 32
446, 1
447, 32
448, 32
449, 32
450, 32
451, 32
452, 32
453, 32
454, 32
455, 32
456, 32
457, 34
458, 1
459, 27
460, 10
461, 43
462, 43
463, 43
464, 45
465, 1
466, 31
467, 20
468, 32
469, 32
470, 40
471, 43
472, 1
473, 1
474, 33
475, 47
476, 32
477, 31
478, 21
479, 42
480, 62
481, 37
482, 1
483, 32
484, 68
485, 48
486, 90
487, 19
488, 29
489, 34
490, 70
491, 35
492, 38
493, 61
494, 67
495, 58
496, 58
497, 24
498, 39
499, 29
500, 67
501, 22
502, 40
503, 20
504, 23
505, 59
506, 1
507, 1
508, 51
509, 35
510, 54
511, 54
512, 59
513, 59
514, 74
515, 51
516, 34
517, 70
518, 37
519, 69
520, 53
521, 30
522, 30
523, 30
524, 73
525, 17
526, 75
527, 77
528, 31
529, 32
530, 1
531, 1
532, 15
533, 68
534, 82
535, 77
536, 1
537, 26
538, 34
539, 1
540, 73
541, 89
542, 113
543, 17
544, 1
545, 71
546, 53
547, 1
548, 2
549, 34
550, 29
551, 72
552, 1
553, 2
554, 21
555, 46
556, 35
557, 41
558, 12
559, 17
560, 34
561, 33
562, 1
563, 69
564, 70
565, 68
566, 44
567, 1
568, 63
569, 1
570, 70
571, 69
572, 72
573, 54
574, 23
575, 64
576, 39
577, 27
578, 46
579, 1
580, 89
581, 49
582, 1
583, 15
584, 28
585, 50
586, 1
587, 15
588, 68
589, 82
590, 77
591, 32
592, 23
593, 72
594, 39
595, 27
596, 46
597, 1
598, 83
599, 49
600, 1
601, 23
602, 15
603, 23
604, 63
605, 1
606, 15
607, 68
608, 92
609, 32
610, 41
611, 39
612, 4
613, 32
614, 1
615, 24
616, 23
617, 34
618, 36
619, 47
620, 1
621, 15
622, 69
623, 83
624, 70
625, 1
626, 38
627, 44
628, 6
629, 23
630, 64
631, 40
632, 20
633, 46
634, 30
635, 1
636, 90
637, 32
638, 59
639, 66
640, 67
641, 1
642, 1
643, 41
644, 1
645, 29
646, 60
647, 74
648, 1
649, 33
650, 28
651, 62
652, 56
653, 73
654, 43
655, 77
656, 52
657, 51
658, 13
659, 1
660, 52
661, 55
662, 76
663, 62
664, 81
665, 23
666, 62
667, 39
668, 20
669, 46
670, 1
671, 90
672, 32
673, 59
674, 66
675, 67
676, 1
677, 35
678, 1
679, 29
680, 60
681, 1
682, 32
683, 23
684, 67
685, 52
686, 43
687, 28
688, 77
689, 50
690, 51
691, 13
692, 1
693, 52
694, 55
695, 56
696, 70
697, 71
698, 60
699, 36
700, 31
701, 40
702, 62
703, 25
704, 82
705, 23
706, 65
707, 39
708, 54
709, 46
710, 43
711, 1
712, 30
713, 30
714, 30
715, 1
716, 19
717, 1
718, 24
719, 38
720, 43
721, 45
722, 31
723, 52
724, 27
725, 1
726, 23
727, 15
728, 29
729, 14
730, 14
731, 21
732, 56
733, 32
734, 33
735, 16
736, 12
737, 23
738, 54
739, 17
740, 39
741, 47
742, 34
743, 28
744, 26
745, 44
746, 48
747, 19
748, 27
749, 15
750, 23
751, 66
752, 36
753, 37
754, 48
755, 57
756, 19
757, 38
758, 35
759, 1
760, 15
761, 69
762, 83
763, 77
764, 64
765, 25
766, 41
767, 46
768, 21
769, 40
770, 1
771, 23
772, 62
773, 39
774, 1
775, 43
776, 40
777, 40
778, 34
779, 42
780, 50
781, 73
782, 42
783, 64
784, 1
785, 26
786, 86
787, 73
788, 73
789, 73
790, 57
791, 43
792, 46
793, 95
794, 40
795, 1
796, 72
797, 49
798, 27
799, 49
800, 69
801, 51
802, 40
803, 74
804, 105
805, 1
806, 56
807, 50
808, 51
809, 38
810, 72
811, 14
812, 1
813, 43
814, 29
815, 17
816, 27
817, 29
818, 51
819, 122
820, 72
821, 140
822, 142
823, 100
824, 130
825, 15
826, 1
827, 3
828, 67
829, 3
830, 30
831, 38
832, 43
833, 53
834, 67
835, 85
836, 52
837, 114
838, 1
839, 15
840, 49
841, 49
842, 63
843, 81
844, 48
845, 27
846, 80
847, 30
848, 23
849, 65
850, 40
851, 20
852, 40
853, 1
854, 28
855, 1
856, 100
857, 1
858, 23
859, 1
860, 19
861, 27
862, 83
863, 1
864, 19
865, 81
866, 1
867, 59
868, 66
869, 25
870, 15
871, 1
872, 45
873, 30
874, 41
875, 61
876, 16
877, 30
878, 1
879, 20
880, 87
881, 69
882, 19
883, 66
884, 74
885, 59
886, 58
887, 28
888, 74
889, 27
890, 28
891, 39
892, 48
893, 38
894, 27
895, 67
896, 34
897, 61
898, 1
899, 15
900, 68
901, 75
902, 76
903, 37
904, 46
905, 26
906, 23
907, 71
908, 39
909, 20
910, 46
911, 1
912, 28
913, 64
914, 27
915, 16
916, 19
917, 16
918, 64
919, 21
920, 27
921, 30
922, 21
923, 29
924, 21
925, 24
926, 23
927, 31
928, 35
929, 44
930, 49
931, 58
932, 64
933, 51
934, 1
935, 31
936, 75
937, 82
938, 63
939, 54
940, 13
941, 1
942, 15
943, 68
944, 85
945, 25
946, 36
947, 36
948, 37
949, 52
950, 32
951, 74
952, 23
953, 66
954, 39
955, 70
956, 46
957, 1
958, 9
959, 70
960, 25
961, 1
962, 28
963, 53
964, 62
965, 27
966, 16
967, 19
968, 16
969, 64
970, 21
971, 27
972, 35
973, 21
974, 29
975, 21
976, 24
977, 23
978, 31
979, 40
980, 77
981, 92
982, 98
983, 41
984, 1
985, 15
986, 68
987, 82
988, 77
989, 32
990, 56
991, 36
992, 36
993, 36
994, 90
995, 52
996, 32
997, 74
998, 1
999, 31
1000, 47
1001, 69
1002, 31
1003, 35
1004, 66
1005, 65
1006, 29
1007, 54
1008, 45
1009, 13
1010, 23
1011, 73
1012, 38
1013, 46
1014, 1
1015, 16
1016, 82
1017, 1
1018, 55
1019, 22
1020, 87
1021, 1
1022, 44
1023, 1
1024, 36
1025, 55
1026, 8
1027, 1
1028, 55
1029, 32
1030, 72
1031, 39
1032, 72
1033, 1
1034, 53
1035, 20
1036, 1
1037, 40
1038, 35
1039, 39
1040, 42
1041, 62
1042, 46
1043, 8
1044, 1
1045, 22
1046, 40
1047, 1
1048, 15
1049, 68
1050, 91
1051, 15
1052, 29
1053, 31
1054, 21
1055, 29
1056, 50
1057, 38
1058, 38
1059, 21
1060, 29
1061, 51
1062, 43
1063, 23
1064, 68
1065, 39
1066, 31
1067, 46
1068, 1
1069, 16
1070, 89
1071, 1
1072, 55
1073, 52
1074, 30
1075, 1
1076, 36
1077, 55
1078, 8
1079, 1
1080, 55
1081, 43
1082, 69
1083, 31
1084, 31
1085, 1
1086, 40
1087, 35
1088, 39
1089, 42
1090, 62
1091, 46
1092, 8
1093, 3
1094, 22
1095, 40
1096, 1
1097, 15
1098, 68
1099, 82
1100, 76
1101, 15
1102, 35
1103, 31
1104, 21
1105, 35
1106, 50
1107, 38
1108, 38
1109, 21
1110, 35
1111, 51
1112, 43
1113, 23
1114, 72
1115, 39
1116, 1
1117, 1
1118, 15
1119, 20
1120, 59
1121, 59
1122, 55
1123, 33
1124, 1
1125, 45
1126, 55
1127, 23
1128, 25
1129, 36
1130, 64
1131, 36
1132, 22
1133, 1
1134, 35
1135, 27
1136, 29
1137, 38
1138, 39
1139, 29
1140, 25
1141, 29
1142, 27
1143, 31
1144, 1
1145, 73
1146, 73
1147, 1
1148, 45
1149, 69
1150, 51
1151, 68
1152, 64
1153, 69
1154, 1
1155, 57
1156, 44
1157, 50
1158, 1
1159, 34
1160, 70
1161, 73
1162, 68
1163, 46
1164, 1
1165, 43
1166, 29
1167, 23
1168, 32
1169, 68
1170, 74
1171, 38
1172, 44
1173, 7
1174, 48
1175, 55
1176, 53
1177, 66
1178, 67
1179, 57
1180, 53
1181, 61
1182, 23
1183, 71
1184, 42
1185, 1
1186, 1
1187, 15
1188, 20
1189, 59
1190, 59
1191, 55
1192, 33
1193, 1
1194, 45
1195, 55
1196, 23
1197, 25
1198, 36
1199, 64
1200, 36
1201, 22
1202, 1
1203, 35
1204, 27
1205, 29
1206, 38
1207, 39
1208, 29
1209, 25
1210, 29
1211, 27
1212, 31
1213, 1
1214, 73
1215, 73
1216, 1
1217, 45
1218, 69
1219, 51
1220, 68
1221, 64
1222, 69
1223, 1
1224, 57
1225, 44
1226, 50
1227, 1
1228, 34
1229, 70
1230, 73
1231, 68
1232, 46
1233, 1
1234, 43
1235, 29
1236, 23
1237, 32
1238, 68
1239, 74
1240, 38
1241, 44
1242, 7
1243, 48
1244, 55
1245, 53
1246, 66
1247, 67
1248, 57
1249, 53
1250, 61
1251, 23
1252, 64
1253, 39
1254, 28
1255, 46
1256, 30
1257, 1
1258, 90
1259, 1
1260, 32
1261, 22
1262, 31
1263, 52
1264, 34
1265, 35
1266, 25
1267, 21
1268, 25
1269, 24
1270, 69
1271, 59
1272, 41
1273, 67
1274, 50
1275, 51
1276, 52
1277, 49
1278, 35
1279, 31
1280, 37
1281, 5
1282, 53
1283, 40
1284, 46
1285, 5
1286, 30
1287, 66
1288, 69
1289, 64
1290, 39
1291, 32
1292, 25
1293, 29
1294, 28
1295, 64
1296, 70
1297, 34
1298, 40
1299, 44
1300, 51
1301, 49
1302, 62
1303, 63
1304, 53
1305, 49
1306, 55
1307, 1
1308, 1
1309, 15
1310, 36
1311, 18
1312, 16
1313, 23
1314, 19
1315, 34
1316, 21
1317, 32
1318, 36
1319, 26
1320, 43
1321, 40
1322, 66
1323, 43
1324, 42
1325, 66
1326, 56
1327, 56
1328, 37
1329, 82
1330, 44
1331, 47
1332, 45
1333, 44
1334, 46
1335, 45
1336, 84
1337, 65
1338, 44
1339, 45
1340, 67
1341, 67
1342, 70
1343, 53
1344, 34
1345, 71
1346, 75
1347, 45
1348, 96
1349, 47
1350, 53
1351, 70
1352, 50
1353, 52
1354, 73
1355, 87
1356, 47
1357, 95
1358, 87
1359, 51
1360, 72
1361, 40
1362, 52
1363, 50
1364, 43
1365, 36
1366, 73
1367, 77
1368, 47
1369, 96
1370, 49
1371, 55
1372, 74
1373, 40
1374, 43
1375, 68
1376, 71
1377, 72
1378, 78
1379, 98
1380, 68
1381, 93
1382, 1
1383, 24
1384, 19
1385, 65
1386, 34
1387, 79
1388, 82
1389, 33
1390, 16
1391, 25
1392, 28
1393, 24
1394, 36
1395, 62
1396, 38
1397, 52
1398, 26
1399, 90
1400, 30
1401, 44
1402, 25
1403, 47
1404, 77
1405, 75
1406, 71
1407, 69
1408, 60
1409, 62
1410, 89
1411, 72
1412, 23
1413, 39
1414, 4
1415, 41
1416, 41
1417, 56
1418, 76
1419, 49
1420, 27
1421, 55
1422, 71
1423, 38
1424, 37
1425, 75
1426, 72
1427, 65
1428, 1
1429, 39
1430, 41
1431, 1
1432, 47
1433, 34
1434, 65
1435, 8
1436, 11
1437, 8
1438, 43
1439, 1
1440, 24
1441, 35
1442, 36
1443, 37
1444, 56
1445, 56
1446, 58
1447, 55
1448, 1
1449, 23
1450, 35
1451, 35
1452, 37
1453, 57
1454, 56
1455, 56
1456, 55
1457, 1
1458, 23
1459, 35
1460, 36
1461, 37
1462, 57
1463, 57
1464, 58
1465, 56
1466, 1
1467, 24
1468, 37
1469, 38
1470, 37
1471, 57
1472, 57
1473, 58
1474, 56
1475, 1
1476, 20
1477, 64
1478, 1
1479, 31
1480, 28
1481, 51
1482, 30
1483, 30
1484, 30
1485, 61
1486, 53
1487, 28
1488, 28
1489, 29
1490, 37
1491, 37
1492, 37
1493, 37
1494, 37
1495, 38
1496, 7
1497, 1
1498, 27
1499, 30
1500, 36
1501, 25
1502, 33
1503, 21
1504, 31
1505, 31
1506, 33
1507, 1
1508, 23
1509, 19
1510, 31
1511, 38
1512, 27
1513, 30
1514, 42
1515, 42
1516, 45
1517, 27
1518, 40
1519, 40
1520, 40
1521, 68
1522, 57
1523, 8
1524, 1
1525, 32
1526, 19
1527, 19
1528, 20
1529, 23
1530, 36
1531, 36
1532, 37
1533, 52
1534, 52
1535, 53
1536, 10
1537, 1
1538, 17
1539, 23
1540, 69
1541, 29
1542, 40
1543, 19
1544, 31
1545, 42
1546, 1
1547, 15
1548, 68
1549, 82
1550, 77
1551, 16
1552, 1
1553, 23
1554, 75
1555, 39
1556, 40
1557, 1
1558, 15
1559, 68
1560, 91
1561, 15
1562, 24
1563, 24
1564, 56
1565, 41
1566, 43
1567, 45
1568, 47
1569, 49
1570, 51
1571, 31
1572, 26
1573, 24
1574, 70
1575, 40
1576, 29
1577, 46
1578, 30
1579, 1
1580, 15
1581, 68
1582, 82
1583, 76
1584, 15
1585, 63
1586, 24
1587, 56
1588, 19
1589, 21
1590, 23
1591, 25
1592, 27
1593, 29
1594, 31
1595, 25
1596, 41
1597, 39
1598, 39
1599, 1
1600, 18
1601, 28
1602, 70
1603, 46
1604, 26
1605, 65
1606, 37
1607, 22
1608, 1
1609, 15
1610, 42
1611, 56
1612, 42
1613, 48
1614, 37
1615, 37
1616, 69
1617, 1
1618, 42
1619, 40
1620, 39
1621, 2
1622, 23
1623, 24
1624, 45
1625, 46
1626, 23
1627, 61
1628, 46
1629, 43
1630, 48
1631, 40
1632, 2
1633, 17
1634, 35
1635, 70
1636, 2
1637, 16
1638, 43
1639, 56
1640, 42
1641, 49
1642, 30
1643, 36
1644, 38
1645, 23
1646, 72
1647, 38
1648, 46
1649, 1
1650, 16
1651, 82
1652, 1
1653, 55
1654, 52
1655, 30
1656, 1
1657, 36
1658, 55
1659, 8
1660, 1
1661, 55
1662, 43
1663, 69
1664, 31
1665, 31
1666, 1
1667, 40
1668, 35
1669, 39
1670, 42
1671, 62
1672, 46
1673, 8
1674, 3
1675, 22
1676, 40
1677, 1
1678, 15
1679, 68
1680, 92
1681, 25
1682, 31
1683, 21
1684, 29
1685, 53
1686, 19
1687, 21
1688, 1
1689, 20
1690, 1
1691, 38
1692, 21
1693, 29
1694, 54
1695, 19
1696, 27
1697, 29
1698, 23
1699, 64
1700, 39
1701, 30
1702, 46
1703, 1
1704, 16
1705, 82
1706, 1
1707, 55
1708, 52
1709, 30
1710, 1
1711, 36
1712, 55
1713, 8
1714, 1
1715, 55
1716, 43
1717, 69
1718, 31
1719, 31
1720, 1
1721, 40
1722, 35
1723, 39
1724, 42
1725, 62
1726, 46
1727, 8
1728, 3
1729, 22
1730, 40
1731, 1
1732, 15
1733, 68
1734, 92
1735, 25
1736, 31
1737, 21
1738, 29
1739, 53
1740, 19
1741, 21
1742, 1
1743, 20
1744, 1
1745, 38
1746, 21
1747, 29
1748, 54
1749, 19
1750, 27
1751, 29
1752, 1
1753, 35
1754, 39
1755, 4
1756, 35
1757, 1
1758, 1
1759, 23
1760, 31
1761, 59
1762, 79
1763, 22
1764, 53
1765, 44
1766, 3
1767, 30
1768, 41
1769, 68
1770, 37
1771, 1
1772, 29
1773, 41
1774, 29
1775, 75
1776, 37
1777, 1
1778, 31
1779, 41
1780, 29
1781, 51
1782, 63
1783, 37
1784, 1
1785, 34
1786, 41
1787, 62
1788, 57
1789, 52
1790, 37
1791, 1
1792, 36
1793, 41
1794, 62
1795, 57
1796, 52
1797, 37
1798, 1
1799, 31
1800, 41
1801, 55
1802, 37
1803, 1
1804, 1
1805, 35
1806, 41
1807, 57
1808, 43
1809, 37
1810, 1
1811, 43
1812, 45
1813, 41
1814, 57
1815, 44
1816, 32
1817, 37
1818, 1
1819, 30
1820, 45
1821, 41
1822, 57
1823, 44
1824, 52
1825, 38
1826, 23
1827, 68
1828, 39
1829, 25
1830, 46
1831, 1
1832, 27
1833, 28
1834, 28
1835, 24
1836, 49
1837, 1
1838, 15
1839, 68
1840, 92
1841, 45
1842, 25
1843, 22
1844, 23
1845, 23
1846, 20
1847, 93
1848, 94
1849, 98
1850, 98
1851, 52
1852, 1
1853, 20
1854, 43
1855, 23
1856, 45
1857, 13
1858, 90
1859, 37
1860, 25
1861, 34
1862, 28
1863, 1
1864, 20
1865, 43
1866, 23
1867, 15
1868, 25
1869, 10
1870, 87
1871, 34
1872, 22
1873, 27
1874, 23
1875, 19
1876, 20
1877, 22
1878, 68
1879, 39
1880, 76
1881, 46
1882, 41
1883, 31
1884, 73
1885, 76
1886, 76
1887, 1
1888, 24
1889, 22
1890, 23
1891, 1
1892, 21
1893, 1
1894, 30
1895, 24
1896, 55
1897, 31
1898, 31
1899, 72
1900, 25
1901, 26
1902, 1
1903, 15
1904, 68
1905, 82
1906, 77
1907, 41
1908, 28
1909, 47
1910, 35
1911, 39
1912, 4
1913, 33
1914, 4
1915, 69
1916, 60
1917, 37
1918, 71
1919, 68
1920, 61
1921, 1
1922, 15
1923, 23
1924, 14
1925, 16
1926, 10
1927, 41
1928, 1
1929, 17
1930, 10
1931, 22
1932, 45
1933, 36
1934, 32
1935, 30
1936, 70
1937, 64
1938, 27
1939, 33
1940, 43
1941, 1
1942, 17
1943, 25
1944, 15
1945, 18
1946, 15
1947, 20
1948, 25
1949, 40
1950, 1
1951, 19
1952, 27
1953, 14
1954, 16
1955, 31
1956, 30
1957, 31
1958, 11
1959, 1
1960, 21
1961, 33
1962, 20
1963, 16
1964, 35
1965, 34
1966, 35
1967, 11
1968, 1
1969, 23
1970, 31
1971, 55
1972, 68
1973, 58
1974, 23
1975, 43
1976, 11
1977, 67
1978, 65
1979, 65
1980, 61
1981, 39
1982, 67
1983, 42
1984, 39
1985, 4
1986, 35
1987, 1
1988, 17
1989, 39
1990, 1
1991, 27
1992, 8
1993, 23
1994, 31
1995, 31
1996, 31
1997, 31
1998, 31
1999, 31
2000, 31
2001, 33
2002, 1
2003, 29
2004, 37
2005, 35
2006, 39
2007, 35
2008, 35
2009, 20
2010, 1
2011, 1
2012, 55
2013, 32
2014, 25
2015, 13
2016, 37
2017, 58
2018, 57
2019, 65
2020, 27
2021, 26
2022, 1
2023, 1
2024, 50
2025, 8
2026, 56
2027, 47
2028, 39
2029, 17
2030, 65
2031, 1
2032, 50
2033, 39
2034, 36
2035, 73
2036, 5
2037, 21
2038, 38
2039, 40
2040, 1
2041, 70
2042, 46
2043, 40
2044, 25
2045, 79
2046, 42
2047, 24
2048, 67
2049, 39
2050, 24
2051, 46
2052, 73
2053, 1
2054, 86
2055, 52
2056, 53
2057, 1
2058, 20
2059, 55
2060, 28
2061, 36
2062, 27
2063, 1
2064, 32
2065, 36
2066, 69
2067, 1
2068, 46
2069, 56
2070, 1
2071, 63
2072, 63
2073, 63
2074, 1
2075, 25
2076, 71
2077, 40
2078, 33
2079, 56
2080, 37
2081, 58
2082, 65
2083, 65
2084, 67
2085, 36
2086, 58
2087, 64
2088, 64
2089, 64
2090, 67
2091, 31
2092, 51
2093, 79
2094, 65
2095, 84
2096, 62
2097, 75
2098, 24
2099, 1
2100, 15
2101, 68
2102, 91
2103, 70
2104, 55
2105, 49
2106, 60
2107, 34
2108, 36
2109, 40
2110, 33
2111, 88
2112, 35
2113, 39
2114, 29
2115, 1
2116, 40
2117, 1
2118, 19
2119, 98
2120, 58
2121, 58
2122, 60
2123, 10
2124, 1
2125, 15
2126, 33
2127, 72
2128, 96
2129, 65
2130, 65
2131, 26
2132, 32
2133, 36
2134, 59
2135, 105
2136, 74
2137, 45
2138, 113
2139, 60
2140, 74
2141, 95
2142, 108
2143, 112
2144, 49
2145, 69
2146, 51
2147, 81
2148, 40
2149, 36
2150, 22
2151, 49
2152, 50
2153, 23
2154, 83
2155, 36
2156, 61
2157, 39
2158, 37
2159, 43
2160, 98
2161, 50
2162, 82
2163, 77
2164, 69
2165, 80
2166, 41
2167, 43
2168, 63
2169, 39
2170, 43
2171, 24
2172, 34
2173, 23
2174, 76
2175, 39
2176, 44
2177, 45
2178, 40
2179, 1
2180, 15
2181, 21
2182, 56
2183, 41
2184, 49
2185, 19
2186, 22
2187, 29
2188, 30
2189, 46
2190, 23
2191, 76
2192, 38
2193, 41
2194, 40
2195, 1
2196, 72
2197, 84
2198, 1
2199, 132
2200, 87
2201, 92
2202, 61
2203, 81
2204, 78
2205, 68
2206, 59
2207, 63
2208, 65
2209, 104
2210, 34
2211, 23
2212, 21
2213, 27
2214, 34
2215, 34
2216, 26
2217, 25
2218, 53
2219, 37
2220, 61
2221, 84
2222, 49
2223, 71
2224, 47
2225, 37
2226, 56
2227, 52
2228, 80
2229, 55
2230, 54
2231, 73
2232, 73
2233, 49
2234, 35
2235, 63
2236, 52
2237, 54
2238, 86
2239, 74
2240, 59
2241, 72
2242, 82
2243, 49
2244, 34
2245, 14
2246, 30
2247, 61
2248, 78
2249, 48
2250, 75
2251, 34
2252, 47
2253, 48
2254, 56
2255, 78
2256, 73
2257, 21
2258, 1
2259, 25
2260, 70
2261, 33
2262, 51
2263, 45
2264, 52
2265, 45
2266, 48
2267, 58
2268, 68
2269, 23
2270, 76
2271, 39
2272, 1
2273, 60
2274, 65
2275, 37
2276, 1
2277, 84
2278, 1
2279, 29
2280, 27
2281, 1
2282, 15
2283, 29
2284, 58
2285, 58
2286, 1
2287, 41
2288, 49
2289, 54
2290, 67
2291, 49
2292, 54
2293, 69
2294, 36
2295, 35
2296, 39
2297, 84
2298, 1
2299, 49
2300, 26
2301, 47
2302, 34
2303, 76
2304, 31
2305, 45
2306, 17
2307, 69
2308, 30
2309, 23
2310, 68
2311, 39
2312, 28
2313, 46
2314, 1
2315, 90
2316, 1
2317, 29
2318, 1
2319, 32
2320, 66
2321, 70
2322, 38
2323, 48
2324, 27
2325, 37
2326, 42
2327, 41
2328, 1
2329, 15
2330, 69
2331, 15
2332, 28
2333, 39
2334, 51
2335, 61
2336, 41
2337, 24
2338, 18
2339, 40
2340, 37
2341, 46
2342, 69
2343, 31
2344, 71
2345, 81
2346, 17
2347, 23
2348, 62
2349, 39
2350, 20
2351, 46
2352, 1
2353, 90
2354, 15
2355, 68
2356, 75
2357, 76
2358, 76
2359, 58
2360, 46
2361, 41
2362, 62
2363, 43
2364, 27
2365, 49
2366, 42
2367, 41
2368, 3
2369, 56
2370, 3
2371, 41
2372, 43
2373, 60
2374, 56
2375, 69
2376, 1
2377, 71
2378, 71
2379, 39
2380, 1
2381, 30
2382, 44
2383, 1
2384, 70
2385, 66
2386, 63
2387, 52
2388, 69
2389, 20
2390, 26
2391, 20
2392, 30
2393, 21
2394, 23
2395, 29
2396, 66
2397, 1
2398, 28
2399, 27
2400, 49
2401, 84
2402, 19
2403, 21
2404, 61
2405, 13
2406, 1
2407, 29
2408, 27
2409, 49
2410, 84
2411, 19
2412, 21
2413, 61
2414, 13
2415, 1
2416, 1
2417, 35
2418, 26
2419, 72
2420, 64
2421, 85
2422, 73
2423, 46
2424, 56
2425, 80
2426, 80
2427, 58
2428, 55
2429, 22
2430, 40
2431, 41
2432, 24
2433, 24
2434, 23
2435, 47
2436, 47
2437, 77
2438, 1
2439, 17
2440, 50
2441, 40
2442, 48
2443, 49
2444, 39
2445, 1
2446, 23
2447, 67
2448, 39
2449, 1
2450, 15
2451, 60
2452, 60
2453, 1
2454, 66
2455, 52
2456, 63
2457, 41
2458, 53
2459, 1
2460, 44
2461, 55
2462, 25
2463, 36
2464, 32
2465, 23
2466, 71
2467, 38
2468, 29
2469, 46
2470, 1
2471, 21
2472, 3
2473, 1
2474, 15
2475, 69
2476, 92
2477, 20
2478, 20
2479, 48
2480, 56
2481, 27
2482, 23
2483, 33
2484, 67
2485, 50
2486, 23
2487, 71
2488, 39
2489, 22
2490, 46
2491, 1
2492, 15
2493, 68
2494, 92
2495, 24
2496, 56
2497, 35
2498, 40
2499, 1
2500, 25
2501, 24
2502, 38
2503, 43
2504, 22
2505, 44
2506, 23
2507, 71
2508, 39
2509, 22
2510, 46
2511, 1
2512, 15
2513, 68
2514, 92
2515, 24
2516, 56
2517, 35
2518, 40
2519, 1
2520, 25
2521, 24
2522, 38
2523, 43
2524, 22
2525, 44
2526, 23
2527, 71
2528, 39
2529, 43
2530, 1
2531, 1
2532, 15
2533, 31
2534, 54
2535, 17
2536, 27
2537, 44
2538, 52
2539, 47
2540, 54
2541, 39
2542, 20
2543, 33
2544, 1
2545, 42
2546, 15
2547, 73
2548, 23
2549, 71
2550, 39
2551, 20
2552, 1
2553, 15
2554, 67
2555, 53
2556, 23
2557, 68
2558, 39
2559, 28
2560, 1
2561, 58
2562, 1
2563, 15
2564, 23
2565, 42
2566, 53
2567, 82
2568, 69
2569, 66
2570, 120
2571, 54
2572, 43
2573, 66
2574, 1
2575, 12
2576, 50
2577, 63
2578, 45
2579, 15
2580, 1
2581, 1
2582, 23
2583, 67
2584, 39
2585, 33
2586, 41
2587, 74
2588, 58
2589, 1
2590, 19
2591, 24
2592, 44
2593, 31
2594, 19
2595, 80
2596, 27
2597, 18
2598, 1
2599, 15
2600, 33
2601, 61
2602, 75
2603, 71
2604, 61
2605, 23
2606, 59
2607, 39
2608, 66
2609, 46
2610, 43
2611, 1
2612, 15
2613, 19
2614, 77
2615, 17
2616, 16
2617, 38
2618, 56
2619, 34
2620, 12
2621, 22
2622, 39
2623, 36
2624, 72
2625, 35
2626, 39
2627, 52
2628, 55
2629, 34
2630, 19
2631, 19
2632, 26
2633, 33
2634, 34
2635, 43
2636, 27
2637, 36
2638, 68
2639, 36
2640, 75
2641, 46
2642, 45
2643, 39
2644, 36
2645, 70
2646, 1
2647, 27
2648, 28
2649, 1
2650, 15
2651, 66
2652, 42
2653, 25
2654, 61
2655, 47
2656, 15
2657, 75
2658, 45
2659, 14
2660, 32
2661, 76
2662, 40
2663, 30
2664, 42
2665, 47
2666, 58
2667, 65
2668, 1
