1, 13
2, 53
3, 46
4, 1
5, 15
6, 15
7, 15
8, 20
9, 18
10, 5
11, 5
12, 20
13, 13
14, 26
15, 7
16, 13
17, 7
18, 7
19, 9
20, 7
21, 3
22, 15
23, 30
24, 13
25, 15
26, 33
27, 12
28, 12
29, 12
30, 40
31, 9
32, 4
33, 0
34, 8
35, 12
36, 12
37, 12
38, 11
39, 13
40, 3
41, 12
42, 11
43, 7
44, 21
45, 3
46, 11
47, 17
48, 11
49, 21
50, 4
51, 0
52, 20
53, 1
54, 49
55, 45
56, 14
57, 15
58, 20
59, 21
60, 14
61, 13
62, 21
63, 13
64, 12
65, 5
66, 15
67, 20
68, 13
69, 20
70, 10
71, 13
72, 10
73, 6
74, 12
75, 4
76, 0
77, 17
78, 15
79, 14
80, 28
81, 16
82, 24
83, 16
84, 15
85, 7
86, 29
87, 32
88, 10
89, 5
90, 9
91, 10
92, 6
93, 25
94, 8
95, 14
96, 15
97, 14
98, 13
99, 4
100, 0
101, 15
102, 15
103, 51
104, 46
105, 13
106, 7
107, 12
108, 22
109, 23
110, 10
111, 5
112, 12
113, 6
114, 27
115, 7
116, 45
117, 28
118, 0
119, 30
120, 18
121, 18
122, 9
123, 10
124, 0
125, 16
126, 7
127, 43
128, 0
129, 14
130, 11
131, 0
132, 31
133, 0
134, 20
135, 15
136, 7
137, 18
138, 16
139, 0
140, 9
141, 0
142, 5
143, 11
144, 4
145, 0
146, 30
147, 24
148, 12
149, 11
150, 32
151, 24
152, 12
153, 0
154, 5
155, 34
156, 20
157, 9
158, 26
159, 9
160, 18
161, 11
162, 10
163, 0
164, 0
165, 8
166, 34
167, 0
168, 30
169, 33
170, 14
171, 18
172, 9
173, 10
174, 0
175, 4
176, 20
177, 28
178, 13
179, 12
180, 29
181, 30
182, 30
183, 30
184, 42
185, 13
186, 6
187, 6
188, 0
189, 21
190, 10
191, 8
192, 9
193, 9
194, 9
195, 5
196, 6
197, 12
198, 5
199, 19
200, 5
201, 9
202, 12
203, 13
204, 30
205, 5
206, 6
207, 14
208, 7
209, 9
210, 5
211, 19
212, 10
213, 9
214, 8
215, 6
216, 27
217, 11
218, 14
219, 5
220, 10
221, 9
222, 14
223, 17
224, 15
225, 18
226, 17
227, 19
228, 9
229, 18
230, 12
231, 10
232, 12
233, 5
234, 9
235, 6
236, 26
237, 13
238, 13
239, 13
240, 13
241, 5
242, 5
243, 10
244, 9
245, 9
246, 11
247, 11
248, 5
249, 19
250, 36
251, 16
252, 8
253, 8
254, 8
255, 26
256, 17
257, 8
258, 16
259, 16
260, 5
261, 13
262, 28
263, 9
264, 14
265, 14
266, 5
267, 17
268, 11
269, 16
270, 14
271, 7
272, 14
273, 28
274, 5
275, 12
276, 4
277, 0
278, 15
279, 15
280, 15
281, 13
282, 9
283, 19
284, 20
285, 9
286, 12
287, 9
288, 10
289, 6
290, 4
291, 13
292, 1
293, 48
294, 16
295, 0
296, 33
297, 0
298, 19
299, 19
300, 16
301, 15
302, 12
303, 8
304, 5
305, 9
306, 28
307, 19
308, 9
309, 18
310, 5
311, 13
312, 7
313, 4
314, 0
315, 17
316, 19
317, 16
318, 14
319, 19
320, 20
321, 0
322, 19
323, 25
324, 19
325, 12
326, 6
327, 6
328, 14
329, 11
330, 12
331, 29
332, 11
333, 6
334, 19
335, 26
336, 6
337, 12
338, 7
339, 6
340, 8
341, 15
342, 9
343, 20
344, 12
345, 4
346, 0
347, 27
348, 0
349, 20
350, 16
351, 18
352, 19
353, 16
354, 12
355, 21
356, 8
357, 0
358, 9
359, 8
360, 9
361, 10
362, 10
363, 0
364, 18
365, 9
366, 27
367, 0
368, 35
369, 8
370, 10
371, 5
372, 15
373, 6
374, 0
375, 5
376, 11
377, 26
378, 35
379, 11
380, 5
381, 15
382, 9
383, 10
384, 10
385, 9
386, 0
387, 19
388, 13
389, 7
390, 4
391, 0
392, 20
393, 16
394, 18
395, 15
396, 12
397, 25
398, 8
399, 5
400, 13
401, 0
402, 9
403, 8
404, 9
405, 10
406, 10
407, 0
408, 9
409, 27
410, 0
411, 35
412, 8
413, 10
414, 5
415, 15
416, 6
417, 0
418, 11
419, 12
420, 29
421, 17
422, 9
423, 12
424, 8
425, 5
426, 15
427, 9
428, 0
429, 20
430, 9
431, 10
432, 6
433, 0
434, 19
435, 13
436, 7
437, 4
438, 0
439, 37
440, 24
441, 7
442, 14
443, 18
444, 17
445, 5
446, 0
447, 15
448, 15
449, 17
450, 12
451, 61
452, 18
453, 22
454, 10
455, 26
456, 8
457, 13
458, 7
459, 13
460, 7
461, 9
462, 30
463, 0
464, 14
465, 24
466, 8
467, 30
468, 30
469, 30
470, 30
471, 0
472, 30
473, 30
474, 30
475, 30
476, 30
477, 30
478, 31
479, 31
480, 31
481, 31
482, 31
483, 0
484, 22
485, 32
486, 15
487, 49
488, 49
489, 49
490, 49
491, 0
492, 17
493, 295
494, 0
495, 23
496, 30
497, 0
498, 11
499, 52
500, 11
501, 60
502, 11
503, 72
504, 4
505, 0
506, 11
507, 0
508, 63
509, 0
510, 15
511, 0
512, 53
513, 0
514, 18
515, 0
516, 48
517, 38
518, 0
519, 17
520, 36
521, 34
522, 0
523, 4
524, 0
525, 17
526, 15
527, 15
528, 12
529, 17
530, 5
531, 7
532, 11
533, 12
534, 23
535, 13
536, 7
537, 18
538, 10
539, 5
540, 5
541, 15
542, 0
543, 26
544, 7
545, 12
546, 27
547, 9
548, 3
549, 4
550, 68
551, 10
552, 21
553, 3
554, 4
555, 13
556, 38
557, 36
558, 1
559, 28
560, 0
561, 15
562, 16
563, 18
564, 16
565, 21
566, 13
567, 21
568, 20
569, 36
570, 9
571, 17
572, 13
573, 13
574, 11
575, 21
576, 17
577, 26
578, 20
579, 31
580, 11
581, 10
582, 16
583, 16
584, 20
585, 21
586, 23
587, 29
588, 35
589, 4
590, 0
591, 13
592, 17
593, 14
594, 20
595, 16
596, 17
597, 5
598, 19
599, 9
600, 29
601, 24
602, 16
603, 24
604, 16
605, 7
606, 16
607, 5
608, 13
609, 7
610, 22
611, 10
612, 4
613, 0
614, 24
615, 17
616, 16
617, 17
618, 12
619, 0
620, 16
621, 26
622, 20
623, 11
624, 0
625, 15
626, 27
627, 29
628, 5
629, 12
630, 27
631, 16
632, 16
633, 24
634, 7
635, 14
636, 16
637, 16
638, 5
639, 16
640, 11
641, 0
642, 19
643, 17
644, 0
645, 11
646, 5
647, 9
648, 26
649, 16
650, 16
651, 9
652, 9
653, 26
654, 7
655, 12
656, 10
657, 10
658, 12
659, 27
660, 9
661, 5
662, 13
663, 7
664, 4
665, 0
666, 9
667, 12
668, 12
669, 10
670, 10
671, 18
672, 12
673, 4
674, 0
675, 13
676, 17
677, 15
678, 12
679, 5
680, 7
681, 11
682, 13
683, 23
684, 26
685, 5
686, 15
687, 9
688, 7
689, 10
690, 7
691, 10
692, 4
693, 0
694, 11
695, 0
696, 59
697, 0
698, 15
699, 0
700, 60
701, 0
702, 18
703, 0
704, 67
705, 0
706, 48
707, 38
708, 0
709, 17
710, 36
711, 34
712, 0
713, 4
714, 0
715, 17
716, 15
717, 33
718, 23
719, 22
720, 24
721, 35
722, 52
723, 43
724, 13
725, 11
726, 12
727, 9
728, 11
729, 80
730, 21
731, 11
732, 7
733, 23
734, 20
735, 13
736, 7
737, 7
738, 12
739, 28
740, 12
741, 7
742, 9
743, 7
744, 10
745, 5
746, 6
747, 5
748, 6
749, 27
750, 8
751, 8
752, 35
753, 6
754, 7
755, 7
756, 9
757, 25
758, 6
759, 7
760, 7
761, 7
762, 0
763, 5
764, 6
765, 26
766, 13
767, 13
768, 14
769, 8
770, 26
771, 6
772, 8
773, 8
774, 8
775, 19
776, 7
777, 7
778, 39
779, 13
780, 13
781, 10
782, 24
783, 5
784, 22
785, 5
786, 14
787, 24
788, 13
789, 8
790, 18
791, 16
792, 26
793, 24
794, 9
795, 12
796, 11
797, 10
798, 14
799, 7
800, 10
801, 22
802, 7
803, 8
804, 13
805, 16
806, 10
807, 6
808, 5
809, 19
810, 0
811, 5
812, 19
813, 3
814, 4
815, 13
816, 32
817, 36
818, 1
819, 28
820, 0
821, 28
822, 71
823, 20
824, 20
825, 20
826, 32
827, 26
828, 7
829, 17
830, 21
831, 21
832, 21
833, 19
834, 19
835, 19
836, 19
837, 5
838, 0
839, 15
840, 15
841, 27
842, 11
843, 11
844, 27
845, 13
846, 7
847, 7
848, 17
849, 27
850, 10
851, 5
852, 43
853, 9
854, 22
855, 24
856, 25
857, 25
858, 24
859, 24
860, 25
861, 24
862, 8
863, 22
864, 24
865, 24
866, 25
867, 25
868, 24
869, 24
870, 24
871, 8
872, 22
873, 24
874, 25
875, 25
876, 24
877, 24
878, 25
879, 24
880, 9
881, 22
882, 24
883, 25
884, 24
885, 24
886, 24
887, 25
888, 24
889, 0
890, 16
891, 32
892, 29
893, 14
894, 26
895, 7
896, 12
897, 27
898, 9
899, 12
900, 5
901, 9
902, 24
903, 30
904, 5
905, 13
906, 7
907, 0
908, 29
909, 12
910, 27
911, 9
912, 6
913, 4
914, 0
915, 20
916, 18
917, 17
918, 23
919, 8
920, 8
921, 8
922, 12
923, 5
924, 9
925, 30
926, 17
927, 17
928, 10
929, 9
930, 17
931, 17
932, 10
933, 9
934, 17
935, 17
936, 10
937, 9
938, 5
939, 13
940, 7
941, 35
942, 25
943, 16
944, 25
945, 16
946, 25
947, 16
948, 4
949, 0
950, 11
951, 18
952, 17
953, 19
954, 15
955, 7
956, 5
957, 11
958, 32
959, 0
960, 71
961, 24
962, 10
963, 0
964, 22
965, 18
966, 0
967, 22
968, 18
969, 10
970, 0
971, 22
972, 18
973, 10
974, 0
975, 10
976, 0
977, 8
978, 0
979, 9
980, 11
981, 32
982, 33
983, 0
984, 20
985, 17
986, 17
987, 14
988, 0
989, 20
990, 17
991, 17
992, 14
993, 0
994, 20
995, 17
996, 17
997, 14
998, 0
999, 47
1000, 17
1001, 17
1002, 17
1003, 10
1004, 10
1005, 19
1006, 0
1007, 39
1008, 17
1009, 17
1010, 10
1011, 15
1012, 8
1013, 0
1014, 5
1015, 15
1016, 9
1017, 0
1018, 5
1019, 15
1020, 9
1021, 10
1022, 4
1023, 0
1024, 12
1025, 18
1026, 17
1027, 15
1028, 15
1029, 38
1030, 5
1031, 11
1032, 32
1033, 0
1034, 9
1035, 11
1036, 32
1037, 0
1038, 20
1039, 17
1040, 17
1041, 14
1042, 20
1043, 17
1044, 17
1045, 14
1046, 20
1047, 17
1048, 17
1049, 14
1050, 0
1051, 47
1052, 17
1053, 17
1054, 10
1055, 17
1056, 10
1057, 19
1058, 0
1059, 46
1060, 23
1061, 14
1062, 0
1063, 31
1064, 17
1065, 9
1066, 10
1067, 17
1068, 10
1069, 17
1070, 0
1071, 31
1072, 17
1073, 9
1074, 10
1075, 17
1076, 10
1077, 17
1078, 0
1079, 31
1080, 17
1081, 9
1082, 10
1083, 17
1084, 10
1085, 17
1086, 0
1087, 31
1088, 17
1089, 9
1090, 10
1091, 17
1092, 10
1093, 17
1094, 0
1095, 31
1096, 17
1097, 9
1098, 10
1099, 17
1100, 10
1101, 17
1102, 0
1103, 31
1104, 17
1105, 9
1106, 10
1107, 17
1108, 10
1109, 17
1110, 0
1111, 5
1112, 15
1113, 9
1114, 0
1115, 5
1116, 15
1117, 9
1118, 0
1119, 5
1120, 11
1121, 32
1122, 21
1123, 17
1124, 14
1125, 17
1126, 10
1127, 17
1128, 0
1129, 21
1130, 17
1131, 14
1132, 17
1133, 10
1134, 17
1135, 0
1136, 21
1137, 17
1138, 14
1139, 17
1140, 10
1141, 17
1142, 0
1143, 5
1144, 15
1145, 9
1146, 0
1147, 4
1148, 13
1149, 32
1150, 36
1151, 1
1152, 28
1153, 46
1154, 0
1155, 16
1156, 16
1157, 16
1158, 17
1159, 17
1160, 17
1161, 16
1162, 0
1163, 28
1164, 71
1165, 20
1166, 20
1167, 20
1168, 32
1169, 26
1170, 7
1171, 17
1172, 22
1173, 22
1174, 22
1175, 21
1176, 21
1177, 21
1178, 20
1179, 5
1180, 0
1181, 15
1182, 15
1183, 27
1184, 11
1185, 11
1186, 27
1187, 13
1188, 7
1189, 7
1190, 17
1191, 27
1192, 10
1193, 5
1194, 43
1195, 9
1196, 22
1197, 24
1198, 25
1199, 25
1200, 24
1201, 24
1202, 25
1203, 24
1204, 8
1205, 22
1206, 24
1207, 24
1208, 25
1209, 25
1210, 24
1211, 24
1212, 24
1213, 8
1214, 22
1215, 24
1216, 25
1217, 25
1218, 24
1219, 24
1220, 25
1221, 24
1222, 9
1223, 22
1224, 24
1225, 25
1226, 24
1227, 24
1228, 24
1229, 25
1230, 24
1231, 0
1232, 16
1233, 32
1234, 29
1235, 14
1236, 26
1237, 7
1238, 12
1239, 27
1240, 9
1241, 12
1242, 5
1243, 9
1244, 24
1245, 30
1246, 5
1247, 13
1248, 7
1249, 0
1250, 29
1251, 12
1252, 27
1253, 9
1254, 6
1255, 4
1256, 0
1257, 20
1258, 18
1259, 17
1260, 23
1261, 8
1262, 8
1263, 8
1264, 12
1265, 5
1266, 9
1267, 30
1268, 19
1269, 18
1270, 10
1271, 9
1272, 19
1273, 18
1274, 10
1275, 9
1276, 19
1277, 18
1278, 10
1279, 9
1280, 5
1281, 13
1282, 7
1283, 35
1284, 25
1285, 18
1286, 25
1287, 18
1288, 25
1289, 18
1290, 4
1291, 0
1292, 11
1293, 18
1294, 17
1295, 19
1296, 15
1297, 7
1298, 5
1299, 11
1300, 32
1301, 0
1302, 71
1303, 25
1304, 10
1305, 0
1306, 24
1307, 18
1308, 0
1309, 24
1310, 18
1311, 10
1312, 0
1313, 24
1314, 18
1315, 10
1316, 0
1317, 10
1318, 0
1319, 8
1320, 0
1321, 9
1322, 11
1323, 32
1324, 33
1325, 0
1326, 20
1327, 18
1328, 18
1329, 14
1330, 0
1331, 20
1332, 18
1333, 18
1334, 14
1335, 0
1336, 20
1337, 18
1338, 18
1339, 14
1340, 0
1341, 47
1342, 13
1343, 13
1344, 13
1345, 10
1346, 10
1347, 19
1348, 0
1349, 39
1350, 18
1351, 18
1352, 10
1353, 15
1354, 8
1355, 0
1356, 5
1357, 15
1358, 9
1359, 0
1360, 5
1361, 15
1362, 9
1363, 10
1364, 4
1365, 0
1366, 12
1367, 18
1368, 17
1369, 15
1370, 15
1371, 38
1372, 42
1373, 31
1374, 17
1375, 5
1376, 11
1377, 32
1378, 14
1379, 10
1380, 10
1381, 10
1382, 10
1383, 12
1384, 12
1385, 12
1386, 0
1387, 9
1388, 11
1389, 32
1390, 14
1391, 11
1392, 11
1393, 11
1394, 11
1395, 0
1396, 20
1397, 13
1398, 20
1399, 13
1400, 20
1401, 13
1402, 0
1403, 47
1404, 13
1405, 13
1406, 10
1407, 13
1408, 10
1409, 19
1410, 0
1411, 46
1412, 25
1413, 15
1414, 14
1415, 0
1416, 31
1417, 14
1418, 10
1419, 10
1420, 0
1421, 31
1422, 14
1423, 10
1424, 10
1425, 0
1426, 31
1427, 14
1428, 10
1429, 10
1430, 0
1431, 31
1432, 13
1433, 10
1434, 12
1435, 10
1436, 12
1437, 0
1438, 31
1439, 13
1440, 10
1441, 12
1442, 10
1443, 12
1444, 0
1445, 31
1446, 13
1447, 10
1448, 12
1449, 10
1450, 12
1451, 0
1452, 5
1453, 15
1454, 9
1455, 12
1456, 12
1457, 12
1458, 0
1459, 5
1460, 15
1461, 9
1462, 0
1463, 5
1464, 11
1465, 32
1466, 14
1467, 21
1468, 12
1469, 14
1470, 11
1471, 10
1472, 11
1473, 0
1474, 21
1475, 12
1476, 14
1477, 11
1478, 10
1479, 11
1480, 0
1481, 21
1482, 12
1483, 14
1484, 11
1485, 10
1486, 11
1487, 0
1488, 5
1489, 15
1490, 9
1491, 0
1492, 4
1493, 13
1494, 1
1495, 32
1496, 20
1497, 12
1498, 0
1499, 20
1500, 12
1501, 16
1502, 19
1503, 30
1504, 9
1505, 5
1506, 4
1507, 12
1508, 5
1509, 17
1510, 5
1511, 9
1512, 4
1513, 14
1514, 21
1515, 12
1516, 9
1517, 19
1518, 4
1519, 12
1520, 6
1521, 17
1522, 5
1523, 9
1524, 6
1525, 5
1526, 17
1527, 15
1528, 4
1529, 15
1530, 15
1531, 13
1532, 28
1533, 7
1534, 6
1535, 6
1536, 5
1537, 11
1538, 5
1539, 14
1540, 15
1541, 26
1542, 28
1543, 7
1544, 10
1545, 14
1546, 43
1547, 9
1548, 5
1549, 18
1550, 4
1551, 0
1552, 20
1553, 1
1554, 36
1555, 20
1556, 12
1557, 0
1558, 20
1559, 12
1560, 16
1561, 19
1562, 29
1563, 9
1564, 5
1565, 4
1566, 12
1567, 5
1568, 17
1569, 5
1570, 9
1571, 4
1572, 14
1573, 21
1574, 12
1575, 9
1576, 19
1577, 4
1578, 12
1579, 6
1580, 17
1581, 5
1582, 9
1583, 6
1584, 5
1585, 17
1586, 15
1587, 4
1588, 15
1589, 15
1590, 13
1591, 28
1592, 7
1593, 6
1594, 6
1595, 5
1596, 11
1597, 5
1598, 14
1599, 15
1600, 26
1601, 28
1602, 7
1603, 10
1604, 14
1605, 43
1606, 9
1607, 5
1608, 18
1609, 4
1610, 0
1611, 20
1612, 1
1613, 36
1614, 20
1615, 0
1616, 69
1617, 0
1618, 20
1619, 12
1620, 16
1621, 25
1622, 29
1623, 9
1624, 5
1625, 9
1626, 4
1627, 14
1628, 17
1629, 12
1630, 9
1631, 19
1632, 4
1633, 12
1634, 6
1635, 17
1636, 5
1637, 9
1638, 6
1639, 5
1640, 17
1641, 15
1642, 4
1643, 15
1644, 15
1645, 13
1646, 28
1647, 7
1648, 6
1649, 6
1650, 5
1651, 11
1652, 5
1653, 14
1654, 15
1655, 26
1656, 28
1657, 7
1658, 10
1659, 14
1660, 43
1661, 9
1662, 5
1663, 18
1664, 4
1665, 0
1666, 13
1667, 1
1668, 43
1669, 1
1670, 16
1671, 0
1672, 15
1673, 15
1674, 15
1675, 66
1676, 17
1677, 20
1678, 29
1679, 10
1680, 10
1681, 11
1682, 26
1683, 13
1684, 7
1685, 6
1686, 0
1687, 10
1688, 10
1689, 10
1690, 10
1691, 10
1692, 10
1693, 10
1694, 10
1695, 10
1696, 8
1697, 15
1698, 7
1699, 5
1700, 9
1701, 43
1702, 12
1703, 15
1704, 11
1705, 13
1706, 8
1707, 15
1708, 11
1709, 11
1710, 15
1711, 11
1712, 8
1713, 11
1714, 10
1715, 10
1716, 15
1717, 11
1718, 11
1719, 10
1720, 10
1721, 15
1722, 11
1723, 13
1724, 11
1725, 5
1726, 11
1727, 11
1728, 13
1729, 7
1730, 13
1731, 11
1732, 8
1733, 11
1734, 18
1735, 11
1736, 5
1737, 23
1738, 7
1739, 19
1740, 0
1741, 16
1742, 16
1743, 16
1744, 16
1745, 16
1746, 16
1747, 16
1748, 16
1749, 16
1750, 0
1751, 32
1752, 13
1753, 12
1754, 14
1755, 17
1756, 19
1757, 14
1758, 18
1759, 26
1760, 13
1761, 3
1762, 12
1763, 0
1764, 4
1765, 0
1766, 13
1767, 1
1768, 37
1769, 1
1770, 43
1771, 1
1772, 20
1773, 26
1774, 0
1775, 13
1776, 62
1777, 0
1778, 21
1779, 0
1780, 10
1781, 16
1782, 5
1783, 13
1784, 9
1785, 9
1786, 4
1787, 0
1788, 10
1789, 16
1790, 12
1791, 5
1792, 16
1793, 11
1794, 11
1795, 7
1796, 7
1797, 18
1798, 11
1799, 7
1800, 27
1801, 9
1802, 4
1803, 0
1804, 50
1805, 21
1806, 31
1807, 32
1808, 32
1809, 0
1810, 14
1811, 13
1812, 13
1813, 13
1814, 13
1815, 13
1816, 13
1817, 13
1818, 13
1819, 13
1820, 13
1821, 14
1822, 16
1823, 13
1824, 14
1825, 16
1826, 13
1827, 14
1828, 17
1829, 28
1830, 4
1831, 0
1832, 30
1833, 34
1834, 0
1835, 12
1836, 12
1837, 12
1838, 12
1839, 12
1840, 12
1841, 11
1842, 13
1843, 11
1844, 13
1845, 16
1846, 13
1847, 4
1848, 0
1849, 17
1850, 1
1851, 21
1852, 16
1853, 0
1854, 14
1855, 56
1856, 17
1857, 6
1858, 17
1859, 17
1860, 17
1861, 6
1862, 18
1863, 7
1864, 20
1865, 9
1866, 19
1867, 8
1868, 13
1869, 26
1870, 6
1871, 34
1872, 0
1873, 34
1874, 6
1875, 35
1876, 26
1877, 0
1878, 37
1879, 33
1880, 64
1881, 0
1882, 30
1883, 34
1884, 10
1885, 10
1886, 42
1887, 16
1888, 18
1889, 8
1890, 18
1891, 9
1892, 13
1893, 18
1894, 18
1895, 7
1896, 64
1897, 10
1898, 10
1899, 4
1900, 0
1901, 12
1902, 25
1903, 25
1904, 15
1905, 40
1906, 73
1907, 22
1908, 90
1909, 1
1910, 7
1911, 0
1912, 15
1913, 15
1914, 13
1915, 22
1916, 10
1917, 7
1918, 6
1919, 5
1920, 17
1921, 9
1922, 5
1923, 15
1924, 13
1925, 11
1926, 7
1927, 10
1928, 2
1929, 18
1930, 15
1931, 20
1932, 17
1933, 5
1934, 9
1935, 7
1936, 16
1937, 11
1938, 7
1939, 10
1940, 5
1941, 4
1942, 0
1943, 15
1944, 15
1945, 13
1946, 9
1947, 30
1948, 25
1949, 8
1950, 10
1951, 7
1952, 23
1953, 16
1954, 26
1955, 7
1956, 12
1957, 27
1958, 9
1959, 10
1960, 4
1961, 0
1962, 26
1963, 24
1964, 25
1965, 0
1966, 15
1967, 16
1968, 15
1969, 30
1970, 36
1971, 20
1972, 23
1973, 17
1974, 11
1975, 20
1976, 7
1977, 10
1978, 9
1979, 9
1980, 9
1981, 9
1982, 10
1983, 9
1984, 10
1985, 12
1986, 4
1987, 0
1988, 13
1989, 32
1990, 36
1991, 1
1992, 28
1993, 0
1994, 11
1995, 73
1996, 35
1997, 34
1998, 5
1999, 20
2000, 15
2001, 17
2002, 14
2003, 15
2004, 8
2005, 13
2006, 10
2007, 9
2008, 10
2009, 6
2010, 8
2011, 13
2012, 14
2013, 6
2014, 14
2015, 14
2016, 24
2017, 9
2018, 13
2019, 24
2020, 8
2021, 3
2022, 0
2023, 19
2024, 17
2025, 18
2026, 0
2027, 11
2028, 11
2029, 11
2030, 11
2031, 10
2032, 14
2033, 11
2034, 3
2035, 0
2036, 13
2037, 1
2038, 48
2039, 16
2040, 0
2041, 15
2042, 15
2043, 13
2044, 9
2045, 8
2046, 17
2047, 7
2048, 23
2049, 23
2050, 26
2051, 7
2052, 12
2053, 27
2054, 9
2055, 10
2056, 4
2057, 0
2058, 26
2059, 24
2060, 25
2061, 0
2062, 15
2063, 16
2064, 17
2065, 11
2066, 5
2067, 10
2068, 9
2069, 9
2070, 9
2071, 9
2072, 10
2073, 9
2074, 10
2075, 11
2076, 21
2077, 9
2078, 4
2079, 0
2080, 18
2081, 1
2082, 24
2083, 28
2084, 0
2085, 26
2086, 42
2087, 29
2088, 0
2089, 15
2090, 15
2091, 18
2092, 11
2093, 5
2094, 28
2095, 13
2096, 7
2097, 7
2098, 15
2099, 29
2100, 0
2101, 16
2102, 28
2103, 10
2104, 0
2105, 5
2106, 0
2107, 11
2108, 17
2109, 14
2110, 14
2111, 0
2112, 14
2113, 14
2114, 17
2115, 14
2116, 0
2117, 11
2118, 11
2119, 14
2120, 14
2121, 12
2122, 25
2123, 14
2124, 0
2125, 15
2126, 14
2127, 0
2128, 27
2129, 14
2130, 0
2131, 28
2132, 13
2133, 15
2134, 17
2135, 10
2136, 22
2137, 3
2138, 9
2139, 4
2140, 0
2141, 8
2142, 12
2143, 12
2144, 16
2145, 16
2146, 5
2147, 13
2148, 5
2149, 17
2150, 3
2151, 5
2152, 11
2153, 3
2154, 5
2155, 17
2156, 4
2157, 0
2158, 11
2159, 12
2160, 23
2161, 10
2162, 6
2163, 14
2164, 11
2165, 17
2166, 11
2167, 17
2168, 10
2169, 12
2170, 4
2171, 0
2172, 11
2173, 12
2174, 25
2175, 12
2176, 6
2177, 14
2178, 13
2179, 17
2180, 5
2181, 13
2182, 8
2183, 12
2184, 4
2185, 0
2186, 11
2187, 14
2188, 14
2189, 14
2190, 24
2191, 10
2192, 6
2193, 16
2194, 11
2195, 23
2196, 11
2197, 23
2198, 5
2199, 19
2200, 27
2201, 4
2202, 0
2203, 11
2204, 12
2205, 12
2206, 12
2207, 24
2208, 10
2209, 6
2210, 14
2211, 11
2212, 23
2213, 11
2214, 23
2215, 5
2216, 21
2217, 27
2218, 4
2219, 0
2220, 10
2221, 16
2222, 0
2223, 15
2224, 23
2225, 90
2226, 51
2227, 64
2228, 39
2229, 0
2230, 30
2231, 32
2232, 12
2233, 45
2234, 45
2235, 45
2236, 45
2237, 45
2238, 45
2239, 45
2240, 45
2241, 45
2242, 42
2243, 23
2244, 66
2245, 74
2246, 74
2247, 74
2248, 74
2249, 74
2250, 74
2251, 74
2252, 74
2253, 0
2254, 15
2255, 20
2256, 20
2257, 20
2258, 18
2259, 18
2260, 22
2261, 18
2262, 18
2263, 20
2264, 18
2265, 18
2266, 0
2267, 44
2268, 18
2269, 11
2270, 18
2271, 23
2272, 29
2273, 53
2274, 14
2275, 12
2276, 15
2277, 9
2278, 20
2279, 0
2280, 45
2281, 17
2282, 44
2283, 33
2284, 20
2285, 0
2286, 15
2287, 10
2288, 29
2289, 14
2290, 18
2291, 16
2292, 10
2293, 24
2294, 14
2295, 13
2296, 19
2297, 0
2298, 43
2299, 19
2300, 26
2301, 5
2302, 9
2303, 9
2304, 29
2305, 0
2306, 21
2307, 58
2308, 26
2309, 9
2310, 9
2311, 39
2312, 33
2313, 20
2314, 0
2315, 11
2316, 22
2317, 9
2318, 14
2319, 15
2320, 5
2321, 5
2322, 11
2323, 10
2324, 13
2325, 7
2326, 0
2327, 53
2328, 53
2329, 24
2330, 25
2331, 29
2332, 32
2333, 10
2334, 25
2335, 16
2336, 22
2337, 75
2338, 27
2339, 29
2340, 20
2341, 0
2342, 42
2343, 7
2344, 27
2345, 20
2346, 18
2347, 10
2348, 28
2349, 7
2350, 12
2351, 12
2352, 17
2353, 14
2354, 11
2355, 10
2356, 0
2357, 11
2358, 33
2359, 17
2360, 12
2361, 12
2362, 33
2363, 15
2364, 14
2365, 45
2366, 14
2367, 9
2368, 21
2369, 0
2370, 10
2371, 13
2372, 10
2373, 12
2374, 10
2375, 14
2376, 10
2377, 4
2378, 20
2379, 57
2380, 23
2381, 0
2382, 30
2383, 0
2384, 60
2385, 0
2386, 33
2387, 36
2388, 46
2389, 0
2390, 26
2391, 19
2392, 53
2393, 54
2394, 22
2395, 39
2396, 39
2397, 24
2398, 17
2399, 6
2400, 5
2401, 16
2402, 16
2403, 16
2404, 5
2405, 20
2406, 17
2407, 4
2408, 0
2409, 15
2410, 24
2411, 23
2412, 16
2413, 18
2414, 61
2415, 21
2416, 0
2417, 8
2418, 0
2419, 11
2420, 21
2421, 25
2422, 14
2423, 34
2424, 24
2425, 18
2426, 8
2427, 7
2428, 10
2429, 10
2430, 5
2431, 13
2432, 11
2433, 6
2434, 15
2435, 9
2436, 22
2437, 18
2438, 5
2439, 4
2440, 0
2441, 18
2442, 18
2443, 25
2444, 21
2445, 0
2446, 12
2447, 0
2448, 32
2449, 17
2450, 0
2451, 5
2452, 9
2453, 11
2454, 26
2455, 9
2456, 10
2457, 7
2458, 25
2459, 15
2460, 5
2461, 8
2462, 4
2463, 0
2464, 13
2465, 1
2466, 51
2467, 18
2468, 0
2469, 11
2470, 12
2471, 12
2472, 0
2473, 35
2474, 11
2475, 13
2476, 10
2477, 8
2478, 8
2479, 8
2480, 13
2481, 13
2482, 4
2483, 0
2484, 0
2485, 19
2486, 12
2487, 12
2488, 13
2489, 0
2490, 15
2491, 0
2492, 5
2493, 11
2494, 26
2495, 9
2496, 5
2497, 11
2498, 26
2499, 25
2500, 17
2501, 10
2502, 10
2503, 11
2504, 10
2505, 11
2506, 0
2507, 5
2508, 15
2509, 9
2510, 0
2511, 5
2512, 15
2513, 9
2514, 4
2515, 0
2516, 0
2517, 20
2518, 12
2519, 12
2520, 13
2521, 0
2522, 15
2523, 0
2524, 5
2525, 11
2526, 26
2527, 9
2528, 5
2529, 11
2530, 26
2531, 25
2532, 17
2533, 10
2534, 10
2535, 11
2536, 10
2537, 11
2538, 0
2539, 5
2540, 15
2541, 9
2542, 0
2543, 5
2544, 15
2545, 9
2546, 4
2547, 0
2548, 0
2549, 21
2550, 12
2551, 12
2552, 15
2553, 0
2554, 12
2555, 24
2556, 5
2557, 0
2558, 21
2559, 25
2560, 4
2561, 0
2562, 0
2563, 15
2564, 15
2565, 13
2566, 12
2567, 7
2568, 0
2569, 15
2570, 24
2571, 5
2572, 24
2573, 5
2574, 0
2575, 12
2576, 0
2577, 5
2578, 14
2579, 29
2580, 8
2581, 5
2582, 18
2583, 12
2584, 0
2585, 0
2586, 5
2587, 14
2588, 30
2589, 23
2590, 23
2591, 5
2592, 18
2593, 12
2594, 0
2595, 20
2596, 9
2597, 8
2598, 0
2599, 5
2600, 14
2601, 29
2602, 32
2603, 10
2604, 10
2605, 10
2606, 10
2607, 9
2608, 10
2609, 9
2610, 5
2611, 18
2612, 12
2613, 0
2614, 32
2615, 14
2616, 14
2617, 14
2618, 26
2619, 7
2620, 12
2621, 27
2622, 9
2623, 6
2624, 4
2625, 0
2626, 20
2627, 1
2628, 16
2629, 15
2630, 16
2631, 18
2632, 30
2633, 9
2634, 16
2635, 11
2636, 21
2637, 21
2638, 28
2639, 10
2640, 12
2641, 15
2642, 9
2643, 11
2644, 10
2645, 4
2646, 0
2647, 20
2648, 16
2649, 15
2650, 15
2651, 18
2652, 11
2653, 5
2654, 28
2655, 13
2656, 7
2657, 7
2658, 14
2659, 7
2660, 8
2661, 7
2662, 8
2663, 7
2664, 8
2665, 22
2666, 26
2667, 7
2668, 10
2669, 27
2670, 9
2671, 4
2672, 0
2673, 8
2674, 14
2675, 14
2676, 14
2677, 24
2678, 10
2679, 6
2680, 16
2681, 11
2682, 20
2683, 11
2684, 20
2685, 11
2686, 20
2687, 26
2688, 4
2689, 0
