1, 43
2, 40
3, 4
4, 33
5, 30
6, 41
7, 4
8, 43
9, 42
10, 25
11, 30
12, 4
13, 43
14, 59
15, 1
16, 83
17, 1
18, 32
19, 32
20, 32
21, 34
22, 34
23, 41
24, 19
25, 85
26, 75
27, 1
28, 25
29, 28
30, 26
31, 27
32, 28
33, 13
34, 44
35, 36
36, 16
37, 1
38, 50
39, 46
40, 67
41, 84
42, 54
43, 61
44, 66
45, 37
46, 18
47, 73
48, 73
49, 1
50, 41
51, 69
52, 83
53, 70
54, 39
55, 37
56, 103
57, 66
58, 13
59, 20
60, 98
61, 44
62, 41
63, 5
64, 34
65, 31
66, 42
67, 5
68, 44
69, 43
70, 26
71, 31
72, 5
73, 44
74, 60
75, 5
76, 40
77, 42
78, 5
79, 2
80, 84
81, 2
82, 63
83, 2
84, 33
85, 33
86, 33
87, 35
88, 35
89, 42
90, 20
91, 86
92, 76
93, 2
94, 26
95, 29
96, 27
97, 28
98, 29
99, 14
100, 45
101, 37
102, 17
103, 2
104, 51
105, 47
106, 68
107, 85
108, 55
109, 62
110, 67
111, 38
112, 19
113, 74
114, 74
115, 2
116, 42
117, 70
118, 84
119, 71
120, 40
121, 38
122, 104
123, 67
124, 14
125, 21
126, 99
127, 35
128, 39
129, 4
130, 35
131, 1
132, 1
133, 51
134, 41
135, 36
136, 1
137, 30
138, 62
139, 8
140, 17
141, 20
142, 16
143, 13
144, 1
145, 16
146, 21
147, 16
148, 14
149, 1
150, 19
151, 21
152, 13
153, 14
154, 6
155, 22
156, 1
157, 72
158, 44
159, 49
160, 1
161, 65
162, 77
163, 29
164, 29
165, 30
166, 1
167, 68
168, 58
169, 44
170, 49
171, 75
172, 1
173, 77
174, 60
175, 30
176, 27
177, 21
178, 27
179, 53
180, 17
181, 14
182, 45
183, 39
184, 23
185, 17
186, 61
187, 43
188, 48
189, 36
190, 41
191, 56
192, 13
193, 64
194, 42
195, 65
196, 52
197, 10
198, 25
199, 60
200, 9
201, 51
202, 44
203, 37
204, 56
205, 1
206, 41
207, 63
208, 27
209, 24
210, 22
211, 56
212, 35
213, 8
214, 40
215, 44
216, 18
217, 60
218, 45
219, 1
220, 41
221, 40
222, 3
223, 35
224, 3
225, 1
226, 24
227, 34
228, 40
229, 1
230, 24
231, 1
232, 29
233, 34
234, 74
235, 18
236, 1
237, 34
238, 72
239, 31
240, 42
241, 71
242, 32
243, 1
244, 25
245, 56
246, 74
247, 63
248, 73
249, 73
250, 78
251, 71
252, 37
253, 75
254, 28
255, 88
256, 46
257, 70
258, 67
259, 1
260, 41
261, 56
262, 49
263, 32
264, 57
265, 66
266, 55
267, 65
268, 65
269, 70
270, 63
271, 29
272, 68
273, 1
274, 35
275, 63
276, 43
277, 47
278, 48
279, 41
280, 57
281, 65
282, 79
283, 38
284, 88
285, 38
286, 51
287, 23
288, 55
289, 62
290, 60
291, 115
292, 73
293, 66
294, 70
295, 3
296, 1
297, 30
298, 25
299, 1
300, 30
301, 1
302, 3
303, 21
304, 3
305, 1
306, 53
307, 10
308, 47
309, 13
310, 17
311, 84
312, 67
313, 75
314, 41
315, 53
316, 28
317, 45
318, 29
319, 75
320, 77
321, 77
322, 59
323, 78
324, 88
325, 1
326, 29
327, 41
328, 10
329, 70
330, 80
331, 1
332, 45
333, 77
334, 16
335, 19
336, 15
337, 26
338, 33
339, 28
340, 37
341, 1
342, 20
343, 29
344, 30
345, 30
346, 33
347, 1
348, 55
349, 26
350, 22
351, 51
352, 29
353, 46
354, 76
355, 48
356, 51
357, 100
358, 54
359, 40
360, 33
361, 70
362, 46
363, 72
364, 94
365, 102
366, 108
367, 54
368, 102
369, 42
370, 95
371, 65
372, 67
373, 91
374, 66
375, 70
376, 41
377, 58
378, 50
379, 119
380, 76
381, 83
382, 125
383, 95
384, 101
385, 120
386, 104
387, 67
388, 54
389, 68
390, 59
391, 64
392, 96
393, 108
394, 92
395, 96
396, 80
397, 90
398, 91
399, 111
400, 114
401, 90
402, 94
403, 95
404, 90
405, 90
406, 94
407, 80
408, 78
409, 80
410, 78
411, 105
412, 115
413, 116
414, 96
415, 101
416, 27
417, 67
418, 122
419, 131
420, 64
421, 103
422, 48
423, 78
424, 94
425, 78
426, 50
427, 31
428, 23
429, 1
430, 3
431, 17
432, 3
433, 1
434, 7
435, 22
436, 25
437, 26
438, 26
439, 26
440, 22
441, 26
442, 26
443, 26
444, 32
445, 1
446, 44
447, 55
448, 33
449, 43
450, 52
451, 39
452, 44
453, 81
454, 18
455, 57
456, 39
457, 63
458, 71
459, 53
460, 89
461, 92
462, 50
463, 50
464, 28
465, 29
466, 61
467, 33
468, 61
469, 38
470, 3
471, 38
472, 44
473, 78
474, 21
475, 56
476, 48
477, 26
478, 64
479, 47
480, 1
481, 1
482, 22
483, 1
484, 15
485, 27
486, 43
487, 40
488, 33
489, 1
490, 32
491, 29
492, 24
493, 12
494, 1
495, 20
496, 65
497, 23
498, 52
499, 53
500, 53
501, 53
502, 25
503, 1
504, 58
505, 56
506, 5
507, 44
508, 5
509, 10
510, 1
511, 25
512, 33
513, 21
514, 1
515, 28
516, 40
517, 21
518, 1
519, 38
520, 49
521, 22
522, 59
523, 31
524, 31
525, 48
526, 39
527, 75
528, 26
529, 40
530, 45
531, 1
532, 14
533, 25
534, 46
535, 43
536, 34
537, 32
538, 53
539, 29
540, 39
541, 60
542, 24
543, 13
544, 15
545, 51
546, 57
547, 41
548, 40
549, 3
550, 35
551, 3
552, 1
553, 29
554, 14
555, 1
556, 29
557, 1
558, 38
559, 30
560, 86
561, 73
562, 1
563, 56
564, 92
565, 55
566, 14
567, 1
568, 88
569, 40
570, 48
571, 30
572, 27
573, 48
574, 41
575, 65
576, 43
577, 50
578, 36
579, 30
580, 94
581, 73
582, 94
583, 93
584, 82
585, 69
586, 82
587, 114
588, 116
589, 79
590, 111
591, 121
592, 62
593, 52
594, 74
595, 83
596, 42
597, 35
598, 69
599, 27
600, 83
601, 1
602, 71
603, 31
604, 29
605, 44
606, 29
607, 15
608, 32
609, 18
610, 66
611, 47
612, 66
613, 42
614, 91
615, 97
616, 17
617, 1
618, 18
619, 58
620, 1
621, 70
622, 48
623, 78
624, 79
625, 16
626, 59
627, 73
628, 73
629, 42
630, 41
631, 71
632, 29
633, 26
634, 58
635, 59
636, 106
637, 90
638, 69
639, 71
640, 84
641, 74
642, 63
643, 63
644, 85
645, 56
646, 78
647, 82
648, 41
649, 69
650, 91
651, 46
652, 74
653, 62
654, 63
655, 1
656, 32
657, 42
658, 67
659, 52
660, 94
661, 76
662, 1
663, 1
664, 22
665, 1
666, 15
667, 26
668, 1
669, 44
670, 41
671, 5
672, 18
673, 70
674, 46
675, 6
676, 43
677, 67
678, 74
679, 85
680, 5
681, 16
682, 124
683, 12
684, 45
685, 2
686, 63
687, 2
688, 21
689, 29
690, 18
691, 19
692, 34
693, 55
694, 55
695, 21
696, 2
697, 64
698, 2
699, 30
700, 19
701, 45
702, 19
703, 31
704, 29
705, 93
706, 37
707, 52
708, 51
709, 51
710, 40
711, 68
712, 68
713, 60
714, 78
715, 71
716, 44
717, 61
718, 73
719, 43
720, 44
721, 36
722, 50
723, 53
724, 61
725, 54
726, 63
727, 83
728, 68
729, 2
730, 23
731, 59
732, 2
733, 2
734, 18
735, 43
736, 42
737, 20
738, 43
739, 40
740, 4
741, 55
742, 69
743, 45
744, 5
745, 43
746, 66
747, 73
748, 84
749, 4
750, 15
751, 123
752, 11
753, 44
754, 1
755, 43
756, 34
757, 1
758, 62
759, 1
760, 35
761, 24
762, 1
763, 23
764, 28
765, 24
766, 25
767, 25
768, 66
769, 49
770, 57
771, 56
772, 1
773, 30
774, 28
775, 24
776, 21
777, 22
778, 33
779, 68
780, 29
781, 53
782, 34
783, 33
784, 21
785, 26
786, 69
787, 30
788, 73
789, 55
790, 67
791, 77
792, 26
793, 44
794, 13
795, 1
796, 20
797, 24
798, 17
799, 18
800, 34
801, 54
802, 54
803, 18
804, 88
805, 106
806, 54
807, 30
808, 1
809, 63
810, 7
811, 29
812, 40
813, 30
814, 28
815, 50
816, 55
817, 47
818, 82
819, 42
820, 43
821, 35
822, 60
823, 47
824, 40
825, 56
826, 57
827, 77
828, 62
829, 1
830, 22
831, 58
832, 1
833, 1
834, 17
835, 42
836, 41
837, 19
838, 43
839, 40
840, 4
841, 25
842, 5
843, 66
844, 90
845, 70
846, 4
847, 15
848, 123
849, 11
850, 44
851, 43
852, 34
853, 1
854, 62
855, 1
856, 35
857, 24
858, 1
859, 23
860, 28
861, 24
862, 25
863, 25
864, 66
865, 49
866, 57
867, 56
868, 1
869, 30
870, 28
871, 24
872, 21
873, 22
874, 33
875, 68
876, 29
877, 53
878, 34
879, 33
880, 21
881, 26
882, 69
883, 30
884, 73
885, 55
886, 67
887, 77
888, 26
889, 44
890, 13
891, 55
892, 23
893, 30
894, 16
895, 34
896, 13
897, 1
898, 90
899, 45
900, 36
901, 30
902, 37
903, 1
904, 1
905, 75
906, 60
907, 34
908, 58
909, 55
910, 73
911, 35
912, 33
913, 82
914, 87
915, 51
916, 33
917, 59
918, 77
919, 1
920, 37
921, 52
922, 31
923, 39
924, 31
925, 17
926, 28
927, 13
928, 39
929, 32
930, 17
931, 43
932, 42
933, 40
934, 57
935, 37
936, 35
937, 34
938, 1
939, 1
940, 1
941, 22
942, 28
943, 50
944, 42
945, 68
946, 92
947, 26
948, 26
949, 62
950, 61
951, 62
952, 67
953, 44
954, 55
955, 40
956, 42
957, 47
958, 39
959, 72
960, 34
961, 35
962, 37
963, 49
964, 35
965, 1
966, 1
967, 89
968, 106
969, 30
970, 36
971, 111
972, 1
973, 18
974, 23
975, 23
976, 112
977, 53
978, 108
979, 91
980, 116
981, 68
982, 61
983, 34
984, 72
985, 44
986, 28
987, 31
988, 34
989, 61
990, 1
991, 17
992, 42
993, 41
994, 30
995, 19
996, 43
997, 40
998, 38
999, 35
1000, 46
1001, 41
1002, 76
1003, 46
1004, 1
1005, 28
1006, 28
1007, 27
1008, 1
1009, 27
1010, 1
1011, 44
1012, 1
1013, 24
1014, 56
1015, 31
1016, 75
1017, 27
1018, 1
1019, 29
1020, 1
1021, 33
1022, 26
1023, 32
1024, 1
1025, 39
1026, 47
1027, 47
1028, 47
1029, 47
1030, 47
1031, 47
1032, 42
1033, 1
1034, 19
1035, 10
1036, 32
1037, 32
1038, 32
1039, 32
1040, 1
1041, 32
1042, 32
1043, 32
1044, 32
1045, 32
1046, 32
1047, 32
1048, 32
1049, 32
1050, 32
1051, 34
1052, 1
1053, 27
1054, 10
1055, 43
1056, 43
1057, 43
1058, 45
1059, 1
1060, 31
1061, 20
1062, 32
1063, 32
1064, 40
1065, 43
1066, 1
1067, 1
1068, 33
1069, 47
1070, 32
1071, 31
1072, 21
1073, 42
1074, 62
1075, 37
1076, 1
1077, 32
1078, 68
1079, 48
1080, 90
1081, 19
1082, 29
1083, 34
1084, 70
1085, 35
1086, 38
1087, 61
1088, 67
1089, 58
1090, 58
1091, 24
1092, 39
1093, 29
1094, 67
1095, 22
1096, 40
1097, 20
1098, 23
1099, 59
1100, 1
1101, 1
1102, 51
1103, 35
1104, 54
1105, 54
1106, 59
1107, 59
1108, 74
1109, 51
1110, 34
1111, 70
1112, 37
1113, 69
1114, 53
1115, 30
1116, 30
1117, 30
1118, 73
1119, 17
1120, 75
1121, 77
1122, 31
1123, 32
1124, 1
1125, 1
1126, 15
1127, 68
1128, 82
1129, 77
1130, 1
1131, 26
1132, 34
1133, 1
1134, 73
1135, 89
1136, 113
1137, 43
1138, 40
1139, 43
1140, 1
1141, 80
1142, 37
1143, 1
1144, 38
1145, 35
1146, 46
1147, 41
1148, 76
1149, 46
1150, 1
1151, 30
1152, 30
1153, 29
1154, 1
1155, 32
1156, 1
1157, 30
1158, 1
1159, 24
1160, 52
1161, 31
1162, 54
1163, 56
1164, 36
1165, 34
1166, 34
1167, 1
1168, 31
1169, 1
1170, 37
1171, 26
1172, 32
1173, 1
1174, 30
1175, 1
1176, 46
1177, 47
1178, 47
1179, 47
1180, 47
1181, 47
1182, 47
1183, 42
1184, 1
1185, 47
1186, 1
1187, 20
1188, 10
1189, 32
1190, 32
1191, 32
1192, 32
1193, 1
1194, 32
1195, 32
1196, 32
1197, 32
1198, 32
1199, 32
1200, 32
1201, 32
1202, 32
1203, 32
1204, 34
1205, 1
1206, 29
1207, 10
1208, 43
1209, 43
1210, 43
1211, 45
1212, 1
1213, 31
1214, 20
1215, 31
1216, 36
1217, 32
1218, 40
1219, 43
1220, 1
1221, 33
1222, 1
1223, 6
1224, 33
1225, 47
1226, 32
1227, 31
1228, 21
1229, 42
1230, 62
1231, 37
1232, 1
1233, 33
1234, 47
1235, 31
1236, 32
1237, 31
1238, 29
1239, 23
1240, 21
1241, 28
1242, 66
1243, 56
1244, 52
1245, 39
1246, 34
1247, 28
1248, 33
1249, 1
1250, 34
1251, 1
1252, 68
1253, 47
1254, 29
1255, 92
1256, 19
1257, 28
1258, 32
1259, 34
1260, 70
1261, 35
1262, 38
1263, 61
1264, 67
1265, 60
1266, 58
1267, 24
1268, 39
1269, 29
1270, 67
1271, 22
1272, 40
1273, 20
1274, 22
1275, 59
1276, 1
1277, 1
1278, 51
1279, 34
1280, 31
1281, 54
1282, 54
1283, 59
1284, 59
1285, 74
1286, 71
1287, 34
1288, 70
1289, 37
1290, 41
1291, 67
1292, 51
1293, 28
1294, 28
1295, 28
1296, 73
1297, 15
1298, 73
1299, 75
1300, 29
1301, 30
1302, 1
1303, 1
1304, 15
1305, 30
1306, 70
1307, 84
1308, 69
1309, 59
1310, 23
1311, 25
1312, 1
1313, 28
1314, 37
1315, 1
1316, 48
1317, 65
1318, 51
1319, 80
1320, 57
1321, 62
1322, 61
1323, 41
1324, 38
1325, 3
1326, 32
1327, 1
1328, 52
1329, 1
1330, 52
1331, 31
1332, 33
1333, 26
1334, 1
1335, 37
1336, 53
1337, 93
1338, 93
1339, 93
1340, 93
1341, 93
1342, 93
1343, 88
1344, 1
1345, 20
1346, 17
1347, 40
1348, 31
1349, 63
1350, 66
1351, 76
1352, 31
1353, 1
1354, 26
1355, 29
1356, 49
1357, 62
1358, 1
1359, 52
1360, 36
1361, 94
1362, 1
1363, 42
1364, 37
1365, 83
1366, 1
1367, 13
1368, 20
1369, 22
1370, 34
1371, 51
1372, 33
1373, 24
1374, 34
1375, 74
1376, 1
1377, 63
1378, 63
1379, 57
1380, 36
1381, 15
1382, 48
1383, 36
1384, 14
1385, 26
1386, 52
1387, 40
1388, 60
1389, 31
1390, 41
1391, 29
1392, 56
1393, 1
1394, 37
1395, 51
1396, 61
1397, 16
1398, 37
1399, 1
1400, 63
1401, 28
1402, 22
1403, 8
1404, 99
1405, 34
1406, 55
1407, 36
1408, 36
1409, 22
1410, 35
1411, 39
1412, 20
1413, 17
1414, 17
1415, 28
1416, 87
1417, 12
1418, 29
1419, 45
1420, 20
1421, 17
1422, 42
1423, 18
1424, 1
1425, 28
1426, 42
1427, 36
1428, 27
1429, 55
1430, 55
1431, 82
1432, 36
1433, 56
1434, 28
1435, 46
1436, 36
1437, 70
1438, 69
1439, 29
1440, 60
1441, 61
1442, 1
1443, 29
1444, 20
1445, 42
1446, 86
1447, 124
1448, 109
1449, 99
1450, 35
1451, 29
1452, 23
1453, 68
1454, 108
1455, 117
1456, 44
1457, 41
1458, 5
1459, 26
1460, 104
1461, 40
1462, 5
1463, 16
1464, 120
1465, 12
1466, 43
1467, 44
1468, 2
1469, 53
1470, 2
1471, 30
1472, 44
1473, 38
1474, 75
1475, 59
1476, 2
1477, 56
1478, 2
1479, 20
1480, 29
1481, 35
1482, 2
1483, 41
1484, 41
1485, 59
1486, 46
1487, 43
1488, 2
1489, 42
1490, 45
1491, 17
1492, 60
1493, 40
1494, 48
1495, 53
1496, 40
1497, 19
1498, 15
1499, 2
1500, 28
1501, 49
1502, 22
1503, 43
1504, 39
1505, 67
1506, 63
1507, 8
1508, 4
1509, 23
1510, 38
1511, 2
1512, 18
1513, 23
1514, 4
1515, 32
1516, 2
1517, 32
1518, 2
1519, 26
1520, 52
1521, 2
1522, 49
1523, 2
1524, 25
1525, 23
1526, 24
1527, 41
1528, 2
1529, 41
1530, 2
1531, 31
1532, 49
1533, 32
1534, 87
1535, 2
1536, 28
1537, 46
1538, 76
1539, 29
1540, 66
1541, 4
1542, 2
1543, 2
1544, 2
1545, 71
1546, 15
1547, 56
1548, 30
1549, 2
1550, 37
1551, 31
1552, 25
1553, 72
1554, 2
1555, 25
1556, 56
1557, 21
1558, 2
1559, 41
1560, 49
1561, 61
1562, 53
1563, 2
1564, 41
1565, 50
1566, 20
1567, 46
1568, 80
1569, 55
1570, 2
1571, 42
1572, 37
1573, 25
1574, 23
1575, 37
1576, 47
1577, 53
1578, 44
1579, 64
1580, 40
1581, 72
1582, 33
1583, 2
1584, 45
1585, 20
1586, 23
1587, 21
1588, 2
1589, 39
1590, 55
1591, 31
1592, 2
1593, 34
1594, 2
1595, 32
1596, 87
1597, 2
1598, 40
1599, 15
1600, 25
1601, 49
1602, 46
1603, 33
1604, 15
1605, 2
1606, 41
1607, 59
1608, 31
1609, 59
1610, 29
1611, 40
1612, 15
1613, 60
1614, 76
1615, 89
1616, 22
1617, 29
1618, 53
1619, 38
1620, 98
1621, 36
1622, 55
1623, 30
1624, 77
1625, 39
1626, 16
1627, 2
1628, 2
1629, 36
1630, 72
1631, 72
1632, 72
1633, 72
1634, 72
1635, 72
1636, 67
1637, 40
1638, 82
1639, 82
1640, 82
1641, 72
1642, 24
1643, 36
1644, 50
1645, 50
1646, 50
1647, 54
1648, 2
1649, 34
1650, 25
1651, 35
1652, 75
1653, 89
1654, 74
1655, 67
1656, 35
1657, 78
1658, 81
1659, 95
1660, 24
1661, 44
1662, 41
1663, 5
1664, 26
1665, 104
1666, 40
1667, 5
1668, 16
1669, 118
1670, 12
1671, 43
1672, 44
1673, 2
1674, 54
1675, 73
1676, 32
1677, 2
1678, 53
1679, 2
1680, 30
1681, 44
1682, 38
1683, 75
1684, 59
1685, 2
1686, 56
1687, 2
1688, 41
1689, 2
1690, 26
1691, 27
1692, 62
1693, 30
1694, 32
1695, 4
1696, 2
1697, 20
1698, 23
1699, 35
1700, 2
1701, 41
1702, 41
1703, 59
1704, 58
1705, 43
1706, 2
1707, 42
1708, 45
1709, 17
1710, 60
1711, 40
1712, 48
1713, 53
1714, 40
1715, 19
1716, 15
1717, 2
1718, 28
1719, 49
1720, 22
1721, 43
1722, 39
1723, 67
1724, 63
1725, 8
1726, 2
1727, 39
1728, 48
1729, 48
1730, 57
1731, 57
1732, 49
1733, 65
1734, 63
1735, 8
1736, 20
1737, 46
1738, 77
1739, 64
1740, 65
1741, 41
1742, 2
1743, 18
1744, 24
1745, 2
1746, 25
1747, 23
1748, 24
1749, 41
1750, 2
1751, 30
1752, 80
1753, 20
1754, 34
1755, 83
1756, 27
1757, 46
1758, 12
1759, 2
1760, 28
1761, 73
1762, 27
1763, 59
1764, 11
1765, 2
1766, 22
1767, 29
1768, 2
1769, 27
1770, 24
1771, 23
1772, 24
1773, 17
1774, 24
1775, 62
1776, 26
1777, 22
1778, 65
1779, 2
1780, 66
1781, 48
1782, 85
1783, 85
1784, 85
1785, 85
1786, 85
1787, 85
1788, 81
1789, 2
1790, 2
1791, 2
1792, 48
1793, 38
1794, 35
1795, 77
1796, 77
1797, 77
1798, 68
1799, 2
1800, 32
1801, 32
1802, 22
1803, 18
1804, 32
1805, 32
1806, 32
1807, 36
1808, 2
1809, 77
1810, 2
1811, 15
1812, 30
1813, 2
1814, 14
1815, 29
1816, 26
1817, 2
1818, 31
1819, 25
1820, 69
1821, 2
1822, 25
1823, 53
1824, 19
1825, 19
1826, 10
1827, 2
1828, 65
1829, 34
1830, 78
1831, 71
1832, 23
1833, 20
1834, 20
1835, 34
1836, 33
1837, 45
1838, 57
1839, 56
1840, 32
1841, 63
1842, 28
1843, 2
1844, 51
1845, 18
1846, 21
1847, 20
1848, 18
1849, 2
1850, 62
1851, 51
1852, 31
1853, 32
1854, 87
1855, 48
1856, 15
1857, 25
1858, 46
1859, 68
1860, 30
1861, 15
1862, 2
1863, 37
1864, 51
1865, 31
1866, 59
1867, 29
1868, 48
1869, 15
1870, 60
1871, 76
1872, 86
1873, 22
1874, 29
1875, 50
1876, 35
1877, 95
1878, 33
1879, 60
1880, 27
1881, 74
1882, 36
1883, 16
1884, 2
1885, 30
1886, 21
1887, 31
1888, 71
1889, 85
1890, 70
1891, 63
1892, 31
1893, 97
1894, 28
1895, 96
1896, 78
1897, 54
1898, 55
1899, 64
1900, 43
1901, 64
1902, 45
1903, 46
1904, 47
1905, 22
1906, 23
1907, 61
1908, 39
1909, 27
1910, 46
1911, 1
1912, 89
1913, 49
1914, 1
1915, 15
1916, 28
1917, 50
1918, 1
1919, 15
1920, 68
1921, 82
1922, 77
1923, 32
1924, 43
1925, 40
1926, 34
1927, 42
1928, 50
1929, 73
1930, 42
1931, 64
1932, 1
1933, 26
1934, 86
1935, 73
1936, 73
1937, 73
1938, 57
1939, 43
1940, 46
1941, 95
1942, 40
1943, 1
1944, 72
1945, 49
1946, 27
1947, 49
1948, 69
1949, 51
1950, 40
1951, 74
1952, 105
1953, 1
1954, 56
1955, 50
1956, 51
1957, 38
1958, 72
1959, 14
1960, 1
1961, 43
1962, 29
1963, 17
1964, 27
1965, 29
1966, 51
1967, 122
1968, 72
1969, 140
1970, 142
1971, 100
1972, 130
1973, 15
1974, 1
1975, 3
1976, 67
1977, 3
1978, 30
1979, 38
1980, 43
1981, 53
1982, 67
1983, 85
1984, 52
1985, 114
1986, 1
1987, 15
1988, 49
1989, 49
1990, 63
1991, 81
1992, 48
1993, 27
1994, 80
1995, 30
1996, 43
1997, 40
1998, 37
1999, 32
2000, 1
2001, 1
2002, 34
2003, 53
2004, 42
2005, 28
2006, 15
2007, 48
2008, 14
2009, 57
2010, 59
2011, 66
2012, 57
2013, 73
2014, 45
2015, 60
2016, 6
2017, 1
2018, 33
2019, 34
2020, 53
2021, 28
2022, 24
2023, 22
2024, 33
2025, 33
2026, 35
2027, 1
2028, 31
2029, 26
2030, 22
2031, 31
2032, 27
2033, 55
2034, 15
2035, 1
2036, 31
2037, 27
2038, 53
2039, 29
2040, 28
2041, 55
2042, 35
2043, 19
2044, 27
2045, 36
2046, 36
2047, 55
2048, 65
2049, 11
2050, 1
2051, 36
2052, 46
2053, 60
2054, 1
2055, 26
2056, 54
2057, 86
2058, 73
2059, 57
2060, 43
2061, 46
2062, 95
2063, 40
2064, 1
2065, 37
2066, 42
2067, 28
2068, 49
2069, 28
2070, 18
2071, 29
2072, 28
2073, 34
2074, 42
2075, 25
2076, 29
2077, 35
2078, 32
2079, 50
2080, 52
2081, 54
2082, 39
2083, 28
2084, 38
2085, 47
2086, 54
2087, 15
2088, 1
2089, 41
2090, 49
2091, 25
2092, 55
2093, 18
2094, 21
2095, 1
2096, 15
2097, 44
2098, 41
2099, 44
2100, 49
2101, 34
2102, 34
2103, 38
2104, 39
2105, 41
2106, 48
2107, 56
2108, 1
2109, 1
2110, 15
2111, 60
2112, 55
2113, 64
2114, 58
2115, 66
2116, 62
2117, 16
2118, 43
2119, 40
2120, 37
2121, 1
2122, 1
2123, 34
2124, 53
2125, 42
2126, 28
2127, 15
2128, 48
2129, 14
2130, 52
2131, 59
2132, 61
2133, 57
2134, 73
2135, 45
2136, 60
2137, 6
2138, 1
2139, 33
2140, 34
2141, 53
2142, 28
2143, 24
2144, 22
2145, 33
2146, 33
2147, 35
2148, 1
2149, 31
2150, 26
2151, 22
2152, 31
2153, 27
2154, 55
2155, 15
2156, 1
2157, 31
2158, 27
2159, 53
2160, 29
2161, 28
2162, 55
2163, 35
2164, 19
2165, 27
2166, 36
2167, 36
2168, 55
2169, 65
2170, 11
2171, 1
2172, 36
2173, 46
2174, 60
2175, 1
2176, 26
2177, 54
2178, 86
2179, 73
2180, 57
2181, 43
2182, 46
2183, 95
2184, 40
2185, 1
2186, 37
2187, 42
2188, 28
2189, 49
2190, 28
2191, 18
2192, 29
2193, 28
2194, 34
2195, 42
2196, 25
2197, 30
2198, 35
2199, 32
2200, 50
2201, 52
2202, 54
2203, 39
2204, 28
2205, 38
2206, 47
2207, 54
2208, 15
2209, 1
2210, 41
2211, 49
2212, 25
2213, 55
2214, 18
2215, 21
2216, 1
2217, 15
2218, 44
2219, 41
2220, 44
2221, 49
2222, 34
2223, 34
2224, 38
2225, 39
2226, 41
2227, 48
2228, 56
2229, 1
2230, 1
2231, 15
2232, 60
2233, 55
2234, 64
2235, 58
2236, 66
2237, 62
2238, 16
2239, 41
2240, 40
2241, 3
2242, 35
2243, 3
2244, 1
2245, 27
2246, 14
2247, 1
2248, 27
2249, 1
2250, 63
2251, 48
2252, 37
2253, 74
2254, 46
2255, 63
2256, 82
2257, 95
2258, 90
2259, 1
2260, 35
2261, 61
2262, 39
2263, 27
2264, 12
2265, 1
2266, 43
2267, 53
2268, 44
2269, 35
2270, 25
2271, 54
2272, 58
2273, 32
2274, 52
2275, 1
2276, 65
2277, 18
2278, 77
2279, 67
2280, 74
2281, 57
2282, 55
2283, 76
2284, 1
2285, 75
2286, 20
2287, 116
2288, 36
2289, 38
2290, 59
2291, 33
2292, 55
2293, 77
2294, 48
2295, 54
2296, 65
2297, 47
2298, 44
2299, 47
2300, 77
2301, 54
2302, 103
2303, 70
2304, 56
2305, 62
2306, 35
2307, 23
2308, 1
2309, 42
2310, 44
2311, 86
2312, 84
2313, 86
2314, 1
2315, 97
2316, 41
2317, 35
2318, 38
2319, 76
2320, 57
2321, 82
2322, 65
2323, 69
2324, 39
2325, 77
2326, 45
2327, 67
2328, 62
2329, 75
2330, 67
2331, 90
2332, 1
2333, 26
2334, 80
2335, 19
2336, 1
2337, 22
2338, 72
2339, 7
2340, 1
2341, 46
2342, 1
2343, 124
2344, 41
2345, 26
2346, 33
2347, 45
2348, 33
2349, 88
2350, 99
2351, 80
2352, 82
2353, 113
2354, 35
2355, 78
2356, 64
2357, 76
2358, 57
2359, 51
2360, 88
2361, 85
2362, 86
2363, 65
2364, 38
2365, 98
2366, 122
2367, 39
2368, 1
2369, 74
2370, 30
2371, 22
2372, 48
2373, 33
2374, 56
2375, 77
2376, 65
2377, 67
2378, 70
2379, 68
2380, 87
2381, 103
2382, 100
2383, 84
2384, 78
2385, 1
2386, 45
2387, 72
2388, 1
2389, 29
2390, 54
2391, 74
2392, 24
2393, 51
2394, 58
2395, 88
2396, 57
2397, 37
2398, 59
2399, 60
2400, 62
2401, 68
2402, 80
2403, 1
2404, 44
2405, 26
2406, 49
2407, 51
2408, 55
2409, 30
2410, 69
2411, 34
2412, 47
2413, 1
2414, 1
2415, 15
2416, 72
2417, 40
2418, 31
2419, 38
2420, 1
2421, 1
2422, 22
2423, 1
2424, 15
2425, 24
2426, 1
2427, 42
2428, 41
2429, 4
2430, 36
2431, 5
2432, 30
2433, 39
2434, 2
2435, 28
2436, 15
2437, 2
2438, 28
2439, 2
2440, 60
2441, 2
2442, 64
2443, 49
2444, 38
2445, 75
2446, 47
2447, 64
2448, 83
2449, 96
2450, 91
2451, 2
2452, 36
2453, 62
2454, 40
2455, 28
2456, 13
2457, 2
2458, 44
2459, 54
2460, 45
2461, 36
2462, 26
2463, 55
2464, 59
2465, 33
2466, 53
2467, 2
2468, 66
2469, 19
2470, 78
2471, 68
2472, 75
2473, 58
2474, 56
2475, 77
2476, 2
2477, 76
2478, 21
2479, 117
2480, 37
2481, 39
2482, 60
2483, 34
2484, 56
2485, 78
2486, 49
2487, 55
2488, 66
2489, 48
2490, 45
2491, 48
2492, 78
2493, 55
2494, 104
2495, 71
2496, 57
2497, 63
2498, 36
2499, 24
2500, 2
2501, 43
2502, 45
2503, 87
2504, 85
2505, 87
2506, 2
2507, 98
2508, 42
2509, 36
2510, 39
2511, 77
2512, 58
2513, 83
2514, 66
2515, 70
2516, 40
2517, 78
2518, 46
2519, 68
2520, 63
2521, 76
2522, 68
2523, 91
2524, 2
2525, 27
2526, 81
2527, 20
2528, 2
2529, 23
2530, 73
2531, 8
2532, 2
2533, 47
2534, 2
2535, 125
2536, 42
2537, 27
2538, 34
2539, 46
2540, 34
2541, 89
2542, 100
2543, 81
2544, 83
2545, 114
2546, 36
2547, 79
2548, 65
2549, 77
2550, 58
2551, 52
2552, 89
2553, 86
2554, 87
2555, 66
2556, 39
2557, 99
2558, 123
2559, 40
2560, 2
2561, 75
2562, 31
2563, 23
2564, 49
2565, 34
2566, 57
2567, 78
2568, 66
2569, 68
2570, 71
2571, 69
2572, 88
2573, 104
2574, 101
2575, 85
2576, 79
2577, 2
2578, 46
2579, 73
2580, 2
2581, 30
2582, 55
2583, 75
2584, 25
2585, 52
2586, 59
2587, 89
2588, 58
2589, 38
2590, 60
2591, 61
2592, 63
2593, 69
2594, 81
2595, 2
2596, 45
2597, 27
2598, 50
2599, 52
2600, 56
2601, 31
2602, 70
2603, 35
2604, 48
2605, 2
2606, 2
2607, 16
2608, 73
2609, 41
2610, 32
2611, 39
2612, 2
2613, 2
2614, 23
2615, 2
2616, 16
2617, 25
2618, 43
2619, 40
2620, 4
2621, 54
2622, 88
2623, 73
2624, 44
2625, 4
2626, 15
2627, 127
2628, 11
2629, 46
2630, 1
2631, 28
2632, 46
2633, 54
2634, 19
2635, 17
2636, 20
2637, 20
2638, 20
2639, 30
2640, 29
2641, 28
2642, 90
2643, 20
2644, 1
2645, 44
2646, 68
2647, 38
2648, 1
2649, 22
2650, 45
2651, 24
2652, 47
2653, 27
2654, 28
2655, 21
2656, 34
2657, 60
2658, 34
2659, 67
2660, 59
2661, 34
2662, 31
2663, 47
2664, 31
2665, 41
2666, 30
2667, 26
2668, 1
2669, 37
2670, 1
2671, 32
2672, 61
2673, 54
2674, 1
2675, 90
2676, 41
2677, 78
2678, 5
2679, 1
2680, 47
2681, 31
2682, 29
2683, 54
2684, 42
2685, 61
2686, 56
2687, 81
2688, 51
2689, 1
2690, 1
2691, 42
2692, 35
2693, 57
2694, 1
2695, 58
2696, 37
2697, 60
2698, 40
2699, 41
2700, 34
2701, 47
2702, 73
2703, 47
2704, 80
2705, 72
2706, 47
2707, 44
2708, 60
2709, 44
2710, 54
2711, 36
2712, 37
2713, 37
2714, 27
2715, 21
2716, 23
2717, 43
2718, 47
2719, 43
2720, 92
2721, 33
2722, 43
2723, 40
2724, 1
2725, 15
2726, 44
2727, 36
2728, 44
2729, 91
2730, 76
2731, 70
2732, 76
2733, 1
2734, 40
2735, 39
2736, 35
2737, 31
2738, 42
2739, 40
2740, 3
2741, 19
2742, 5
2743, 40
2744, 3
2745, 1
2746, 1
2747, 47
2748, 35
2749, 34
2750, 1
2751, 53
2752, 23
2753, 17
2754, 36
2755, 44
2756, 42
2757, 1
2758, 1
2759, 1
2760, 1
2761, 64
2762, 59
2763, 26
2764, 36
2765, 45
2766, 44
2767, 44
2768, 1
2769, 1
2770, 67
2771, 31
2772, 1
2773, 1
2774, 70
2775, 64
2776, 1
2777, 1
2778, 31
2779, 25
2780, 3
2781, 1
2782, 22
2783, 36
2784, 86
2785, 1
2786, 23
2787, 43
2788, 87
2789, 1
2790, 1
2791, 26
2792, 37
2793, 86
2794, 1
2795, 29
2796, 41
2797, 88
2798, 3
2799, 40
2800, 54
2801, 88
2802, 1
2803, 71
2804, 49
2805, 33
2806, 46
2807, 89
2808, 1
2809, 26
2810, 37
2811, 88
2812, 3
2813, 1
2814, 1
2815, 20
2816, 49
2817, 50
2818, 47
2819, 49
2820, 40
2821, 46
2822, 39
2823, 47
2824, 4
2825, 1
2826, 28
2827, 31
2828, 1
2829, 1
2830, 46
2831, 19
2832, 11
2833, 18
2834, 44
2835, 40
2836, 1
2837, 1
2838, 35
2839, 28
2840, 43
2841, 38
2842, 50
2843, 47
2844, 1
2845, 11
2846, 32
2847, 94
2848, 6
2849, 34
2850, 37
2851, 1
2852, 47
2853, 52
2854, 54
2855, 53
2856, 1
2857, 1
2858, 45
2859, 38
2860, 9
2861, 105
2862, 45
2863, 1
2864, 1
2865, 35
2866, 26
2867, 72
2868, 64
2869, 74
2870, 44
2871, 1
2872, 48
2873, 33
2874, 18
2875, 28
2876, 1
2877, 31
2878, 46
2879, 44
2880, 31
2881, 1
2882, 34
2883, 47
2884, 1
2885, 55
2886, 1
2887, 34
2888, 49
2889, 17
2890, 41
2891, 41
2892, 84
2893, 54
2894, 1
2895, 21
2896, 1
2897, 40
2898, 38
2899, 47
2900, 43
2901, 1
2902, 53
2903, 1
2904, 39
2905, 1
2906, 1
2907, 1
2908, 60
2909, 69
2910, 70
2911, 71
2912, 13
2913, 28
2914, 77
2915, 52
2916, 1
2917, 1
2918, 24
2919, 92
2920, 43
2921, 40
2922, 4
2923, 41
2924, 41
2925, 56
2926, 76
2927, 49
2928, 27
2929, 55
2930, 71
2931, 38
2932, 37
2933, 75
2934, 72
2935, 65
2936, 1
2937, 39
2938, 41
2939, 1
2940, 47
2941, 34
2942, 65
2943, 8
2944, 11
2945, 8
2946, 43
2947, 1
2948, 24
2949, 35
2950, 36
2951, 37
2952, 56
2953, 56
2954, 58
2955, 55
2956, 1
2957, 23
2958, 35
2959, 35
2960, 37
2961, 57
2962, 56
2963, 56
2964, 55
2965, 1
2966, 23
2967, 35
2968, 36
2969, 37
2970, 57
2971, 57
2972, 58
2973, 56
2974, 1
2975, 24
2976, 37
2977, 38
2978, 37
2979, 57
2980, 57
2981, 58
2982, 56
2983, 1
2984, 20
2985, 64
2986, 1
2987, 31
2988, 28
2989, 51
2990, 30
2991, 30
2992, 30
2993, 61
2994, 53
2995, 28
2996, 28
2997, 29
2998, 37
2999, 37
3000, 37
3001, 37
3002, 37
3003, 38
3004, 7
3005, 1
3006, 27
3007, 30
3008, 36
3009, 25
3010, 33
3011, 21
3012, 31
3013, 31
3014, 33
3015, 1
3016, 23
3017, 19
3018, 31
3019, 38
3020, 27
3021, 30
3022, 42
3023, 42
3024, 45
3025, 27
3026, 40
3027, 40
3028, 40
3029, 68
3030, 57
3031, 8
3032, 1
3033, 32
3034, 19
3035, 19
3036, 20
3037, 23
3038, 36
3039, 36
3040, 37
3041, 52
3042, 52
3043, 53
3044, 10
3045, 1
3046, 17
3047, 23
3048, 69
3049, 29
3050, 40
3051, 19
3052, 31
3053, 42
3054, 1
3055, 15
3056, 68
3057, 82
3058, 77
3059, 16
3060, 1
3061, 44
3062, 41
3063, 5
3064, 42
3065, 42
3066, 57
3067, 77
3068, 50
3069, 28
3070, 56
3071, 72
3072, 39
3073, 38
3074, 76
3075, 73
3076, 66
3077, 30
3078, 39
3079, 2
3080, 60
3081, 2
3082, 40
3083, 42
3084, 2
3085, 48
3086, 35
3087, 66
3088, 9
3089, 12
3090, 9
3091, 44
3092, 2
3093, 25
3094, 36
3095, 37
3096, 38
3097, 57
3098, 57
3099, 59
3100, 56
3101, 2
3102, 24
3103, 36
3104, 36
3105, 38
3106, 58
3107, 57
3108, 57
3109, 56
3110, 2
3111, 24
3112, 36
3113, 37
3114, 38
3115, 58
3116, 58
3117, 59
3118, 57
3119, 2
3120, 25
3121, 38
3122, 39
3123, 38
3124, 58
3125, 58
3126, 59
3127, 57
3128, 2
3129, 21
3130, 65
3131, 2
3132, 32
3133, 29
3134, 52
3135, 31
3136, 31
3137, 31
3138, 62
3139, 54
3140, 29
3141, 29
3142, 30
3143, 38
3144, 38
3145, 38
3146, 38
3147, 38
3148, 39
3149, 8
3150, 2
3151, 28
3152, 31
3153, 37
3154, 26
3155, 34
3156, 22
3157, 32
3158, 32
3159, 33
3160, 8
3161, 2
3162, 24
3163, 20
3164, 32
3165, 39
3166, 28
3167, 31
3168, 43
3169, 43
3170, 46
3171, 28
3172, 41
3173, 41
3174, 41
3175, 69
3176, 58
3177, 9
3178, 2
3179, 33
3180, 20
3181, 20
3182, 21
3183, 24
3184, 37
3185, 37
3186, 38
3187, 53
3188, 53
3189, 54
3190, 11
3191, 2
3192, 18
3193, 24
3194, 70
3195, 30
3196, 41
3197, 20
3198, 32
3199, 43
3200, 2
3201, 16
3202, 69
3203, 83
3204, 78
3205, 17
3206, 35
3207, 39
3208, 4
3209, 65
3210, 1
3211, 29
3212, 80
3213, 40
3214, 52
3215, 29
3216, 66
3217, 12
3218, 28
3219, 42
3220, 47
3221, 51
3222, 68
3223, 22
3224, 25
3225, 1
3226, 25
3227, 69
3228, 71
3229, 1
3230, 23
3231, 31
3232, 59
3233, 79
3234, 22
3235, 76
3236, 52
3237, 23
3238, 74
3239, 76
3240, 45
3241, 23
3242, 66
3243, 47
3244, 54
3245, 46
3246, 55
3247, 62
3248, 40
3249, 45
3250, 55
3251, 58
3252, 41
3253, 38
3254, 3
3255, 50
3256, 1
3257, 52
3258, 1
3259, 43
3260, 46
3261, 30
3262, 47
3263, 66
3264, 65
3265, 70
3266, 43
3267, 46
3268, 1
3269, 28
3270, 47
3271, 47
3272, 55
3273, 1
3274, 35
3275, 61
3276, 47
3277, 54
3278, 61
3279, 1
3280, 30
3281, 51
3282, 56
3283, 58
3284, 1
3285, 30
3286, 51
3287, 47
3288, 54
3289, 61
3290, 1
3291, 27
3292, 45
3293, 46
3294, 57
3295, 58
3296, 1
3297, 27
3298, 45
3299, 47
3300, 54
3301, 57
3302, 58
3303, 1
3304, 32
3305, 55
3306, 47
3307, 54
3308, 57
3309, 59
3310, 1
3311, 31
3312, 53
3313, 47
3314, 54
3315, 54
3316, 57
3317, 58
3318, 1
3319, 30
3320, 51
3321, 47
3322, 54
3323, 57
3324, 61
3325, 1
3326, 33
3327, 57
3328, 47
3329, 54
3330, 57
3331, 61
3332, 1
3333, 54
3334, 16
3335, 16
3336, 15
3337, 15
3338, 15
3339, 1
3340, 15
3341, 40
3342, 40
3343, 39
3344, 39
3345, 40
3346, 1
3347, 18
3348, 22
3349, 22
3350, 21
3351, 21
3352, 22
3353, 1
3354, 24
3355, 34
3356, 11
3357, 15
3358, 40
3359, 40
3360, 40
3361, 51
3362, 40
3363, 44
3364, 19
3365, 40
3366, 1
3367, 21
3368, 28
3369, 27
3370, 38
3371, 37
3372, 36
3373, 35
3374, 38
3375, 1
3376, 27
3377, 32
3378, 30
3379, 31
3380, 1
3381, 20
3382, 28
3383, 14
3384, 22
3385, 22
3386, 23
3387, 40
3388, 26
3389, 26
3390, 34
3391, 34
3392, 34
3393, 14
3394, 16
3395, 25
3396, 30
3397, 41
3398, 33
3399, 29
3400, 28
3401, 19
3402, 30
3403, 24
3404, 46
3405, 25
3406, 26
3407, 31
3408, 24
3409, 42
3410, 1
3411, 35
3412, 26
3413, 84
3414, 108
3415, 129
3416, 117
3417, 78
3418, 15
3419, 21
3420, 20
3421, 1
3422, 34
3423, 38
3424, 3
3425, 72
3426, 1
3427, 35
3428, 43
3429, 1
3430, 31
3431, 64
3432, 15
3433, 15
3434, 15
3435, 14
3436, 17
3437, 18
3438, 37
3439, 40
3440, 26
3441, 63
3442, 42
3443, 34
3444, 48
3445, 37
3446, 19
3447, 33
3448, 45
3449, 48
3450, 77
3451, 43
3452, 46
3453, 19
3454, 1
3455, 23
3456, 33
3457, 27
3458, 45
3459, 31
3460, 47
3461, 55
3462, 71
3463, 65
3464, 44
3465, 71
3466, 66
3467, 49
3468, 55
3469, 55
3470, 48
3471, 1
3472, 1
3473, 23
3474, 31
3475, 59
3476, 72
3477, 59
3478, 47
3479, 16
3480, 22
3481, 67
3482, 39
3483, 76
3484, 46
3485, 41
3486, 31
3487, 73
3488, 76
3489, 76
3490, 1
3491, 24
3492, 22
3493, 23
3494, 1
3495, 21
3496, 1
3497, 30
3498, 24
3499, 55
3500, 31
3501, 31
3502, 72
3503, 25
3504, 26
3505, 1
3506, 15
3507, 68
3508, 82
3509, 77
3510, 41
3511, 28
3512, 47
3513, 42
3514, 39
3515, 4
3516, 34
3517, 1
3518, 1
3519, 55
3520, 18
3521, 23
3522, 1
3523, 27
3524, 8
3525, 23
3526, 31
3527, 31
3528, 31
3529, 31
3530, 31
3531, 31
3532, 31
3533, 33
3534, 1
3535, 29
3536, 37
3537, 35
3538, 39
3539, 35
3540, 35
3541, 20
3542, 1
3543, 1
3544, 55
3545, 32
3546, 25
3547, 13
3548, 37
3549, 58
3550, 57
3551, 65
3552, 27
3553, 26
3554, 1
3555, 1
3556, 50
3557, 8
3558, 56
3559, 47
3560, 39
3561, 17
3562, 65
3563, 1
3564, 50
3565, 39
3566, 36
3567, 73
3568, 5
3569, 21
3570, 38
3571, 40
3572, 1
3573, 70
3574, 46
3575, 40
3576, 25
3577, 79
3578, 42
3579, 42
3580, 39
3581, 4
3582, 47
3583, 1
3584, 55
3585, 18
3586, 22
3587, 1
3588, 12
3589, 7
3590, 49
3591, 29
3592, 1
3593, 31
3594, 45
3595, 1
3596, 27
3597, 24
3598, 32
3599, 32
3600, 32
3601, 32
3602, 32
3603, 32
3604, 32
3605, 34
3606, 1
3607, 29
3608, 37
3609, 35
3610, 39
3611, 35
3612, 35
3613, 20
3614, 1
3615, 12
3616, 7
3617, 42
3618, 32
3619, 36
3620, 1
3621, 64
3622, 34
3623, 17
3624, 24
3625, 42
3626, 63
3627, 1
3628, 16
3629, 42
3630, 14
3631, 15
3632, 12
3633, 67
3634, 46
3635, 28
3636, 62
3637, 35
3638, 31
3639, 70
3640, 31
3641, 25
3642, 66
3643, 52
3644, 35
3645, 1
3646, 33
3647, 23
3648, 33
3649, 51
3650, 1
3651, 19
3652, 51
3653, 41
3654, 35
3655, 10
3656, 32
3657, 82
3658, 38
3659, 55
3660, 36
3661, 89
3662, 90
3663, 29
3664, 65
3665, 38
3666, 69
3667, 49
3668, 67
3669, 24
3670, 75
3671, 52
3672, 51
3673, 27
3674, 27
3675, 69
3676, 77
3677, 7
3678, 1
3679, 12
3680, 13
3681, 19
3682, 10
3683, 98
3684, 58
3685, 50
3686, 80
3687, 58
3688, 16
3689, 39
3690, 31
3691, 44
3692, 1
3693, 19
3694, 38
3695, 35
3696, 63
3697, 65
3698, 38
3699, 21
3700, 75
3701, 48
3702, 13
3703, 13
3704, 37
3705, 41
3706, 58
3707, 62
3708, 68
3709, 92
3710, 20
3711, 68
3712, 20
3713, 30
3714, 63
3715, 78
3716, 51
3717, 38
3718, 27
3719, 58
3720, 49
3721, 67
3722, 45
3723, 86
3724, 88
3725, 63
3726, 23
3727, 22
3728, 1
3729, 49
3730, 47
3731, 39
3732, 47
3733, 62
3734, 1
3735, 14
3736, 9
3737, 39
3738, 35
3739, 28
3740, 31
3741, 68
3742, 51
3743, 40
3744, 74
3745, 41
3746, 14
3747, 37
3748, 40
3749, 14
3750, 43
3751, 27
3752, 24
3753, 29
3754, 42
3755, 60
3756, 30
3757, 37
3758, 44
3759, 39
3760, 42
3761, 80
3762, 50
3763, 42
3764, 68
3765, 43
3766, 94
3767, 34
3768, 4
3769, 35
3770, 39
3771, 29
3772, 38
3773, 1
3774, 40
3775, 46
3776, 38
3777, 1
3778, 19
3779, 51
3780, 58
3781, 58
3782, 60
3783, 10
3784, 1
3785, 31
3786, 43
3787, 41
3788, 31
3789, 61
3790, 37
3791, 23
3792, 49
3793, 10
3794, 1
3795, 15
3796, 44
3797, 55
3798, 97
3799, 66
3800, 66
3801, 26
3802, 32
3803, 32
3804, 36
3805, 42
3806, 105
3807, 74
3808, 45
3809, 102
3810, 60
3811, 60
3812, 95
3813, 94
3814, 112
3815, 49
3816, 70
3817, 49
3818, 64
3819, 40
3820, 36
3821, 22
3822, 49
3823, 50
3824, 23
3825, 83
3826, 36
3827, 60
3828, 39
3829, 37
3830, 43
3831, 87
3832, 52
3833, 94
3834, 55
3835, 56
3836, 89
3837, 55
3838, 80
3839, 62
3840, 39
3841, 43
3842, 24
3843, 34
3844, 43
3845, 40
3846, 1
3847, 38
3848, 46
3849, 1
3850, 90
3851, 1
3852, 29
3853, 1
3854, 32
3855, 66
3856, 70
3857, 38
3858, 48
3859, 27
3860, 37
3861, 42
3862, 41
3863, 1
3864, 15
3865, 69
3866, 15
3867, 28
3868, 39
3869, 51
3870, 61
3871, 41
3872, 24
3873, 18
3874, 40
3875, 37
3876, 46
3877, 69
3878, 31
3879, 71
3880, 81
3881, 17
3882, 43
3883, 40
3884, 3
3885, 56
3886, 3
3887, 41
3888, 43
3889, 60
3890, 56
3891, 69
3892, 1
3893, 71
3894, 71
3895, 39
3896, 1
3897, 30
3898, 44
3899, 1
3900, 70
3901, 66
3902, 63
3903, 52
3904, 69
3905, 20
3906, 26
3907, 20
3908, 30
3909, 21
3910, 23
3911, 29
3912, 66
3913, 1
3914, 28
3915, 27
3916, 49
3917, 84
3918, 19
3919, 21
3920, 61
3921, 13
3922, 1
3923, 29
3924, 27
3925, 49
3926, 84
3927, 19
3928, 21
3929, 61
3930, 13
3931, 1
3932, 1
3933, 35
3934, 26
3935, 72
3936, 64
3937, 85
3938, 73
3939, 46
3940, 56
3941, 80
3942, 80
3943, 58
3944, 55
3945, 22
3946, 40
3947, 41
3948, 24
3949, 24
3950, 23
3951, 47
3952, 47
3953, 77
3954, 1
3955, 17
3956, 50
3957, 40
3958, 48
3959, 49
3960, 39
3961, 1
3962, 44
3963, 41
3964, 3
3965, 56
3966, 3
3967, 41
3968, 43
3969, 60
3970, 56
3971, 69
3972, 41
3973, 34
3974, 47
3975, 56
3976, 45
3977, 69
3978, 37
3979, 43
3980, 39
3981, 1
3982, 1
3983, 70
3984, 66
3985, 63
3986, 53
3987, 69
3988, 20
3989, 1
3990, 52
3991, 1
3992, 23
3993, 24
3994, 24
3995, 46
3996, 51
3997, 1
3998, 42
3999, 37
4000, 52
4001, 38
4002, 26
4003, 34
4004, 56
4005, 45
4006, 1
4007, 41
4008, 37
4009, 52
4010, 38
4011, 26
4012, 34
4013, 56
4014, 45
4015, 1
4016, 12
4017, 45
4018, 33
4019, 26
4020, 59
4021, 49
4022, 41
4023, 59
4024, 46
4025, 67
4026, 23
4027, 62
4028, 1
4029, 12
4030, 46
4031, 32
4032, 1
4033, 47
4034, 30
4035, 24
4036, 41
4037, 30
4038, 24
4039, 46
4040, 1
4041, 35
4042, 26
4043, 72
4044, 64
4045, 85
4046, 73
4047, 46
4048, 30
4049, 56
4050, 80
4051, 80
4052, 57
4053, 60
4054, 55
4055, 22
4056, 41
4057, 42
4058, 24
4059, 24
4060, 23
4061, 47
4062, 47
4063, 77
4064, 1
4065, 44
4066, 41
4067, 3
4068, 56
4069, 3
4070, 41
4071, 43
4072, 60
4073, 56
4074, 69
4075, 41
4076, 34
4077, 47
4078, 56
4079, 45
4080, 69
4081, 37
4082, 1
4083, 1
4084, 70
4085, 66
4086, 63
4087, 53
4088, 69
4089, 20
4090, 1
4091, 23
4092, 24
4093, 24
4094, 46
4095, 51
4096, 1
4097, 42
4098, 37
4099, 52
4100, 38
4101, 26
4102, 34
4103, 56
4104, 45
4105, 1
4106, 41
4107, 37
4108, 52
4109, 38
4110, 26
4111, 34
4112, 56
4113, 45
4114, 1
4115, 12
4116, 45
4117, 33
4118, 26
4119, 59
4120, 49
4121, 41
4122, 59
4123, 46
4124, 67
4125, 23
4126, 62
4127, 1
4128, 12
4129, 46
4130, 32
4131, 1
4132, 47
4133, 30
4134, 24
4135, 41
4136, 30
4137, 24
4138, 46
4139, 1
4140, 35
4141, 26
4142, 72
4143, 64
4144, 85
4145, 73
4146, 46
4147, 30
4148, 56
4149, 80
4150, 80
4151, 57
4152, 60
4153, 55
4154, 22
4155, 41
4156, 42
4157, 24
4158, 24
4159, 23
4160, 47
4161, 47
4162, 77
4163, 35
4164, 39
4165, 28
4166, 39
4167, 1
4168, 15
4169, 44
4170, 31
4171, 43
4172, 40
4173, 57
4174, 62
4175, 57
4176, 44
4177, 40
4178, 69
4179, 46
4180, 40
4181, 69
4182, 71
4183, 21
4184, 31
4185, 57
4186, 54
4187, 40
4188, 37
4189, 43
4190, 1
4191, 15
4192, 52
4193, 31
4194, 45
4195, 39
4196, 40
4197, 37
4198, 43
4199, 40
4200, 1
4201, 1
4202, 1
4203, 15
4204, 36
4205, 55
4206, 82
4207, 42
4208, 42
4209, 39
4210, 4
4211, 46
4212, 1
4213, 59
4214, 1
4215, 29
4216, 27
4217, 27
4218, 55
4219, 23
4220, 24
4221, 32
4222, 57
4223, 55
4224, 1
4225, 44
4226, 1
4227, 22
4228, 44
4229, 29
4230, 35
4231, 37
4232, 44
4233, 12
4234, 40
4235, 64
4236, 58
4237, 33
4238, 70
4239, 47
4240, 57
4241, 1
4242, 17
4243, 28
4244, 33
4245, 17
4246, 15
4247, 49
4248, 61
4249, 52
4250, 46
4251, 55
4252, 24
4253, 51
4254, 54
4255, 1
4256, 15
4257, 68
4258, 82
4259, 77
4260, 16
4261, 42
4262, 39
4263, 4
4264, 46
4265, 40
4266, 1
4267, 29
4268, 27
4269, 27
4270, 54
4271, 27
4272, 24
4273, 32
4274, 57
4275, 55
4276, 1
4277, 44
4278, 1
4279, 29
4280, 45
4281, 27
4282, 45
4283, 26
4284, 54
4285, 49
4286, 1
4287, 22
4288, 47
4289, 85
4290, 29
4291, 25
4292, 38
4293, 22
4294, 62
4295, 1
4296, 17
4297, 28
4298, 38
4299, 45
4300, 64
4301, 13
4302, 37
4303, 26
4304, 39
4305, 1
4306, 15
4307, 68
4308, 82
4309, 77
4310, 16
