1, 41
2, 38
3, 1
4, 29
5, 3
6, 1
7, 1
8, 23
9, 29
10, 35
11, 34
12, 2
13, 1
14, 26
15, 41
16, 46
17, 2
18, 1
19, 41
20, 38
21, 1
22, 29
23, 3
24, 1
25, 1
26, 26
27, 39
28, 1
29, 23
30, 38
31, 1
32, 23
33, 29
34, 46
35, 1
36, 33
37, 2
38, 34
39, 38
40, 29
41, 50
42, 3
43, 1
44, 17
45, 27
46, 27
47, 14
48, 2
49, 1
50, 29
51, 72
52, 1
53, 40
54, 15
55, 30
56, 22
57, 41
58, 41
59, 19
60, 1
61, 1
62, 22
63, 1
64, 26
65, 38
66, 45
67, 36
68, 1
69, 75
70, 1
71, 45
72, 1
73, 56
74, 59
75, 1
76, 19
77, 40
78, 68
79, 1
80, 52
81, 5
82, 1
83, 60
84, 2
85, 1
86, 48
87, 64
88, 41
89, 38
90, 29
91, 3
92, 1
93, 17
94, 27
95, 27
96, 14
97, 2
98, 1
99, 40
100, 15
101, 30
102, 22
103, 41
104, 41
105, 19
106, 1
107, 29
108, 72
109, 1
110, 57
111, 16
112, 37
113, 65
114, 34
115, 2
116, 1
117, 1
118, 30
119, 25
120, 57
121, 1
122, 25
123, 21
124, 40
125, 5
126, 2
127, 1
128, 1
129, 1
130, 22
131, 1
132, 26
133, 38
134, 45
135, 1
136, 58
137, 1
138, 56
139, 59
140, 42
141, 5
142, 4
143, 1
144, 36
145, 1
146, 75
147, 45
148, 1
149, 40
150, 83
151, 1
152, 71
153, 33
154, 32
155, 1
156, 21
157, 36
158, 1
159, 60
160, 2
161, 1
162, 1
163, 1
164, 48
165, 64
166, 1
167, 53
168, 51
169, 41
170, 38
171, 37
172, 3
173, 1
174, 41
175, 2
176, 20
177, 5
178, 20
179, 29
180, 2
181, 30
182, 9
183, 30
184, 13
185, 33
186, 17
187, 37
188, 21
189, 33
190, 34
191, 21
192, 22
193, 21
194, 54
195, 45
196, 45
197, 2
198, 35
199, 34
200, 2
201, 36
202, 21
203, 17
204, 18
205, 17
206, 35
207, 17
208, 13
209, 9
210, 5
211, 2
212, 31
213, 5
214, 30
215, 26
216, 32
217, 28
218, 2
219, 11
220, 9
221, 37
222, 13
223, 40
224, 44
225, 38
226, 32
227, 13
228, 9
229, 2
230, 24
231, 9
232, 30
233, 25
234, 38
235, 47
236, 37
237, 49
238, 40
239, 46
240, 2
241, 27
242, 9
243, 5
244, 2
245, 49
246, 5
247, 52
248, 5
249, 2
250, 6
251, 23
252, 5
253, 78
254, 2
255, 66
256, 2
257, 39
258, 50
259, 57
260, 2
261, 33
262, 25
263, 2
264, 20
265, 33
266, 9
267, 26
268, 42
269, 9
270, 2
271, 23
272, 5
273, 2
274, 35
275, 2
276, 41
277, 38
278, 29
279, 1
280, 65
281, 61
282, 60
283, 3
284, 1
285, 1
286, 34
287, 1
288, 52
289, 25
290, 20
291, 6
292, 29
293, 57
294, 6
295, 29
296, 59
297, 7
298, 10
299, 57
300, 6
301, 2
302, 1
303, 36
304, 36
305, 24
306, 28
307, 80
308, 14
309, 2
310, 1
311, 1
312, 1
313, 39
314, 1
315, 25
316, 40
317, 40
318, 1
319, 37
320, 37
321, 1
322, 30
323, 1
324, 1
325, 45
326, 1
327, 27
328, 1
329, 32
330, 1
331, 58
332, 3
333, 28
334, 23
335, 31
336, 1
337, 64
338, 24
339, 30
340, 30
341, 1
342, 25
343, 12
344, 1
345, 16
346, 23
347, 23
348, 30
349, 30
350, 45
351, 12
352, 1
353, 61
354, 8
355, 5
356, 1
357, 2
358, 1
359, 1
360, 32
361, 21
362, 18
363, 21
364, 26
365, 40
366, 1
367, 25
368, 21
369, 83
370, 36
371, 1
372, 56
373, 43
374, 25
375, 8
376, 5
377, 4
378, 2
379, 1
380, 1
381, 1
382, 70
383, 35
384, 14
385, 46
386, 70
387, 1
388, 44
389, 43
390, 2
391, 31
392, 2
393, 1
394, 1
395, 50
396, 58
397, 60
398, 1
399, 28
400, 42
401, 32
402, 68
403, 1
404, 1
405, 51
406, 1
407, 71
408, 1
409, 16
410, 34
411, 29
412, 54
413, 5
414, 29
415, 14
416, 2
417, 1
418, 1
419, 15
420, 1
421, 26
422, 34
423, 1
424, 33
425, 42
426, 78
427, 2
428, 41
429, 38
430, 29
431, 1
432, 65
433, 61
434, 60
435, 1
436, 46
437, 3
438, 1
439, 1
440, 34
441, 1
442, 52
443, 25
444, 20
445, 6
446, 29
447, 57
448, 6
449, 29
450, 59
451, 7
452, 10
453, 57
454, 6
455, 2
456, 1
457, 36
458, 36
459, 24
460, 28
461, 80
462, 14
463, 2
464, 1
465, 1
466, 1
467, 39
468, 1
469, 25
470, 40
471, 40
472, 1
473, 37
474, 37
475, 1
476, 30
477, 1
478, 1
479, 45
480, 1
481, 27
482, 1
483, 32
484, 1
485, 58
486, 3
487, 28
488, 23
489, 31
490, 1
491, 64
492, 24
493, 30
494, 30
495, 1
496, 25
497, 12
498, 1
499, 16
500, 23
501, 23
502, 30
503, 30
504, 45
505, 12
506, 1
507, 61
508, 8
509, 5
510, 1
511, 2
512, 1
513, 1
514, 32
515, 21
516, 18
517, 21
518, 26
519, 40
520, 1
521, 25
522, 21
523, 83
524, 36
525, 1
526, 56
527, 43
528, 25
529, 8
530, 25
531, 8
532, 5
533, 4
534, 2
535, 1
536, 1
537, 1
538, 70
539, 35
540, 14
541, 46
542, 70
543, 1
544, 44
545, 43
546, 2
547, 31
548, 2
549, 1
550, 1
551, 50
552, 58
553, 60
554, 1
555, 28
556, 42
557, 32
558, 68
559, 1
560, 1
561, 51
562, 1
563, 71
564, 1
565, 16
566, 34
567, 29
568, 54
569, 5
570, 29
571, 14
572, 2
573, 1
574, 1
575, 15
576, 1
577, 26
578, 34
579, 1
580, 33
581, 42
582, 78
583, 2
584, 41
585, 38
586, 29
587, 1
588, 65
589, 61
590, 60
591, 1
592, 46
593, 3
594, 1
595, 1
596, 34
597, 1
598, 52
599, 25
600, 20
601, 6
602, 29
603, 57
604, 6
605, 29
606, 59
607, 7
608, 10
609, 57
610, 6
611, 2
612, 1
613, 36
614, 36
615, 24
616, 28
617, 80
618, 14
619, 2
620, 1
621, 1
622, 1
623, 35
624, 1
625, 25
626, 33
627, 33
628, 1
629, 37
630, 37
631, 1
632, 30
633, 1
634, 1
635, 31
636, 1
637, 27
638, 1
639, 32
640, 1
641, 58
642, 3
643, 28
644, 23
645, 31
646, 1
647, 64
648, 24
649, 30
650, 30
651, 1
652, 25
653, 12
654, 1
655, 16
656, 23
657, 23
658, 30
659, 30
660, 45
661, 12
662, 1
663, 61
664, 8
665, 5
666, 1
667, 2
668, 1
669, 1
670, 32
671, 21
672, 18
673, 21
674, 26
675, 40
676, 1
677, 25
678, 59
679, 1
680, 21
681, 47
682, 40
683, 1
684, 57
685, 31
686, 44
687, 25
688, 8
689, 25
690, 8
691, 5
692, 4
693, 2
694, 1
695, 1
696, 14
697, 26
698, 34
699, 1
700, 23
701, 30
702, 42
703, 2
704, 1
705, 1
706, 1
707, 1
708, 70
709, 35
710, 14
711, 46
712, 70
713, 1
714, 44
715, 43
716, 2
717, 31
718, 2
719, 1
720, 1
721, 50
722, 58
723, 60
724, 1
725, 28
726, 42
727, 32
728, 68
729, 1
730, 1
731, 51
732, 1
733, 71
734, 1
735, 16
736, 34
737, 29
738, 54
739, 5
740, 29
741, 14
742, 2
743, 1
744, 1
745, 15
746, 1
747, 26
748, 34
749, 1
750, 33
751, 42
752, 78
753, 2
754, 40
755, 38
756, 1
757, 29
758, 3
759, 1
760, 18
761, 19
762, 1
763, 26
764, 39
765, 41
766, 33
767, 45
768, 29
769, 16
770, 6
771, 17
772, 2
773, 1
774, 28
775, 1
776, 34
777, 32
778, 13
779, 4
780, 21
781, 39
782, 43
783, 18
784, 5
785, 1
786, 36
787, 1
788, 11
789, 42
790, 12
791, 52
792, 47
793, 49
794, 1
795, 36
796, 52
797, 42
798, 23
799, 29
800, 11
801, 61
802, 13
803, 30
804, 28
805, 8
806, 5
807, 2
808, 1
809, 46
810, 1
811, 34
812, 24
813, 13
814, 15
815, 1
816, 11
817, 39
818, 12
819, 49
820, 32
821, 10
822, 84
823, 43
824, 48
825, 77
826, 40
827, 10
828, 31
829, 32
830, 38
831, 23
832, 36
833, 13
834, 45
835, 43
836, 76
837, 11
838, 19
839, 30
840, 28
841, 18
842, 38
843, 8
844, 5
845, 2
846, 41
847, 38
848, 1
849, 29
850, 3
851, 1
852, 1
853, 26
854, 39
855, 1
856, 44
857, 1
858, 41
859, 33
860, 2
861, 1
862, 1
863, 40
864, 40
865, 1
866, 16
867, 16
868, 1
869, 1
870, 21
871, 22
872, 46
873, 9
874, 46
875, 2
876, 1
877, 1
878, 26
879, 23
880, 36
881, 2
882, 1
883, 1
884, 26
885, 28
886, 36
887, 2
888, 1
889, 1
890, 28
891, 28
892, 24
893, 61
894, 2
895, 41
896, 38
897, 1
898, 29
899, 3
900, 1
901, 1
902, 22
903, 18
904, 26
905, 27
906, 27
907, 35
908, 26
909, 18
910, 1
911, 40
912, 14
913, 17
914, 46
915, 23
916, 51
917, 19
918, 17
919, 8
920, 1
921, 47
922, 52
923, 61
924, 29
925, 16
926, 40
927, 31
928, 37
929, 74
930, 14
931, 26
932, 11
933, 10
934, 42
935, 40
936, 58
937, 11
938, 17
939, 1
940, 28
941, 43
942, 31
943, 20
944, 24
945, 27
946, 33
947, 19
948, 11
949, 27
950, 1
951, 34
952, 34
953, 14
954, 8
955, 5
956, 2
957, 1
958, 26
959, 41
960, 55
961, 2
962, 35
963, 38
964, 29
965, 3
966, 1
967, 18
968, 1
969, 26
970, 1
971, 14
972, 53
973, 53
974, 53
975, 53
976, 53
977, 53
978, 45
979, 1
980, 15
981, 47
982, 47
983, 47
984, 47
985, 1
986, 47
987, 47
988, 47
989, 47
990, 47
991, 47
992, 47
993, 47
994, 47
995, 47
996, 46
997, 6
998, 1
999, 23
1000, 58
1001, 58
1002, 58
1003, 57
1004, 6
1005, 1
1006, 4
1007, 32
1008, 24
1009, 1
1010, 38
1011, 67
1012, 4
1013, 60
1014, 63
1015, 76
1016, 1
1017, 12
1018, 2
1019, 1
1020, 1
1021, 49
1022, 1
1023, 41
1024, 17
1025, 29
1026, 31
1027, 30
1028, 5
1029, 2
1030, 1
1031, 37
1032, 30
1033, 36
1034, 46
1035, 30
1036, 2
1037, 1
1038, 1
1039, 25
1040, 1
1041, 87
1042, 14
1043, 42
1044, 1
1045, 19
1046, 54
1047, 56
1048, 19
1049, 23
1050, 5
1051, 2
1052, 1
1053, 84
1054, 46
1055, 42
1056, 1
1057, 19
1058, 54
1059, 31
1060, 29
1061, 27
1062, 14
1063, 8
1064, 19
1065, 23
1066, 5
1067, 2
1068, 1
1069, 1
1070, 18
1071, 1
1072, 21
1073, 19
1074, 20
1075, 19
1076, 1
1077, 42
1078, 33
1079, 30
1080, 2
1081, 41
1082, 38
1083, 1
1084, 29
1085, 3
1086, 1
1087, 26
1088, 46
1089, 2
1090, 1
1091, 1
1092, 15
1093, 36
1094, 1
1095, 10
1096, 57
1097, 2
1098, 35
1099, 38
1100, 32
1101, 1
1102, 16
1103, 1
1104, 26
1105, 39
1106, 32
1107, 1
1108, 19
1109, 29
1110, 1
1111, 42
1112, 2
1113, 41
1114, 38
1115, 1
1116, 29
1117, 3
1118, 1
1119, 1
1120, 26
1121, 41
1122, 18
1123, 1
1124, 46
1125, 1
1126, 33
1127, 42
1128, 32
1129, 65
1130, 1
1131, 19
1132, 2
1133, 1
1134, 1
1135, 41
1136, 38
1137, 1
1138, 29
1139, 3
1140, 1
1141, 1
1142, 26
1143, 40
1144, 22
1145, 1
1146, 53
1147, 48
1148, 37
1149, 47
1150, 1
1151, 15
1152, 19
1153, 51
1154, 1
1155, 20
1156, 36
1157, 28
1158, 58
1159, 42
1160, 31
1161, 15
1162, 47
1163, 8
1164, 4
1165, 27
1166, 36
1167, 33
1168, 38
1169, 2
1170, 1
1171, 1
1172, 26
1173, 37
1174, 35
1175, 38
1176, 32
1177, 1
1178, 16
1179, 1
1180, 26
1181, 38
1182, 1
1183, 34
1184, 60
1185, 1
1186, 25
1187, 1
1188, 43
1189, 2
1190, 1
1191, 1
1192, 36
1193, 20
1194, 15
1195, 1
1196, 22
1197, 21
1198, 11
1199, 14
1200, 32
1201, 13
1202, 23
1203, 25
1204, 26
1205, 25
1206, 20
1207, 11
1208, 8
1209, 13
1210, 18
1211, 24
1212, 49
1213, 28
1214, 27
1215, 26
1216, 12
1217, 26
1218, 8
1219, 19
1220, 5
1221, 2
1222, 1
1223, 1
1224, 21
1225, 19
1226, 20
1227, 19
1228, 1
1229, 40
1230, 33
1231, 30
1232, 2
1233, 1
1234, 38
1235, 39
1236, 29
1237, 39
1238, 39
1239, 13
1240, 3
1241, 41
1242, 38
1243, 1
1244, 30
1245, 3
1246, 1
1247, 52
1248, 37
1249, 40
1250, 31
1251, 1
1252, 1
1253, 20
1254, 1
1255, 46
1256, 40
1257, 30
1258, 43
1259, 43
1260, 24
1261, 2
1262, 35
1263, 38
1264, 69
1265, 3
1266, 1
1267, 18
1268, 16
1269, 1
1270, 26
1271, 65
1272, 36
1273, 22
1274, 1
1275, 42
1276, 44
1277, 5
1278, 1
1279, 42
1280, 23
1281, 20
1282, 17
1283, 25
1284, 44
1285, 5
1286, 12
1287, 1
1288, 58
1289, 27
1290, 27
1291, 1
1292, 25
1293, 26
1294, 28
1295, 34
1296, 40
1297, 2
1298, 1
1299, 1
1300, 20
1301, 20
1302, 18
1303, 1
1304, 1
1305, 34
1306, 53
1307, 1
1308, 52
1309, 18
1310, 50
1311, 45
1312, 71
1313, 17
1314, 15
1315, 1
1316, 43
1317, 22
1318, 78
1319, 1
1320, 17
1321, 5
1322, 1
1323, 1
1324, 48
1325, 77
1326, 21
1327, 50
1328, 44
1329, 50
1330, 5
1331, 1
1332, 61
1333, 67
1334, 1
1335, 43
1336, 42
1337, 40
1338, 54
1339, 46
1340, 30
1341, 29
1342, 17
1343, 76
1344, 11
1345, 8
1346, 1
1347, 76
1348, 26
1349, 5
1350, 2
1351, 40
1352, 38
1353, 1
1354, 29
1355, 3
1356, 1
1357, 1
1358, 26
1359, 39
1360, 1
1361, 22
1362, 20
1363, 20
1364, 1
1365, 23
1366, 45
1367, 50
1368, 1
1369, 23
1370, 47
1371, 1
1372, 51
1373, 45
1374, 27
1375, 36
1376, 1
1377, 52
1378, 27
1379, 34
1380, 1
1381, 20
1382, 31
1383, 1
1384, 43
1385, 49
1386, 63
1387, 1
1388, 29
1389, 49
1390, 25
1391, 8
1392, 1
1393, 21
1394, 2
1395, 35
1396, 38
1397, 29
1398, 3
1399, 1
1400, 18
1401, 1
1402, 26
1403, 45
1404, 24
1405, 43
1406, 1
1407, 49
1408, 27
1409, 24
1410, 28
1411, 34
1412, 1
1413, 32
1414, 34
1415, 1
1416, 37
1417, 70
1418, 1
1419, 20
1420, 14
1421, 41
1422, 37
1423, 30
1424, 56
1425, 55
1426, 1
1427, 27
1428, 35
1429, 19
1430, 1
1431, 31
1432, 41
1433, 24
1434, 11
1435, 1
1436, 27
1437, 49
1438, 34
1439, 11
1440, 8
1441, 6
1442, 12
1443, 2
1444, 41
1445, 38
1446, 1
1447, 29
1448, 3
1449, 1
1450, 1
1451, 26
1452, 41
1453, 22
1454, 1
1455, 34
1456, 34
1457, 33
1458, 1
1459, 38
1460, 1
1461, 32
1462, 38
1463, 32
1464, 22
1465, 2
1466, 1
1467, 1
1468, 41
1469, 18
1470, 34
1471, 36
1472, 39
1473, 28
1474, 13
1475, 2
1476, 1
1477, 1
1478, 48
1479, 26
1480, 48
1481, 34
1482, 40
1483, 22
1484, 42
1485, 40
1486, 24
1487, 8
1488, 2
1489, 41
1490, 38
1491, 1
1492, 29
1493, 3
1494, 1
1495, 1
1496, 26
1497, 38
1498, 16
1499, 1
1500, 30
1501, 55
1502, 37
1503, 1
1504, 48
1505, 56
1506, 38
1507, 2
1508, 1
1509, 1
1510, 33
1511, 33
1512, 35
1513, 14
1514, 29
1515, 23
1516, 20
1517, 15
1518, 2
1519, 1
1520, 33
1521, 26
1522, 18
1523, 1
1524, 15
1525, 15
1526, 35
1527, 25
1528, 20
1529, 8
1530, 19
1531, 5
1532, 2
1533, 41
1534, 38
1535, 1
1536, 29
1537, 3
1538, 1
1539, 18
1540, 20
1541, 1
1542, 26
1543, 30
1544, 48
1545, 9
1546, 68
1547, 20
1548, 43
1549, 41
1550, 22
1551, 27
1552, 8
1553, 6
1554, 28
1555, 29
1556, 15
1557, 5
1558, 1
1559, 42
1560, 21
1561, 21
1562, 32
1563, 33
1564, 23
1565, 19
1566, 23
1567, 24
1568, 1
1569, 33
1570, 31
1571, 48
1572, 34
1573, 30
1574, 34
1575, 6
1576, 1
1577, 27
1578, 24
1579, 45
1580, 26
1581, 51
1582, 59
1583, 5
1584, 1
1585, 30
1586, 1
1587, 19
1588, 16
1589, 30
1590, 59
1591, 5
1592, 1
1593, 27
1594, 46
1595, 55
1596, 53
1597, 66
1598, 67
1599, 57
1600, 53
1601, 57
1602, 2
1603, 1
1604, 1
1605, 38
1606, 39
1607, 29
1608, 39
1609, 39
1610, 13
1611, 3
1612, 1
1613, 35
1614, 38
1615, 32
1616, 1
1617, 16
1618, 1
1619, 26
1620, 38
1621, 41
1622, 1
1623, 51
1624, 47
1625, 51
1626, 2
1627, 1
1628, 1
1629, 20
1630, 72
1631, 1
1632, 2
1633, 45
1634, 25
1635, 33
1636, 33
1637, 33
1638, 5
1639, 39
1640, 2
1641, 1
1642, 28
1643, 46
1644, 51
1645, 48
1646, 48
1647, 48
1648, 1
1649, 61
1650, 61
1651, 1
1652, 55
1653, 55
1654, 55
1655, 1
1656, 55
1657, 55
1658, 55
1659, 11
1660, 8
1661, 1
1662, 28
1663, 33
1664, 33
1665, 33
1666, 8
1667, 5
1668, 1
1669, 20
1670, 19
1671, 46
1672, 37
1673, 42
1674, 42
1675, 45
1676, 1
1677, 51
1678, 48
1679, 48
1680, 48
1681, 1
1682, 61
1683, 63
1684, 11
1685, 8
1686, 16
1687, 4
1688, 2
1689, 1
1690, 1
1691, 35
1692, 37
1693, 35
1694, 1
1695, 13
1696, 34
1697, 37
1698, 16
1699, 1
1700, 57
1701, 29
1702, 29
1703, 29
1704, 19
1705, 5
1706, 2
1707, 1
1708, 28
1709, 31
1710, 32
1711, 32
1712, 48
1713, 48
1714, 49
1715, 47
1716, 3
1717, 1
1718, 27
1719, 31
1720, 31
1721, 32
1722, 49
1723, 48
1724, 48
1725, 46
1726, 3
1727, 1
1728, 27
1729, 31
1730, 32
1731, 32
1732, 48
1733, 48
1734, 49
1735, 46
1736, 3
1737, 1
1738, 28
1739, 31
1740, 32
1741, 31
1742, 48
1743, 48
1744, 49
1745, 46
1746, 3
1747, 1
1748, 70
1749, 35
1750, 38
1751, 32
1752, 1
1753, 16
1754, 1
1755, 26
1756, 38
1757, 41
1758, 1
1759, 51
1760, 47
1761, 51
1762, 2
1763, 1
1764, 1
1765, 20
1766, 72
1767, 1
1768, 2
1769, 45
1770, 25
1771, 33
1772, 33
1773, 33
1774, 5
1775, 39
1776, 2
1777, 1
1778, 28
1779, 46
1780, 51
1781, 48
1782, 48
1783, 48
1784, 1
1785, 61
1786, 61
1787, 1
1788, 55
1789, 55
1790, 55
1791, 1
1792, 55
1793, 55
1794, 55
1795, 11
1796, 8
1797, 1
1798, 46
1799, 43
1800, 43
1801, 43
1802, 8
1803, 5
1804, 1
1805, 20
1806, 19
1807, 46
1808, 37
1809, 42
1810, 42
1811, 45
1812, 1
1813, 51
1814, 48
1815, 48
1816, 48
1817, 1
1818, 61
1819, 63
1820, 11
1821, 8
1822, 16
1823, 4
1824, 2
1825, 1
1826, 1
1827, 35
1828, 37
1829, 35
1830, 1
1831, 13
1832, 34
1833, 37
1834, 16
1835, 1
1836, 57
1837, 29
1838, 29
1839, 29
1840, 19
1841, 5
1842, 2
1843, 1
1844, 28
1845, 31
1846, 32
1847, 32
1848, 48
1849, 48
1850, 49
1851, 47
1852, 3
1853, 1
1854, 27
1855, 31
1856, 31
1857, 32
1858, 49
1859, 48
1860, 48
1861, 46
1862, 3
1863, 1
1864, 27
1865, 31
1866, 32
1867, 32
1868, 48
1869, 48
1870, 49
1871, 46
1872, 3
1873, 1
1874, 28
1875, 31
1876, 32
1877, 31
1878, 48
1879, 48
1880, 49
1881, 46
1882, 3
1883, 1
1884, 70
1885, 41
1886, 38
1887, 1
1888, 29
1889, 3
1890, 1
1891, 26
1892, 38
1893, 18
1894, 1
1895, 26
1896, 29
1897, 32
1898, 35
1899, 38
1900, 50
1901, 1
1902, 20
1903, 2
1904, 41
1905, 38
1906, 1
1907, 29
1908, 3
1909, 1
1910, 38
1911, 48
1912, 18
1913, 1
1914, 31
1915, 23
1916, 58
1917, 18
1918, 8
1919, 5
1920, 17
1921, 3
1922, 1
1923, 26
1924, 40
1925, 19
1926, 1
1927, 29
1928, 37
1929, 68
1930, 4
1931, 24
1932, 68
1933, 4
1934, 24
1935, 71
1936, 2
1937, 1
1938, 30
1939, 23
1940, 29
1941, 32
1942, 13
1943, 2
1944, 35
1945, 38
1946, 72
1947, 3
1948, 1
1949, 20
1950, 1
1951, 37
1952, 22
1953, 18
1954, 1
1955, 31
1956, 25
1957, 54
1958, 18
1959, 8
1960, 5
1961, 17
1962, 3
1963, 1
1964, 26
1965, 40
1966, 19
1967, 1
1968, 29
1969, 36
1970, 72
1971, 4
1972, 24
1973, 72
1974, 4
1975, 24
1976, 75
1977, 2
1978, 1
1979, 30
1980, 23
1981, 29
1982, 32
1983, 13
1984, 2
1985, 41
1986, 38
1987, 1
1988, 29
1989, 3
1990, 1
1991, 26
1992, 38
1993, 1
1994, 30
1995, 60
1996, 49
1997, 16
1998, 1
1999, 48
2000, 61
2001, 67
2002, 2
2003, 1
2004, 33
2005, 33
2006, 35
2007, 14
2008, 29
2009, 23
2010, 20
2011, 15
2012, 2
2013, 1
2014, 33
2015, 26
2016, 18
2017, 1
2018, 15
2019, 15
2020, 35
2021, 25
2022, 20
2023, 8
2024, 19
2025, 5
2026, 2
2027, 37
2028, 40
2029, 31
2030, 1
2031, 16
2032, 1
2033, 26
2034, 39
2035, 1
2036, 58
2037, 60
2038, 1
2039, 28
2040, 2
2041, 29
2042, 24
2043, 22
2044, 21
2045, 28
2046, 28
2047, 18
2048, 1
2049, 39
2050, 30
2051, 29
2052, 30
2053, 30
2054, 19
2055, 20
2056, 19
2057, 26
2058, 5
2059, 1
2060, 48
2061, 47
2062, 55
2063, 53
2064, 53
2065, 48
2066, 52
2067, 60
2068, 47
2069, 2
2070, 35
2071, 38
2072, 29
2073, 3
2074, 1
2075, 20
2076, 1
2077, 26
2078, 15
2079, 42
2080, 1
2081, 14
2082, 37
2083, 1
2084, 18
2085, 19
2086, 57
2087, 17
2088, 15
2089, 57
2090, 45
2091, 17
2092, 8
2093, 32
2094, 14
2095, 5
2096, 2
2097, 1
2098, 1
2099, 22
2100, 58
2101, 44
2102, 50
2103, 1
2104, 15
2105, 28
2106, 27
2107, 40
2108, 15
2109, 59
2110, 8
2111, 5
2112, 1
2113, 31
2114, 54
2115, 78
2116, 60
2117, 2
2118, 1
2119, 1
2120, 1
2121, 23
2122, 41
2123, 41
2124, 41
2125, 41
2126, 14
2127, 1
2128, 26
2129, 11
2130, 33
2131, 41
2132, 33
2133, 41
2134, 19
2135, 5
2136, 1
2137, 23
2138, 40
2139, 61
2140, 5
2141, 1
2142, 52
2143, 38
2144, 38
2145, 38
2146, 38
2147, 13
2148, 19
2149, 5
2150, 1
2151, 47
2152, 26
2153, 22
2154, 35
2155, 35
2156, 34
2157, 9
2158, 2
2159, 42
2160, 38
2161, 29
2162, 3
2163, 1
2164, 1
2165, 24
2166, 28
2167, 27
2168, 31
2169, 52
2170, 1
2171, 29
2172, 67
2173, 1
2174, 16
2175, 2
2176, 1
2177, 1
2178, 18
2179, 18
2180, 24
2181, 1
2182, 35
2183, 24
2184, 18
2185, 26
2186, 8
2187, 1
2188, 24
2189, 2
2190, 1
2191, 1
2192, 26
2193, 38
2194, 1
2195, 54
2196, 1
2197, 40
2198, 40
2199, 1
2200, 44
2201, 46
2202, 2
2203, 42
2204, 38
2205, 29
2206, 3
2207, 1
2208, 1
2209, 24
2210, 28
2211, 27
2212, 31
2213, 52
2214, 1
2215, 29
2216, 67
2217, 1
2218, 16
2219, 2
2220, 1
2221, 1
2222, 18
2223, 18
2224, 24
2225, 1
2226, 35
2227, 24
2228, 18
2229, 26
2230, 8
2231, 1
2232, 23
2233, 2
2234, 1
2235, 1
2236, 35
2237, 10
2238, 14
2239, 40
2240, 2
2241, 1
2242, 1
2243, 26
2244, 38
2245, 1
2246, 54
2247, 1
2248, 40
2249, 40
2250, 1
2251, 32
2252, 73
2253, 1
2254, 30
2255, 31
2256, 58
2257, 1
2258, 2
2259, 42
2260, 38
2261, 29
2262, 3
2263, 1
2264, 1
2265, 18
2266, 18
2267, 24
2268, 1
2269, 16
2270, 51
2271, 6
2272, 11
2273, 35
2274, 5
2275, 1
2276, 39
2277, 1
2278, 41
2279, 1
2280, 31
2281, 35
2282, 1
2283, 46
2284, 58
2285, 1
2286, 26
2287, 21
2288, 29
2289, 11
2290, 8
2291, 5
2292, 1
2293, 23
2294, 2
2295, 1
2296, 1
2297, 26
2298, 38
2299, 1
2300, 54
2301, 1
2302, 40
2303, 40
2304, 1
2305, 44
2306, 46
2307, 2
2308, 42
2309, 38
2310, 29
2311, 3
2312, 1
2313, 1
2314, 24
2315, 28
2316, 27
2317, 31
2318, 52
2319, 1
2320, 29
2321, 67
2322, 1
2323, 16
2324, 2
2325, 1
2326, 1
2327, 18
2328, 18
2329, 24
2330, 1
2331, 35
2332, 24
2333, 18
2334, 26
2335, 8
2336, 1
2337, 23
2338, 2
2339, 1
2340, 1
2341, 26
2342, 38
2343, 1
2344, 56
2345, 1
2346, 40
2347, 40
2348, 1
2349, 44
2350, 46
2351, 2
2352, 41
2353, 38
2354, 1
2355, 29
2356, 3
2357, 1
2358, 23
2359, 25
2360, 1
2361, 26
2362, 42
2363, 34
2364, 57
2365, 57
2366, 1
2367, 19
2368, 19
2369, 64
2370, 64
2371, 4
2372, 39
2373, 2
2374, 1
2375, 1
2376, 21
2377, 22
2378, 30
2379, 1
2380, 14
2381, 11
2382, 35
2383, 65
2384, 8
2385, 25
2386, 22
2387, 23
2388, 5
2389, 1
2390, 24
2391, 17
2392, 34
2393, 65
2394, 8
2395, 24
2396, 24
2397, 22
2398, 5
2399, 2
2400, 1
2401, 1
2402, 32
2403, 24
2404, 18
2405, 1
2406, 11
2407, 32
2408, 33
2409, 36
2410, 71
2411, 26
2412, 21
2413, 8
2414, 5
2415, 2
2416, 1
2417, 1
2418, 32
2419, 24
2420, 18
2421, 1
2422, 11
2423, 21
2424, 32
2425, 33
2426, 33
2427, 62
2428, 11
2429, 21
2430, 12
2431, 9
2432, 2
2433, 35
2434, 38
2435, 32
2436, 1
2437, 16
2438, 1
2439, 26
2440, 38
2441, 22
2442, 47
2443, 38
2444, 2
2445, 1
2446, 21
2447, 19
2448, 20
2449, 19
2450, 1
2451, 40
2452, 33
2453, 30
2454, 2
2455, 35
2456, 38
2457, 30
2458, 3
2459, 1
2460, 16
2461, 1
2462, 26
2463, 39
2464, 46
2465, 69
2466, 65
2467, 1
2468, 33
2469, 52
2470, 2
2471, 1
2472, 23
2473, 20
2474, 52
2475, 1
2476, 50
2477, 1
2478, 32
2479, 66
2480, 1
2481, 64
2482, 1
2483, 44
2484, 72
2485, 35
2486, 38
2487, 30
2488, 3
2489, 1
2490, 16
2491, 1
2492, 26
2493, 38
2494, 46
2495, 69
2496, 65
2497, 1
2498, 33
2499, 52
2500, 2
2501, 1
2502, 22
2503, 29
2504, 35
2505, 33
2506, 2
2507, 1
2508, 17
2509, 25
2510, 32
2511, 2
2512, 1
2513, 31
2514, 26
2515, 59
2516, 2
2517, 1
2518, 23
2519, 29
2520, 36
2521, 2
2522, 1
2523, 43
2524, 26
2525, 66
2526, 2
2527, 35
2528, 38
2529, 29
2530, 3
2531, 1
2532, 18
2533, 26
2534, 1
2535, 26
2536, 65
2537, 33
2538, 12
2539, 40
2540, 1
2541, 55
2542, 58
2543, 32
2544, 37
2545, 1
2546, 1
2547, 18
2548, 20
2549, 26
2550, 35
2551, 35
2552, 35
2553, 35
2554, 35
2555, 35
2556, 35
2557, 35
2558, 9
2559, 1
2560, 23
2561, 21
2562, 48
2563, 32
2564, 32
2565, 5
2566, 1
2567, 1
2568, 50
2569, 17
2570, 27
2571, 27
2572, 27
2573, 25
2574, 25
2575, 29
2576, 25
2577, 25
2578, 27
2579, 25
2580, 25
2581, 9
2582, 1
2583, 22
2584, 47
2585, 51
2586, 44
2587, 5
2588, 1
2589, 79
2590, 2
2591, 1
2592, 1
2593, 36
2594, 25
2595, 36
2596, 45
2597, 1
2598, 22
2599, 58
2600, 40
2601, 1
2602, 27
2603, 2
2604, 1
2605, 1
2606, 41
2607, 38
2608, 1
2609, 29
2610, 3
2611, 1
2612, 18
2613, 36
2614, 1
2615, 26
2616, 38
2617, 50
2618, 1
2619, 66
2620, 21
2621, 43
2622, 23
2623, 13
2624, 4
2625, 15
2626, 68
2627, 59
2628, 58
2629, 40
2630, 61
2631, 70
2632, 69
2633, 65
2634, 71
2635, 60
2636, 68
2637, 4
2638, 39
2639, 71
2640, 4
2641, 37
2642, 57
2643, 17
2644, 22
2645, 1
2646, 20
2647, 26
2648, 7
2649, 26
2650, 48
2651, 48
2652, 37
2653, 87
2654, 18
2655, 77
2656, 5
2657, 33
2658, 17
2659, 8
2660, 5
2661, 4
2662, 18
2663, 67
2664, 2
2665, 1
2666, 1
2667, 35
2668, 38
2669, 29
2670, 3
2671, 1
2672, 18
2673, 1
2674, 26
2675, 1
2676, 32
2677, 60
2678, 60
2679, 50
2680, 1
2681, 64
2682, 16
2683, 5
2684, 1
2685, 35
2686, 1
2687, 1
2688, 66
2689, 34
2690, 1
2691, 47
2692, 20
2693, 31
2694, 24
2695, 29
2696, 32
2697, 32
2698, 23
2699, 23
2700, 11
2701, 41
2702, 8
2703, 1
2704, 33
2705, 43
2706, 1
2707, 19
2708, 17
2709, 47
2710, 31
2711, 30
2712, 1
2713, 29
2714, 30
2715, 40
2716, 1
2717, 26
2718, 67
2719, 75
2720, 10
2721, 45
2722, 8
2723, 52
2724, 5
2725, 1
2726, 1
2727, 1
2728, 65
2729, 49
2730, 1
2731, 28
2732, 18
2733, 1
2734, 21
2735, 43
2736, 23
2737, 21
2738, 31
2739, 52
2740, 33
2741, 11
2742, 22
2743, 15
2744, 50
2745, 8
2746, 8
2747, 12
2748, 1
2749, 64
2750, 12
2751, 2
2752, 41
2753, 38
2754, 1
2755, 29
2756, 3
2757, 1
2758, 18
2759, 1
2760, 26
2761, 50
2762, 1
2763, 9
2764, 68
2765, 1
2766, 20
2767, 45
2768, 26
2769, 6
2770, 28
2771, 30
2772, 14
2773, 5
2774, 1
2775, 50
2776, 2
2777, 41
2778, 38
2779, 1
2780, 29
2781, 3
2782, 1
2783, 26
2784, 38
2785, 1
2786, 18
2787, 20
2788, 38
2789, 18
2790, 1
2791, 21
2792, 17
2793, 58
2794, 40
2795, 26
2796, 49
2797, 64
2798, 21
2799, 11
2800, 5
2801, 1
2802, 32
2803, 2
2804, 35
2805, 38
2806, 29
2807, 3
2808, 1
2809, 16
2810, 1
2811, 26
2812, 38
2813, 1
2814, 25
2815, 33
2816, 40
2817, 1
2818, 35
2819, 28
2820, 30
2821, 27
2822, 27
2823, 5
2824, 1
2825, 49
2826, 37
2827, 28
2828, 29
2829, 24
2830, 24
2831, 5
2832, 1
2833, 50
2834, 2
2835, 1
2836, 1
2837, 46
2838, 24
2839, 40
2840, 2
2841, 1
2842, 36
2843, 49
2844, 28
2845, 19
2846, 52
2847, 5
2848, 2
2849, 1
2850, 47
2851, 51
2852, 26
2853, 20
2854, 53
2855, 5
2856, 2
2857, 1
2858, 68
2859, 53
2860, 26
2861, 22
2862, 26
2863, 2
2864, 41
2865, 38
2866, 1
2867, 29
2868, 3
2869, 1
2870, 1
2871, 18
2872, 1
2873, 26
2874, 51
2875, 1
2876, 9
2877, 68
2878, 62
2879, 15
2880, 6
2881, 28
2882, 30
2883, 15
2884, 5
2885, 1
2886, 9
2887, 68
2888, 34
2889, 63
2890, 6
2891, 28
2892, 30
2893, 5
2894, 2
2895, 1
2896, 1
2897, 55
2898, 18
2899, 47
2900, 2
2901, 41
2902, 38
2903, 1
2904, 29
2905, 3
2906, 1
2907, 26
2908, 38
2909, 22
2910, 38
2911, 1
2912, 37
2913, 1
2914, 28
2915, 2
2916, 35
2917, 38
2918, 30
2919, 3
2920, 1
2921, 18
2922, 1
2923, 26
2924, 16
2925, 65
2926, 21
2927, 41
2928, 37
2929, 4
2930, 17
2931, 2
2932, 41
2933, 38
2934, 1
2935, 29
2936, 3
2937, 1
2938, 26
2939, 41
2940, 44
2941, 2
2942, 1
2943, 1
2944, 40
2945, 26
2946, 73
2947, 2
2948, 41
2949, 38
2950, 1
2951, 29
2952, 3
2953, 1
2954, 18
2955, 19
2956, 1
2957, 32
2958, 25
2959, 27
2960, 1
2961, 28
2962, 41
2963, 45
2964, 1
2965, 26
2966, 43
2967, 40
2968, 32
2969, 45
2970, 29
2971, 16
2972, 6
2973, 17
2974, 2
2975, 1
2976, 33
2977, 24
2978, 13
2979, 33
2980, 1
2981, 11
2982, 44
2983, 46
2984, 44
2985, 6
2986, 12
2987, 29
2988, 49
2989, 32
2990, 10
2991, 50
2992, 43
2993, 10
2994, 32
2995, 32
2996, 23
2997, 13
2998, 70
2999, 32
3000, 27
3001, 23
3002, 36
3003, 9
3004, 50
3005, 47
3006, 7
3007, 71
3008, 5
3009, 2
3010, 1
3011, 33
3012, 32
3013, 13
3014, 4
3015, 7
3016, 39
3017, 47
3018, 18
3019, 5
3020, 1
3021, 36
3022, 1
3023, 14
3024, 42
3025, 7
3026, 12
3027, 52
3028, 47
3029, 49
3030, 10
3031, 72
3032, 30
3033, 23
3034, 23
3035, 57
3036, 5
3037, 2
3038, 1
3039, 41
3040, 38
3041, 1
3042, 29
3043, 3
3044, 1
3045, 18
3046, 19
3047, 1
3048, 31
3049, 27
3050, 27
3051, 1
3052, 28
3053, 41
3054, 45
3055, 1
3056, 26
3057, 43
3058, 40
3059, 32
3060, 45
3061, 29
3062, 16
3063, 6
3064, 17
3065, 2
3066, 1
3067, 33
3068, 24
3069, 13
3070, 33
3071, 1
3072, 11
3073, 44
3074, 46
3075, 44
3076, 6
3077, 12
3078, 29
3079, 49
3080, 32
3081, 10
3082, 50
3083, 43
3084, 10
3085, 32
3086, 32
3087, 23
3088, 13
3089, 70
3090, 32
3091, 27
3092, 23
3093, 36
3094, 9
3095, 50
3096, 47
3097, 7
3098, 66
3099, 5
3100, 2
3101, 1
3102, 33
3103, 32
3104, 13
3105, 4
3106, 7
3107, 39
3108, 47
3109, 18
3110, 5
3111, 1
3112, 36
3113, 1
3114, 14
3115, 42
3116, 7
3117, 12
3118, 52
3119, 47
3120, 49
3121, 10
3122, 72
3123, 30
3124, 23
3125, 23
3126, 57
3127, 5
3128, 2
3129, 1
3130, 41
3131, 38
3132, 1
3133, 29
3134, 3
3135, 1
3136, 18
3137, 19
3138, 1
3139, 29
3140, 29
3141, 27
3142, 1
3143, 28
3144, 41
3145, 45
3146, 1
3147, 26
3148, 43
3149, 40
3150, 32
3151, 45
3152, 29
3153, 16
3154, 6
3155, 17
3156, 2
3157, 1
3158, 33
3159, 24
3160, 13
3161, 33
3162, 1
3163, 11
3164, 44
3165, 46
3166, 44
3167, 6
3168, 12
3169, 29
3170, 49
3171, 32
3172, 10
3173, 50
3174, 43
3175, 10
3176, 32
3177, 32
3178, 23
3179, 13
3180, 70
3181, 32
3182, 27
3183, 23
3184, 36
3185, 9
3186, 50
3187, 47
3188, 7
3189, 66
3190, 5
3191, 2
3192, 1
3193, 33
3194, 32
3195, 13
3196, 4
3197, 7
3198, 39
3199, 47
3200, 18
3201, 5
3202, 1
3203, 36
3204, 1
3205, 14
3206, 42
3207, 7
3208, 12
3209, 52
3210, 47
3211, 49
3212, 10
3213, 72
3214, 30
3215, 23
3216, 23
3217, 57
3218, 5
3219, 2
3220, 1
3221, 41
3222, 38
3223, 38
3224, 29
3225, 4
3226, 1
3227, 37
3228, 1
3229, 31
3230, 1
3231, 32
3232, 80
3233, 1
3234, 26
3235, 35
3236, 57
3237, 2
3238, 1
3239, 1
3240, 36
3241, 21
3242, 26
3243, 1
3244, 25
3245, 36
3246, 47
3247, 1
3248, 21
3249, 22
3250, 5
3251, 1
3252, 28
3253, 26
3254, 24
3255, 5
3256, 1
3257, 27
3258, 17
3259, 32
3260, 5
3261, 1
3262, 68
3263, 2
3264, 1
3265, 41
3266, 38
3267, 1
3268, 29
3269, 3
3270, 1
3271, 18
3272, 1
3273, 26
3274, 22
3275, 21
3276, 17
3277, 18
3278, 1
3279, 31
3280, 9
3281, 30
3282, 17
3283, 1
3284, 42
3285, 15
3286, 33
3287, 65
3288, 32
3289, 33
3290, 31
3291, 18
3292, 11
3293, 8
3294, 54
3295, 1
3296, 62
3297, 2
3298, 41
3299, 38
3300, 1
3301, 29
3302, 3
3303, 1
3304, 18
3305, 1
3306, 26
3307, 38
3308, 35
3309, 1
3310, 16
3311, 27
3312, 19
3313, 32
3314, 37
3315, 50
3316, 51
3317, 15
3318, 27
3319, 30
3320, 8
3321, 5
3322, 1
3323, 1
3324, 8
3325, 5
3326, 68
3327, 14
3328, 35
3329, 26
3330, 37
3331, 53
3332, 15
3333, 31
3334, 8
3335, 25
3336, 6
3337, 28
3338, 31
3339, 7
3340, 1
3341, 53
3342, 1
3343, 70
3344, 19
3345, 68
3346, 77
3347, 31
3348, 72
3349, 11
3350, 9
3351, 1
3352, 26
3353, 27
3354, 48
3355, 34
3356, 44
3357, 1
3358, 28
3359, 26
3360, 34
3361, 23
3362, 5
3363, 2
3364, 1
3365, 26
