1, 17
2, 65
3, 37
4, 2
5, 44
6, 2
7, 37
8, 2
9, 25
10, 1
11, 17
12, 14
13, 13
14, 9
15, 61
16, 47
17, 53
18, 12
19, 34
20, 5
21, 13
22, 19
23, 6
24, 2
25, 1
26, 31
27, 23
28, 22
29, 29
30, 17
31, 68
32, 40
33, 27
34, 1
35, 22
36, 69
37, 58
38, 6
39, 1
40, 19
41, 35
42, 25
43, 47
44, 13
45, 74
46, 6
47, 1
48, 43
49, 19
50, 2
51, 1
52, 18
53, 57
54, 18
55, 26
56, 62
57, 6
58, 1
59, 73
60, 32
61, 2
62, 1
63, 22
64, 17
65, 72
66, 37
67, 2
68, 44
69, 2
70, 36
71, 2
72, 25
73, 1
74, 17
75, 14
76, 13
77, 9
78, 61
79, 47
80, 57
81, 12
82, 34
83, 5
84, 13
85, 19
86, 6
87, 2
88, 1
89, 31
90, 23
91, 22
92, 29
93, 17
94, 56
95, 40
96, 1
97, 33
98, 59
99, 70
100, 61
101, 26
102, 46
103, 1
104, 15
105, 16
106, 27
107, 29
108, 39
109, 29
110, 15
111, 6
112, 41
113, 45
114, 25
115, 5
116, 6
117, 27
118, 2
119, 1
120, 5
121, 17
122, 3
123, 35
124, 38
125, 32
126, 3
127, 28
128, 36
129, 3
130, 69
131, 1
132, 59
133, 23
134, 23
135, 14
136, 63
137, 1
138, 24
139, 39
140, 27
141, 13
142, 47
143, 43
144, 45
145, 6
146, 2
147, 1
148, 33
149, 22
150, 34
151, 64
152, 59
153, 17
154, 12
155, 13
156, 29
157, 6
158, 2
159, 1
160, 34
161, 53
162, 2
163, 1
164, 19
165, 27
166, 1
167, 19
168, 1
169, 32
170, 39
171, 13
172, 19
173, 6
174, 1
175, 44
176, 1
177, 51
178, 62
179, 23
180, 1
181, 49
182, 1
183, 63
184, 63
185, 15
186, 48
187, 43
188, 57
189, 23
190, 1
191, 53
192, 57
193, 23
194, 5
195, 1
196, 73
197, 6
198, 1
199, 63
200, 1
201, 13
202, 2
203, 1
204, 11
205, 33
206, 37
207, 34
208, 1
209, 23
210, 1
211, 24
212, 21
213, 31
214, 39
215, 40
216, 24
217, 10
218, 38
219, 33
220, 62
221, 39
222, 60
223, 21
224, 30
225, 39
226, 45
227, 32
228, 25
229, 76
230, 70
231, 70
232, 42
233, 32
234, 18
235, 14
236, 10
237, 21
238, 6
239, 2
240, 1
241, 26
242, 31
243, 53
244, 48
245, 39
246, 45
247, 27
248, 40
249, 79
250, 10
251, 43
252, 25
253, 48
254, 35
255, 56
256, 30
257, 42
258, 83
259, 21
260, 31
261, 50
262, 32
263, 14
264, 10
265, 41
266, 47
267, 27
268, 75
269, 76
270, 76
271, 39
272, 14
273, 10
274, 21
275, 6
276, 2
277, 1
278, 48
279, 25
280, 1
281, 34
282, 33
283, 1
284, 40
285, 1
286, 29
287, 21
288, 38
289, 2
290, 1
291, 55
292, 56
293, 32
294, 50
295, 2
296, 1
297, 42
298, 21
299, 20
300, 2
301, 1
302, 24
303, 30
304, 17
305, 1
306, 39
307, 37
308, 2
309, 26
310, 30
311, 27
312, 1
313, 46
314, 58
315, 18
316, 30
317, 32
318, 24
319, 57
320, 39
321, 20
322, 5
323, 6
324, 43
325, 9
326, 2
327, 1
328, 21
329, 35
330, 53
331, 33
332, 1
333, 33
334, 17
335, 28
336, 67
337, 6
338, 14
339, 2
340, 1
341, 23
342, 1
343, 28
344, 15
345, 9
346, 31
347, 54
348, 18
349, 2
350, 17
351, 59
352, 40
353, 35
354, 27
355, 1
356, 9
357, 9
358, 1
359, 27
360, 45
361, 54
362, 6
363, 2
364, 1
365, 25
366, 54
367, 17
368, 13
369, 13
370, 18
371, 21
372, 6
373, 2
374, 1
375, 25
376, 49
377, 17
378, 13
379, 13
380, 18
381, 21
382, 6
383, 2
384, 1
385, 20
386, 20
387, 30
388, 19
389, 13
390, 30
391, 19
392, 6
393, 2
394, 1
395, 15
396, 22
397, 29
398, 20
399, 18
400, 6
401, 13
402, 28
403, 27
404, 6
405, 39
406, 2
407, 1
408, 5
409, 17
410, 3
411, 35
412, 38
413, 32
414, 3
415, 24
416, 32
417, 3
418, 71
419, 1
420, 20
421, 18
422, 12
423, 6
424, 51
425, 1
426, 46
427, 39
428, 17
429, 6
430, 20
431, 16
432, 12
433, 49
434, 23
435, 5
436, 52
437, 51
438, 6
439, 1
440, 20
441, 52
442, 6
443, 1
444, 20
445, 19
446, 19
447, 14
448, 22
449, 23
450, 48
451, 9
452, 15
453, 18
454, 5
455, 34
456, 35
457, 5
458, 1
459, 53
460, 19
461, 1
462, 57
463, 23
464, 51
465, 9
466, 52
467, 52
468, 30
469, 26
470, 36
471, 39
472, 64
473, 8
474, 17
475, 9
476, 1
477, 33
478, 26
479, 9
480, 5
481, 1
482, 13
483, 23
484, 23
485, 9
486, 40
487, 27
488, 36
489, 69
490, 9
491, 28
492, 38
493, 12
494, 9
495, 14
496, 5
497, 6
498, 2
499, 1
500, 19
501, 12
502, 27
503, 26
504, 6
505, 43
506, 13
507, 2
508, 1
509, 11
510, 17
511, 1
512, 18
513, 2
514, 35
515, 1
516, 53
517, 1
518, 80
519, 80
520, 80
521, 80
522, 24
523, 1
524, 79
525, 40
526, 1
527, 68
528, 26
529, 1
530, 26
531, 49
532, 35
533, 73
534, 32
535, 2
536, 1
537, 31
538, 17
539, 18
540, 1
541, 78
542, 15
543, 2
544, 1
545, 41
546, 40
547, 1
548, 22
549, 31
550, 63
551, 22
552, 33
553, 18
554, 17
555, 6
556, 34
557, 2
558, 1
559, 41
560, 39
561, 1
562, 22
563, 36
564, 39
565, 29
566, 25
567, 25
568, 21
569, 12
570, 9
571, 5
572, 42
573, 18
574, 19
575, 5
576, 6
577, 44
578, 2
579, 1
580, 16
581, 20
582, 66
583, 69
584, 79
585, 2
586, 1
587, 23
588, 22
589, 8
590, 40
591, 36
592, 35
593, 41
594, 1
595, 53
596, 1
597, 80
598, 80
599, 80
600, 80
601, 24
602, 1
603, 79
604, 40
605, 1
606, 68
607, 26
608, 1
609, 26
610, 49
611, 35
612, 73
613, 32
614, 2
615, 1
616, 31
617, 17
618, 18
619, 1
620, 78
621, 15
622, 2
623, 1
624, 41
625, 51
626, 1
627, 22
628, 24
629, 31
630, 22
631, 42
632, 18
633, 17
634, 27
635, 32
636, 6
637, 39
638, 70
639, 2
640, 1
641, 41
642, 39
643, 1
644, 22
645, 36
646, 39
647, 29
648, 25
649, 25
650, 21
651, 12
652, 9
653, 5
654, 42
655, 18
656, 19
657, 5
658, 6
659, 44
660, 2
661, 1
662, 16
663, 20
664, 66
665, 69
666, 79
667, 2
668, 1
669, 23
670, 22
671, 8
672, 17
673, 60
674, 40
675, 1
676, 36
677, 1
678, 15
679, 18
680, 12
681, 13
682, 54
683, 6
684, 2
685, 1
686, 31
687, 17
688, 16
689, 64
690, 37
691, 2
692, 32
693, 21
694, 29
695, 57
696, 49
697, 6
698, 1
699, 26
700, 2
701, 1
702, 18
703, 17
704, 57
705, 40
706, 1
707, 33
708, 59
709, 70
710, 61
711, 26
712, 1
713, 15
714, 16
715, 27
716, 40
717, 35
718, 6
719, 12
720, 42
721, 30
722, 14
723, 5
724, 6
725, 12
726, 2
727, 1
728, 5
729, 17
730, 58
731, 40
732, 51
733, 1
734, 15
735, 16
736, 27
737, 42
738, 24
739, 6
740, 42
741, 35
742, 43
743, 63
744, 21
745, 31
746, 9
747, 5
748, 6
749, 90
750, 2
751, 1
752, 5
753, 17
754, 39
755, 37
756, 2
757, 47
758, 27
759, 1
760, 53
761, 1
762, 26
763, 49
764, 35
765, 73
766, 32
767, 2
768, 1
769, 28
770, 24
771, 1
772, 33
773, 14
774, 22
775, 45
776, 17
777, 31
778, 33
779, 55
780, 10
781, 12
782, 26
783, 27
784, 72
785, 13
786, 9
787, 42
788, 33
789, 15
790, 26
791, 21
792, 15
793, 13
794, 14
795, 10
796, 24
797, 6
798, 2
799, 1
800, 16
801, 20
802, 70
803, 14
804, 21
805, 44
806, 2
807, 1
808, 23
809, 22
810, 8
811, 17
812, 58
813, 40
814, 1
815, 19
816, 17
817, 1
818, 40
819, 37
820, 2
821, 31
822, 1
823, 1
824, 34
825, 15
826, 1
827, 28
828, 13
829, 14
830, 56
831, 45
832, 52
833, 5
834, 2
835, 1
836, 1
837, 23
838, 22
839, 13
840, 1
841, 58
842, 49
843, 47
844, 22
845, 5
846, 74
847, 65
848, 57
849, 5
850, 11
851, 2
852, 1
853, 26
854, 23
855, 16
856, 1
857, 36
858, 59
859, 72
860, 27
861, 2
862, 1
863, 15
864, 80
865, 60
866, 44
867, 1
868, 26
869, 26
870, 1
871, 26
872, 27
873, 29
874, 35
875, 41
876, 2
877, 1
878, 5
879, 17
880, 58
881, 40
882, 25
883, 27
884, 1
885, 15
886, 1
887, 21
888, 1
889, 32
890, 25
891, 49
892, 62
893, 2
894, 1
895, 24
896, 22
897, 69
898, 34
899, 6
900, 19
901, 15
902, 2
903, 1
904, 25
905, 53
906, 60
907, 53
908, 17
909, 60
910, 53
911, 17
912, 26
913, 33
914, 19
915, 6
916, 28
917, 61
918, 51
919, 26
920, 33
921, 19
922, 6
923, 28
924, 27
925, 17
926, 40
927, 38
928, 38
929, 6
930, 39
931, 36
932, 24
933, 25
934, 13
935, 25
936, 6
937, 2
938, 1
939, 19
940, 16
941, 29
942, 20
943, 13
944, 6
945, 23
946, 27
947, 15
948, 6
949, 17
950, 2
951, 1
952, 5
953, 40
954, 37
955, 33
956, 1
957, 16
958, 13
959, 1
960, 28
961, 41
962, 15
963, 18
964, 29
965, 29
966, 28
967, 39
968, 49
969, 48
970, 20
971, 50
972, 46
973, 38
974, 32
975, 34
976, 54
977, 48
978, 40
979, 51
980, 51
981, 40
982, 40
983, 44
984, 28
985, 24
986, 17
987, 14
988, 11
989, 67
990, 69
991, 10
992, 6
993, 2
994, 16
995, 17
996, 71
997, 39
998, 37
999, 2
1000, 31
1001, 1
1002, 19
1003, 34
1004, 35
1005, 1
1006, 28
1007, 120
1008, 42
1009, 43
1010, 32
1011, 48
1012, 50
1013, 62
1014, 56
1015, 39
1016, 90
1017, 14
1018, 25
1019, 72
1020, 35
1021, 67
1022, 45
1023, 36
1024, 61
1025, 67
1026, 45
1027, 14
1028, 10
1029, 6
1030, 2
1031, 1
1032, 11
1033, 17
1034, 63
1035, 40
1036, 1
1037, 43
1038, 64
1039, 66
1040, 1
1041, 39
1042, 9
1043, 1
1044, 60
1045, 1
1046, 12
1047, 1
1048, 28
1049, 16
1050, 42
1051, 14
1052, 66
1053, 19
1054, 6
1055, 15
1056, 2
1057, 1
1058, 21
1059, 28
1060, 23
1061, 32
1062, 21
1063, 18
1064, 38
1065, 52
1066, 9
1067, 25
1068, 14
1069, 5
1070, 23
1071, 6
1072, 19
1073, 2
1074, 1
1075, 16
1076, 38
1077, 38
1078, 53
1079, 1
1080, 75
1081, 2
1082, 1
1083, 23
1084, 22
1085, 8
1086, 41
1087, 38
1088, 36
1089, 41
1090, 1
1091, 32
1092, 52
1093, 52
1094, 5
1095, 2
1096, 23
1097, 30
1098, 36
1099, 33
1100, 60
1101, 2
1102, 49
1103, 9
1104, 61
1105, 9
1106, 17
1107, 64
1108, 37
1109, 2
1110, 31
1111, 1
1112, 22
1113, 1
1114, 22
1115, 37
1116, 30
1117, 27
1118, 2
1119, 27
1120, 30
1121, 18
1122, 2
1123, 30
1124, 30
1125, 31
1126, 27
1127, 2
1128, 1
1129, 44
1130, 52
1131, 31
1132, 42
1133, 18
1134, 31
1135, 2
1136, 33
1137, 48
1138, 19
1139, 34
1140, 35
1141, 22
1142, 6
1143, 27
1144, 2
1145, 1
1146, 29
1147, 18
1148, 20
1149, 13
1150, 21
1151, 6
1152, 2
1153, 1
1154, 19
1155, 28
1156, 1
1157, 23
1158, 37
1159, 44
1160, 6
1161, 25
1162, 1
1163, 29
1164, 37
1165, 45
1166, 6
1167, 25
1168, 2
1169, 11
1170, 17
1171, 64
1172, 40
1173, 1
1174, 15
1175, 77
1176, 1
1177, 26
1178, 40
1179, 26
1180, 40
1181, 1
1182, 24
1183, 39
1184, 45
1185, 40
1186, 40
1187, 71
1188, 43
1189, 35
1190, 43
1191, 6
1192, 1
1193, 59
1194, 47
1195, 52
1196, 1
1197, 21
1198, 68
1199, 70
1200, 6
1201, 1
1202, 36
1203, 33
1204, 25
1205, 34
1206, 13
1207, 29
1208, 38
1209, 43
1210, 6
1211, 1
1212, 46
1213, 51
1214, 49
1215, 62
1216, 63
1217, 53
1218, 49
1219, 53
1220, 2
1221, 1
1222, 5
1223, 17
1224, 67
1225, 2
1226, 39
1227, 37
1228, 2
1229, 30
1230, 28
1231, 1
1232, 25
1233, 38
1234, 25
1235, 1
1236, 30
1237, 31
1238, 58
1239, 2
1240, 1
1241, 55
1242, 1
1243, 44
1244, 45
1245, 45
1246, 71
1247, 71
1248, 71
1249, 68
1250, 1
1251, 43
1252, 43
1253, 44
1254, 70
1255, 70
1256, 70
1257, 67
1258, 1
1259, 43
1260, 44
1261, 44
1262, 70
1263, 70
1264, 70
1265, 67
1266, 1
1267, 44
1268, 45
1269, 44
1270, 71
1271, 71
1272, 71
1273, 68
1274, 1
1275, 1
1276, 22
1277, 31
1278, 1
1279, 59
1280, 55
1281, 60
1282, 60
1283, 60
1284, 1
1285, 67
1286, 50
1287, 59
1288, 59
1289, 1
1290, 68
1291, 68
1292, 68
1293, 1
1294, 68
1295, 68
1296, 68
1297, 10
1298, 6
1299, 1
1300, 59
1301, 68
1302, 68
1303, 68
1304, 6
1305, 2
1306, 1
1307, 1
1308, 18
1309, 31
1310, 12
1311, 1
1312, 59
1313, 61
1314, 61
1315, 61
1316, 62
1317, 1
1318, 55
1319, 60
1320, 60
1321, 60
1322, 1
1323, 67
1324, 79
1325, 8
1326, 5
1327, 13
1328, 2
1329, 1
1330, 1
1331, 26
1332, 42
1333, 37
1334, 1
1335, 59
1336, 66
1337, 66
1338, 66
1339, 6
1340, 34
1341, 43
1342, 43
1343, 43
1344, 2
1345, 1
1346, 1
1347, 16
1348, 41
1349, 54
1350, 1
1351, 30
1352, 46
1353, 1
1354, 63
1355, 46
1356, 2
1357, 1
1358, 22
1359, 17
1360, 63
1361, 40
1362, 20
1363, 1
1364, 15
1365, 16
1366, 27
1367, 12
1368, 13
1369, 13
1370, 26
1371, 12
1372, 25
1373, 16
1374, 29
1375, 15
1376, 28
1377, 19
1378, 32
1379, 18
1380, 31
1381, 20
1382, 11
1383, 12
1384, 8
1385, 9
1386, 5
1387, 6
1388, 12
1389, 2
1390, 1
1391, 5
1392, 39
1393, 37
1394, 2
1395, 47
1396, 1
1397, 1
1398, 24
1399, 1
1400, 16
1401, 54
1402, 55
1403, 64
1404, 6
1405, 2
1406, 1
1407, 18
1408, 16
1409, 40
1410, 23
1411, 6
1412, 1
1413, 16
1414, 40
1415, 35
1416, 66
1417, 31
1418, 14
1419, 23
1420, 10
1421, 6
1422, 5
1423, 18
1424, 2
1425, 1
1426, 22
1427, 40
1428, 37
1429, 33
1430, 41
1431, 1
1432, 18
1433, 17
1434, 1
1435, 37
1436, 33
1437, 64
1438, 1
1439, 52
1440, 67
1441, 65
1442, 47
1443, 81
1444, 14
1445, 18
1446, 10
1447, 6
1448, 18
1449, 2
1450, 1
1451, 16
1452, 1
1453, 38
1454, 88
1455, 15
1456, 6
1457, 54
1458, 45
1459, 30
1460, 55
1461, 6
1462, 2
1463, 11
1464, 15
1465, 39
1466, 40
1467, 33
1468, 1
1469, 17
1470, 1
1471, 21
1472, 21
1473, 31
1474, 57
1475, 47
1476, 64
1477, 2
1478, 1
1479, 1
1480, 25
1481, 19
1482, 34
1483, 31
1484, 1
1485, 69
1486, 24
1487, 18
1488, 6
1489, 1
1490, 32
1491, 16
1492, 32
1493, 37
1494, 22
1495, 5
1496, 6
1497, 2
1498, 1
1499, 24
1500, 1
1501, 20
1502, 32
1503, 21
1504, 26
1505, 15
1506, 13
1507, 17
1508, 6
1509, 2
1510, 8
1511, 1
1512, 33
1513, 22
1514, 2
1515, 1
1516, 26
1517, 32
1518, 22
1519, 27
1520, 15
1521, 13
1522, 17
1523, 6
1524, 2
1525, 1
1526, 33
1527, 31
1528, 2
1529, 33
1530, 37
1531, 57
1532, 1
1533, 19
1534, 52
1535, 21
1536, 6
1537, 17
1538, 35
1539, 5
1540, 40
1541, 36
1542, 33
1543, 34
1544, 34
1545, 33
1546, 1
1547, 55
1548, 45
1549, 50
1550, 52
1551, 52
1552, 39
1553, 40
1554, 40
1555, 50
1556, 6
1557, 38
1558, 37
1559, 39
1560, 42
1561, 44
1562, 39
1563, 43
1564, 51
1565, 38
1566, 2
1567, 1
1568, 25
1569, 35
1570, 38
1571, 32
1572, 40
1573, 1
1574, 29
1575, 39
1576, 39
1577, 30
1578, 42
1579, 42
1580, 42
1581, 34
1582, 2
1583, 1
1584, 24
1585, 57
1586, 2
1587, 1
1588, 24
1589, 34
1590, 52
1591, 2
1592, 1
1593, 16
1594, 19
1595, 28
1596, 55
1597, 2
1598, 1
1599, 22
1600, 19
1601, 38
1602, 48
1603, 53
1604, 42
1605, 6
1606, 48
1607, 18
1608, 2
1609, 1
1610, 21
1611, 19
1612, 34
1613, 21
1614, 11
1615, 2
1616, 1
1617, 28
1618, 31
1619, 70
1620, 22
1621, 2
1622, 1
1623, 16
1624, 40
1625, 17
1626, 40
1627, 1
1628, 31
1629, 30
1630, 35
1631, 69
1632, 6
1633, 19
1634, 76
1635, 6
1636, 2
1637, 22
1638, 17
1639, 62
1640, 40
1641, 21
1642, 1
1643, 53
1644, 1
1645, 26
1646, 49
1647, 35
1648, 73
1649, 32
1650, 2
1651, 1
1652, 16
1653, 20
1654, 47
1655, 44
1656, 2
1657, 1
1658, 11
1659, 73
1660, 33
1661, 37
1662, 2
1663, 35
1664, 31
1665, 73
1666, 1
1667, 17
1668, 63
1669, 53
1670, 2
1671, 15
1672, 68
1673, 2
1674, 17
1675, 84
1676, 2
1677, 19
1678, 81
1679, 42
1680, 2
1681, 21
1682, 79
1683, 76
1684, 2
1685, 1
1686, 19
1687, 27
1688, 14
1689, 25
1690, 29
1691, 25
1692, 25
1693, 50
1694, 54
1695, 66
1696, 40
1697, 63
1698, 14
1699, 2
1700, 1
1701, 32
1702, 11
1703, 33
1704, 37
1705, 72
1706, 1
1707, 20
1708, 25
1709, 37
1710, 1
1711, 46
1712, 37
1713, 1
1714, 50
1715, 42
1716, 42
1717, 42
1718, 42
1719, 42
1720, 42
1721, 42
1722, 42
1723, 12
1724, 47
1725, 21
1726, 6
1727, 1
1728, 62
1729, 66
1730, 50
1731, 1
1732, 28
1733, 38
1734, 6
1735, 1
1736, 12
1737, 15
1738, 15
1739, 30
1740, 1
1741, 13
1742, 2
1743, 1
1744, 10
1745, 17
1746, 67
1747, 40
1748, 62
1749, 1
1750, 16
1751, 26
1752, 16
1753, 73
1754, 1
1755, 31
1756, 67
1757, 70
1758, 47
1759, 5
1760, 6
1761, 2
1762, 1
1763, 23
1764, 22
1765, 11
1766, 17
1767, 63
1768, 37
1769, 2
1770, 63
1771, 2
1772, 65
1773, 2
1774, 15
1775, 15
1776, 38
1777, 36
1778, 35
1779, 35
1780, 17
1781, 9
1782, 22
1783, 12
1784, 24
1785, 5
1786, 6
1787, 33
1788, 2
1789, 1
1790, 37
1791, 32
1792, 80
1793, 67
1794, 61
1795, 14
1796, 19
1797, 46
1798, 52
1799, 6
1800, 15
1801, 2
1802, 1
1803, 5
1804, 40
1805, 37
1806, 2
1807, 35
1808, 30
1809, 2
1810, 15
1811, 74
1812, 13
1813, 36
1814, 42
1815, 35
1816, 39
1817, 21
1818, 9
1819, 22
1820, 14
1821, 24
1822, 7
1823, 4
1824, 31
1825, 2
1826, 1
1827, 63
1828, 54
1829, 1
1830, 37
1831, 13
1832, 51
1833, 29
1834, 13
1835, 38
1836, 44
1837, 4
1838, 2
1839, 1
1840, 5
1841, 17
1842, 64
1843, 40
1844, 21
1845, 1
1846, 15
1847, 40
1848, 5
1849, 38
1850, 1
1851, 68
1852, 32
1853, 6
1854, 2
1855, 1
1856, 5
1857, 17
1858, 58
1859, 40
1860, 36
1861, 1
1862, 19
1863, 23
1864, 15
1865, 15
1866, 43
1867, 23
1868, 5
1869, 43
1870, 30
1871, 41
1872, 60
1873, 26
1874, 8
1875, 19
1876, 9
1877, 5
1878, 6
1879, 18
1880, 2
1881, 1
1882, 25
1883, 16
1884, 14
1885, 2
1886, 1
1887, 23
1888, 21
1889, 17
1890, 3
1891, 35
1892, 38
1893, 32
1894, 3
1895, 29
1896, 37
1897, 3
1898, 69
1899, 1
1900, 15
1901, 55
1902, 2
1903, 1
1904, 14
1905, 17
1906, 39
1907, 15
1908, 38
1909, 56
1910, 5
1911, 18
1912, 6
1913, 14
1914, 2
1915, 1
1916, 63
1917, 63
1918, 1
1919, 21
1920, 37
1921, 2
1922, 1
1923, 23
1924, 39
1925, 17
1926, 6
1927, 1
1928, 39
1929, 25
1930, 25
1931, 6
1932, 1
1933, 16
1934, 16
1935, 39
1936, 26
1937, 48
1938, 48
1939, 6
1940, 39
1941, 2
1942, 1
1943, 19
1944, 14
1945, 50
1946, 1
1947, 42
1948, 1
1949, 13
1950, 2
1951, 1
1952, 11
1953, 17
1954, 67
1955, 40
1956, 21
1957, 52
1958, 1
1959, 15
1960, 36
1961, 64
1962, 13
1963, 1
1964, 38
1965, 66
1966, 2
1967, 1
1968, 5
1969, 17
1970, 59
1971, 40
1972, 26
1973, 1
1974, 16
1975, 11
1976, 26
1977, 29
1978, 6
1979, 30
1980, 2
1981, 1
1982, 22
1983, 17
1984, 33
1985, 37
1986, 33
1987, 1
1988, 15
1989, 14
1990, 12
1991, 44
1992, 6
1993, 14
1994, 2
1995, 1
1996, 5
1997, 17
1998, 2
1999, 40
2000, 38
2001, 2
2002, 30
2003, 1
2004, 19
2005, 30
2006, 107
2007, 2
2008, 1
2009, 23
2010, 22
2011, 65
2012, 17
2013, 60
2014, 37
2015, 2
2016, 48
2017, 46
2018, 35
2019, 56
2020, 1
2021, 32
2022, 25
2023, 40
2024, 6
2025, 20
2026, 2
2027, 1
2028, 21
2029, 37
2030, 1
2031, 16
2032, 18
2033, 1
2034, 35
2035, 51
2036, 1
2037, 33
2038, 35
2039, 37
2040, 49
2041, 21
2042, 6
2043, 1
2044, 14
2045, 44
2046, 9
2047, 2
2048, 1
2049, 29
2050, 29
2051, 9
2052, 31
2053, 1
2054, 48
2055, 20
2056, 1
2057, 9
2058, 2
2059, 1
2060, 17
2061, 63
2062, 37
2063, 2
2064, 48
2065, 46
2066, 37
2067, 58
2068, 1
2069, 32
2070, 25
2071, 40
2072, 6
2073, 20
2074, 2
2075, 1
2076, 21
2077, 37
2078, 1
2079, 16
2080, 18
2081, 1
2082, 35
2083, 51
2084, 1
2085, 32
2086, 35
2087, 37
2088, 51
2089, 21
2090, 6
2091, 1
2092, 14
2093, 44
2094, 9
2095, 2
2096, 1
2097, 29
2098, 29
2099, 9
2100, 31
2101, 1
2102, 48
2103, 20
2104, 1
2105, 9
2106, 2
2107, 1
2108, 17
2109, 3
2110, 35
2111, 38
2112, 32
2113, 3
2114, 25
2115, 42
2116, 3
2117, 66
2118, 1
2119, 17
2120, 18
2121, 16
2122, 1
2123, 75
2124, 1
2125, 21
2126, 78
2127, 2
2128, 1
2129, 20
2130, 14
2131, 38
2132, 59
2133, 36
2134, 13
2135, 6
2136, 17
2137, 1
2138, 44
2139, 18
2140, 56
2141, 1
2142, 37
2143, 35
2144, 45
2145, 48
2146, 47
2147, 20
2148, 43
2149, 5
2150, 6
2151, 1
2152, 60
2153, 2
2154, 1
2155, 41
2156, 17
2157, 1
2158, 37
2159, 37
2160, 39
2161, 1
2162, 45
2163, 52
2164, 31
2165, 62
2166, 12
2167, 9
2168, 46
2169, 5
2170, 6
2171, 1
2172, 18
2173, 2
2174, 1
2175, 20
2176, 58
2177, 34
2178, 18
2179, 2
2180, 1
2181, 19
2182, 13
2183, 50
2184, 1
2185, 18
2186, 15
2187, 13
2188, 29
2189, 6
2190, 13
2191, 2
2192, 1
2193, 11
2194, 17
2195, 62
2196, 37
2197, 2
2198, 48
2199, 46
2200, 39
2201, 60
2202, 1
2203, 57
2204, 40
2205, 6
2206, 1
2207, 20
2208, 2
2209, 1
2210, 21
2211, 37
2212, 1
2213, 16
2214, 18
2215, 1
2216, 35
2217, 51
2218, 1
2219, 35
2220, 37
2221, 53
2222, 21
2223, 6
2224, 1
2225, 14
2226, 44
2227, 9
2228, 2
2229, 1
2230, 29
2231, 29
2232, 9
2233, 31
2234, 1
2235, 48
2236, 20
2237, 1
2238, 9
2239, 2
2240, 1
2241, 41
2242, 37
2243, 31
2244, 2
2245, 20
2246, 17
2247, 25
2248, 15
2249, 19
2250, 17
2251, 31
2252, 27
2253, 37
2254, 38
2255, 39
2256, 10
2257, 33
2258, 26
2259, 50
2260, 33
2261, 15
2262, 7
2263, 10
2264, 4
2265, 53
2266, 39
2267, 31
2268, 47
2269, 18
2270, 33
2271, 136
2272, 4
2273, 18
2274, 164
2275, 34
2276, 16
2277, 10
2278, 20
2279, 26
2280, 16
2281, 17
2282, 59
2283, 40
2284, 1
2285, 33
2286, 59
2287, 70
2288, 61
2289, 26
2290, 1
2291, 27
2292, 1
2293, 15
2294, 46
2295, 1
2296, 49
2297, 33
2298, 34
2299, 52
2300, 52
2301, 16
2302, 24
2303, 29
2304, 37
2305, 17
2306, 19
2307, 9
2308, 5
2309, 42
2310, 14
2311, 6
2312, 23
2313, 2
2314, 1
2315, 5
2316, 17
2317, 2
2318, 65
2319, 2
2320, 37
2321, 51
2322, 2
2323, 30
2324, 15
2325, 1
2326, 58
2327, 52
2328, 49
2329, 59
2330, 41
2331, 46
2332, 66
2333, 10
2334, 6
2335, 44
2336, 51
2337, 6
2338, 48
2339, 2
2340, 1
2341, 1
2342, 5
