1, 3
2, 65
3, 38
4, 31
5, 3
6, 44
7, 4
8, 1
9, 33
10, 17
11, 25
12, 41
13, 1
14, 79
15, 44
16, 3
17, 73
18, 41
19, 31
20, 4
21, 1
22, 21
23, 20
24, 22
25, 33
26, 29
27, 1
28, 8
29, 12
30, 35
31, 36
32, 52
33, 3
34, 59
35, 41
36, 31
37, 4
38, 1
39, 8
40, 81
41, 67
42, 43
43, 80
44, 40
45, 41
46, 38
47, 3
48, 39
49, 38
50, 29
51, 27
52, 44
53, 4
54, 1
55, 59
56, 1
57, 19
58, 23
59, 7
60, 36
61, 32
62, 20
63, 1
64, 56
65, 25
66, 16
67, 1
68, 18
69, 77
70, 38
71, 34
72, 1
73, 8
74, 24
75, 35
76, 33
77, 46
78, 41
79, 14
80, 1
81, 9
82, 42
83, 73
84, 1
85, 39
86, 1
87, 1
88, 27
89, 21
90, 35
91, 38
92, 25
93, 7
94, 73
95, 1
96, 1
97, 24
98, 51
99, 22
100, 26
101, 24
102, 1
103, 9
104, 16
105, 25
106, 60
107, 38
108, 1
109, 41
110, 38
111, 3
112, 39
113, 47
114, 4
115, 1
116, 54
117, 1
118, 19
119, 26
120, 38
121, 75
122, 1
123, 77
124, 1
125, 18
126, 81
127, 40
128, 34
129, 1
130, 9
131, 89
132, 42
133, 73
134, 1
135, 39
136, 1
137, 24
138, 17
139, 67
140, 79
141, 19
142, 53
143, 71
144, 16
145, 22
146, 33
147, 80
148, 15
149, 1
150, 47
151, 43
152, 37
153, 25
154, 76
155, 9
156, 24
157, 55
158, 69
159, 24
160, 13
161, 11
162, 25
163, 52
164, 16
165, 46
166, 38
167, 24
168, 21
169, 22
170, 28
171, 1
172, 9
173, 16
174, 25
175, 60
176, 38
177, 1
178, 41
179, 38
180, 3
181, 39
182, 34
183, 4
184, 1
185, 54
186, 1
187, 19
188, 26
189, 38
190, 75
191, 1
192, 77
193, 1
194, 18
195, 81
196, 40
197, 34
198, 1
199, 9
200, 89
201, 42
202, 73
203, 1
204, 39
205, 1
206, 24
207, 49
208, 25
209, 53
210, 21
211, 81
212, 77
213, 7
214, 1
215, 9
216, 16
217, 25
218, 60
219, 38
220, 1
221, 3
222, 34
223, 38
224, 3
225, 35
226, 4
227, 1
228, 31
229, 5
230, 35
231, 17
232, 19
233, 17
234, 11
235, 1
236, 68
237, 1
238, 12
239, 26
240, 25
241, 35
242, 29
243, 12
244, 36
245, 30
246, 13
247, 20
248, 21
249, 20
250, 4
251, 17
252, 20
253, 33
254, 37
255, 19
256, 14
257, 49
258, 5
259, 7
260, 30
261, 26
262, 16
263, 32
264, 14
265, 46
266, 44
267, 8
268, 5
269, 17
270, 1
271, 13
272, 21
273, 65
274, 30
275, 30
276, 7
277, 16
278, 3
279, 40
280, 38
281, 3
282, 39
283, 4
284, 1
285, 12
286, 1
287, 31
288, 1
289, 36
290, 69
291, 63
292, 1
293, 1
294, 60
295, 22
296, 24
297, 38
298, 37
299, 1
300, 13
301, 20
302, 27
303, 24
304, 19
305, 25
306, 40
307, 35
308, 26
309, 18
310, 6
311, 11
312, 24
313, 19
314, 22
315, 35
316, 57
317, 18
318, 7
319, 36
320, 1
321, 1
322, 37
323, 27
324, 74
325, 1
326, 9
327, 71
328, 71
329, 43
330, 77
331, 1
332, 41
333, 38
334, 1
335, 48
336, 3
337, 1
338, 25
339, 29
340, 1
341, 12
342, 1
343, 23
344, 11
345, 9
346, 8
347, 11
348, 1
349, 24
350, 20
351, 25
352, 26
353, 26
354, 26
355, 22
356, 26
357, 26
358, 26
359, 31
360, 1
361, 27
362, 21
363, 19
364, 25
365, 1
366, 34
367, 4
368, 1
369, 30
370, 1
371, 24
372, 79
373, 33
374, 21
375, 35
376, 34
377, 4
378, 1
379, 19
380, 20
381, 23
382, 29
383, 43
384, 42
385, 4
386, 1
387, 18
388, 23
389, 40
390, 46
391, 13
392, 10
393, 11
394, 21
395, 14
396, 26
397, 47
398, 11
399, 27
400, 16
401, 22
402, 17
403, 23
404, 23
405, 53
406, 53
407, 11
408, 9
409, 16
410, 27
411, 45
412, 41
413, 13
414, 16
415, 46
416, 13
417, 7
418, 24
419, 25
420, 26
421, 8
422, 5
423, 4
424, 1
425, 27
426, 3
427, 13
428, 14
429, 29
430, 28
431, 38
432, 4
433, 1
434, 16
435, 22
436, 21
437, 21
438, 19
439, 8
440, 7
441, 18
442, 24
443, 16
444, 15
445, 25
446, 8
447, 1
448, 20
449, 22
450, 45
451, 19
452, 23
453, 33
454, 77
455, 52
456, 12
457, 7
458, 26
459, 4
460, 1
461, 28
462, 37
463, 38
464, 32
465, 22
466, 22
467, 47
468, 15
469, 3
470, 1
471, 19
472, 29
473, 20
474, 19
475, 19
476, 21
477, 20
478, 20
479, 19
480, 21
481, 21
482, 20
483, 38
484, 5
485, 29
486, 59
487, 3
488, 3
489, 21
490, 30
491, 80
492, 40
493, 50
494, 67
495, 36
496, 27
497, 28
498, 77
499, 45
500, 37
501, 3
502, 1
503, 1
504, 15
505, 11
506, 9
507, 35
508, 9
509, 15
510, 5
511, 24
512, 26
513, 38
514, 15
515, 95
516, 15
517, 3
518, 1
519, 17
520, 41
521, 38
522, 48
523, 49
524, 3
525, 1
526, 12
527, 1
528, 72
529, 1
530, 26
531, 18
532, 17
533, 17
534, 19
535, 18
536, 18
537, 17
538, 19
539, 19
540, 18
541, 36
542, 1
543, 87
544, 1
545, 22
546, 19
547, 1
548, 21
549, 16
550, 14
551, 14
552, 14
553, 14
554, 14
555, 14
556, 14
557, 14
558, 14
559, 1
560, 66
561, 1
562, 22
563, 4
564, 1
565, 21
566, 15
567, 31
568, 35
569, 2
570, 1
571, 18
572, 27
573, 26
574, 31
575, 46
576, 2
577, 1
578, 68
579, 1
580, 29
581, 75
582, 1
583, 47
584, 49
585, 1
586, 38
587, 35
588, 11
589, 36
590, 36
591, 32
592, 32
593, 53
594, 31
595, 8
596, 7
597, 30
598, 38
599, 32
600, 9
601, 1
602, 36
603, 22
604, 46
605, 20
606, 10
607, 36
608, 66
609, 55
610, 30
611, 8
612, 1
613, 31
614, 79
615, 1
616, 43
617, 75
618, 1
619, 48
620, 88
621, 1
622, 63
623, 1
624, 87
625, 83
626, 42
627, 4
628, 1
629, 11
630, 1
631, 69
632, 57
633, 47
634, 14
635, 1
636, 8
637, 69
638, 24
639, 36
640, 57
641, 1
642, 3
643, 60
644, 41
645, 31
646, 4
647, 1
648, 10
649, 1
650, 34
651, 1
652, 46
653, 12
654, 11
655, 50
656, 63
657, 1
658, 29
659, 43
660, 37
661, 49
662, 8
663, 10
664, 1
665, 74
666, 1
667, 25
668, 45
669, 68
670, 61
671, 20
672, 32
673, 44
674, 57
675, 68
676, 8
677, 13
678, 1
679, 12
680, 43
681, 48
682, 36
683, 38
684, 18
685, 8
686, 1
687, 20
688, 30
689, 32
690, 42
691, 1
692, 20
693, 48
694, 25
695, 35
696, 68
697, 24
698, 36
699, 37
700, 27
701, 10
702, 22
703, 57
704, 26
705, 1
706, 78
707, 14
708, 3
709, 62
710, 41
711, 31
712, 18
713, 4
714, 1
715, 29
716, 29
717, 1
718, 15
719, 15
720, 1
721, 15
722, 44
723, 29
724, 1
725, 58
726, 58
727, 1
728, 17
729, 75
730, 1
731, 8
732, 81
733, 37
734, 54
735, 34
736, 38
737, 1
738, 38
739, 17
740, 3
741, 1
742, 52
743, 1
744, 23
745, 1
746, 21
747, 82
748, 68
749, 1
750, 29
751, 43
752, 1
753, 26
754, 33
755, 28
756, 36
757, 1
758, 20
759, 51
760, 12
761, 39
762, 34
763, 18
764, 35
765, 47
766, 27
767, 18
768, 3
769, 30
770, 11
771, 35
772, 55
773, 1
774, 11
775, 45
776, 19
777, 40
778, 31
779, 45
780, 31
781, 11
782, 49
783, 42
784, 39
785, 2
786, 35
787, 44
788, 2
789, 49
790, 49
791, 4
792, 2
793, 53
794, 2
795, 24
796, 2
797, 2
798, 21
799, 2
800, 60
801, 44
802, 38
803, 26
804, 77
805, 10
806, 25
807, 56
808, 72
809, 27
810, 16
811, 12
812, 26
813, 63
814, 47
815, 39
816, 25
817, 54
818, 2
819, 22
820, 2
821, 44
822, 23
823, 24
824, 2
825, 22
826, 83
827, 69
828, 2
829, 46
830, 40
831, 2
832, 30
833, 44
834, 2
835, 27
836, 35
837, 31
838, 37
839, 2
840, 21
841, 12
842, 45
843, 11
844, 46
845, 23
846, 25
847, 29
848, 47
849, 36
850, 37
851, 47
852, 34
853, 18
854, 11
855, 2
856, 31
857, 12
858, 35
859, 56
860, 2
861, 59
862, 36
863, 32
864, 44
865, 62
866, 52
867, 42
868, 53
869, 60
870, 39
871, 59
872, 45
873, 63
874, 2
875, 12
876, 46
877, 27
878, 55
879, 24
880, 30
881, 94
882, 60
883, 66
884, 39
885, 52
886, 41
887, 38
888, 1
889, 50
890, 3
891, 1
892, 17
893, 9
894, 78
895, 34
896, 35
897, 22
898, 25
899, 25
900, 21
901, 20
902, 20
903, 128
904, 54
905, 1
906, 62
907, 1
908, 18
909, 30
910, 23
911, 26
912, 32
913, 27
914, 39
915, 33
916, 18
917, 13
918, 24
919, 30
920, 15
921, 1
922, 40
923, 68
924, 7
925, 27
926, 23
927, 19
928, 56
929, 14
930, 18
931, 28
932, 66
933, 30
934, 1
935, 42
936, 47
937, 30
938, 16
939, 15
940, 1
941, 27
942, 12
943, 1
944, 27
945, 7
946, 1
947, 8
948, 63
949, 49
950, 71
951, 1
952, 41
953, 38
954, 1
955, 30
956, 3
957, 1
958, 1
959, 43
960, 29
961, 24
962, 21
963, 21
964, 22
965, 18
966, 7
967, 1
968, 66
969, 22
970, 21
971, 25
972, 18
973, 24
974, 13
975, 8
976, 1
977, 45
978, 31
979, 19
980, 19
981, 22
982, 26
983, 10
984, 15
985, 1
986, 61
987, 21
988, 39
989, 25
990, 55
991, 19
992, 16
993, 13
994, 25
995, 35
996, 17
997, 11
998, 5
999, 42
1000, 33
1001, 21
1002, 30
1003, 1
1004, 8
1005, 40
1006, 36
1007, 31
1008, 27
1009, 56
1010, 54
1011, 33
1012, 58
1013, 12
1014, 3
1015, 41
1016, 38
1017, 3
1018, 39
1019, 34
1020, 4
1021, 1
1022, 30
1023, 16
1024, 14
1025, 15
1026, 1
1027, 46
1028, 22
1029, 38
1030, 15
1031, 29
1032, 1
1033, 19
1034, 7
1035, 55
1036, 1
1037, 34
1038, 6
1039, 62
1040, 31
1041, 6
1042, 1
1043, 20
1044, 30
1045, 38
1046, 41
1047, 19
1048, 4
1049, 1
1050, 15
1051, 1
1052, 40
1053, 36
1054, 38
1055, 43
1056, 28
1057, 74
1058, 23
1059, 8
1060, 25
1061, 18
1062, 67
1063, 20
1064, 4
1065, 1
1066, 69
1067, 71
1068, 25
1069, 50
1070, 50
1071, 25
1072, 22
1073, 67
1074, 55
1075, 1
1076, 38
1077, 36
1078, 28
1079, 20
1080, 28
1081, 33
1082, 8
1083, 25
1084, 42
1085, 1
1086, 1
1087, 55
1088, 44
1089, 44
1090, 44
1091, 44
1092, 44
1093, 37
1094, 1
1095, 68
1096, 61
1097, 61
1098, 51
1099, 1
1100, 72
1101, 62
1102, 1
1103, 9
1104, 68
1105, 56
1106, 59
1107, 71
1108, 1
1109, 12
1110, 3
1111, 40
1112, 38
1113, 3
1114, 39
1115, 4
1116, 1
1117, 49
1118, 16
1119, 14
1120, 15
1121, 1
1122, 46
1123, 22
1124, 36
1125, 31
1126, 1
1127, 1
1128, 28
1129, 24
1130, 65
1131, 1
1132, 22
1133, 31
1134, 19
1135, 47
1136, 17
1137, 1
1138, 1
1139, 15
1140, 1
1141, 40
1142, 36
1143, 39
1144, 43
1145, 28
1146, 64
1147, 23
1148, 8
1149, 25
1150, 18
1151, 57
1152, 20
1153, 4
1154, 1
1155, 69
1156, 71
1157, 25
1158, 50
1159, 50
1160, 25
1161, 22
1162, 67
1163, 55
1164, 1
1165, 38
1166, 36
1167, 28
1168, 20
1169, 28
1170, 33
1171, 8
1172, 25
1173, 42
1174, 1
1175, 1
1176, 55
1177, 44
1178, 44
1179, 44
1180, 44
1181, 44
1182, 37
1183, 1
1184, 68
1185, 61
1186, 61
1187, 51
1188, 1
1189, 72
1190, 62
1191, 1
1192, 9
1193, 68
1194, 56
1195, 59
1196, 71
1197, 41
1198, 38
1199, 3
1200, 39
1201, 34
1202, 4
1203, 1
1204, 30
1205, 16
1206, 14
1207, 15
1208, 1
1209, 38
1210, 22
1211, 38
1212, 15
1213, 27
1214, 1
1215, 19
1216, 7
1217, 55
1218, 1
1219, 34
1220, 6
1221, 62
1222, 31
1223, 6
1224, 1
1225, 20
1226, 30
1227, 38
1228, 41
1229, 19
1230, 4
1231, 1
1232, 15
1233, 1
1234, 40
1235, 36
1236, 38
1237, 43
1238, 28
1239, 74
1240, 23
1241, 8
1242, 25
1243, 18
1244, 67
1245, 20
1246, 4
1247, 1
1248, 69
1249, 71
1250, 25
1251, 50
1252, 50
1253, 25
1254, 22
1255, 67
1256, 55
1257, 1
1258, 38
1259, 36
1260, 28
1261, 20
1262, 28
1263, 33
1264, 8
1265, 25
1266, 42
1267, 1
1268, 1
1269, 55
1270, 44
1271, 44
1272, 44
1273, 44
1274, 44
1275, 37
1276, 1
1277, 68
1278, 61
1279, 61
1280, 51
1281, 1
1282, 72
1283, 62
1284, 1
1285, 9
1286, 68
1287, 56
1288, 59
1289, 71
1290, 41
1291, 38
1292, 3
1293, 39
1294, 34
1295, 34
1296, 4
1297, 1
1298, 13
1299, 27
1300, 18
1301, 17
1302, 24
1303, 1
1304, 21
1305, 1
1306, 63
1307, 1
1308, 14
1309, 1
1310, 28
1311, 1
1312, 24
1313, 35
1314, 8
1315, 7
1316, 22
1317, 35
1318, 30
1319, 22
1320, 8
1321, 17
1322, 11
1323, 28
1324, 15
1325, 15
1326, 38
1327, 10
1328, 18
1329, 37
1330, 20
1331, 12
1332, 8
1333, 26
1334, 17
1335, 16
1336, 10
1337, 27
1338, 14
1339, 14
1340, 38
1341, 9
1342, 17
1343, 6
1344, 1
1345, 1
1346, 4
1347, 1
1348, 55
1349, 44
1350, 44
1351, 44
1352, 44
1353, 44
1354, 37
1355, 1
1356, 68
1357, 61
1358, 61
1359, 51
1360, 1
1361, 72
1362, 62
1363, 1
1364, 1
1365, 30
1366, 16
1367, 14
1368, 15
1369, 1
1370, 38
1371, 1
1372, 1
1373, 12
1374, 18
1375, 16
1376, 20
1377, 50
1378, 1
1379, 21
1380, 27
1381, 15
1382, 6
1383, 1
1384, 19
1385, 7
1386, 34
1387, 26
1388, 28
1389, 1
1390, 15
1391, 32
1392, 40
1393, 39
1394, 23
1395, 28
1396, 24
1397, 19
1398, 24
1399, 14
1400, 21
1401, 12
1402, 6
1403, 21
1404, 21
1405, 38
1406, 6
1407, 1
1408, 71
1409, 17
1410, 24
1411, 21
1412, 41
1413, 9
1414, 1
1415, 20
1416, 29
1417, 28
1418, 25
1419, 34
1420, 21
1421, 26
1422, 23
1423, 7
1424, 11
1425, 3
1426, 4
1427, 1
1428, 15
1429, 1
1430, 33
1431, 1
1432, 20
1433, 1
1434, 51
1435, 34
1436, 30
1437, 1
1438, 27
1439, 27
1440, 1
1441, 13
1442, 1
1443, 29
1444, 67
1445, 22
1446, 25
1447, 39
1448, 1
1449, 32
1450, 42
1451, 31
1452, 52
1453, 33
1454, 15
1455, 23
1456, 17
1457, 41
1458, 46
1459, 24
1460, 16
1461, 54
1462, 17
1463, 41
1464, 27
1465, 53
1466, 25
1467, 5
1468, 1
1469, 21
1470, 40
1471, 1
1472, 19
1473, 43
1474, 42
1475, 22
1476, 19
1477, 20
1478, 44
1479, 32
1480, 23
1481, 8
1482, 1
1483, 17
1484, 21
1485, 18
1486, 34
1487, 1
1488, 17
1489, 32
1490, 28
1491, 50
1492, 31
1493, 10
1494, 7
1495, 35
1496, 31
1497, 12
1498, 45
1499, 15
1500, 1
1501, 4
1502, 1
1503, 25
1504, 23
1505, 24
1506, 23
1507, 26
1508, 23
1509, 1
1510, 40
1511, 22
1512, 38
1513, 28
1514, 78
1515, 25
1516, 8
1517, 25
1518, 18
1519, 72
1520, 25
1521, 4
1522, 1
1523, 69
1524, 71
1525, 25
1526, 50
1527, 50
1528, 25
1529, 22
1530, 25
1531, 33
1532, 33
1533, 6
1534, 13
1535, 35
1536, 27
1537, 6
1538, 1
1539, 38
1540, 22
1541, 28
1542, 20
1543, 28
1544, 33
1545, 8
1546, 25
1547, 42
1548, 1
1549, 1
1550, 13
1551, 35
1552, 59
1553, 23
1554, 23
1555, 63
1556, 53
1557, 23
1558, 76
1559, 54
1560, 23
1561, 1
1562, 1
1563, 4
1564, 1
1565, 33
1566, 1
1567, 20
1568, 1
1569, 51
1570, 34
1571, 30
1572, 36
1573, 1
1574, 27
1575, 1
1576, 27
1577, 27
1578, 1
1579, 32
1580, 38
1581, 1
1582, 1
1583, 13
1584, 1
1585, 53
1586, 40
1587, 25
1588, 1
1589, 30
1590, 1
1591, 32
1592, 46
1593, 36
1594, 1
1595, 21
1596, 40
1597, 1
1598, 19
1599, 31
1600, 20
1601, 1
1602, 21
1603, 44
1604, 63
1605, 14
1606, 9
1607, 20
1608, 1
1609, 33
1610, 1
1611, 17
1612, 25
1613, 28
1614, 50
1615, 24
1616, 10
1617, 1
1618, 7
1619, 26
1620, 22
1621, 1
1622, 25
1623, 33
1624, 1
1625, 31
1626, 26
1627, 52
1628, 23
1629, 34
1630, 8
1631, 1
1632, 4
1633, 1
1634, 25
1635, 23
1636, 24
1637, 23
1638, 26
1639, 23
1640, 1
1641, 40
1642, 22
1643, 38
1644, 28
1645, 78
1646, 25
1647, 8
1648, 25
1649, 18
1650, 72
1651, 25
1652, 4
1653, 1
1654, 1
1655, 69
1656, 71
1657, 25
1658, 50
1659, 50
1660, 25
1661, 22
1662, 25
1663, 33
1664, 33
1665, 6
1666, 13
1667, 35
1668, 27
1669, 6
1670, 1
1671, 1
1672, 39
1673, 22
1674, 28
1675, 20
1676, 28
1677, 33
1678, 8
1679, 25
1680, 42
1681, 1
1682, 91
1683, 89
1684, 64
1685, 1
1686, 39
1687, 19
1688, 22
1689, 38
1690, 37
1691, 1
1692, 21
1693, 18
1694, 26
1695, 22
1696, 17
1697, 60
1698, 43
1699, 48
1700, 51
1701, 27
1702, 17
1703, 13
1704, 61
1705, 45
1706, 59
1707, 23
1708, 1
1709, 27
1710, 20
1711, 30
1712, 23
1713, 21
1714, 21
1715, 26
1716, 32
1717, 10
1718, 9
1719, 15
1720, 5
1721, 26
1722, 14
1723, 26
1724, 27
1725, 3
1726, 1
1727, 38
1728, 36
1729, 43
1730, 7
1731, 1
1732, 13
1733, 35
1734, 59
1735, 23
1736, 23
1737, 63
1738, 53
1739, 23
1740, 76
1741, 54
1742, 23
1743, 1
1744, 4
1745, 1
1746, 1
1747, 9
1748, 68
1749, 17
1750, 28
1751, 7
1752, 28
1753, 41
1754, 38
1755, 3
1756, 39
1757, 34
1758, 1
1759, 58
1760, 46
1761, 51
1762, 32
1763, 22
1764, 1
1765, 34
1766, 32
1767, 4
1768, 1
1769, 13
1770, 27
1771, 18
1772, 17
1773, 24
1774, 1
1775, 21
1776, 1
1777, 63
1778, 1
1779, 14
1780, 1
1781, 28
1782, 1
1783, 24
1784, 35
1785, 8
1786, 7
1787, 22
1788, 35
1789, 30
1790, 22
1791, 8
1792, 17
1793, 11
1794, 28
1795, 15
1796, 15
1797, 38
1798, 10
1799, 18
1800, 37
1801, 20
1802, 12
1803, 8
1804, 26
1805, 17
1806, 16
1807, 10
1808, 27
1809, 14
1810, 14
1811, 38
1812, 9
1813, 17
1814, 6
1815, 1
1816, 1
1817, 4
1818, 1
1819, 55
1820, 44
1821, 44
1822, 44
1823, 44
1824, 44
1825, 37
1826, 1
1827, 68
1828, 61
1829, 61
1830, 51
1831, 1
1832, 72
1833, 62
1834, 1
1835, 30
1836, 16
1837, 14
1838, 15
1839, 1
1840, 38
1841, 1
1842, 1
1843, 12
1844, 18
1845, 16
1846, 20
1847, 50
1848, 1
1849, 21
1850, 27
1851, 15
1852, 6
1853, 1
1854, 23
1855, 57
1856, 6
1857, 7
1858, 34
1859, 26
1860, 28
1861, 1
1862, 71
1863, 17
1864, 24
1865, 21
1866, 41
1867, 9
1868, 1
1869, 20
1870, 29
1871, 28
1872, 25
1873, 34
1874, 21
1875, 26
1876, 23
1877, 7
1878, 11
1879, 3
1880, 1
1881, 21
1882, 29
1883, 28
1884, 25
1885, 34
1886, 21
1887, 26
1888, 23
1889, 11
1890, 11
1891, 7
1892, 1
1893, 1
1894, 15
1895, 32
1896, 40
1897, 39
1898, 23
1899, 28
1900, 24
1901, 19
1902, 24
1903, 14
1904, 21
1905, 12
1906, 14
1907, 3
1908, 18
1909, 18
1910, 35
1911, 3
1912, 9
1913, 34
1914, 36
1915, 22
1916, 31
1917, 17
1918, 17
1919, 7
1920, 9
1921, 1
1922, 4
1923, 1
1924, 15
1925, 1
1926, 33
1927, 1
1928, 20
1929, 1
1930, 51
1931, 34
1932, 30
1933, 1
1934, 27
1935, 27
1936, 1
1937, 13
1938, 1
1939, 29
1940, 67
1941, 22
1942, 25
1943, 39
1944, 1
1945, 32
1946, 42
1947, 31
1948, 52
1949, 33
1950, 15
1951, 23
1952, 17
1953, 41
1954, 46
1955, 24
1956, 16
1957, 54
1958, 17
1959, 41
1960, 27
1961, 53
1962, 25
1963, 5
1964, 1
1965, 21
1966, 40
1967, 1
1968, 19
1969, 43
1970, 43
1971, 22
1972, 19
1973, 20
1974, 44
1975, 32
1976, 23
1977, 8
1978, 1
1979, 17
1980, 21
1981, 18
1982, 34
1983, 1
1984, 17
1985, 32
1986, 28
1987, 50
1988, 31
1989, 10
1990, 7
1991, 35
1992, 31
1993, 12
1994, 45
1995, 15
1996, 1
1997, 4
1998, 1
1999, 25
2000, 23
2001, 24
2002, 23
2003, 26
2004, 23
2005, 1
2006, 1
2007, 40
2008, 22
2009, 40
2010, 24
2011, 27
2012, 33
2013, 36
2014, 39
2015, 27
2016, 21
2017, 40
2018, 29
2019, 31
2020, 16
2021, 10
2022, 5
2023, 28
2024, 24
2025, 25
2026, 8
2027, 25
2028, 22
2029, 20
2030, 25
2031, 7
2032, 38
2033, 27
2034, 1
2035, 1
2036, 69
2037, 71
2038, 25
2039, 50
2040, 50
2041, 25
2042, 22
2043, 25
2044, 33
2045, 33
2046, 6
2047, 13
2048, 35
2049, 27
2050, 6
2051, 1
2052, 38
2053, 22
2054, 28
2055, 20
2056, 28
2057, 33
2058, 8
2059, 25
2060, 42
2061, 1
2062, 1
2063, 91
2064, 89
2065, 64
2066, 3
2067, 1
2068, 3
2069, 39
2070, 19
2071, 22
2072, 38
2073, 37
2074, 1
2075, 21
2076, 18
2077, 26
2078, 22
2079, 17
2080, 60
2081, 43
2082, 48
2083, 51
2084, 27
2085, 17
2086, 13
2087, 61
2088, 45
2089, 59
2090, 23
2091, 1
2092, 27
2093, 20
2094, 30
2095, 23
2096, 21
2097, 21
2098, 26
2099, 32
2100, 10
2101, 9
2102, 15
2103, 5
2104, 26
2105, 14
2106, 26
2107, 27
2108, 3
2109, 1
2110, 13
2111, 35
2112, 59
2113, 23
2114, 23
2115, 63
2116, 53
2117, 23
2118, 76
2119, 54
2120, 23
2121, 1
2122, 1
2123, 4
2124, 1
2125, 33
2126, 1
2127, 20
2128, 1
2129, 51
2130, 34
2131, 30
2132, 36
2133, 1
2134, 27
2135, 1
2136, 27
2137, 27
2138, 1
2139, 32
2140, 38
2141, 1
2142, 1
2143, 13
2144, 1
2145, 53
2146, 40
2147, 25
2148, 1
2149, 30
2150, 1
2151, 32
2152, 46
2153, 36
2154, 1
2155, 21
2156, 40
2157, 1
2158, 19
2159, 31
2160, 20
2161, 1
2162, 21
2163, 44
2164, 63
2165, 14
2166, 9
2167, 20
2168, 1
2169, 33
2170, 1
2171, 17
2172, 25
2173, 28
2174, 50
2175, 24
2176, 10
2177, 1
2178, 7
2179, 26
2180, 22
2181, 1
2182, 25
2183, 33
2184, 1
2185, 31
2186, 26
2187, 52
2188, 23
2189, 34
2190, 8
2191, 1
2192, 4
2193, 1
2194, 25
2195, 23
2196, 24
2197, 23
2198, 26
2199, 23
2200, 1
2201, 1
2202, 1
2203, 40
2204, 77
2205, 22
2206, 40
2207, 24
2208, 27
2209, 3
2210, 24
2211, 106
2212, 3
2213, 33
2214, 36
2215, 39
2216, 27
2217, 21
2218, 40
2219, 29
2220, 31
2221, 16
2222, 10
2223, 5
2224, 28
2225, 24
2226, 25
2227, 8
2228, 25
2229, 22
2230, 20
2231, 25
2232, 7
2233, 38
2234, 28
2235, 77
2236, 7
2237, 1
2238, 3
2239, 40
2240, 22
2241, 38
2242, 28
2243, 78
2244, 25
2245, 8
2246, 25
2247, 18
2248, 72
2249, 25
2250, 4
2251, 3
2252, 1
2253, 1
2254, 69
2255, 71
2256, 25
2257, 50
2258, 50
2259, 25
2260, 22
2261, 25
2262, 33
2263, 33
2264, 6
2265, 13
2266, 35
2267, 27
2268, 6
2269, 1
2270, 1
2271, 39
2272, 22
2273, 28
2274, 20
2275, 28
2276, 33
2277, 8
2278, 25
2279, 42
2280, 1
2281, 91
2282, 89
2283, 64
2284, 1
2285, 39
2286, 19
2287, 22
2288, 38
2289, 37
2290, 1
2291, 21
2292, 18
2293, 26
2294, 22
2295, 17
2296, 60
2297, 43
2298, 48
2299, 51
2300, 27
2301, 17
2302, 13
2303, 61
2304, 45
2305, 59
2306, 23
2307, 1
2308, 27
2309, 20
2310, 30
2311, 23
2312, 21
2313, 21
2314, 26
2315, 32
2316, 10
2317, 9
2318, 15
2319, 5
2320, 26
2321, 14
2322, 26
2323, 27
2324, 3
2325, 1
2326, 38
2327, 36
2328, 43
2329, 7
2330, 1
2331, 13
2332, 35
2333, 59
2334, 23
2335, 23
2336, 63
2337, 53
2338, 23
2339, 76
2340, 54
2341, 23
2342, 1
2343, 4
2344, 1
2345, 9
2346, 68
2347, 17
2348, 28
2349, 7
2350, 28
2351, 26
2352, 67
2353, 66
2354, 29
2355, 3
2356, 46
2357, 4
2358, 1
2359, 9
2360, 1
2361, 24
2362, 23
2363, 23
2364, 1
2365, 21
2366, 30
2367, 34
2368, 7
2369, 29
2370, 29
2371, 20
2372, 20
2373, 30
2374, 29
2375, 42
2376, 34
2377, 1
2378, 13
2379, 24
2380, 7
2381, 29
2382, 29
2383, 23
2384, 45
2385, 38
2386, 1
2387, 8
2388, 33
2389, 37
2390, 24
2391, 39
2392, 3
2393, 68
2394, 38
2395, 17
2396, 4
2397, 1
2398, 21
2399, 19
2400, 31
2401, 1
2402, 23
2403, 1
2404, 8
2405, 10
2406, 35
2407, 36
2408, 31
2409, 3
2410, 63
2411, 38
2412, 3
2413, 47
2414, 60
2415, 4
2416, 1
2417, 16
2418, 52
2419, 1
2420, 78
2421, 29
2422, 1
2423, 40
2424, 38
2425, 3
2426, 31
2427, 25
2428, 4
2429, 1
2430, 22
2431, 44
2432, 20
2433, 35
2434, 29
2435, 8
2436, 7
2437, 1
2438, 80
2439, 3
2440, 60
2441, 41
2442, 31
2443, 4
2444, 1
2445, 70
2446, 53
2447, 1
2448, 27
2449, 1
2450, 44
2451, 44
2452, 9
2453, 31
2454, 46
2455, 53
2456, 1
2457, 79
2458, 43
2459, 70
2460, 76
2461, 24
2462, 3
2463, 61
2464, 41
2465, 31
2466, 4
2467, 1
2468, 76
2469, 69
2470, 23
2471, 66
2472, 52
2473, 80
2474, 56
2475, 30
2476, 65
2477, 65
2478, 13
2479, 3
2480, 40
2481, 38
2482, 3
2483, 39
2484, 67
2485, 4
2486, 1
2487, 25
2488, 69
2489, 1
2490, 59
2491, 22
2492, 4
2493, 12
2494, 26
2495, 31
2496, 42
2497, 55
2498, 68
2499, 36
2500, 65
2501, 7
2502, 24
2503, 7
2504, 71
2505, 37
2506, 1
2507, 35
2508, 57
2509, 1
2510, 66
2511, 57
2512, 67
2513, 63
2514, 1
2515, 16
2516, 59
2517, 35
2518, 1
2519, 57
2520, 16
2521, 22
2522, 59
2523, 25
2524, 19
2525, 1
2526, 1
2527, 34
2528, 67
2529, 44
2530, 1
2531, 36
2532, 75
2533, 53
2534, 1
2535, 1
2536, 35
2537, 29
2538, 56
2539, 64
2540, 44
2541, 36
2542, 74
2543, 73
2544, 42
2545, 1
2546, 32
2547, 77
2548, 72
2549, 50
2550, 1
2551, 42
2552, 1
2553, 25
2554, 46
2555, 59
2556, 37
2557, 37
2558, 4
2559, 1
2560, 1
2561, 17
2562, 32
2563, 31
2564, 33
2565, 2
2566, 1
2567, 1
2568, 23
2569, 65
2570, 1
2571, 77
2572, 1
2573, 30
2574, 54
2575, 1
2576, 67
2577, 1
2578, 1
2579, 18
2580, 7
2581, 30
2582, 13
2583, 26
2584, 31
2585, 30
2586, 33
2587, 1
2588, 35
2589, 24
2590, 58
2591, 29
2592, 4
2593, 1
2594, 58
2595, 47
2596, 30
2597, 1
2598, 21
2599, 41
2600, 34
2601, 1
2602, 49
2603, 74
2604, 66
2605, 73
2606, 30
2607, 1
2608, 17
2609, 58
2610, 59
2611, 58
2612, 24
2613, 1
2614, 24
2615, 48
2616, 36
2617, 50
2618, 29
2619, 23
2620, 6
2621, 26
2622, 1
2623, 29
2624, 18
2625, 48
2626, 47
2627, 45
2628, 45
2629, 7
2630, 11
2631, 32
2632, 1
2633, 37
2634, 20
2635, 48
2636, 47
2637, 60
2638, 38
2639, 25
2640, 22
2641, 3
2642, 8
2643, 39
2644, 47
2645, 24
2646, 4
2647, 7
2648, 11
2649, 35
2650, 1
2651, 26
2652, 19
2653, 38
2654, 45
2655, 24
2656, 19
2657, 7
2658, 8
2659, 62
2660, 29
2661, 1
2662, 39
2663, 26
2664, 34
2665, 23
2666, 47
2667, 67
2668, 4
2669, 1
2670, 1
2671, 67
2672, 33
2673, 62
2674, 1
2675, 15
2676, 18
2677, 1
2678, 47
2679, 77
2680, 63
2681, 59
2682, 1
2683, 51
2684, 19
2685, 72
2686, 33
2687, 43
2688, 67
2689, 40
2690, 1
2691, 51
2692, 78
2693, 23
2694, 1
2695, 9
2696, 67
2697, 61
2698, 55
2699, 52
2700, 78
2701, 66
2702, 77
2703, 27
2704, 3
2705, 64
2706, 41
2707, 31
2708, 4
2709, 1
2710, 67
2711, 1
2712, 21
2713, 49
2714, 24
2715, 43
2716, 1
2717, 1
2718, 20
2719, 30
2720, 66
2721, 6
2722, 18
2723, 27
2724, 16
2725, 23
2726, 10
2727, 17
2728, 25
2729, 28
2730, 17
2731, 30
2732, 26
2733, 21
2734, 12
2735, 11
2736, 15
2737, 21
2738, 25
2739, 56
2740, 37
2741, 30
2742, 19
2743, 23
2744, 12
2745, 27
2746, 12
2747, 23
2748, 9
2749, 18
2750, 1
2751, 78
2752, 58
2753, 16
2754, 32
2755, 3
2756, 61
2757, 41
2758, 4
2759, 1
2760, 28
2761, 73
2762, 3
2763, 40
2764, 38
2765, 3
2766, 35
2767, 62
2768, 4
2769, 1
2770, 25
2771, 9
2772, 26
2773, 26
2774, 26
2775, 26
2776, 20
2777, 22
2778, 23
2779, 4
2780, 1
2781, 30
2782, 17
2783, 25
2784, 25
2785, 25
2786, 25
2787, 17
2788, 15
2789, 38
2790, 4
2791, 1
2792, 41
2793, 28
2794, 17
2795, 37
2796, 13
2797, 29
2798, 44
2799, 65
2800, 26
2801, 30
2802, 30
2803, 30
2804, 30
2805, 4
2806, 1
2807, 66
2808, 30
2809, 32
2810, 43
2811, 43
2812, 34
2813, 41
2814, 1
2815, 9
2816, 58
2817, 58
2818, 52
2819, 39
2820, 18
2821, 43
2822, 46
2823, 47
2824, 4
2825, 1
2826, 38
2827, 66
2828, 50
2829, 26
2830, 23
2831, 21
2832, 69
2833, 1
2834, 9
2835, 66
2836, 49
2837, 1
2838, 57
2839, 21
2840, 35
2841, 39
2842, 39
2843, 38
2844, 37
2845, 57
2846, 57
2847, 69
2848, 72
2849, 1
2850, 24
2851, 24
2852, 24
2853, 24
2854, 32
2855, 15
2856, 1
2857, 50
2858, 25
2859, 47
2860, 25
2861, 36
2862, 52
2863, 1
2864, 52
2865, 39
2866, 31
2867, 73
2868, 19
2869, 15
2870, 6
2871, 4
2872, 1
2873, 48
2874, 29
2875, 22
2876, 32
2877, 9
2878, 1
2879, 40
2880, 37
2881, 51
2882, 42
2883, 33
2884, 75
2885, 76
2886, 75
2887, 6
2888, 1
2889, 30
2890, 20
2891, 30
2892, 1
2893, 47
2894, 9
2895, 24
2896, 44
2897, 59
2898, 79
2899, 32
2900, 61
2901, 1
2902, 44
2903, 25
2904, 21
2905, 38
2906, 36
2907, 9
2908, 38
2909, 31
2910, 1
2911, 23
2912, 19
2913, 39
2914, 37
2915, 9
2916, 51
2917, 44
2918, 18
2919, 3
2920, 41
2921, 38
2922, 3
2923, 39
2924, 34
2925, 4
2926, 1
2927, 18
2928, 18
2929, 1
2930, 21
2931, 1
2932, 39
2933, 1
2934, 15
2935, 21
2936, 76
2937, 7
2938, 4
2939, 1
2940, 27
2941, 1
2942, 60
2943, 69
2944, 68
2945, 66
2946, 14
2947, 28
2948, 19
2949, 17
2950, 31
2951, 42
2952, 40
2953, 89
2954, 10
2955, 10
2956, 1
2957, 58
2958, 71
2959, 34
2960, 53
2961, 63
2962, 1
2963, 30
2964, 28
2965, 57
2966, 78
2967, 42
2968, 62
2969, 20
2970, 1
2971, 26
2972, 46
2973, 75
2974, 1
2975, 46
2976, 16
2977, 74
2978, 51
2979, 34
2980, 30
2981, 21
2982, 36
2983, 29
2984, 67
2985, 23
2986, 30
2987, 21
2988, 38
2989, 49
2990, 53
2991, 33
2992, 22
2993, 1
2994, 69
2995, 1
2996, 9
2997, 61
2998, 47
2999, 68
3000, 41
3001, 38
3002, 3
3003, 39
3004, 34
3005, 4
3006, 1
3007, 17
3008, 23
3009, 28
3010, 16
3011, 7
3012, 26
3013, 1
3014, 20
3015, 17
3016, 22
3017, 28
3018, 27
3019, 71
3020, 19
3021, 21
3022, 1
3023, 17
3024, 23
3025, 72
3026, 11
3027, 6
3028, 1
3029, 18
3030, 26
3031, 19
3032, 1
3033, 18
3034, 46
3035, 60
3036, 9
3037, 1
3038, 55
3039, 72
3040, 1
3041, 29
3042, 14
3043, 55
3044, 14
3045, 28
3046, 76
3047, 44
3048, 24
3049, 69
3050, 1
3051, 24
3052, 36
3053, 14
3054, 31
3055, 70
3056, 4
3057, 1
3058, 46
3059, 16
3060, 74
3061, 51
3062, 34
3063, 30
3064, 21
3065, 36
3066, 29
3067, 67
3068, 23
3069, 30
3070, 21
3071, 38
3072, 49
3073, 53
3074, 33
3075, 22
3076, 1
3077, 43
3078, 37
3079, 25
3080, 76
3081, 9
3082, 24
3083, 55
3084, 71
3085, 26
3086, 15
3087, 11
3088, 25
3089, 62
3090, 46
3091, 38
3092, 24
3093, 53
3094, 1
3095, 22
3096, 68
3097, 1
3098, 9
3099, 14
3100, 15
3101, 69
3102, 41
3103, 14
3104, 15
3105, 83
3106, 26
3107, 68
3108, 41
3109, 38
3110, 3
3111, 39
3112, 34
3113, 35
3114, 4
3115, 1
3116, 29
3117, 8
3118, 28
3119, 28
3120, 28
3121, 28
3122, 28
3123, 28
3124, 28
3125, 27
3126, 1
3127, 21
3128, 34
3129, 27
3130, 27
3131, 47
3132, 9
3133, 1
3134, 50
3135, 14
3136, 82
3137, 50
3138, 40
3139, 31
3140, 8
3141, 20
3142, 39
3143, 33
3144, 21
3145, 33
3146, 16
3147, 7
3148, 26
3149, 31
3150, 22
3151, 37
3152, 50
3153, 24
3154, 35
3155, 34
3156, 23
3157, 1
3158, 1
3159, 24
3160, 19
3161, 32
3162, 21
3163, 8
3164, 1
3165, 24
3166, 25
3167, 53
3168, 28
3169, 8
3170, 1
3171, 19
3172, 27
3173, 6
3174, 1
3175, 22
3176, 31
3177, 12
3178, 12
3179, 21
3180, 38
3181, 1
3182, 22
3183, 35
3184, 35
3185, 27
3186, 27
3187, 1
3188, 30
3189, 35
3190, 27
3191, 15
3192, 27
3193, 8
3194, 1
3195, 21
3196, 22
3197, 1
3198, 21
3199, 44
3200, 64
3201, 10
3202, 1
3203, 37
3204, 25
3205, 35
3206, 27
3207, 15
3208, 34
3209, 8
3210, 1
3211, 25
3212, 35
3213, 24
3214, 1
3215, 25
3216, 35
3217, 51
3218, 66
3219, 10
3220, 1
3221, 40
3222, 1
3223, 31
3224, 27
3225, 29
3226, 15
3227, 32
3228, 1
3229, 24
3230, 33
3231, 18
3232, 3
3233, 1
3234, 30
3235, 33
3236, 38
3237, 33
3238, 3
3239, 1
3240, 20
3241, 48
3242, 28
3243, 7
3244, 38
3245, 34
3246, 21
3247, 38
3248, 11
3249, 1
3250, 20
3251, 48
3252, 28
3253, 7
3254, 38
3255, 34
3256, 21
3257, 38
3258, 11
3259, 1
3260, 18
3261, 55
3262, 1
3263, 57
3264, 74
3265, 1
3266, 32
3267, 17
3268, 68
3269, 16
3270, 24
3271, 65
3272, 46
3273, 18
3274, 64
3275, 1
3276, 32
3277, 17
3278, 68
3279, 16
3280, 24
3281, 65
3282, 46
3283, 18
3284, 64
3285, 1
3286, 30
3287, 12
3288, 93
3289, 1
3290, 30
3291, 12
3292, 93
3293, 1
3294, 30
3295, 47
3296, 28
3297, 1
3298, 26
3299, 35
3300, 45
3301, 26
3302, 1
3303, 41
3304, 1
3305, 50
3306, 37
3307, 25
3308, 76
3309, 9
3310, 24
3311, 55
3312, 44
3313, 26
3314, 15
3315, 11
3316, 25
3317, 62
3318, 46
3319, 38
3320, 24
3321, 3
3322, 1
3323, 22
3324, 49
3325, 60
3326, 1
3327, 9
3328, 14
3329, 14
3330, 20
3331, 14
3332, 33
3333, 13
3334, 27
3335, 15
3336, 15
3337, 18
3338, 19
3339, 21
3340, 27
3341, 33
3342, 3
3343, 61
3344, 41
3345, 25
3346, 41
3347, 4
3348, 1
3349, 22
3350, 80
3351, 1
3352, 18
3353, 17
3354, 1
3355, 16
3356, 30
3357, 60
3358, 1
3359, 15
3360, 25
3361, 69
3362, 1
3363, 42
3364, 45
3365, 51
3366, 53
3367, 1
3368, 46
3369, 1
3370, 39
3371, 14
3372, 40
3373, 75
3374, 1
3375, 20
3376, 28
3377, 63
3378, 1
3379, 16
3380, 51
3381, 38
3382, 1
3383, 25
3384, 40
3385, 41
3386, 28
3387, 20
3388, 1
3389, 21
3390, 43
3391, 31
3392, 38
3393, 22
3394, 1
3395, 20
3396, 43
3397, 45
3398, 24
3399, 21
3400, 1
3401, 15
3402, 78
3403, 1
3404, 18
3405, 24
3406, 34
3407, 80
3408, 29
3409, 32
3410, 23
3411, 9
3412, 4
3413, 1
3414, 20
3415, 22
3416, 30
3417, 25
3418, 31
3419, 81
3420, 80
3421, 20
3422, 63
3423, 76
3424, 64
3425, 18
3426, 1
3427, 78
3428, 47
3429, 37
3430, 3
3431, 41
3432, 38
3433, 3
3434, 31
3435, 3
3436, 53
3437, 34
3438, 26
3439, 20
3440, 41
3441, 4
3442, 1
3443, 15
3444, 15
3445, 17
3446, 1
3447, 25
3448, 12
3449, 77
3450, 21
3451, 28
3452, 17
3453, 64
3454, 30
3455, 36
3456, 26
3457, 36
3458, 74
3459, 16
3460, 15
3461, 33
3462, 23
3463, 46
3464, 34
3465, 26
3466, 16
3467, 45
3468, 37
3469, 16
3470, 12
3471, 23
3472, 6
3473, 22
3474, 11
3475, 32
3476, 33
3477, 11
3478, 11
3479, 10
3480, 10
3481, 25
3482, 27
3483, 54
3484, 16
3485, 16
3486, 8
3487, 8
3488, 6
3489, 1
3490, 8
3491, 50
3492, 52
3493, 37
3494, 20
3495, 18
3496, 27
3497, 30
3498, 25
3499, 15
3500, 13
3501, 71
3502, 34
3503, 26
3504, 33
3505, 14
3506, 23
3507, 9
3508, 16
3509, 16
3510, 3
3511, 41
3512, 38
3513, 3
3514, 31
3515, 3
3516, 53
3517, 34
3518, 26
3519, 20
3520, 41
3521, 4
3522, 1
3523, 15
3524, 15
3525, 1
3526, 9
3527, 50
3528, 15
3529, 51
3530, 35
3531, 58
3532, 24
3533, 36
3534, 26
3535, 36
3536, 74
3537, 16
3538, 15
3539, 33
3540, 23
3541, 46
3542, 34
3543, 26
3544, 16
3545, 45
3546, 37
3547, 16
3548, 12
3549, 23
3550, 6
3551, 22
3552, 11
3553, 51
3554, 10
3555, 25
3556, 61
3557, 74
3558, 7
3559, 3
3560, 62
3561, 41
3562, 21
3563, 4
3564, 1
3565, 25
3566, 44
3567, 43
3568, 27
3569, 22
3570, 64
3571, 8
3572, 4
3573, 1
3574, 34
3575, 18
3576, 62
3577, 1
3578, 31
3579, 53
3580, 27
3581, 41
3582, 77
3583, 7
3584, 1
3585, 14
3586, 76
3587, 56
3588, 41
3589, 49
3590, 26
3591, 74
3592, 14
3593, 1
3594, 40
3595, 38
3596, 1
3597, 39
3598, 42
3599, 3
3600, 1
3601, 68
3602, 65
3603, 1
3604, 14
3605, 80
3606, 1
3607, 75
3608, 1
3609, 70
3610, 1
3611, 22
3612, 66
3613, 1
3614, 1
3615, 23
3616, 24
3617, 68
3618, 39
3619, 1
3620, 9
3621, 57
3622, 67
3623, 69
3624, 34
3625, 38
3626, 35
3627, 3
3628, 1
3629, 14
3630, 19
3631, 15
3632, 16
3633, 15
3634, 18
3635, 14
3636, 5
3637, 11
3638, 1
3639, 18
3640, 15
3641, 21
3642, 9
3643, 1
3644, 67
3645, 1
3646, 24
3647, 31
3648, 45
3649, 51
3650, 1
3651, 1
3652, 9
3653, 66
3654, 40
3655, 34
3656, 38
3657, 1
3658, 34
3659, 3
3660, 1
3661, 23
3662, 4
3663, 12
3664, 28
3665, 32
3666, 45
3667, 4
3668, 1
3669, 28
3670, 7
3671, 16
3672, 67
3673, 34
3674, 24
3675, 6
3676, 1
3677, 48
3678, 46
3679, 1
3680, 53
3681, 35
3682, 29
3683, 9
3684, 54
3685, 1
3686, 57
3687, 34
3688, 32
3689, 9
3690, 52
3691, 4
3692, 1
3693, 67
3694, 1
3695, 35
3696, 47
3697, 47
3698, 28
3699, 11
3700, 1
3701, 35
3702, 25
3703, 38
3704, 39
3705, 13
3706, 31
3707, 1
3708, 27
3709, 29
3710, 42
3711, 45
3712, 41
3713, 22
3714, 11
3715, 1
3716, 9
3717, 63
3718, 43
3719, 62
3720, 67
3721, 41
3722, 38
3723, 32
3724, 3
3725, 1
3726, 71
3727, 92
3728, 1
3729, 64
3730, 31
3731, 92
3732, 92
3733, 20
3734, 26
3735, 4
3736, 11
3737, 13
3738, 23
3739, 40
3740, 23
3741, 5
3742, 14
3743, 1
3744, 44
3745, 34
3746, 39
3747, 17
3748, 45
3749, 5
3750, 34
3751, 1
3752, 9
3753, 64
3754, 5
3755, 64
3756, 20
3757, 41
3758, 38
3759, 30
3760, 3
3761, 1
3762, 12
3763, 1
3764, 21
3765, 34
3766, 47
3767, 2
3768, 22
3769, 14
3770, 13
3771, 21
3772, 26
3773, 27
3774, 1
3775, 76
3776, 27
3777, 20
3778, 27
3779, 1
3780, 76
3781, 78
3782, 1
3783, 41
3784, 1
3785, 61
3786, 42
3787, 30
3788, 1
3789, 36
3790, 41
3791, 44
3792, 50
3793, 25
3794, 14
3795, 1
3796, 15
3797, 36
3798, 64
3799, 8
3800, 1
3801, 26
3802, 48
3803, 53
3804, 53
3805, 53
3806, 53
3807, 12
3808, 1
3809, 18
3810, 16
3811, 25
3812, 40
3813, 42
3814, 20
3815, 43
3816, 40
3817, 25
3818, 42
3819, 42
3820, 20
3821, 42
3822, 42
3823, 18
3824, 1
3825, 19
3826, 33
3827, 15
3828, 28
3829, 60
3830, 43
3831, 73
3832, 39
3833, 43
3834, 79
3835, 64
3836, 32
3837, 57
3838, 43
3839, 59
3840, 29
3841, 81
3842, 51
3843, 20
3844, 13
3845, 1
3846, 60
3847, 77
3848, 59
3849, 1
3850, 28
3851, 19
3852, 68
3853, 62
3854, 81
3855, 14
3856, 1
3857, 23
3858, 26
3859, 22
3860, 31
3861, 15
3862, 4
3863, 1
3864, 22
3865, 13
3866, 27
3867, 27
3868, 27
3869, 27
3870, 27
3871, 27
3872, 27
3873, 27
3874, 27
3875, 26
3876, 2
3877, 1
3878, 29
3879, 67
3880, 51
3881, 6
3882, 1
3883, 21
3884, 54
3885, 1
3886, 24
3887, 45
3888, 43
3889, 43
3890, 43
3891, 22
3892, 1
3893, 28
3894, 54
3895, 54
3896, 54
3897, 54
3898, 63
3899, 1
3900, 25
3901, 54
3902, 39
3903, 39
3904, 39
3905, 39
3906, 39
3907, 4
3908, 6
3909, 1
3910, 19
3911, 74
3912, 79
3913, 36
3914, 26
3915, 51
3916, 24
3917, 33
3918, 45
3919, 46
3920, 44
3921, 47
3922, 48
3923, 42
3924, 61
3925, 63
3926, 12
3927, 7
3928, 38
3929, 17
3930, 30
3931, 5
3932, 75
3933, 57
3934, 15
3935, 1
3936, 25
3937, 24
3938, 52
3939, 34
3940, 44
3941, 12
3942, 48
3943, 56
3944, 60
3945, 1
3946, 29
3947, 41
3948, 45
3949, 16
3950, 45
3951, 1
3952, 30
3953, 18
3954, 81
3955, 72
3956, 16
3957, 15
3958, 77
3959, 1
3960, 29
3961, 15
3962, 21
3963, 11
3964, 8
3965, 41
3966, 1
3967, 4
3968, 9
3969, 63
3970, 28
3971, 33
3972, 59
3973, 63
3974, 67
3975, 1
3976, 43
3977, 10
3978, 47
3979, 79
3980, 9
3981, 1
3982, 3
3983, 64
3984, 41
3985, 26
3986, 40
3987, 4
3988, 1
3989, 41
3990, 34
3991, 1
3992, 23
3993, 45
3994, 4
3995, 1
3996, 57
3997, 29
3998, 1
3999, 30
4000, 26
4001, 1
4002, 20
4003, 28
4004, 77
4005, 9
4006, 4
4007, 1
4008, 76
4009, 28
4010, 50
4011, 41
4012, 36
4013, 51
4014, 41
4015, 14
4016, 3
4017, 40
4018, 38
4019, 3
4020, 39
4021, 75
4022, 38
4023, 4
4024, 1
4025, 55
4026, 61
4027, 25
4028, 33
4029, 1
4030, 78
4031, 31
4032, 25
4033, 14
4034, 32
4035, 73
4036, 49
4037, 29
4038, 37
4039, 1
4040, 1
4041, 9
4042, 65
4043, 31
4044, 68
4045, 60
4046, 38
4047, 77
4048, 68
4049, 3
4050, 71
4051, 38
4052, 31
4053, 4
4054, 1
4055, 8
4056, 16
4057, 20
4058, 20
4059, 21
4060, 34
4061, 35
4062, 25
4063, 21
4064, 25
4065, 26
4066, 25
4067, 48
4068, 1
4069, 6
4070, 18
4071, 28
4072, 29
4073, 27
4074, 14
4075, 31
4076, 60
4077, 19
4078, 10
4079, 9
4080, 26
4081, 1
4082, 36
4083, 35
4084, 1
4085, 35
4086, 27
4087, 1
4088, 25
4089, 36
4090, 69
4091, 43
4092, 35
4093, 37
4094, 27
4095, 37
4096, 35
4097, 8
4098, 1
4099, 54
4100, 50
4101, 40
4102, 1
4103, 32
4104, 66
4105, 71
4106, 7
4107, 1
4108, 34
4109, 1
4110, 24
4111, 1
4112, 15
4113, 36
4114, 50
4115, 1
4116, 47
4117, 51
4118, 50
4119, 63
4120, 64
4121, 54
4122, 50
4123, 53
4124, 3
4125, 70
4126, 41
4127, 31
4128, 4
4129, 1
4130, 8
4131, 16
4132, 20
4133, 20
4134, 21
4135, 34
4136, 35
4137, 25
4138, 21
4139, 25
4140, 26
4141, 25
4142, 48
4143, 1
4144, 6
4145, 18
4146, 28
4147, 29
4148, 27
4149, 14
4150, 31
4151, 60
4152, 19
4153, 10
4154, 9
4155, 26
4156, 1
4157, 36
4158, 35
4159, 1
4160, 35
4161, 27
4162, 1
4163, 25
4164, 36
4165, 69
4166, 43
4167, 35
4168, 37
4169, 27
4170, 37
4171, 35
4172, 8
4173, 1
4174, 54
4175, 50
4176, 40
4177, 1
4178, 32
4179, 66
4180, 71
4181, 7
4182, 1
4183, 34
4184, 1
4185, 24
4186, 1
4187, 15
4188, 36
4189, 50
4190, 1
4191, 47
4192, 51
4193, 50
4194, 63
4195, 64
4196, 54
4197, 50
4198, 53
4199, 3
4200, 63
4201, 41
4202, 21
4203, 4
4204, 1
4205, 15
4206, 1
4207, 81
4208, 41
4209, 62
4210, 67
4211, 33
4212, 29
4213, 23
4214, 27
4215, 57
4216, 57
4217, 21
4218, 23
4219, 27
4220, 59
4221, 55
4222, 13
4223, 63
4224, 38
4225, 28
4226, 62
4227, 45
4228, 34
4229, 16
4230, 12
4231, 24
4232, 12
4233, 41
4234, 67
4235, 26
4236, 27
4237, 49
4238, 41
4239, 61
4240, 11
4241, 54
4242, 24
4243, 25
4244, 36
4245, 22
4246, 23
4247, 28
4248, 6
4249, 1
4250, 64
4251, 50
4252, 1
4253, 4
4254, 16
4255, 52
4256, 31
4257, 32
4258, 16
4259, 28
4260, 32
4261, 35
4262, 28
4263, 48
4264, 44
4265, 25
4266, 8
4267, 7
4268, 24
4269, 1
4270, 39
4271, 25
4272, 31
4273, 74
4274, 49
4275, 1
4276, 22
4277, 32
4278, 48
4279, 27
4280, 31
4281, 28
4282, 33
4283, 39
4284, 6
4285, 1
4286, 77
4287, 26
4288, 1
4289, 24
4290, 54
4291, 56
4292, 5
4293, 1
4294, 20
4295, 1
4296, 13
4297, 23
4298, 33
4299, 48
4300, 1
4301, 44
4302, 49
4303, 47
4304, 50
4305, 50
4306, 46
4307, 52
4308, 51
4309, 12
4310, 3
4311, 40
4312, 38
4313, 3
4314, 39
4315, 4
4316, 1
4317, 1
4318, 27
4319, 32
4320, 27
4321, 1
4322, 75
4323, 75
4324, 31
4325, 1
4326, 24
4327, 37
4328, 42
4329, 26
4330, 46
4331, 29
4332, 74
4333, 54
4334, 48
4335, 1
4336, 44
4337, 44
4338, 44
4339, 1
4340, 45
4341, 45
4342, 45
4343, 9
4344, 8
4345, 20
4346, 26
4347, 30
4348, 30
4349, 30
4350, 7
4351, 1
4352, 1
4353, 20
4354, 20
4355, 42
4356, 26
4357, 80
4358, 46
4359, 29
4360, 74
4361, 63
4362, 49
4363, 9
4364, 8
4365, 5
4366, 1
4367, 1
4368, 29
4369, 53
4370, 42
4371, 51
4372, 51
4373, 51
4374, 8
4375, 41
4376, 41
4377, 40
4378, 1
4379, 1
4380, 45
4381, 46
4382, 46
4383, 63
4384, 63
4385, 64
4386, 67
4387, 1
4388, 44
4389, 44
4390, 45
4391, 63
4392, 62
4393, 62
4394, 67
4395, 1
4396, 44
4397, 45
4398, 45
4399, 62
4400, 62
4401, 63
4402, 67
4403, 1
4404, 45
4405, 46
4406, 45
4407, 63
4408, 63
4409, 64
4410, 66
4411, 1
4412, 67
4413, 33
4414, 1
4415, 57
4416, 1
4417, 9
4418, 41
4419, 26
4420, 42
4421, 46
4422, 41
4423, 3
4424, 73
4425, 41
4426, 4
4427, 1
4428, 8
4429, 10
4430, 35
4431, 36
4432, 19
4433, 20
4434, 22
4435, 24
4436, 26
4437, 28
4438, 30
4439, 21
4440, 18
4441, 16
4442, 14
4443, 12
4444, 10
4445, 8
4446, 26
4447, 3
4448, 66
4449, 41
4450, 52
4451, 4
4452, 1
4453, 76
4454, 59
4455, 65
4456, 65
4457, 65
4458, 65
4459, 67
4460, 33
4461, 42
4462, 39
4463, 4
4464, 40
4465, 33
4466, 34
4467, 5
4468, 2
4469, 15
4470, 2
4471, 16
4472, 71
4473, 20
4474, 24
4475, 25
4476, 27
4477, 19
4478, 31
4479, 23
4480, 22
4481, 19
4482, 13
4483, 7
4484, 9
4485, 51
4486, 2
4487, 2
4488, 10
4489, 81
4490, 67
4491, 50
4492, 2
4493, 44
4494, 3
4495, 40
4496, 38
4497, 3
4498, 39
4499, 32
4500, 4
4501, 1
4502, 39
4503, 1
4504, 24
4505, 98
4506, 1
4507, 23
4508, 64
4509, 72
4510, 1
4511, 27
4512, 68
4513, 5
4514, 1
4515, 15
4516, 31
4517, 23
4518, 24
4519, 22
4520, 18
4521, 75
4522, 6
4523, 8
4524, 50
4525, 1
4526, 1
4527, 9
4528, 80
4529, 66
4530, 49
4531, 41
4532, 38
4533, 3
4534, 39
4535, 29
4536, 32
4537, 27
4538, 4
4539, 1
4540, 10
4541, 1
4542, 20
4543, 22
4544, 25
4545, 47
4546, 46
4547, 1
4548, 15
4549, 48
4550, 23
4551, 24
4552, 61
4553, 18
4554, 26
4555, 54
4556, 6
4557, 8
4558, 9
4559, 1
4560, 13
4561, 25
4562, 54
4563, 1
4564, 9
4565, 10
4566, 44
4567, 70
4568, 10
4569, 28
4570, 27
4571, 1
4572, 41
4573, 38
4574, 3
4575, 39
4576, 29
4577, 32
4578, 51
4579, 4
4580, 1
4581, 23
4582, 1
4583, 14
4584, 5
4585, 56
4586, 66
4587, 74
4588, 49
4589, 78
4590, 59
4591, 5
4592, 54
4593, 46
4594, 5
4595, 17
4596, 48
4597, 28
4598, 31
4599, 8
4600, 2
4601, 18
4602, 64
4603, 58
4604, 3
4605, 1
4606, 18
4607, 64
4608, 66
4609, 4
4610, 19
4611, 64
4612, 54
4613, 4
4614, 4
4615, 3
4616, 15
4617, 29
4618, 23
4619, 24
4620, 30
4621, 27
4622, 60
4623, 18
4624, 8
4625, 9
4626, 1
4627, 1
4628, 13
4629, 25
4630, 54
4631, 1
4632, 9
4633, 10
4634, 44
4635, 70
4636, 10
4637, 28
4638, 27
4639, 34
4640, 38
4641, 3
4642, 39
4643, 29
4644, 32
4645, 4
4646, 1
4647, 14
4648, 1
4649, 66
4650, 22
4651, 20
4652, 47
4653, 35
4654, 1
4655, 15
4656, 67
4657, 22
4658, 23
4659, 24
4660, 54
4661, 27
4662, 57
4663, 18
4664, 8
4665, 9
4666, 1
4667, 1
4668, 13
4669, 25
4670, 54
4671, 1
4672, 9
4673, 10
4674, 44
4675, 70
4676, 10
4677, 28
4678, 27
4679, 3
4680, 63
4681, 41
4682, 26
4683, 40
4684, 4
4685, 1
4686, 41
4687, 34
4688, 1
4689, 23
4690, 45
4691, 4
4692, 1
4693, 57
4694, 29
4695, 1
4696, 30
4697, 26
4698, 1
4699, 20
4700, 28
4701, 39
4702, 26
4703, 19
4704, 9
4705, 9
4706, 4
4707, 1
4708, 76
4709, 28
4710, 64
4711, 49
4712, 18
4713, 36
4714, 65
4715, 54
4716, 14
4717, 3
4718, 40
4719, 38
4720, 3
4721, 39
4722, 64
4723, 38
4724, 4
4725, 1
4726, 55
4727, 61
4728, 25
4729, 33
4730, 1
4731, 78
4732, 31
4733, 25
4734, 14
4735, 32
4736, 73
4737, 49
4738, 29
4739, 37
4740, 1
4741, 1
4742, 9
4743, 65
4744, 31
4745, 20
4746, 61
4747, 8
4748, 50
4749, 19
4750, 38
4751, 20
4752, 70
4753, 8
4754, 55
4755, 1
4756, 18
4757, 3
4758, 40
4759, 38
4760, 3
4761, 39
4762, 4
4763, 1
4764, 65
4765, 1
4766, 9
4767, 23
4768, 63
4769, 40
4770, 1
4771, 14
4772, 61
4773, 39
4774, 1
4775, 14
4776, 79
4777, 41
4778, 1
4779, 14
4780, 20
4781, 43
4782, 52
4783, 8
4784, 44
4785, 1
4786, 14
4787, 20
4788, 42
4789, 52
4790, 8
4791, 46
4792, 1
4793, 14
4794, 55
4795, 41
4796, 1
4797, 14
4798, 75
4799, 45
4800, 1
4801, 36
4802, 67
4803, 53
4804, 1
4805, 26
4806, 81
4807, 39
4808, 18
4809, 3
4810, 41
4811, 38
4812, 3
4813, 39
4814, 47
4815, 47
4816, 4
4817, 1
4818, 65
4819, 1
4820, 70
4821, 63
4822, 63
4823, 25
4824, 5
4825, 82
4826, 1
4827, 9
4828, 25
4829, 20
4830, 24
4831, 26
4832, 27
4833, 1
4834, 22
4835, 25
4836, 5
4837, 34
4838, 39
4839, 43
4840, 53
4841, 53
4842, 34
4843, 35
4844, 39
4845, 55
4846, 1
4847, 30
4848, 8
4849, 1
4850, 42
4851, 41
4852, 43
4853, 46
4854, 48
4855, 43
4856, 47
4857, 55
4858, 41
4859, 3
4860, 41
4861, 38
4862, 3
4863, 39
4864, 36
4865, 33
4866, 4
4867, 12
4868, 12
4869, 19
4870, 1
4871, 28
4872, 27
4873, 32
4874, 32
4875, 33
4876, 36
4877, 1
4878, 24
4879, 23
4880, 23
4881, 23
4882, 1
4883, 54
4884, 1
4885, 36
4886, 1
4887, 63
4888, 26
4889, 13
4890, 13
4891, 13
4892, 13
4893, 18
4894, 1
4895, 39
4896, 56
4897, 18
4898, 18
4899, 26
4900, 13
4901, 13
4902, 20
4903, 17
4904, 10
4905, 33
4906, 41
4907, 37
4908, 15
4909, 16
4910, 13
4911, 15
4912, 16
4913, 13
4914, 17
4915, 16
4916, 1
4917, 16
4918, 20
4919, 13
4920, 27
4921, 18
4922, 15
4923, 10
4924, 16
4925, 42
4926, 26
4927, 26
4928, 8
4929, 25
4930, 44
4931, 1
4932, 72
4933, 4
4934, 35
4935, 39
4936, 4
4937, 40
4938, 34
4939, 5
4940, 13
4941, 14
4942, 2
4943, 26
4944, 31
4945, 26
4946, 2
4947, 64
4948, 71
4949, 2
4950, 78
4951, 35
4952, 48
4953, 47
4954, 2
4955, 79
4956, 35
4957, 48
4958, 47
4959, 2
4960, 66
4961, 2
4962, 24
4963, 29
4964, 40
4965, 16
4966, 24
4967, 28
4968, 2
4969, 31
4970, 65
4971, 21
4972, 20
4973, 28
4974, 29
4975, 33
4976, 38
4977, 20
4978, 20
4979, 44
4980, 9
4981, 41
4982, 2
4983, 35
4984, 2
4985, 73
4986, 3
4987, 34
4988, 38
4989, 3
4990, 39
4991, 33
4992, 27
4993, 4
4994, 1
4995, 13
4996, 1
4997, 49
4998, 38
4999, 1
5000, 72
5001, 1
5002, 65
5003, 56
5004, 1
5005, 17
5006, 16
5007, 17
5008, 21
5009, 6
5010, 21
5011, 20
5012, 7
5013, 25
5014, 1
5015, 17
5016, 36
5017, 6
5018, 41
5019, 6
5020, 7
5021, 20
5022, 1
5023, 17
5024, 25
5025, 17
5026, 30
5027, 17
5028, 7
5029, 20
5030, 1
5031, 26
5032, 50
5033, 1
5034, 64
5035, 20
5036, 20
5037, 20
5038, 19
5039, 1
5040, 65
5041, 20
5042, 20
5043, 20
5044, 19
5045, 1
5046, 51
5047, 39
5048, 21
5049, 33
5050, 21
5051, 14
5052, 33
5053, 56
5054, 33
5055, 26
5056, 51
5057, 14
5058, 40
5059, 31
5060, 21
5061, 24
5062, 24
5063, 27
5064, 25
5065, 34
5066, 16
5067, 45
5068, 5
5069, 5
5070, 27
5071, 28
5072, 59
5073, 17
5074, 9
5075, 40
5076, 18
5077, 1
5078, 13
5079, 21
5080, 54
5081, 27
5082, 35
5083, 49
5084, 31
5085, 47
5086, 1
5087, 14
5088, 12
5089, 38
5090, 9
5091, 9
5092, 50
5093, 5
5094, 11
5095, 1
5096, 16
5097, 40
5098, 38
5099, 1
5100, 57
5101, 3
5102, 1
5103, 40
5104, 75
5105, 1
5106, 27
5107, 25
5108, 38
5109, 54
5110, 26
5111, 1
5112, 9
5113, 62
5114, 45
5115, 52
5116, 42
5117, 52
5118, 3
5119, 64
5120, 41
5121, 3
5122, 67
5123, 7
5124, 63
5125, 4
5126, 1
5127, 18
5128, 17
5129, 21
5130, 21
5131, 24
5132, 28
5133, 1
5134, 17
5135, 20
5136, 18
5137, 49
5138, 15
5139, 16
5140, 24
5141, 20
5142, 18
5143, 7
5144, 1
5145, 17
5146, 19
5147, 19
5148, 18
5149, 49
5150, 16
5151, 16
5152, 24
5153, 20
5154, 18
5155, 7
5156, 1
5157, 76
5158, 68
5159, 30
5160, 44
5161, 13
5162, 3
5163, 67
5164, 41
5165, 31
5166, 4
5167, 1
5168, 16
5169, 14
5170, 15
5171, 1
5172, 44
5173, 26
5174, 46
5175, 75
5176, 1
5177, 9
5178, 68
5179, 70
5180, 4
5181, 40
5182, 38
5183, 3
5184, 35
5185, 75
5186, 4
5187, 1
5188, 54
5189, 1
5190, 39
5191, 60
5192, 66
5193, 66
5194, 53
5195, 44
5196, 1
5197, 35
5198, 1
5199, 72
5200, 1
5201, 35
5202, 32
5203, 27
5204, 54
5205, 34
5206, 28
5207, 45
5208, 73
5209, 1
5210, 26
5211, 48
5212, 33
5213, 42
5214, 28
5215, 53
5216, 40
5217, 42
5218, 69
5219, 48
5220, 1
5221, 36
5222, 41
5223, 36
5224, 30
5225, 28
5226, 76
5227, 50
5228, 39
5229, 1
5230, 35
5231, 43
5232, 29
5233, 29
5234, 70
5235, 47
5236, 30
5237, 68
5238, 57
5239, 1
5240, 9
5241, 30
5242, 74
5243, 47
5244, 1
5245, 40
5246, 28
5247, 26
5248, 24
5249, 30
5250, 25
5251, 74
5252, 13
5253, 35
5254, 57
5255, 43
5256, 20
5257, 68
5258, 7
5259, 12
5260, 52
5261, 57
5262, 10
5263, 8
5264, 4
5265, 40
5266, 38
5267, 3
5268, 49
5269, 75
5270, 4
5271, 1
5272, 31
5273, 44
5274, 60
5275, 66
5276, 66
5277, 53
5278, 44
5279, 71
5280, 40
5281, 28
5282, 23
5283, 54
5284, 34
5285, 28
5286, 45
5287, 73
5288, 25
5289, 43
5290, 33
5291, 47
5292, 70
5293, 40
5294, 47
5295, 63
5296, 37
5297, 41
5298, 51
5299, 36
5300, 32
5301, 28
5302, 58
5303, 77
5304, 27
5305, 29
5306, 29
5307, 35
5308, 78
5309, 80
5310, 9
5311, 54
5312, 61
5313, 59
5314, 40
5315, 28
5316, 26
5317, 24
5318, 30
5319, 25
5320, 68
5321, 67
5322, 61
5323, 6
5324, 12
5325, 52
5326, 56
5327, 9
5328, 7
5329, 4
5330, 40
5331, 38
5332, 3
5333, 49
5334, 75
5335, 4
5336, 1
5337, 31
5338, 39
5339, 60
5340, 66
5341, 66
5342, 53
5343, 73
5344, 71
5345, 40
5346, 28
5347, 23
5348, 54
5349, 34
5350, 28
5351, 45
5352, 73
5353, 41
5354, 28
5355, 23
5356, 54
5357, 52
5358, 25
5359, 43
5360, 33
5361, 47
5362, 70
5363, 40
5364, 47
5365, 63
5366, 37
5367, 26
5368, 25
5369, 68
5370, 40
5371, 65
5372, 6
5373, 41
5374, 51
5375, 36
5376, 32
5377, 28
5378, 58
5379, 61
5380, 27
5381, 29
5382, 29
5383, 35
5384, 36
5385, 56
5386, 60
5387, 78
5388, 73
5389, 70
5390, 20
5391, 9
5392, 54
5393, 61
5394, 59
5395, 40
5396, 28
5397, 26
5398, 24
5399, 30
5400, 25
5401, 68
5402, 67
5403, 61
5404, 6
5405, 12
5406, 52
5407, 56
5408, 9
5409, 7
5410, 16
5411, 3
5412, 40
5413, 38
5414, 3
5415, 39
5416, 4
5417, 1
5418, 18
5419, 22
5420, 33
5421, 31
5422, 1
5423, 57
5424, 1
5425, 19
5426, 69
5427, 1
5428, 20
5429, 75
5430, 1
5431, 23
5432, 24
5433, 80
5434, 1
5435, 1
5436, 9
5437, 53
5438, 55
5439, 80
5440, 73
5441, 40
5442, 64
5443, 15
5444, 3
5445, 41
5446, 38
5447, 3
5448, 39
5449, 30
5450, 34
5451, 4
5452, 1
5453, 12
5454, 1
5455, 59
5456, 43
5457, 37
5458, 25
5459, 76
5460, 9
5461, 24
5462, 55
5463, 71
5464, 26
5465, 15
5466, 11
5467, 25
5468, 62
5469, 46
5470, 38
5471, 24
5472, 53
5473, 1
5474, 75
5475, 81
5476, 39
5477, 13
5478, 7
5479, 14
5480, 1
5481, 44
5482, 8
5483, 50
5484, 52
5485, 39
5486, 65
5487, 22
5488, 11
5489, 1
5490, 36
5491, 65
5492, 1
5493, 45
5494, 48
5495, 68
5496, 44
5497, 44
5498, 11
5499, 57
5500, 18
5501, 48
5502, 22
5503, 45
5504, 45
5505, 77
5506, 44
5507, 7
5508, 55
5509, 1
5510, 38
5511, 59
5512, 37
5513, 58
5514, 4
5515, 1
5516, 79
5517, 79
5518, 79
5519, 79
5520, 47
5521, 1
5522, 57
5523, 35
5524, 44
5525, 1
5526, 77
5527, 77
5528, 61
5529, 1
5530, 61
5531, 29
5532, 76
5533, 18
5534, 64
5535, 8
5536, 37
5537, 1
5538, 71
5539, 68
5540, 36
5541, 1
5542, 29
5543, 17
5544, 66
5545, 6
5546, 81
5547, 23
5548, 1
5549, 1
5550, 9
5551, 42
5552, 14
5553, 15
5554, 62
5555, 18
5556, 21
5557, 28
5558, 78
5559, 69
5560, 15
5561, 3
5562, 40
5563, 38
5564, 3
5565, 39
5566, 4
5567, 1
5568, 12
5569, 1
5570, 79
5571, 79
5572, 79
5573, 79
5574, 47
5575, 1
5576, 57
5577, 35
5578, 44
5579, 1
5580, 77
5581, 77
5582, 61
5583, 1
5584, 61
5585, 29
5586, 76
5587, 18
5588, 64
5589, 8
5590, 37
5591, 1
5592, 71
5593, 68
5594, 36
5595, 1
5596, 29
5597, 17
5598, 66
5599, 6
5600, 81
5601, 23
5602, 1
5603, 1
5604, 9
5605, 81
5606, 21
5607, 28
5608, 78
5609, 69
5610, 41
5611, 38
5612, 3
5613, 39
5614, 30
5615, 34
5616, 4
5617, 1
5618, 12
5619, 1
5620, 59
5621, 43
5622, 37
5623, 25
5624, 76
5625, 9
5626, 24
5627, 55
5628, 71
5629, 26
5630, 15
5631, 11
5632, 25
5633, 62
5634, 46
5635, 38
5636, 24
5637, 53
5638, 1
5639, 79
5640, 79
5641, 79
5642, 79
5643, 47
5644, 1
5645, 57
5646, 35
5647, 44
5648, 1
5649, 77
5650, 77
5651, 61
5652, 1
5653, 61
5654, 29
5655, 76
5656, 18
5657, 64
5658, 8
5659, 37
5660, 1
5661, 71
5662, 68
5663, 36
5664, 1
5665, 29
5666, 17
5667, 66
5668, 6
5669, 81
5670, 23
5671, 1
5672, 1
5673, 9
5674, 42
5675, 14
5676, 15
5677, 62
5678, 18
5679, 21
5680, 28
5681, 78
5682, 69
5683, 17
5684, 3
5685, 40
5686, 38
5687, 3
5688, 39
5689, 67
5690, 17
5691, 4
5692, 1
5693, 12
5694, 1
5695, 22
5696, 49
5697, 72
5698, 73
5699, 75
5700, 2
5701, 1
5702, 36
5703, 13
5704, 24
5705, 79
5706, 38
5707, 1
5708, 40
5709, 39
5710, 40
5711, 42
5712, 45
5713, 57
5714, 57
5715, 66
5716, 4
5717, 1
5718, 9
5719, 65
5720, 47
5721, 70
5722, 1
5723, 3
5724, 41
5725, 38
5726, 3
5727, 31
5728, 4
5729, 1
5730, 24
5731, 23
5732, 27
5733, 17
5734, 17
5735, 22
5736, 1
5737, 38
5738, 8
5739, 68
5740, 68
5741, 68
5742, 68
5743, 68
5744, 68
5745, 68
5746, 68
5747, 68
5748, 68
5749, 68
5750, 68
5751, 68
5752, 68
5753, 68
5754, 68
5755, 67
5756, 1
5757, 8
5758, 72
5759, 24
5760, 45
5761, 30
5762, 23
5763, 21
5764, 43
5765, 33
5766, 53
5767, 64
5768, 28
5769, 24
5770, 24
5771, 23
5772, 19
5773, 67
5774, 28
5775, 39
5776, 45
5777, 37
5778, 32
5779, 43
5780, 43
5781, 38
5782, 12
5783, 10
5784, 36
5785, 53
5786, 28
5787, 28
5788, 43
5789, 18
5790, 21
5791, 11
5792, 44
5793, 52
5794, 18
5795, 30
5796, 12
5797, 30
5798, 28
5799, 41
5800, 13
5801, 19
5802, 11
5803, 20
5804, 18
5805, 3
5806, 11
5807, 8
5808, 8
5809, 39
5810, 28
5811, 30
5812, 27
5813, 26
5814, 10
5815, 19
5816, 22
5817, 64
5818, 21
5819, 14
5820, 16
5821, 6
5822, 28
5823, 12
5824, 30
5825, 29
5826, 15
5827, 34
5828, 34
5829, 28
5830, 69
5831, 21
5832, 14
5833, 16
5834, 23
5835, 24
5836, 18
5837, 22
5838, 21
5839, 63
5840, 20
5841, 13
5842, 18
5843, 26
5844, 9
5845, 18
5846, 32
5847, 9
5848, 22
5849, 18
5850, 13
5851, 34
5852, 38
5853, 1
5854, 50
5855, 3
5856, 1
5857, 14
5858, 1
5859, 51
5860, 64
5861, 1
5862, 16
5863, 63
5864, 45
5865, 9
5866, 26
5867, 15
5868, 44
5869, 45
5870, 68
5871, 16
5872, 16
5873, 14
5874, 47
5875, 19
5876, 11
5877, 53
5878, 15
5879, 7
5880, 6
5881, 3
5882, 41
5883, 38
5884, 3
5885, 31
5886, 4
5887, 1
5888, 24
5889, 23
5890, 27
5891, 17
5892, 17
5893, 22
5894, 1
5895, 38
5896, 8
5897, 68
5898, 68
5899, 68
5900, 68
5901, 68
5902, 68
5903, 68
5904, 68
5905, 68
5906, 68
5907, 68
5908, 68
5909, 68
5910, 68
5911, 68
5912, 68
5913, 67
5914, 1
5915, 8
5916, 46
5917, 72
5918, 24
5919, 45
5920, 30
5921, 23
5922, 21
5923, 43
5924, 33
5925, 53
5926, 64
5927, 32
5928, 24
5929, 24
5930, 23
5931, 19
5932, 68
5933, 41
5934, 34
5935, 28
5936, 32
5937, 37
5938, 32
5939, 43
5940, 43
5941, 38
5942, 11
5943, 32
5944, 40
5945, 28
5946, 37
5947, 31
5948, 26
5949, 21
5950, 11
5951, 44
5952, 40
5953, 26
5954, 30
5955, 12
5956, 30
5957, 28
5958, 29
5959, 13
5960, 27
5961, 11
5962, 20
5963, 18
5964, 3
5965, 11
5966, 8
5967, 8
5968, 39
5969, 49
5970, 46
5971, 58
5972, 30
5973, 14
5974, 9
5975, 25
5976, 72
5977, 40
5978, 61
5979, 25
5980, 19
5981, 14
5982, 12
5983, 15
5984, 50
5985, 14
5986, 9
5987, 27
5988, 10
5989, 33
5990, 31
5991, 8
5992, 20
5993, 55
5994, 12
5995, 12
5996, 28
5997, 8
5998, 46
5999, 66
6000, 9
6001, 10
6002, 19
6003, 22
6004, 26
6005, 42
6006, 21
6007, 14
6008, 16
6009, 6
6010, 17
6011, 12
6012, 30
6013, 32
6014, 15
6015, 22
6016, 34
6017, 28
6018, 63
6019, 21
6020, 14
6021, 16
6022, 23
6023, 24
6024, 34
6025, 10
6026, 12
6027, 18
6028, 22
6029, 21
6030, 25
6031, 41
6032, 20
6033, 13
6034, 18
6035, 26
6036, 9
6037, 18
6038, 35
6039, 9
6040, 22
6041, 18
6042, 13
6043, 34
6044, 38
6045, 1
6046, 31
6047, 35
6048, 3
6049, 1
6050, 20
6051, 1
6052, 26
6053, 18
6054, 15
6055, 19
6056, 32
6057, 17
6058, 1
6059, 22
6060, 24
6061, 38
6062, 21
6063, 33
6064, 6
6065, 1
6066, 13
6067, 27
6068, 18
6069, 17
6070, 24
6071, 1
6072, 1
6073, 24
6074, 1
6075, 33
6076, 13
6077, 36
6078, 35
6079, 59
6080, 1
6081, 13
6082, 1
6083, 31
6084, 36
6085, 1
6086, 33
6087, 36
6088, 31
6089, 32
6090, 38
6091, 16
6092, 10
6093, 45
6094, 38
6095, 30
6096, 29
6097, 1
6098, 38
6099, 28
6100, 24
6101, 11
6102, 20
6103, 20
6104, 31
6105, 41
6106, 37
6107, 10
6108, 39
6109, 1
6110, 7
6111, 15
6112, 1
6113, 4
6114, 1
6115, 28
6116, 28
6117, 15
6118, 8
6119, 54
6120, 27
6121, 3
6122, 1
6123, 8
6124, 34
6125, 24
6126, 21
6127, 10
6128, 6
6129, 3
6130, 1
6131, 19
6132, 1
6133, 27
6134, 27
6135, 43
6136, 1
6137, 13
6138, 1
6139, 22
6140, 1
6141, 30
6142, 17
6143, 43
6144, 17
6145, 1
6146, 28
6147, 27
6148, 30
6149, 31
6150, 34
6151, 13
6152, 22
6153, 7
6154, 28
6155, 18
6156, 5
6157, 1
6158, 24
6159, 36
6160, 35
6161, 26
6162, 27
6163, 21
6164, 31
6165, 26
6166, 15
6167, 44
6168, 10
6169, 1
6170, 4
6171, 1
6172, 30
6173, 26
6174, 13
6175, 1
6176, 26
6177, 1
6178, 27
6179, 27
6180, 41
6181, 57
6182, 34
6183, 1
6184, 13
6185, 1
6186, 40
6187, 43
6188, 1
6189, 1
6190, 29
6191, 1
6192, 72
6193, 52
6194, 26
6195, 1
6196, 17
6197, 22
6198, 24
6199, 36
6200, 9
6201, 1
6202, 18
6203, 73
6204, 1
6205, 46
6206, 26
6207, 50
6208, 52
6209, 8
6210, 1
6211, 39
6212, 36
6213, 38
6214, 1
6215, 26
6216, 20
6217, 40
6218, 46
6219, 26
6220, 31
6221, 35
6222, 42
6223, 16
6224, 28
6225, 35
6226, 21
6227, 35
6228, 5
6229, 1
6230, 3
6231, 1
6232, 15
6233, 35
6234, 36
6235, 30
6236, 26
6237, 10
6238, 11
6239, 39
6240, 50
6241, 7
6242, 28
6243, 1
6244, 19
6245, 23
6246, 27
6247, 30
6248, 14
6249, 10
6250, 7
6251, 43
6252, 55
6253, 30
6254, 3
6255, 1
6256, 23
6257, 21
6258, 27
6259, 40
6260, 12
6261, 10
6262, 7
6263, 43
6264, 31
6265, 60
6266, 28
6267, 1
6268, 4
6269, 1
6270, 17
6271, 43
6272, 20
6273, 34
6274, 27
6275, 19
6276, 6
6277, 1
6278, 14
6279, 6
6280, 41
6281, 24
6282, 30
6283, 16
6284, 29
6285, 29
6286, 11
6287, 31
6288, 8
6289, 33
6290, 11
6291, 66
6292, 8
6293, 1
6294, 4
6295, 1
6296, 30
6297, 1
6298, 26
6299, 1
6300, 13
6301, 1
6302, 31
6303, 1
6304, 63
6305, 34
6306, 1
6307, 26
6308, 1
6309, 19
6310, 10
6311, 27
6312, 14
6313, 14
6314, 32
6315, 33
6316, 9
6317, 42
6318, 28
6319, 17
6320, 37
6321, 17
6322, 27
6323, 10
6324, 1
6325, 28
6326, 37
6327, 1
6328, 33
6329, 32
6330, 35
6331, 35
6332, 42
6333, 16
6334, 13
6335, 60
6336, 38
6337, 30
6338, 31
6339, 1
6340, 34
6341, 24
6342, 31
6343, 7
6344, 27
6345, 9
6346, 33
6347, 15
6348, 35
6349, 13
6350, 30
6351, 22
6352, 32
6353, 37
6354, 1
6355, 29
6356, 32
6357, 34
6358, 35
6359, 42
6360, 16
6361, 13
6362, 60
6363, 38
6364, 30
6365, 31
6366, 1
6367, 34
6368, 24
6369, 31
6370, 7
6371, 27
6372, 16
6373, 33
6374, 44
6375, 38
6376, 26
6377, 25
6378, 11
6379, 20
6380, 57
6381, 33
6382, 40
6383, 23
6384, 16
6385, 11
6386, 29
6387, 34
6388, 20
6389, 56
6390, 32
6391, 21
6392, 9
6393, 8
6394, 33
6395, 13
6396, 35
6397, 1
6398, 14
6399, 17
6400, 1
6401, 14
6402, 21
6403, 6
6404, 12
6405, 33
6406, 11
6407, 66
6408, 8
6409, 1
6410, 4
6411, 1
6412, 8
6413, 17
6414, 29
6415, 7
6416, 29
6417, 3
6418, 75
6419, 41
6420, 4
6421, 1
6422, 8
6423, 24
6424, 19
6425, 29
6426, 14
6427, 68
6428, 3
6429, 75
6430, 41
6431, 21
6432, 4
6433, 1
6434, 23
6435, 62
6436, 40
6437, 16
6438, 1
6439, 46
6440, 3
6441, 75
6442, 41
6443, 26
6444, 4
6445, 1
6446, 29
6447, 43
6448, 10
6449, 33
6450, 31
6451, 9
6452, 60
6453, 22
6454, 33
6455, 1
6456, 52
6457, 9
6458, 3
6459, 75
6460, 41
6461, 20
6462, 4
6463, 1
6464, 8
6465, 16
6466, 26
6467, 45
6468, 1
6469, 19
6470, 31
6471, 31
6472, 29
6473, 42
6474, 9
6475, 24
6476, 12
6477, 20
6478, 1
6479, 18
6480, 19
6481, 63
6482, 3
6483, 67
6484, 41
6485, 31
6486, 38
6487, 33
6488, 55
6489, 4
6490, 1
6491, 17
6492, 1
6493, 34
6494, 40
6495, 66
6496, 74
6497, 47
6498, 1
6499, 52
6500, 1
6501, 43
6502, 18
6503, 21
6504, 63
6505, 25
6506, 45
6507, 66
6508, 36
6509, 10
6510, 41
6511, 33
6512, 43
6513, 8
6514, 48
6515, 1
6516, 63
6517, 37
6518, 3
6519, 61
6520, 41
6521, 35
6522, 68
6523, 4
6524, 1
6525, 38
6526, 33
6527, 1
6528, 27
6529, 66
6530, 1
6531, 30
6532, 19
6533, 30
6534, 30
6535, 42
6536, 35
6537, 11
6538, 1
6539, 78
6540, 21
6541, 41
6542, 34
6543, 6
6544, 52
6545, 41
6546, 38
6547, 3
6548, 35
6549, 35
6550, 34
6551, 4
6552, 1
6553, 50
6554, 1
6555, 25
6556, 32
6557, 21
6558, 23
6559, 63
6560, 19
6561, 7
6562, 1
6563, 26
6564, 31
6565, 20
6566, 23
6567, 63
6568, 19
6569, 7
6570, 1
6571, 27
6572, 45
6573, 42
6574, 1
6575, 1
6576, 9
6577, 69
6578, 57
6579, 20
6580, 47
6581, 8
6582, 1
6583, 42
6584, 20
6585, 33
6586, 34
6587, 8
6588, 46
6589, 41
6590, 38
6591, 3
6592, 35
6593, 35
6594, 38
6595, 4
6596, 1
6597, 14
6598, 49
6599, 1
6600, 20
6601, 1
6602, 26
6603, 41
6604, 23
6605, 19
6606, 63
6607, 13
6608, 17
6609, 1
6610, 40
6611, 1
6612, 45
6613, 43
6614, 37
6615, 25
6616, 76
6617, 9
6618, 24
6619, 55
6620, 71
6621, 26
6622, 15
6623, 11
6624, 25
6625, 62
6626, 46
6627, 38
6628, 24
6629, 53
6630, 1
6631, 50
6632, 1
6633, 37
6634, 30
6635, 23
6636, 22
6637, 25
6638, 65
6639, 21
6640, 9
6641, 48
6642, 1
6643, 38
6644, 30
6645, 23
6646, 22
6647, 25
6648, 65
6649, 21
6650, 9
6651, 48
6652, 1
6653, 21
6654, 26
6655, 60
6656, 39
6657, 43
6658, 6
6659, 1
6660, 27
6661, 43
6662, 42
6663, 1
6664, 9
6665, 69
6666, 57
6667, 20
6668, 47
6669, 8
6670, 1
6671, 42
6672, 20
6673, 33
6674, 34
6675, 8
6676, 46
6677, 1
6678, 3
6679, 74
6680, 41
6681, 4
6682, 1
6683, 14
6684, 11
6685, 36
6686, 37
6687, 33
6688, 1
6689, 39
6690, 24
6691, 43
6692, 19
6693, 18
6694, 35
6695, 3
6696, 25
6697, 30
6698, 8
6699, 51
6700, 22
6701, 51
6702, 19
6703, 33
6704, 11
6705, 1
6706, 10
6707, 3
6708, 66
6709, 41
6710, 31
6711, 4
6712, 1
6713, 69
6714, 61
6715, 33
6716, 18
6717, 33
6718, 58
6719, 13
6720, 35
6721, 3
6722, 62
6723, 41
6724, 26
6725, 4
6726, 1
6727, 76
6728, 28
6729, 56
6730, 56
6731, 3
6732, 70
6733, 38
6734, 4
6735, 1
6736, 8
6737, 10
6738, 35
6739, 36
6740, 22
6741, 20
6742, 28
6743, 8
6744, 44
6745, 1
6746, 3
6747, 62
6748, 41
6749, 21
6750, 4
6751, 1
6752, 16
6753, 76
6754, 58
6755, 73
6756, 3
6757, 40
6758, 38
6759, 3
6760, 42
6761, 4
6762, 1
6763, 20
6764, 19
6765, 71
6766, 1
6767, 9
6768, 68
6769, 53
6770, 54
6771, 3
6772, 40
6773, 38
6774, 3
6775, 39
6776, 4
6777, 1
6778, 49
6779, 1
6780, 22
6781, 24
6782, 18
6783, 1
6784, 39
6785, 41
6786, 1
6787, 36
6788, 43
6789, 1
6790, 39
6791, 26
6792, 65
6793, 38
6794, 1
6795, 18
6796, 39
6797, 35
6798, 79
6799, 16
6800, 18
6801, 1
6802, 15
6803, 36
6804, 78
6805, 60
6806, 69
6807, 20
6808, 52
6809, 36
6810, 34
6811, 17
6812, 8
6813, 19
6814, 73
6815, 1
6816, 1
6817, 9
6818, 63
6819, 60
6820, 47
6821, 61
6822, 22
6823, 25
6824, 23
6825, 41
6826, 1
6827, 54
6828, 3
6829, 40
6830, 38
6831, 3
6832, 39
6833, 4
6834, 1
6835, 58
6836, 1
6837, 22
6838, 24
6839, 18
6840, 1
6841, 39
6842, 41
6843, 1
6844, 36
6845, 43
6846, 1
6847, 39
6848, 26
6849, 65
6850, 38
6851, 1
6852, 18
6853, 39
6854, 35
6855, 79
6856, 16
6857, 18
6858, 1
6859, 15
6860, 36
6861, 78
6862, 60
6863, 69
6864, 20
6865, 52
6866, 36
6867, 34
6868, 17
6869, 8
6870, 19
6871, 73
6872, 1
6873, 1
6874, 9
6875, 63
6876, 60
6877, 47
6878, 61
6879, 22
6880, 25
6881, 23
6882, 41
6883, 1
6884, 54
6885, 3
6886, 40
6887, 38
6888, 3
6889, 39
6890, 4
6891, 1
6892, 51
6893, 1
6894, 22
6895, 24
6896, 18
6897, 1
6898, 39
6899, 41
6900, 1
6901, 36
6902, 43
6903, 1
6904, 39
6905, 26
6906, 65
6907, 38
6908, 1
6909, 18
6910, 39
6911, 35
6912, 79
6913, 16
6914, 18
6915, 1
6916, 15
6917, 36
6918, 78
6919, 60
6920, 69
6921, 20
6922, 52
6923, 36
6924, 34
6925, 17
6926, 8
6927, 19
6928, 73
6929, 1
6930, 1
6931, 9
6932, 63
6933, 60
6934, 47
6935, 61
6936, 22
6937, 25
6938, 23
6939, 41
6940, 1
6941, 41
6942, 38
6943, 37
6944, 1
6945, 15
6946, 1
6947, 35
6948, 1
6949, 25
6950, 20
6951, 52
6952, 63
6953, 62
6954, 27
6955, 1
6956, 9
6957, 17
6958, 20
6959, 41
6960, 16
6961, 20
6962, 73
6963, 42
6964, 26
6965, 41
6966, 38
6967, 40
6968, 1
6969, 15
6970, 35
6971, 1
6972, 44
6973, 17
6974, 45
6975, 23
6976, 1
6977, 31
6978, 22
6979, 20
6980, 25
6981, 55
6982, 7
6983, 44
6984, 22
6985, 14
6986, 5
6987, 19
6988, 55
6989, 41
6990, 32
6991, 5
6992, 12
6993, 1
6994, 8
6995, 42
6996, 23
6997, 58
6998, 41
6999, 38
7000, 40
7001, 1
7002, 46
7003, 13
7004, 58
7005, 20
7006, 31
7007, 1
7008, 25
7009, 20
7010, 30
7011, 31
7012, 46
7013, 13
7014, 40
7015, 34
7016, 15
7017, 6
7018, 27
7019, 1
7020, 8
7021, 15
7022, 20
7023, 53
7024, 26
7025, 25
7026, 1
7027, 1
7028, 1
7029, 3
7030, 58
7031, 41
7032, 57
7033, 4
7034, 1
7035, 60
7036, 28
7037, 1
7038, 24
7039, 39
7040, 23
7041, 52
7042, 1
7043, 31
7044, 16
7045, 23
7046, 50
7047, 47
7048, 41
7049, 34
7050, 1
7051, 23
7052, 16
7053, 23
7054, 50
7055, 45
7056, 34
7057, 32
7058, 1
7059, 22
7060, 39
7061, 3
7062, 71
7063, 41
7064, 4
7065, 1
7066, 15
7067, 28
7068, 30
7069, 28
7070, 1
7071, 1
7072, 21
7073, 39
7074, 38
7075, 13
7076, 1
7077, 1
7078, 17
7079, 21
7080, 37
7081, 28
7082, 9
7083, 6
7084, 7
7085, 39
7086, 64
7087, 11
7088, 8
7089, 9
7090, 12
7091, 1
7092, 1
7093, 24
7094, 16
7095, 41
7096, 15
7097, 41
7098, 44
7099, 57
7100, 25
7101, 28
7102, 8
7103, 7
7104, 32
7105, 1
7106, 24
7107, 16
7108, 41
7109, 31
7110, 7
7111, 36
7112, 1
7113, 1
7114, 34
7115, 31
7116, 34
7117, 13
7118, 1
7119, 49
7120, 58
7121, 1
7122, 8
7123, 30
7124, 30
7125, 26
7126, 38
7127, 49
7128, 3
7129, 71
7130, 41
7131, 4
7132, 1
7133, 15
7134, 28
7135, 30
7136, 28
7137, 1
7138, 30
7139, 1
7140, 21
7141, 39
7142, 38
7143, 13
7144, 1
7145, 1
7146, 27
7147, 16
7148, 23
7149, 17
7150, 113
7151, 7
7152, 27
7153, 29
7154, 5
7155, 4
7156, 113
7157, 7
7158, 61
7159, 29
7160, 5
7161, 1
7162, 8
7163, 7
7164, 22
7165, 11
7166, 42
7167, 45
7168, 58
7169, 25
7170, 9
7171, 34
7172, 5
7173, 7
7174, 35
7175, 1
7176, 34
7177, 31
7178, 34
7179, 13
7180, 1
7181, 49
7182, 58
7183, 1
7184, 8
7185, 30
7186, 30
7187, 26
7188, 38
7189, 49
7190, 3
7191, 71
7192, 41
7193, 4
7194, 1
7195, 15
7196, 28
7197, 33
7198, 28
7199, 1
7200, 30
7201, 1
7202, 27
7203, 16
7204, 23
7205, 39
7206, 30
7207, 32
7208, 8
7209, 44
7210, 64
7211, 32
7212, 8
7213, 34
7214, 41
7215, 47
7216, 60
7217, 25
7218, 33
7219, 13
7220, 33
7221, 7
7222, 37
7223, 33
7224, 36
7225, 1
7226, 20
7227, 45
7228, 1
7229, 8
7230, 35
7231, 30
7232, 29
7233, 43
7234, 37
7235, 32
7236, 20
7237, 3
7238, 71
7239, 41
7240, 4
7241, 1
7242, 15
7243, 28
7244, 33
7245, 28
7246, 16
7247, 1
7248, 24
7249, 39
7250, 44
7251, 1
7252, 1
7253, 28
7254, 16
7255, 23
7256, 39
7257, 30
7258, 27
7259, 8
7260, 44
7261, 64
7262, 27
7263, 8
7264, 9
7265, 28
7266, 7
7267, 28
7268, 1
7269, 23
7270, 16
7271, 23
7272, 39
7273, 30
7274, 27
7275, 8
7276, 44
7277, 64
7278, 27
7279, 8
7280, 15
7281, 41
7282, 47
7283, 70
7284, 25
7285, 28
7286, 8
7287, 7
7288, 27
7289, 1
7290, 8
7291, 21
7292, 42
7293, 19
7294, 24
7295, 47
7296, 14
7297, 46
7298, 58
7299, 38
7300, 3
7301, 64
7302, 38
7303, 31
7304, 4
7305, 1
7306, 15
7307, 28
7308, 61
7309, 54
7310, 1
7311, 32
7312, 16
7313, 23
7314, 39
7315, 30
7316, 32
7317, 8
7318, 44
7319, 65
7320, 32
7321, 8
7322, 30
7323, 41
7324, 47
7325, 60
7326, 25
7327, 33
7328, 8
7329, 36
7330, 7
7331, 41
7332, 51
7333, 1
7334, 22
7335, 1
7336, 69
7337, 55
7338, 40
7339, 41
7340, 33
7341, 54
7342, 1
