1, 34
2, 38
3, 3
4, 39
5, 3
6, 26
7, 4
8, 1
9, 80
10, 79
11, 66
12, 63
13, 21
14, 59
15, 41
16, 4
17, 1
18, 12
19, 8
20, 35
21, 35
22, 7
23, 59
24, 33
25, 28
26, 31
27, 77
28, 48
29, 18
30, 52
31, 18
32, 9
33, 1
34, 67
35, 1
36, 25
37, 8
38, 36
39, 27
40, 7
41, 17
42, 27
43, 9
44, 1
45, 61
46, 21
47, 3
48, 34
49, 38
50, 3
51, 39
52, 45
53, 46
54, 30
55, 4
56, 56
57, 77
58, 86
59, 59
60, 78
61, 13
62, 33
63, 24
64, 72
65, 73
66, 69
67, 30
68, 19
69, 24
70, 76
71, 43
72, 79
73, 72
74, 35
75, 25
76, 66
77, 34
78, 38
79, 3
80, 33
81, 4
82, 1
83, 20
84, 57
85, 1
86, 25
87, 27
88, 1
89, 78
90, 65
91, 1
92, 32
93, 14
94, 28
95, 56
96, 70
97, 80
98, 47
99, 1
100, 24
101, 44
102, 59
103, 57
104, 66
105, 80
106, 64
107, 1
108, 13
109, 55
110, 80
111, 78
112, 1
113, 80
114, 21
115, 60
116, 41
117, 46
118, 38
119, 4
120, 21
121, 75
122, 32
123, 23
124, 1
125, 26
126, 5
127, 34
128, 32
129, 1
130, 17
131, 7
132, 42
133, 42
134, 51
135, 68
136, 40
137, 61
138, 53
139, 53
140, 6
141, 24
142, 24
143, 7
144, 1
145, 69
146, 7
147, 24
148, 13
149, 20
150, 80
151, 12
152, 21
153, 27
154, 17
155, 19
156, 42
157, 18
158, 42
159, 33
160, 35
161, 19
162, 13
163, 6
164, 13
165, 7
166, 1
167, 18
168, 50
169, 22
170, 1
171, 21
172, 7
173, 16
174, 22
175, 21
176, 45
177, 68
178, 22
179, 13
180, 54
181, 35
182, 54
183, 32
184, 19
185, 57
186, 18
187, 27
188, 26
189, 47
190, 57
191, 71
192, 73
193, 64
194, 23
195, 70
196, 45
197, 19
198, 12
199, 19
200, 13
201, 22
202, 13
203, 76
204, 35
205, 54
206, 25
207, 24
208, 45
209, 20
210, 22
211, 69
212, 71
213, 21
214, 76
215, 42
216, 69
217, 22
218, 12
219, 21
220, 13
221, 15
222, 39
223, 30
224, 34
225, 6
226, 25
227, 7
228, 1
229, 4
230, 1
231, 66
232, 21
233, 62
234, 41
235, 49
236, 4
237, 1
238, 25
239, 44
240, 4
241, 29
242, 29
243, 1
244, 15
245, 15
246, 1
247, 15
248, 44
249, 29
250, 1
251, 15
252, 11
253, 35
254, 1
255, 15
256, 11
257, 35
258, 1
259, 17
260, 11
261, 14
262, 44
263, 15
264, 1
265, 67
266, 68
267, 4
268, 24
269, 7
270, 39
271, 35
272, 6
273, 33
274, 34
275, 24
276, 35
277, 25
278, 7
279, 1
280, 60
281, 15
282, 3
283, 40
284, 38
285, 3
286, 39
287, 43
288, 64
289, 24
290, 4
291, 1
292, 20
293, 26
294, 1
295, 22
296, 7
297, 19
298, 13
299, 34
300, 12
301, 28
302, 17
303, 19
304, 28
305, 50
306, 30
307, 45
308, 56
309, 29
310, 63
311, 58
312, 31
313, 18
314, 31
315, 19
316, 13
317, 6
318, 13
319, 7
320, 1
321, 20
322, 6
323, 35
324, 47
325, 36
326, 26
327, 19
328, 24
329, 18
330, 12
331, 20
332, 36
333, 19
334, 37
335, 67
336, 30
337, 33
338, 65
339, 20
340, 70
341, 19
342, 21
343, 29
344, 76
345, 48
346, 20
347, 72
348, 21
349, 25
350, 31
351, 19
352, 21
353, 47
354, 48
355, 73
356, 54
357, 67
358, 20
359, 73
360, 21
361, 11
362, 19
363, 12
364, 21
365, 5
366, 15
367, 6
368, 1
369, 77
370, 1
371, 64
372, 61
373, 13
374, 3
375, 48
376, 3
377, 50
378, 3
379, 44
380, 3
381, 4
382, 1
383, 79
384, 1
385, 17
386, 1
387, 77
388, 64
389, 70
390, 52
391, 1
392, 49
393, 51
394, 21
395, 72
396, 21
397, 1
398, 32
399, 35
400, 56
401, 75
402, 1
403, 38
404, 38
405, 79
406, 21
407, 1
408, 74
409, 1
410, 45
411, 20
412, 44
413, 69
414, 67
415, 75
416, 1
417, 40
418, 67
419, 67
420, 67
421, 67
422, 67
423, 67
424, 60
425, 1
426, 45
427, 81
428, 81
429, 1
430, 75
431, 75
432, 75
433, 62
434, 1
435, 31
436, 31
437, 31
438, 73
439, 19
440, 1
441, 50
442, 38
443, 31
444, 28
445, 43
446, 42
447, 78
448, 27
449, 61
450, 1
451, 37
452, 34
453, 73
454, 72
455, 68
456, 58
457, 1
458, 23
459, 63
460, 66
461, 79
462, 39
463, 1
464, 17
465, 31
466, 68
467, 4
468, 1
469, 66
470, 21
471, 60
472, 41
473, 4
474, 1
475, 55
476, 1
477, 67
478, 1
479, 24
480, 6
481, 32
482, 24
483, 23
484, 35
485, 7
486, 32
487, 25
488, 9
489, 1
490, 61
491, 16
492, 3
493, 34
494, 38
495, 3
496, 50
497, 3
498, 44
499, 52
500, 31
501, 4
502, 1
503, 77
504, 67
505, 80
506, 21
507, 60
508, 41
509, 4
510, 1
511, 17
512, 7
513, 45
514, 50
515, 40
516, 42
517, 75
518, 20
519, 15
520, 40
521, 70
522, 40
523, 31
524, 6
525, 9
526, 7
527, 1
528, 67
529, 1
530, 24
531, 8
532, 35
533, 27
534, 34
535, 7
536, 51
537, 27
538, 9
539, 1
540, 61
541, 21
542, 61
543, 41
544, 52
545, 28
546, 4
547, 1
548, 18
549, 8
550, 20
551, 74
552, 23
553, 23
554, 26
555, 23
556, 21
557, 15
558, 17
559, 48
560, 52
561, 16
562, 35
563, 17
564, 31
565, 15
566, 69
567, 14
568, 26
569, 15
570, 27
571, 21
572, 23
573, 74
574, 40
575, 7
576, 22
577, 22
578, 74
579, 77
580, 78
581, 70
582, 19
583, 8
584, 1
585, 67
586, 1
587, 24
588, 8
589, 35
590, 27
591, 7
592, 23
593, 27
594, 9
595, 1
596, 1
597, 61
598, 21
599, 64
600, 41
601, 63
602, 3
603, 1
604, 20
605, 26
606, 4
607, 6
608, 19
609, 19
610, 19
611, 21
612, 37
613, 3
614, 24
615, 52
616, 28
617, 46
618, 14
619, 4
620, 1
621, 35
622, 36
623, 40
624, 40
625, 49
626, 58
627, 86
628, 62
629, 58
630, 54
631, 69
632, 86
633, 69
634, 68
635, 52
636, 41
637, 57
638, 37
639, 22
640, 26
641, 37
642, 31
643, 59
644, 41
645, 32
646, 22
647, 27
648, 45
649, 59
650, 38
651, 31
652, 49
653, 50
654, 41
655, 22
656, 32
657, 19
658, 11
659, 1
660, 67
661, 68
662, 1
663, 24
664, 44
665, 68
666, 29
667, 76
668, 32
669, 11
670, 1
671, 60
672, 21
673, 61
674, 41
675, 4
676, 1
677, 30
678, 18
679, 3
680, 40
681, 38
682, 3
683, 39
684, 49
685, 4
686, 1
687, 24
688, 60
689, 69
690, 38
691, 4
692, 22
693, 7
694, 76
695, 31
696, 15
697, 28
698, 22
699, 70
700, 51
701, 6
702, 17
703, 7
704, 1
705, 58
706, 71
707, 31
708, 4
709, 51
710, 64
711, 1
712, 32
713, 6
714, 36
715, 30
716, 15
717, 57
718, 76
719, 52
720, 14
721, 41
722, 46
723, 75
724, 46
725, 5
726, 16
727, 6
728, 1
729, 28
730, 6
731, 43
732, 5
733, 60
734, 47
735, 52
736, 38
737, 6
738, 1
739, 18
740, 7
741, 13
742, 1
743, 35
744, 36
745, 19
746, 9
747, 10
748, 36
749, 1
750, 26
751, 1
752, 42
753, 1
754, 31
755, 13
756, 64
757, 45
758, 20
759, 35
760, 26
761, 44
762, 37
763, 38
764, 73
765, 57
766, 25
767, 53
768, 27
769, 29
770, 12
771, 14
772, 13
773, 7
774, 1
775, 46
776, 15
777, 6
778, 49
779, 59
780, 58
781, 19
782, 12
783, 35
784, 11
785, 68
786, 27
787, 16
788, 18
789, 35
790, 24
791, 53
792, 23
793, 39
794, 36
795, 37
796, 57
797, 39
798, 46
799, 24
800, 17
801, 40
802, 18
803, 12
804, 39
805, 5
806, 20
807, 66
808, 6
809, 1
810, 40
811, 40
812, 9
813, 16
814, 69
815, 38
816, 4
817, 1
818, 21
819, 61
820, 41
821, 22
822, 4
823, 35
824, 2
825, 20
826, 26
827, 30
828, 1
829, 17
830, 6
831, 14
832, 20
833, 1
834, 31
835, 27
836, 1
837, 31
838, 37
839, 28
840, 30
841, 1
842, 38
843, 37
844, 1
845, 31
846, 30
847, 1
848, 27
849, 30
850, 8
851, 9
852, 33
853, 34
854, 33
855, 39
856, 28
857, 1
858, 11
859, 39
860, 8
861, 34
862, 9
863, 1
864, 11
865, 42
866, 8
867, 36
868, 36
869, 34
870, 34
871, 9
872, 1
873, 21
874, 1
875, 27
876, 12
877, 34
878, 38
879, 11
880, 30
881, 47
882, 50
883, 54
884, 26
885, 12
886, 1
887, 18
888, 12
889, 34
890, 38
891, 11
892, 30
893, 27
894, 32
895, 65
896, 22
897, 12
898, 1
899, 47
900, 1
901, 45
902, 1
903, 48
904, 12
905, 38
906, 24
907, 27
908, 22
909, 56
910, 61
911, 32
912, 12
913, 1
914, 30
915, 12
916, 33
917, 11
918, 29
919, 53
920, 53
921, 34
922, 12
923, 1
924, 24
925, 40
926, 31
927, 44
928, 1
929, 29
930, 12
931, 39
932, 32
933, 56
934, 60
935, 19
936, 66
937, 66
938, 66
939, 48
940, 47
941, 11
942, 34
943, 36
944, 36
945, 44
946, 12
947, 1
948, 34
949, 12
950, 66
951, 41
952, 11
953, 48
954, 35
955, 12
956, 1
957, 33
958, 12
959, 76
960, 39
961, 11
962, 47
963, 33
964, 12
965, 1
966, 26
967, 24
968, 28
969, 13
970, 15
971, 40
972, 14
973, 43
974, 41
975, 15
976, 1
977, 25
978, 24
979, 28
980, 13
981, 15
982, 38
983, 14
984, 41
985, 40
986, 15
987, 1
988, 20
989, 12
990, 32
991, 46
992, 19
993, 66
994, 66
995, 66
996, 52
997, 39
998, 11
999, 32
1000, 37
1001, 19
1002, 12
1003, 1
1004, 23
1005, 12
1006, 33
1007, 31
1008, 31
1009, 46
1010, 39
1011, 20
1012, 35
1013, 70
1014, 11
1015, 32
1016, 37
1017, 19
1018, 12
1019, 4
1020, 1
1021, 11
1022, 1
1023, 22
1024, 1
1025, 17
1026, 1
1027, 20
1028, 6
1029, 24
1030, 22
1031, 23
1032, 71
1033, 70
1034, 25
1035, 78
1036, 82
1037, 79
1038, 5
1039, 15
1040, 6
1041, 1
1042, 24
1043, 6
1044, 13
1045, 51
1046, 21
1047, 23
1048, 24
1049, 61
1050, 5
1051, 52
1052, 24
1053, 6
1054, 1
1055, 60
1056, 18
1057, 3
1058, 48
1059, 41
1060, 3
1061, 50
1062, 3
1063, 44
1064, 50
1065, 4
1066, 1
1067, 24
1068, 1
1069, 62
1070, 1
1071, 20
1072, 22
1073, 76
1074, 33
1075, 48
1076, 41
1077, 69
1078, 34
1079, 29
1080, 59
1081, 79
1082, 78
1083, 60
1084, 79
1085, 1
1086, 79
1087, 1
1088, 22
1089, 21
1090, 62
1091, 41
1092, 22
1093, 4
1094, 36
1095, 1
1096, 25
1097, 27
1098, 7
1099, 19
1100, 21
1101, 20
1102, 34
1103, 6
1104, 17
1105, 7
1106, 1
1107, 19
1108, 10
1109, 42
1110, 1
1111, 60
1112, 26
1113, 38
1114, 37
1115, 13
1116, 72
1117, 28
1118, 60
1119, 7
1120, 21
1121, 27
1122, 4
1123, 14
1124, 1
1125, 28
1126, 7
1127, 24
1128, 43
1129, 6
1130, 28
1131, 33
1132, 42
1133, 34
1134, 8
1135, 7
1136, 1
1137, 37
1138, 25
1139, 30
1140, 31
1141, 25
1142, 54
1143, 44
1144, 36
1145, 39
1146, 45
1147, 68
1148, 24
1149, 43
1150, 28
1151, 1
1152, 67
1153, 68
1154, 1
1155, 24
1156, 6
1157, 38
1158, 36
1159, 36
1160, 43
1161, 68
1162, 44
1163, 5
1164, 44
1165, 18
1166, 44
1167, 18
1168, 44
1169, 18
1170, 45
1171, 24
1172, 6
1173, 1
1174, 60
1175, 3
1176, 34
1177, 38
1178, 32
1179, 3
1180, 59
1181, 4
1182, 1
1183, 18
1184, 1
1185, 35
1186, 47
1187, 28
1188, 1
1189, 60
1190, 1
1191, 68
1192, 37
1193, 31
1194, 21
1195, 32
1196, 68
1197, 73
1198, 76
1199, 56
1200, 57
1201, 19
1202, 79
1203, 60
1204, 16
1205, 28
1206, 63
1207, 78
1208, 40
1209, 38
1210, 3
1211, 33
1212, 4
1213, 1
1214, 20
1215, 57
1216, 1
1217, 16
1218, 44
1219, 60
1220, 1
1221, 26
1222, 40
1223, 64
1224, 46
1225, 1
1226, 13
1227, 16
1228, 74
1229, 78
1230, 1
1231, 76
1232, 21
1233, 64
1234, 41
1235, 22
1236, 4
1237, 29
1238, 1
1239, 19
1240, 10
1241, 29
1242, 43
1243, 47
1244, 51
1245, 30
1246, 1
1247, 22
1248, 31
1249, 49
1250, 82
1251, 1
1252, 63
1253, 54
1254, 7
1255, 1
1256, 20
1257, 10
1258, 29
1259, 43
1260, 47
1261, 52
1262, 43
1263, 45
1264, 30
1265, 1
1266, 34
1267, 13
1268, 31
1269, 49
1270, 72
1271, 28
1272, 57
1273, 57
1274, 36
1275, 54
1276, 61
1277, 53
1278, 38
1279, 27
1280, 32
1281, 30
1282, 33
1283, 28
1284, 14
1285, 1
1286, 63
1287, 54
1288, 7
1289, 1
1290, 66
1291, 67
1292, 4
1293, 24
1294, 7
1295, 39
1296, 23
1297, 32
1298, 74
1299, 57
1300, 24
1301, 37
1302, 77
1303, 57
1304, 6
1305, 25
1306, 7
1307, 1
1308, 60
1309, 21
1310, 63
1311, 41
1312, 22
1313, 69
1314, 21
1315, 81
1316, 4
1317, 23
1318, 1
1319, 22
1320, 32
1321, 25
1322, 21
1323, 23
1324, 31
1325, 46
1326, 53
1327, 56
1328, 1
1329, 67
1330, 1
1331, 28
1332, 39
1333, 25
1334, 35
1335, 43
1336, 7
1337, 28
1338, 3
1339, 37
1340, 36
1341, 30
1342, 25
1343, 29
1344, 7
1345, 69
1346, 31
1347, 30
1348, 43
1349, 39
1350, 37
1351, 34
1352, 29
1353, 36
1354, 39
1355, 45
1356, 27
1357, 19
1358, 27
1359, 8
1360, 39
1361, 30
1362, 26
1363, 30
1364, 1
1365, 53
1366, 36
1367, 7
1368, 56
1369, 45
1370, 55
1371, 26
1372, 24
1373, 67
1374, 71
1375, 41
1376, 9
1377, 48
1378, 30
1379, 17
1380, 28
1381, 35
1382, 37
1383, 45
1384, 3
1385, 56
1386, 52
1387, 50
1388, 63
1389, 64
1390, 54
1391, 50
1392, 49
1393, 21
1394, 4
1395, 1
1396, 61
1397, 13
1398, 36
1399, 40
1400, 44
1401, 3
1402, 50
1403, 3
1404, 44
1405, 37
1406, 4
1407, 1
1408, 10
1409, 20
1410, 11
1411, 41
1412, 1
1413, 41
1414, 27
1415, 1
1416, 44
1417, 13
1418, 42
1419, 74
1420, 79
1421, 31
1422, 73
1423, 79
1424, 31
1425, 78
1426, 79
1427, 31
1428, 77
1429, 79
1430, 31
1431, 1
1432, 22
1433, 26
1434, 30
1435, 46
1436, 41
1437, 68
1438, 22
1439, 1
1440, 15
1441, 17
1442, 35
1443, 47
1444, 47
1445, 47
1446, 35
1447, 24
1448, 30
1449, 44
1450, 68
1451, 61
1452, 51
1453, 55
1454, 66
1455, 66
1456, 66
1457, 32
1458, 21
1459, 21
1460, 1
1461, 45
1462, 19
1463, 33
1464, 35
1465, 76
1466, 67
1467, 35
1468, 1
1469, 16
1470, 26
1471, 39
1472, 68
1473, 61
1474, 51
1475, 24
1476, 27
1477, 56
1478, 62
1479, 23
1480, 1
1481, 69
1482, 1
1483, 72
1484, 67
1485, 1
1486, 77
1487, 1
1488, 69
1489, 21
1490, 66
1491, 41
1492, 22
1493, 4
1494, 1
1495, 66
1496, 1
1497, 25
1498, 6
1499, 32
1500, 21
1501, 20
1502, 11
1503, 29
1504, 22
1505, 24
1506, 37
1507, 10
1508, 23
1509, 11
1510, 17
1511, 21
1512, 24
1513, 27
1514, 30
1515, 33
1516, 48
1517, 5
1518, 47
1519, 25
1520, 6
1521, 1
1522, 64
1523, 4
1524, 34
1525, 38
1526, 37
1527, 31
1528, 4
1529, 1
1530, 71
1531, 50
1532, 15
1533, 42
1534, 28
1535, 47
1536, 80
1537, 33
1538, 68
1539, 74
1540, 76
1541, 63
1542, 37
1543, 41
1544, 42
1545, 19
1546, 3
1547, 55
1548, 3
1549, 50
1550, 3
1551, 44
1552, 52
1553, 56
1554, 4
1555, 1
1556, 20
1557, 77
1558, 1
1559, 22
1560, 79
1561, 1
1562, 19
1563, 37
1564, 41
1565, 1
1566, 21
1567, 58
1568, 71
1569, 1
1570, 12
1571, 14
1572, 60
1573, 80
1574, 77
1575, 79
1576, 77
1577, 1
1578, 13
1579, 68
1580, 76
1581, 28
1582, 21
1583, 63
1584, 41
1585, 22
1586, 4
1587, 28
1588, 1
1589, 19
1590, 10
1591, 29
1592, 43
1593, 47
1594, 51
1595, 30
1596, 1
1597, 22
1598, 31
1599, 49
1600, 82
1601, 1
1602, 63
1603, 54
1604, 7
1605, 1
1606, 20
1607, 10
1608, 29
1609, 43
1610, 47
1611, 52
1612, 43
1613, 45
1614, 30
1615, 1
1616, 34
1617, 13
1618, 31
1619, 49
1620, 72
1621, 28
1622, 57
1623, 57
1624, 36
1625, 54
1626, 61
1627, 53
1628, 38
1629, 27
1630, 32
1631, 30
1632, 33
1633, 28
1634, 14
1635, 1
1636, 63
1637, 54
1638, 7
1639, 1
1640, 66
1641, 67
1642, 4
1643, 24
1644, 7
1645, 39
1646, 23
1647, 32
1648, 33
1649, 64
1650, 43
1651, 43
1652, 1
1653, 15
1654, 37
1655, 55
1656, 35
1657, 1
1658, 1
1659, 25
1660, 39
1661, 33
1662, 67
1663, 43
1664, 43
1665, 1
1666, 1
1667, 43
1668, 62
1669, 37
1670, 1
1671, 6
1672, 25
1673, 7
1674, 1
1675, 60
1676, 34
1677, 38
1678, 31
1679, 3
1680, 1
1681, 15
1682, 1
1683, 62
1684, 1
1685, 76
1686, 33
1687, 88
1688, 73
1689, 51
1690, 11
1691, 64
1692, 1
1693, 89
1694, 84
1695, 83
1696, 58
1697, 47
1698, 56
1699, 68
1700, 68
1701, 81
1702, 43
1703, 64
1704, 34
1705, 38
1706, 31
1707, 3
1708, 1
1709, 75
1710, 1
1711, 89
1712, 39
1713, 39
1714, 1
1715, 26
1716, 32
1717, 42
1718, 15
1719, 84
1720, 1
1721, 26
1722, 17
1723, 28
1724, 26
1725, 30
1726, 41
1727, 81
1728, 49
1729, 19
1730, 17
1731, 43
1732, 55
1733, 47
1734, 10
1735, 8
1736, 81
1737, 57
1738, 1
1739, 39
1740, 1
1741, 72
1742, 15
1743, 4
1744, 55
1745, 3
1746, 50
1747, 3
1748, 44
1749, 40
1750, 4
1751, 79
1752, 1
1753, 26
1754, 25
1755, 50
1756, 77
1757, 68
1758, 1
1759, 67
1760, 72
1761, 37
1762, 20
1763, 57
1764, 35
1765, 72
1766, 40
1767, 1
1768, 21
1769, 55
1770, 67
1771, 31
1772, 68
1773, 4
1774, 1
1775, 8
1776, 79
1777, 21
1778, 64
1779, 42
1780, 22
1781, 4
1782, 38
1783, 1
1784, 47
1785, 1
1786, 17
1787, 7
1788, 16
1789, 1
1790, 28
1791, 35
1792, 35
1793, 9
1794, 10
1795, 67
1796, 1
1797, 53
1798, 1
1799, 56
1800, 1
1801, 36
1802, 24
1803, 33
1804, 33
1805, 45
1806, 40
1807, 55
1808, 73
1809, 32
1810, 44
1811, 7
1812, 1
1813, 18
1814, 7
1815, 27
1816, 28
1817, 40
1818, 30
1819, 23
1820, 13
1821, 19
1822, 1
1823, 31
1824, 41
1825, 34
1826, 13
1827, 27
1828, 19
1829, 19
1830, 16
1831, 31
1832, 34
1833, 42
1834, 13
1835, 9
1836, 10
1837, 24
1838, 24
1839, 24
1840, 1
1841, 38
1842, 1
1843, 60
1844, 1
1845, 12
1846, 63
1847, 9
1848, 56
1849, 23
1850, 40
1851, 56
1852, 45
1853, 27
1854, 10
1855, 1
1856, 52
1857, 7
1858, 53
1859, 74
1860, 60
1861, 29
1862, 10
1863, 63
1864, 31
1865, 20
1866, 21
1867, 1
1868, 27
1869, 53
1870, 1
1871, 30
1872, 1
1873, 24
1874, 46
1875, 33
1876, 37
1877, 1
1878, 25
1879, 13
1880, 43
1881, 52
1882, 12
1883, 26
1884, 54
1885, 35
1886, 51
1887, 62
1888, 70
1889, 36
1890, 74
1891, 30
1892, 14
1893, 10
1894, 24
1895, 16
1896, 49
1897, 67
1898, 16
1899, 25
1900, 38
1901, 42
1902, 1
1903, 56
1904, 19
1905, 32
1906, 63
1907, 46
1908, 35
1909, 59
1910, 51
1911, 64
1912, 68
1913, 76
1914, 56
1915, 44
1916, 60
1917, 47
1918, 54
1919, 26
1920, 19
1921, 13
1922, 56
1923, 32
1924, 47
1925, 33
1926, 71
1927, 46
1928, 1
1929, 32
1930, 45
1931, 40
1932, 31
1933, 39
1934, 13
1935, 1
1936, 28
1937, 16
1938, 67
1939, 1
1940, 52
1941, 1
1942, 45
1943, 32
1944, 44
1945, 57
1946, 66
1947, 37
1948, 42
1949, 1
1950, 44
1951, 43
1952, 29
1953, 36
1954, 13
1955, 1
1956, 7
1957, 1
1958, 31
1959, 39
1960, 1
1961, 18
1962, 17
1963, 21
1964, 21
1965, 21
1966, 25
1967, 1
1968, 17
1969, 22
1970, 75
1971, 38
1972, 44
1973, 53
1974, 47
1975, 21
1976, 22
1977, 30
1978, 45
1979, 26
1980, 44
1981, 39
1982, 1
1983, 17
1984, 21
1985, 6
1986, 23
1987, 79
1988, 39
1989, 45
1990, 54
1991, 23
1992, 23
1993, 31
1994, 46
1995, 27
1996, 45
1997, 39
1998, 7
1999, 1
2000, 66
2001, 82
2002, 1
2003, 24
2004, 7
2005, 39
2006, 49
2007, 49
2008, 28
2009, 55
2010, 48
2011, 29
2012, 48
2013, 6
2014, 9
2015, 7
2016, 1
2017, 63
2018, 14
2019, 3
2020, 57
2021, 3
2022, 50
2023, 3
2024, 44
2025, 50
2026, 4
2027, 1
2028, 20
2029, 44
2030, 1
2031, 45
2032, 74
2033, 1
2034, 15
2035, 43
2036, 54
2037, 1
2038, 17
2039, 77
2040, 64
2041, 40
2042, 38
2043, 35
2044, 70
2045, 79
2046, 43
2047, 4
2048, 1
2049, 28
2050, 23
2051, 27
2052, 1
2053, 16
2054, 10
2055, 43
2056, 1
2057, 37
2058, 1
2059, 59
2060, 1
2061, 77
2062, 1
2063, 44
2064, 1
2065, 48
2066, 1
2067, 12
2068, 55
2069, 51
2070, 9
2071, 32
2072, 32
2073, 10
2074, 7
2075, 1
2076, 19
2077, 10
2078, 54
2079, 7
2080, 1
2081, 16
2082, 10
2083, 50
2084, 1
2085, 12
2086, 63
2087, 16
2088, 44
2089, 40
2090, 15
2091, 61
2092, 16
2093, 9
2094, 42
2095, 16
2096, 43
2097, 15
2098, 61
2099, 16
2100, 38
2101, 16
2102, 43
2103, 15
2104, 43
2105, 24
2106, 49
2107, 23
2108, 27
2109, 44
2110, 26
2111, 52
2112, 31
2113, 33
2114, 50
2115, 32
2116, 60
2117, 33
2118, 27
2119, 24
2120, 16
2121, 10
2122, 7
2123, 1
2124, 18
2125, 10
2126, 19
2127, 36
2128, 37
2129, 28
2130, 1
2131, 49
2132, 13
2133, 38
2134, 43
2135, 50
2136, 55
2137, 56
2138, 12
2139, 19
2140, 13
2141, 10
2142, 49
2143, 47
2144, 13
2145, 39
2146, 29
2147, 43
2148, 54
2149, 36
2150, 58
2151, 63
2152, 25
2153, 59
2154, 33
2155, 24
2156, 47
2157, 77
2158, 25
2159, 12
2160, 49
2161, 13
2162, 1
2163, 58
2164, 1
2165, 40
2166, 49
2167, 13
2168, 53
2169, 12
2170, 43
2171, 17
2172, 19
2173, 48
2174, 18
2175, 39
2176, 23
2177, 25
2178, 33
2179, 81
2180, 24
2181, 49
2182, 79
2183, 36
2184, 31
2185, 25
2186, 19
2187, 13
2188, 1
2189, 80
2190, 19
2191, 68
2192, 60
2193, 37
2194, 81
2195, 1
2196, 43
2197, 13
2198, 65
2199, 12
2200, 34
2201, 17
2202, 19
2203, 52
2204, 37
2205, 81
2206, 31
2207, 69
2208, 76
2209, 4
2210, 74
2211, 67
2212, 30
2213, 40
2214, 73
2215, 47
2216, 28
2217, 18
2218, 57
2219, 19
2220, 13
2221, 7
2222, 1
2223, 23
2224, 37
2225, 17
2226, 31
2227, 16
2228, 69
2229, 18
2230, 1
2231, 59
2232, 1
2233, 45
2234, 7
2235, 66
2236, 6
2237, 51
2238, 72
2239, 7
2240, 1
2241, 33
2242, 8
2243, 55
2244, 49
2245, 67
2246, 7
2247, 67
2248, 8
2249, 1
2250, 9
2251, 7
2252, 20
2253, 80
2254, 17
2255, 68
2256, 29
2257, 61
2258, 22
2259, 6
2260, 57
2261, 7
2262, 40
2263, 38
2264, 35
2265, 32
2266, 4
2267, 1
2268, 55
2269, 27
2270, 30
2271, 54
2272, 74
2273, 74
2274, 65
2275, 54
2276, 73
2277, 34
2278, 40
2279, 49
2280, 56
2281, 41
2282, 43
2283, 33
2284, 43
2285, 69
2286, 12
2287, 8
2288, 41
2289, 49
2290, 56
2291, 64
2292, 8
2293, 31
2294, 52
2295, 62
2296, 44
2297, 60
2298, 16
2299, 59
2300, 66
2301, 44
2302, 53
2303, 32
2304, 44
2305, 47
2306, 51
2307, 78
2308, 21
2309, 41
2310, 31
2311, 54
2312, 44
2313, 39
2314, 38
2315, 66
2316, 67
2317, 16
2318, 12
2319, 8
2320, 80
2321, 59
2322, 31
2323, 43
2324, 35
2325, 51
2326, 74
2327, 60
2328, 49
2329, 64
2330, 31
2331, 12
2332, 8
2333, 28
2334, 26
2335, 45
2336, 50
2337, 37
2338, 55
2339, 49
2340, 8
2341, 30
2342, 56
2343, 71
2344, 76
2345, 8
2346, 9
2347, 22
2348, 81
2349, 64
2350, 69
2351, 52
2352, 8
2353, 34
2354, 38
2355, 31
2356, 3
2357, 1
2358, 100
2359, 1
2360, 59
2361, 1
2362, 70
2363, 1
2364, 101
2365, 1
2366, 100
2367, 1
2368, 62
2369, 44
2370, 70
2371, 1
2372, 73
2373, 71
2374, 82
2375, 46
2376, 58
2377, 80
2378, 21
2379, 66
2380, 41
2381, 22
2382, 4
2383, 1
2384, 27
2385, 7
2386, 21
2387, 21
2388, 8
2389, 7
2390, 1
2391, 16
2392, 10
2393, 15
2394, 1
2395, 19
2396, 10
2397, 8
2398, 7
2399, 1
2400, 19
2401, 10
2402, 18
2403, 1
2404, 27
2405, 1
2406, 22
2407, 1
2408, 66
2409, 1
2410, 28
2411, 54
2412, 54
2413, 7
2414, 1
2415, 19
2416, 10
2417, 18
2418, 1
2419, 26
2420, 58
2421, 35
2422, 37
2423, 47
2424, 30
2425, 7
2426, 1
2427, 17
2428, 10
2429, 16
2430, 1
2431, 35
2432, 1
2433, 39
2434, 1
2435, 52
2436, 1
2437, 37
2438, 1
2439, 38
2440, 1
2441, 33
2442, 1
2443, 33
2444, 13
2445, 31
2446, 25
2447, 44
2448, 30
2449, 32
2450, 52
2451, 46
2452, 25
2453, 13
2454, 7
2455, 1
2456, 18
2457, 10
2458, 17
2459, 2
2460, 48
2461, 13
2462, 35
2463, 26
2464, 19
2465, 40
2466, 30
2467, 35
2468, 39
2469, 52
2470, 50
2471, 44
2472, 30
2473, 19
2474, 29
2475, 25
2476, 35
2477, 42
2478, 33
2479, 60
2480, 13
2481, 7
2482, 1
2483, 17
2484, 10
2485, 16
2486, 10
2487, 24
2488, 22
2489, 7
2490, 1
2491, 19
2492, 10
2493, 18
2494, 1
2495, 22
2496, 10
2497, 43
2498, 56
2499, 7
2500, 1
2501, 24
2502, 1
2503, 19
2504, 10
2505, 19
2506, 21
2507, 33
2508, 22
2509, 23
2510, 19
2511, 7
2512, 1
2513, 17
2514, 7
2515, 16
2516, 1
2517, 30
2518, 46
2519, 47
2520, 32
2521, 34
2522, 9
2523, 10
2524, 44
2525, 43
2526, 1
2527, 45
2528, 44
2529, 26
2530, 1
2531, 37
2532, 13
2533, 26
2534, 46
2535, 34
2536, 15
2537, 13
2538, 1
2539, 44
2540, 64
2541, 10
2542, 40
2543, 61
2544, 1
2545, 44
2546, 7
2547, 1
2548, 42
2549, 15
2550, 7
2551, 79
2552, 20
2553, 10
2554, 23
2555, 1
2556, 52
2557, 71
2558, 43
2559, 68
2560, 10
2561, 51
2562, 44
2563, 68
2564, 71
2565, 71
2566, 39
2567, 54
2568, 10
2569, 36
2570, 26
2571, 34
2572, 33
2573, 51
2574, 30
2575, 9
2576, 10
2577, 23
2578, 51
2579, 44
2580, 43
2581, 46
2582, 46
2583, 39
2584, 54
2585, 1
2586, 56
2587, 1
2588, 1
2589, 81
2590, 76
2591, 28
2592, 10
2593, 36
2594, 77
2595, 34
2596, 27
2597, 43
2598, 13
2599, 42
2600, 34
2601, 55
2602, 46
2603, 49
2604, 30
2605, 54
2606, 19
2607, 30
2608, 77
2609, 36
2610, 31
2611, 18
2612, 48
2613, 46
2614, 48
2615, 35
2616, 23
2617, 25
2618, 67
2619, 63
2620, 32
2621, 59
2622, 57
2623, 68
2624, 52
2625, 67
2626, 54
2627, 79
2628, 82
2629, 52
2630, 64
2631, 25
2632, 19
2633, 47
2634, 20
2635, 30
2636, 59
2637, 61
2638, 23
2639, 12
2640, 50
2641, 13
2642, 1
2643, 73
2644, 78
2645, 46
2646, 9
2647, 81
2648, 76
2649, 82
2650, 10
2651, 40
2652, 13
2653, 31
2654, 31
2655, 28
2656, 40
2657, 38
2658, 52
2659, 53
2660, 41
2661, 19
2662, 37
2663, 39
2664, 31
2665, 36
2666, 66
2667, 77
2668, 18
2669, 68
2670, 15
2671, 57
2672, 61
2673, 42
2674, 54
2675, 56
2676, 66
2677, 43
2678, 62
2679, 38
2680, 74
2681, 16
2682, 38
2683, 67
2684, 25
2685, 25
2686, 40
2687, 25
2688, 46
2689, 60
2690, 48
2691, 24
2692, 40
2693, 39
2694, 43
2695, 25
2696, 38
2697, 25
2698, 46
2699, 32
2700, 57
2701, 54
2702, 81
2703, 45
2704, 48
2705, 40
2706, 39
2707, 43
2708, 25
2709, 34
2710, 31
2711, 42
2712, 41
2713, 46
2714, 69
2715, 26
2716, 70
2717, 35
2718, 25
2719, 49
2720, 48
2721, 50
2722, 27
2723, 35
2724, 31
2725, 42
2726, 41
2727, 45
2728, 69
2729, 26
2730, 70
2731, 35
2732, 33
2733, 36
2734, 40
2735, 37
2736, 81
2737, 25
2738, 66
2739, 67
2740, 51
2741, 27
2742, 35
2743, 25
2744, 73
2745, 32
2746, 35
2747, 39
2748, 36
2749, 79
2750, 24
2751, 63
2752, 25
2753, 49
2754, 67
2755, 69
2756, 16
2757, 31
2758, 59
2759, 71
2760, 81
2761, 44
2762, 69
2763, 62
2764, 55
2765, 74
2766, 76
2767, 79
2768, 53
2769, 49
2770, 23
2771, 31
2772, 50
2773, 20
2774, 27
2775, 81
2776, 27
2777, 30
2778, 42
2779, 52
2780, 62
2781, 57
2782, 32
2783, 35
2784, 21
2785, 12
2786, 44
2787, 30
2788, 28
2789, 52
2790, 51
2791, 51
2792, 30
2793, 13
2794, 7
2795, 7
2796, 1
2797, 15
2798, 7
2799, 13
2800, 1
2801, 30
2802, 26
2803, 34
2804, 33
2805, 51
2806, 27
2807, 9
2808, 10
2809, 78
2810, 20
2811, 10
2812, 23
2813, 10
2814, 52
2815, 60
2816, 43
2817, 10
2818, 45
2819, 43
2820, 44
2821, 47
2822, 39
2823, 1
2824, 61
2825, 1
2826, 1
2827, 75
2828, 30
2829, 32
2830, 50
2831, 13
2832, 34
2833, 74
2834, 19
2835, 29
2836, 49
2837, 36
2838, 31
2839, 18
2840, 58
2841, 31
2842, 36
2843, 54
2844, 74
2845, 35
2846, 19
2847, 28
2848, 56
2849, 27
2850, 13
2851, 1
2852, 42
2853, 24
2854, 29
2855, 37
2856, 51
2857, 60
2858, 10
2859, 78
2860, 76
2861, 18
2862, 9
2863, 68
2864, 57
2865, 78
2866, 71
2867, 10
2868, 74
2869, 13
2870, 42
2871, 34
2872, 38
2873, 36
2874, 35
2875, 60
2876, 35
2877, 38
2878, 55
2879, 60
2880, 51
2881, 52
2882, 41
2883, 61
2884, 62
2885, 19
2886, 26
2887, 31
2888, 56
2889, 26
2890, 50
2891, 44
2892, 37
2893, 46
2894, 63
2895, 60
2896, 44
2897, 45
2898, 62
2899, 79
2900, 62
2901, 64
2902, 46
2903, 65
2904, 48
2905, 59
2906, 73
2907, 42
2908, 74
2909, 68
2910, 74
2911, 75
2912, 63
2913, 44
2914, 27
2915, 61
2916, 43
2917, 42
2918, 50
2919, 19
2920, 53
2921, 31
2922, 27
2923, 23
2924, 25
2925, 48
2926, 38
2927, 69
2928, 52
2929, 51
2930, 66
2931, 35
2932, 50
2933, 32
2934, 25
2935, 32
2936, 67
2937, 49
2938, 45
2939, 43
2940, 44
2941, 45
2942, 44
2943, 56
2944, 58
2945, 19
2946, 33
2947, 18
2948, 45
2949, 29
2950, 57
2951, 56
2952, 69
2953, 19
2954, 32
2955, 38
2956, 47
2957, 27
2958, 59
2959, 65
2960, 52
2961, 48
2962, 36
2963, 66
2964, 62
2965, 20
2966, 31
2967, 39
2968, 57
2969, 57
2970, 20
2971, 30
2972, 36
2973, 70
2974, 46
2975, 56
2976, 31
2977, 34
2978, 29
2979, 13
2980, 1
2981, 81
2982, 76
2983, 17
2984, 9
2985, 79
2986, 27
2987, 10
2988, 75
2989, 13
2990, 68
2991, 39
2992, 33
2993, 41
2994, 37
2995, 53
2996, 46
2997, 45
2998, 50
2999, 75
3000, 26
3001, 25
3002, 47
3003, 52
3004, 51
3005, 49
3006, 56
3007, 55
3008, 24
3009, 30
3010, 25
3011, 45
3012, 18
3013, 65
3014, 15
3015, 29
3016, 32
3017, 30
3018, 51
3019, 38
3020, 40
3021, 52
3022, 55
3023, 41
3024, 48
3025, 78
3026, 49
3027, 58
3028, 60
3029, 59
3030, 79
3031, 77
3032, 75
3033, 44
3034, 36
3035, 16
3036, 71
3037, 59
3038, 31
3039, 29
3040, 76
3041, 28
3042, 41
3043, 61
3044, 54
3045, 20
3046, 28
3047, 66
3048, 20
3049, 27
3050, 38
3051, 51
3052, 55
3053, 27
3054, 78
3055, 61
3056, 30
3057, 22
3058, 21
3059, 56
3060, 43
3061, 29
3062, 31
3063, 31
3064, 29
3065, 13
3066, 1
3067, 7
3068, 1
3069, 18
3070, 7
3071, 26
3072, 13
3073, 19
3074, 1
3075, 68
3076, 69
3077, 13
3078, 1
3079, 13
3080, 1
3081, 25
3082, 17
3083, 26
3084, 38
3085, 38
3086, 19
3087, 22
3088, 32
3089, 29
3090, 26
3091, 27
3092, 23
3093, 9
3094, 10
3095, 18
3096, 1
3097, 36
3098, 27
3099, 41
3100, 44
3101, 18
3102, 20
3103, 22
3104, 1
3105, 38
3106, 1
3107, 60
3108, 66
3109, 30
3110, 29
3111, 35
3112, 1
3113, 46
3114, 80
3115, 1
3116, 10
3117, 27
3118, 16
3119, 25
3120, 28
3121, 28
3122, 1
3123, 41
3124, 19
3125, 40
3126, 57
3127, 30
3128, 34
3129, 26
3130, 28
3131, 37
3132, 40
3133, 44
3134, 58
3135, 59
3136, 61
3137, 74
3138, 44
3139, 58
3140, 59
3141, 61
3142, 74
3143, 27
3144, 39
3145, 58
3146, 62
3147, 72
3148, 28
3149, 33
3150, 19
3151, 13
3152, 1
3153, 25
3154, 70
3155, 25
3156, 41
3157, 7
3158, 1
3159, 6
3160, 15
3161, 3
3162, 17
3163, 23
3164, 27
3165, 11
3166, 53
3167, 52
3168, 31
3169, 22
3170, 20
3171, 23
3172, 23
3173, 31
3174, 39
3175, 34
3176, 4
3177, 1
3178, 36
3179, 1
3180, 23
3181, 1
3182, 13
3183, 7
3184, 23
3185, 38
3186, 30
3187, 25
3188, 25
3189, 32
3190, 46
3191, 14
3192, 7
3193, 1
3194, 67
3195, 1
3196, 33
3197, 4
3198, 6
3199, 31
3200, 57
3201, 53
3202, 3
3203, 66
3204, 48
3205, 20
3206, 36
3207, 16
3208, 45
3209, 22
3210, 45
3211, 43
3212, 38
3213, 35
3214, 56
3215, 72
3216, 57
3217, 21
3218, 37
3219, 22
3220, 34
3221, 51
3222, 37
3223, 60
3224, 42
3225, 69
3226, 46
3227, 43
3228, 45
3229, 45
3230, 46
3231, 23
3232, 31
3233, 81
3234, 26
3235, 32
3236, 15
3237, 18
3238, 16
3239, 4
3240, 1
3241, 35
3242, 7
3243, 22
3244, 6
3245, 74
3246, 7
3247, 1
3248, 66
3249, 4
3250, 24
3251, 7
3252, 39
3253, 49
3254, 24
3255, 9
3256, 7
3257, 1
3258, 60
3259, 28
3260, 3
3261, 40
3262, 38
3263, 3
3264, 39
3265, 72
3266, 4
3267, 1
3268, 17
3269, 6
3270, 42
3271, 52
3272, 14
3273, 17
3274, 24
3275, 33
3276, 63
3277, 74
3278, 22
3279, 5
3280, 37
3281, 6
3282, 1
3283, 62
3284, 36
3285, 6
3286, 22
3287, 18
3288, 19
3289, 13
3290, 15
3291, 40
3292, 74
3293, 58
3294, 14
3295, 33
3296, 15
3297, 5
3298, 33
3299, 6
3300, 1
3301, 41
3302, 6
3303, 55
3304, 30
3305, 18
3306, 17
3307, 19
3308, 13
3309, 16
3310, 36
3311, 31
3312, 49
3313, 78
3314, 14
3315, 44
3316, 15
3317, 5
3318, 12
3319, 6
3320, 1
3321, 18
3322, 7
3323, 13
3324, 1
3325, 35
3326, 36
3327, 19
3328, 9
3329, 10
3330, 36
3331, 1
3332, 26
3333, 1
3334, 42
3335, 1
3336, 31
3337, 13
3338, 64
3339, 45
3340, 20
3341, 35
3342, 26
3343, 44
3344, 37
3345, 38
3346, 73
3347, 57
3348, 25
3349, 53
3350, 27
3351, 29
3352, 12
3353, 14
3354, 13
3355, 7
3356, 1
3357, 30
3358, 7
3359, 32
3360, 25
3361, 6
3362, 19
3363, 7
3364, 4
3365, 25
3366, 41
3367, 20
3368, 20
3369, 62
3370, 56
3371, 46
3372, 1
3373, 27
3374, 1
3375, 1
3376, 21
3377, 67
3378, 41
3379, 14
3380, 4
3381, 1
3382, 19
3383, 21
3384, 1
3385, 40
3386, 39
3387, 1
3388, 21
3389, 60
3390, 1
3391, 46
3392, 1
3393, 17
3394, 40
3395, 9
3396, 67
3397, 13
3398, 6
3399, 1
3400, 32
3401, 34
3402, 30
3403, 52
3404, 58
3405, 11
3406, 79
3407, 45
3408, 15
3409, 8
3410, 7
3411, 60
3412, 26
3413, 16
3414, 44
3415, 36
3416, 24
3417, 19
3418, 32
3419, 91
3420, 62
3421, 35
3422, 15
3423, 47
3424, 16
3425, 37
3426, 16
3427, 47
3428, 56
3429, 36
3430, 15
3431, 58
3432, 100
3433, 52
3434, 49
3435, 85
3436, 62
3437, 23
3438, 76
3439, 16
3440, 43
3441, 9
3442, 18
3443, 7
3444, 92
3445, 43
3446, 5
3447, 18
3448, 18
3449, 25
3450, 6
3451, 1
3452, 23
3453, 74
3454, 27
3455, 1
3456, 61
3457, 1
3458, 21
3459, 61
3460, 41
3461, 32
3462, 4
3463, 1
3464, 16
3465, 1
3466, 38
3467, 1
3468, 14
3469, 7
3470, 19
3471, 21
3472, 63
3473, 17
3474, 13
3475, 7
3476, 1
3477, 25
3478, 14
3479, 10
3480, 32
3481, 16
3482, 18
3483, 31
3484, 32
3485, 75
3486, 28
3487, 56
3488, 18
3489, 36
3490, 13
3491, 1
3492, 67
3493, 66
3494, 1
3495, 40
3496, 4
3497, 15
3498, 12
3499, 19
3500, 34
3501, 1
3502, 34
3503, 42
3504, 27
3505, 37
3506, 48
3507, 27
3508, 8
3509, 1
3510, 61
3511, 3
3512, 3
3513, 40
3514, 38
3515, 3
3516, 35
3517, 35
3518, 42
3519, 4
3520, 1
3521, 20
3522, 26
3523, 1
3524, 65
3525, 4
3526, 28
3527, 6
3528, 28
3529, 5
3530, 24
3531, 30
3532, 32
3533, 76
3534, 6
3535, 1
3536, 29
3537, 7
3538, 29
3539, 6
3540, 25
3541, 31
3542, 33
3543, 77
3544, 7
3545, 1
3546, 30
3547, 7
3548, 48
3549, 6
3550, 28
3551, 31
3552, 7
3553, 1
3554, 77
3555, 29
3556, 29
3557, 81
3558, 1
3559, 17
3560, 18
3561, 9
3562, 22
3563, 45
3564, 50
3565, 1
3566, 58
3567, 55
3568, 31
3569, 21
3570, 66
3571, 41
3572, 4
3573, 1
3574, 13
3575, 1
3576, 65
3577, 1
3578, 20
3579, 8
3580, 54
3581, 49
3582, 48
3583, 7
3584, 46
3585, 37
3586, 38
3587, 31
3588, 77
3589, 58
3590, 11
3591, 31
3592, 13
3593, 1
3594, 35
3595, 36
3596, 27
3597, 31
3598, 44
3599, 21
3600, 56
3601, 37
3602, 59
3603, 37
3604, 22
3605, 11
3606, 29
3607, 35
3608, 8
3609, 1
3610, 67
3611, 1
3612, 24
3613, 8
3614, 35
3615, 27
3616, 7
3617, 23
3618, 27
3619, 9
3620, 1
3621, 1
3622, 61
3623, 21
3624, 62
3625, 41
3626, 22
3627, 4
3628, 1
3629, 66
3630, 67
3631, 1
3632, 22
3633, 1
3634, 18
3635, 7
3636, 16
3637, 1
3638, 39
3639, 30
3640, 26
3641, 9
3642, 10
3643, 39
3644, 45
3645, 48
3646, 1
3647, 45
3648, 13
3649, 28
3650, 26
3651, 36
3652, 36
3653, 20
3654, 31
3655, 23
3656, 25
3657, 64
3658, 57
3659, 73
3660, 60
3661, 42
3662, 26
3663, 25
3664, 22
3665, 20
3666, 53
3667, 37
3668, 15
3669, 13
3670, 1
3671, 46
3672, 47
3673, 69
3674, 1
3675, 45
3676, 7
3677, 1
3678, 24
3679, 7
3680, 18
3681, 75
3682, 39
3683, 33
3684, 56
3685, 54
3686, 6
3687, 9
3688, 7
3689, 1
3690, 60
3691, 21
3692, 62
3693, 38
3694, 4
3695, 1
3696, 19
3697, 41
3698, 54
3699, 71
3700, 9
3701, 19
3702, 26
3703, 20
3704, 76
3705, 64
3706, 34
3707, 68
3708, 15
3709, 3
3710, 40
3711, 38
3712, 3
3713, 39
3714, 42
3715, 4
3716, 1
3717, 13
3718, 1
3719, 22
3720, 17
3721, 1
3722, 67
3723, 19
3724, 26
3725, 21
3726, 1
3727, 39
3728, 26
3729, 7
3730, 19
3731, 23
3732, 13
3733, 42
3734, 58
3735, 78
3736, 12
3737, 39
3738, 13
3739, 6
3740, 13
3741, 7
3742, 1
3743, 18
3744, 6
3745, 48
3746, 37
3747, 14
3748, 61
3749, 49
3750, 29
3751, 32
3752, 5
3753, 8
3754, 6
3755, 1
3756, 15
3757, 6
3758, 48
3759, 25
3760, 58
3761, 39
3762, 14
3763, 23
3764, 47
3765, 75
3766, 39
3767, 14
3768, 27
3769, 54
3770, 51
3771, 44
3772, 42
3773, 32
3774, 5
3775, 58
3776, 63
3777, 6
3778, 1
3779, 68
3780, 29
3781, 34
3782, 46
3783, 47
3784, 33
3785, 9
3786, 33
3787, 26
3788, 61
3789, 19
3790, 3
3791, 40
3792, 38
3793, 3
3794, 39
3795, 42
3796, 3
3797, 4
3798, 1
3799, 12
3800, 1
3801, 22
3802, 17
3803, 1
3804, 67
3805, 21
3806, 26
3807, 21
3808, 1
3809, 39
3810, 26
3811, 7
3812, 19
3813, 23
3814, 13
3815, 42
3816, 58
3817, 78
3818, 12
3819, 39
3820, 13
3821, 6
3822, 13
3823, 7
3824, 1
3825, 18
3826, 6
3827, 48
3828, 37
3829, 14
3830, 61
3831, 49
3832, 29
3833, 32
3834, 5
3835, 8
3836, 6
3837, 1
3838, 15
3839, 6
3840, 48
3841, 25
3842, 58
3843, 39
3844, 14
3845, 23
3846, 47
3847, 75
3848, 39
3849, 14
3850, 27
3851, 54
3852, 51
3853, 44
3854, 42
3855, 32
3856, 5
3857, 58
3858, 63
3859, 6
3860, 1
3861, 68
3862, 29
3863, 34
3864, 46
3865, 47
3866, 33
3867, 9
3868, 33
3869, 26
3870, 61
3871, 40
3872, 38
3873, 3
3874, 33
3875, 4
3876, 1
3877, 20
3878, 76
3879, 60
3880, 77
3881, 1
3882, 20
3883, 68
3884, 46
3885, 1
3886, 44
3887, 18
3888, 76
3889, 1
3890, 76
3891, 69
3892, 1
3893, 13
3894, 74
3895, 1
3896, 43
3897, 44
3898, 1
3899, 12
3900, 79
3901, 28
3902, 80
3903, 78
3904, 73
3905, 19
3906, 1
3907, 13
3908, 12
3909, 42
3910, 71
3911, 72
3912, 27
3913, 79
3914, 76
3915, 1
3916, 31
3917, 80
3918, 19
3919, 3
3920, 40
3921, 38
3922, 3
3923, 39
3924, 42
3925, 4
3926, 1
3927, 10
3928, 1
3929, 22
3930, 17
3931, 1
3932, 67
3933, 23
3934, 26
3935, 21
3936, 1
3937, 39
3938, 26
3939, 7
3940, 19
3941, 23
3942, 13
3943, 42
3944, 58
3945, 78
3946, 12
3947, 39
3948, 13
3949, 6
3950, 13
3951, 7
3952, 1
3953, 18
3954, 6
3955, 48
3956, 37
3957, 14
3958, 61
3959, 49
3960, 29
3961, 32
3962, 5
3963, 8
3964, 6
3965, 1
3966, 15
3967, 6
3968, 48
3969, 25
3970, 58
3971, 39
3972, 14
3973, 23
3974, 47
3975, 75
3976, 39
3977, 14
3978, 27
3979, 54
3980, 51
3981, 44
3982, 42
3983, 32
3984, 5
3985, 58
3986, 63
3987, 6
3988, 1
3989, 68
3990, 29
3991, 34
3992, 46
3993, 47
3994, 33
3995, 9
3996, 33
3997, 26
3998, 61
3999, 4
4000, 41
4001, 38
4002, 36
4003, 4
4004, 1
4005, 23
4006, 8
4007, 31
4008, 1
4009, 43
4010, 14
4011, 26
4012, 38
4013, 44
4014, 48
4015, 35
4016, 13
4017, 27
4018, 14
4019, 1
4020, 31
4021, 70
4022, 1
4023, 59
4024, 7
4025, 27
4026, 56
4027, 8
4028, 1
4029, 54
4030, 1
4031, 84
4032, 21
4033, 58
4034, 41
4035, 22
4036, 4
4037, 32
4038, 1
4039, 25
4040, 4
4041, 15
4042, 15
4043, 15
4044, 15
4045, 38
4046, 25
4047, 1
4048, 24
4049, 7
4050, 57
4051, 73
4052, 6
4053, 19
4054, 17
4055, 31
4056, 32
4057, 7
4058, 1
4059, 26
4060, 24
4061, 21
4062, 20
4063, 1
4064, 30
4065, 12
4066, 11
4067, 13
4068, 33
4069, 12
4070, 27
4071, 59
4072, 45
4073, 53
4074, 57
4075, 13
4076, 35
4077, 1
4078, 26
4079, 16
4080, 9
4081, 29
4082, 8
4083, 23
4084, 55
4085, 41
4086, 49
4087, 42
4088, 9
4089, 30
4090, 1
4091, 67
4092, 4
4093, 24
4094, 6
4095, 12
4096, 34
4097, 87
4098, 5
4099, 23
4100, 6
4101, 1
4102, 60
4103, 22
4104, 64
4105, 38
4106, 22
4107, 3
4108, 4
4109, 1
4110, 25
4111, 20
4112, 26
4113, 4
4114, 21
4115, 7
4116, 16
4117, 1
4118, 47
4119, 82
4120, 73
4121, 77
4122, 32
4123, 10
4124, 74
4125, 42
4126, 28
4127, 7
4128, 1
4129, 30
4130, 7
4131, 1
4132, 16
4133, 37
4134, 27
4135, 25
4136, 28
4137, 1
4138, 29
4139, 55
4140, 1
4141, 26
4142, 53
4143, 19
4144, 24
4145, 30
4146, 1
4147, 41
4148, 60
4149, 1
4150, 39
4151, 36
4152, 4
4153, 76
4154, 7
4155, 46
4156, 25
4157, 35
4158, 67
4159, 47
4160, 50
4161, 67
4162, 50
4163, 30
4164, 24
4165, 7
4166, 19
4167, 62
4168, 7
4169, 38
4170, 27
4171, 25
4172, 29
4173, 72
4174, 60
4175, 14
4176, 7
4177, 1
4178, 68
4179, 7
4180, 31
4181, 37
4182, 28
4183, 24
4184, 22
4185, 7
4186, 1
4187, 68
4188, 7
4189, 22
4190, 26
4191, 34
4192, 55
4193, 36
4194, 14
4195, 13
4196, 43
4197, 7
4198, 1
4199, 36
4200, 47
4201, 1
4202, 4
4203, 1
4204, 18
4205, 7
4206, 13
4207, 1
4208, 38
4209, 27
4210, 32
4211, 24
4212, 9
4213, 10
4214, 53
4215, 40
4216, 1
4217, 43
4218, 28
4219, 33
4220, 60
4221, 1
4222, 44
4223, 1
4224, 26
4225, 58
4226, 26
4227, 1
4228, 36
4229, 13
4230, 26
4231, 34
4232, 26
4233, 40
4234, 12
4235, 21
4236, 20
4237, 22
4238, 30
4239, 44
4240, 40
4241, 71
4242, 40
4243, 58
4244, 24
4245, 22
4246, 45
4247, 13
4248, 7
4249, 1
4250, 21
4251, 7
4252, 58
4253, 9
4254, 10
4255, 40
4256, 29
4257, 20
4258, 50
4259, 1
4260, 34
4261, 13
4262, 68
4263, 12
4264, 21
4265, 13
4266, 1
4267, 34
4268, 13
4269, 34
4270, 24
4271, 29
4272, 47
4273, 12
4274, 28
4275, 13
4276, 1
4277, 57
4278, 36
4279, 32
4280, 32
4281, 50
4282, 13
4283, 30
4284, 22
4285, 26
4286, 44
4287, 25
4288, 56
4289, 26
4290, 12
4291, 55
4292, 13
4293, 1
4294, 53
4295, 12
4296, 19
4297, 29
4298, 9
4299, 23
4300, 16
4301, 58
4302, 35
4303, 15
4304, 26
4305, 16
4306, 10
4307, 1
4308, 64
4309, 1
4310, 80
4311, 71
4312, 13
4313, 33
4314, 12
4315, 44
4316, 21
4317, 28
4318, 58
4319, 62
4320, 32
4321, 40
4322, 59
4323, 62
4324, 70
4325, 77
4326, 35
4327, 34
4328, 36
4329, 50
4330, 48
4331, 45
4332, 62
4333, 53
4334, 42
4335, 36
4336, 34
4337, 50
4338, 23
4339, 22
4340, 13
4341, 1
4342, 75
4343, 70
4344, 13
4345, 39
4346, 30
4347, 19
4348, 30
4349, 45
4350, 43
4351, 21
4352, 19
4353, 28
4354, 47
4355, 33
4356, 23
4357, 25
4358, 57
4359, 36
4360, 32
4361, 32
4362, 54
4363, 36
4364, 48
4365, 66
4366, 85
4367, 43
4368, 56
4369, 49
4370, 40
4371, 44
4372, 49
4373, 49
4374, 27
4375, 25
4376, 23
4377, 41
4378, 35
4379, 47
4380, 12
4381, 15
4382, 13
4383, 7
4384, 1
4385, 21
4386, 59
4387, 13
4388, 1
4389, 51
4390, 54
4391, 4
4392, 29
4393, 7
4394, 28
4395, 24
4396, 18
4397, 19
4398, 77
4399, 6
4400, 20
4401, 7
4402, 1
4403, 29
4404, 7
4405, 28
4406, 24
4407, 18
4408, 19
4409, 27
4410, 64
4411, 43
4412, 6
4413, 20
4414, 7
4415, 1
4416, 31
4417, 1
4418, 15
4419, 38
4420, 24
4421, 26
4422, 67
4423, 25
4424, 1
4425, 26
4426, 32
4427, 11
4428, 10
4429, 12
4430, 43
4431, 11
4432, 50
4433, 42
4434, 49
4435, 16
4436, 53
4437, 22
4438, 50
4439, 50
4440, 19
4441, 27
4442, 26
4443, 27
4444, 55
4445, 41
4446, 26
4447, 39
4448, 56
4449, 44
4450, 58
4451, 61
4452, 83
4453, 45
4454, 55
4455, 27
4456, 51
4457, 12
4458, 7
4459, 9
4460, 20
4461, 76
4462, 8
4463, 21
4464, 19
4465, 43
4466, 9
4467, 1
4468, 67
4469, 1
4470, 43
4471, 7
4472, 28
4473, 64
4474, 7
4475, 1
4476, 24
4477, 7
4478, 41
4479, 58
4480, 22
4481, 65
4482, 73
4483, 65
4484, 67
4485, 40
4486, 72
4487, 6
4488, 25
4489, 7
4490, 4
4491, 1
4492, 65
