1, 23
2, 0
3, 26
4, 17
5, 25
6, 27
7, 43
8, 0
9, 19
10, 39
11, 1
12, 39
13, 40
14, 0
15, 40
16, 0
17, 23
18, 0
19, 20
20, 19
21, 40
22, 1
23, 38
24, 21
25, 21
26, 15
27, 19
28, 9
29, 26
30, 19
31, 12
32, 22
33, 9
34, 57
35, 55
36, 0
37, 64
38, 0
39, 40
40, 0
41, 41
42, 38
43, 54
44, 32
45, 0
46, 17
47, 24
48, 0
49, 37
50, 0
51, 41
52, 46
53, 38
54, 34
55, 0
56, 21
57, 11
58, 16
59, 24
60, 13
61, 57
62, 0
63, 17
64, 13
65, 12
66, 40
67, 26
68, 0
69, 16
70, 20
71, 36
72, 38
73, 48
74, 13
75, 32
76, 43
77, 42
78, 70
79, 46
80, 16
81, 1
82, 17
83, 27
84, 4
85, 18
86, 27
87, 51
88, 9
89, 27
90, 0
91, 24
92, 26
93, 40
94, 38
95, 0
96, 26
97, 0
98, 22
99, 8
100, 6
101, 55
102, 9
103, 48
104, 7
105, 54
106, 0
107, 28
108, 7
109, 10
110, 17
111, 13
112, 12
113, 12
114, 35
115, 24
116, 8
117, 16
118, 35
119, 30
120, 31
121, 31
122, 21
123, 0
124, 45
125, 7
126, 10
127, 26
128, 32
129, 40
130, 37
131, 15
132, 8
133, 44
134, 8
135, 34
136, 0
137, 32
138, 28
139, 83
140, 37
141, 36
142, 39
143, 37
144, 41
145, 23
146, 23
147, 27
148, 41
149, 38
150, 32
151, 0
152, 17
153, 23
154, 13
155, 0
156, 22
157, 8
158, 6
159, 54
160, 9
161, 48
162, 7
163, 54
164, 0
165, 34
166, 28
167, 45
168, 0
169, 28
170, 7
171, 10
172, 17
173, 13
174, 12
175, 12
176, 35
177, 24
178, 8
179, 16
180, 52
181, 41
182, 20
183, 20
184, 21
185, 0
186, 45
187, 7
188, 10
189, 25
190, 16
191, 40
192, 52
193, 23
194, 30
195, 8
196, 44
197, 32
198, 10
199, 33
200, 1
201, 5
202, 3
203, 8
204, 46
205, 0
206, 17
207, 29
208, 13
209, 31
210, 0
211, 14
212, 20
213, 13
214, 13
215, 15
216, 14
217, 14
218, 13
219, 15
220, 15
221, 16
222, 0
223, 20
224, 32
225, 28
226, 20
227, 9
228, 19
229, 19
230, 37
231, 9
232, 36
233, 26
234, 18
235, 17
236, 15
237, 10
238, 35
239, 12
240, 0
241, 55
242, 25
243, 61
244, 10
245, 0
246, 0
247, 23
248, 0
249, 21
250, 18
251, 36
252, 13
253, 0
254, 16
255, 15
256, 59
257, 46
258, 35
259, 39
260, 10
261, 25
262, 6
263, 20
264, 30
265, 34
266, 6
267, 29
268, 15
269, 25
270, 0
271, 16
272, 54
273, 46
274, 35
275, 17
276, 11
277, 6
278, 18
279, 35
280, 6
281, 24
282, 14
283, 10
284, 27
285, 0
286, 19
287, 7
288, 30
289, 1
290, 39
291, 9
292, 0
293, 40
294, 23
295, 0
296, 23
297, 13
298, 13
299, 0
300, 43
301, 43
302, 41
303, 0
304, 20
305, 14
306, 27
307, 12
308, 0
309, 18
310, 14
311, 47
312, 12
313, 0
314, 18
315, 14
316, 47
317, 12
318, 0
319, 18
320, 22
321, 21
322, 23
323, 0
324, 19
325, 82
326, 19
327, 9
328, 14
329, 45
330, 0
331, 40
332, 40
333, 38
334, 3
335, 32
336, 49
337, 57
338, 37
339, 0
340, 17
341, 24
342, 0
343, 20
344, 23
345, 33
346, 21
347, 24
348, 20
349, 9
350, 6
351, 18
352, 25
353, 19
354, 10
355, 23
356, 31
357, 48
358, 18
359, 11
360, 6
361, 32
362, 23
363, 44
364, 24
365, 49
366, 5
367, 28
368, 17
369, 43
370, 0
371, 28
372, 23
373, 17
374, 28
375, 1
376, 6
377, 55
378, 19
379, 0
380, 37
381, 16
382, 13
383, 13
384, 20
385, 27
386, 0
387, 28
388, 27
389, 34
390, 21
391, 0
392, 24
393, 32
394, 1
395, 31
396, 39
397, 37
398, 2
399, 20
400, 2
401, 46
402, 31
403, 0
404, 22
405, 0
406, 13
407, 13
408, 45
409, 45
410, 45
411, 45
412, 45
413, 45
414, 40
415, 0
416, 13
417, 5
418, 69
419, 69
420, 71
421, 0
422, 20
423, 5
424, 49
425, 51
426, 0
427, 16
428, 0
429, 23
430, 0
431, 34
432, 0
433, 26
434, 52
435, 13
436, 42
437, 23
438, 0
439, 34
440, 0
441, 47
442, 23
443, 4
444, 11
445, 40
446, 42
447, 18
448, 0
449, 16
450, 0
451, 37
452, 24
453, 0
454, 16
455, 0
456, 40
457, 33
458, 49
459, 0
460, 44
461, 28
462, 12
463, 44
464, 0
465, 16
466, 0
467, 54
468, 38
469, 28
470, 58
471, 26
472, 16
473, 30
474, 25
475, 12
476, 6
477, 13
478, 29
479, 32
480, 39
481, 34
482, 0
483, 16
484, 0
485, 62
486, 34
487, 58
488, 20
489, 16
490, 30
491, 19
492, 16
493, 49
494, 19
495, 13
496, 31
497, 0
498, 34
499, 0
500, 19
501, 47
502, 0
503, 65
504, 0
505, 49
506, 42
507, 0
508, 54
509, 52
510, 0
511, 34
512, 0
513, 40
514, 0
515, 41
516, 38
517, 3
518, 53
519, 32
520, 0
521, 17
522, 24
523, 0
524, 13
525, 13
526, 45
527, 45
528, 45
529, 45
530, 45
531, 45
532, 40
533, 0
534, 13
535, 5
536, 69
537, 69
538, 71
539, 0
540, 20
541, 5
542, 49
543, 51
544, 0
545, 16
546, 0
547, 23
548, 0
549, 34
550, 0
551, 26
552, 52
553, 13
554, 42
555, 23
556, 0
557, 34
558, 0
559, 47
560, 23
561, 31
562, 40
563, 44
564, 0
565, 16
566, 0
567, 37
568, 24
569, 0
570, 16
571, 0
572, 40
573, 33
574, 53
575, 28
576, 12
577, 39
578, 0
579, 16
580, 0
581, 54
582, 38
583, 28
584, 58
585, 26
586, 16
587, 30
588, 25
589, 12
590, 6
591, 13
592, 29
593, 32
594, 39
595, 34
596, 0
597, 16
598, 0
599, 62
600, 34
601, 58
602, 20
603, 16
604, 41
605, 50
606, 13
607, 30
608, 0
609, 34
610, 0
611, 55
612, 0
613, 65
614, 0
615, 49
616, 42
617, 0
618, 54
619, 50
620, 23
621, 67
622, 0
623, 21
624, 15
625, 17
626, 40
627, 0
628, 19
629, 39
630, 1
631, 39
632, 17
633, 11
634, 0
635, 40
636, 22
637, 65
638, 39
639, 37
640, 2
641, 47
642, 31
643, 30
644, 0
645, 25
646, 18
647, 28
648, 27
649, 18
650, 0
651, 32
652, 26
653, 27
654, 44
655, 41
656, 19
657, 25
658, 16
659, 48
660, 6
661, 0
662, 19
663, 30
664, 6
665, 35
666, 10
667, 47
668, 11
669, 6
670, 45
671, 49
672, 12
673, 0
674, 39
675, 23
676, 0
677, 21
678, 19
679, 47
680, 31
681, 9
682, 23
683, 17
684, 15
685, 46
686, 17
687, 17
688, 17
689, 52
690, 25
691, 17
692, 23
693, 0
694, 40
695, 23
696, 0
697, 22
698, 19
699, 47
700, 32
701, 32
702, 21
703, 17
704, 19
705, 67
706, 17
707, 17
708, 15
709, 46
710, 16
711, 5
712, 3
713, 44
714, 17
715, 23
716, 30
717, 33
718, 30
719, 36
720, 0
721, 40
722, 23
723, 16
724, 0
725, 65
726, 26
727, 2
728, 63
729, 0
730, 25
731, 67
732, 0
733, 20
734, 20
735, 20
736, 0
737, 16
738, 24
739, 42
740, 20
741, 0
742, 23
743, 12
744, 24
745, 5
746, 5
747, 10
748, 14
749, 14
750, 9
751, 14
752, 16
753, 29
754, 5
755, 29
756, 37
757, 18
758, 16
759, 22
760, 15
761, 10
762, 16
763, 14
764, 10
765, 67
766, 18
767, 32
768, 36
769, 10
770, 17
771, 5
772, 20
773, 26
774, 0
775, 59
776, 26
777, 27
778, 44
779, 41
780, 19
781, 25
782, 16
783, 48
784, 6
785, 0
786, 19
787, 83
788, 3
789, 14
790, 27
791, 19
792, 12
793, 37
794, 16
795, 14
796, 34
797, 0
798, 40
799, 25
800, 24
801, 64
802, 38
803, 3
804, 57
805, 23
806, 25
807, 41
808, 38
809, 32
810, 0
811, 17
812, 25
813, 35
814, 39
815, 0
816, 28
817, 24
818, 17
819, 45
820, 0
821, 28
822, 31
823, 24
824, 43
825, 36
826, 33
827, 41
828, 40
829, 17
830, 17
831, 7
832, 0
833, 27
834, 44
835, 53
836, 9
837, 11
838, 17
839, 7
840, 52
841, 52
842, 0
843, 34
844, 41
845, 29
846, 0
847, 11
848, 6
849, 23
850, 57
851, 31
852, 37
853, 12
854, 57
855, 8
856, 29
857, 40
858, 0
859, 23
860, 32
861, 9
862, 0
863, 23
864, 32
865, 9
866, 0
867, 22
868, 23
869, 52
870, 22
871, 61
872, 0
873, 1
874, 0
875, 0
876, 0
877, 23
878, 0
879, 22
880, 19
881, 0
882, 29
883, 18
884, 3
885, 42
886, 0
887, 41
888, 29
889, 37
890, 32
891, 35
892, 28
893, 26
894, 24
895, 30
896, 26
897, 21
898, 28
899, 0
900, 20
901, 29
902, 20
903, 9
904, 43
905, 54
906, 23
907, 33
908, 27
909, 31
910, 0
911, 19
912, 18
913, 50
914, 1
915, 39
916, 19
917, 26
918, 22
919, 24
920, 0
921, 40
922, 0
923, 40
924, 37
925, 2
926, 75
927, 31
928, 2
929, 38
930, 0
931, 17
932, 23
933, 39
934, 12
935, 53
936, 19
937, 0
938, 24
939, 0
940, 24
941, 0
942, 34
943, 0
944, 29
945, 59
946, 35
947, 24
948, 1
949, 5
950, 51
951, 21
952, 38
953, 37
954, 0
955, 34
956, 0
957, 16
958, 34
959, 0
960, 31
961, 0
962, 19
963, 0
964, 15
965, 0
966, 59
967, 0
968, 42
969, 0
970, 13
971, 29
972, 34
973, 24
974, 0
975, 5
976, 15
977, 24
978, 23
979, 0
980, 42
981, 0
982, 6
983, 24
984, 37
985, 26
986, 5
987, 0
988, 25
989, 0
990, 34
991, 0
992, 24
993, 26
994, 41
995, 38
996, 2
997, 65
998, 31
999, 0
1000, 51
1001, 33
1002, 44
1003, 41
1004, 36
1005, 38
1006, 8
1007, 24
1008, 29
1009, 44
1010, 0
1011, 17
1012, 24
1013, 0
1014, 24
1015, 0
1016, 24
1017, 0
1018, 34
1019, 0
1020, 40
1021, 35
1022, 35
1023, 20
1024, 1
1025, 21
1026, 16
1027, 5
1028, 31
1029, 20
1030, 18
1031, 32
1032, 0
1033, 34
1034, 0
1035, 16
1036, 34
1037, 0
1038, 31
1039, 0
1040, 19
1041, 0
1042, 13
1043, 0
1044, 35
1045, 0
1046, 42
1047, 0
1048, 11
1049, 28
1050, 40
1051, 37
1052, 0
1053, 5
1054, 13
1055, 24
1056, 22
1057, 0
1058, 41
1059, 0
1060, 6
1061, 24
1062, 37
1063, 26
1064, 5
1065, 0
1066, 25
1067, 0
1068, 34
1069, 0
1070, 24
1071, 26
1072, 23
1073, 13
1074, 0
1075, 23
1076, 16
1077, 0
1078, 23
1079, 0
1080, 28
1081, 31
1082, 10
1083, 18
1084, 12
1085, 33
1086, 18
1087, 12
1088, 25
1089, 25
1090, 24
1091, 4
1092, 0
1093, 21
1094, 30
1095, 21
1096, 0
1097, 21
1098, 19
1099, 0
1100, 31
1101, 32
1102, 18
1103, 12
1104, 29
1105, 27
1106, 18
1107, 12
1108, 14
1109, 18
1110, 12
1111, 38
1112, 36
1113, 25
1114, 24
1115, 4
1116, 0
1117, 24
1118, 18
1119, 20
1120, 29
1121, 18
1122, 20
1123, 28
1124, 22
1125, 15
1126, 12
1127, 0
1128, 64
1129, 0
1130, 19
1131, 72
1132, 9
1133, 4
1134, 12
1135, 25
1136, 26
1137, 20
1138, 17
1139, 33
1140, 20
1141, 28
1142, 22
1143, 22
1144, 23
1145, 55
1146, 44
1147, 0
1148, 40
1149, 0
1150, 24
1151, 0
1152, 31
1153, 13
1154, 10
1155, 26
1156, 18
1157, 12
1158, 48
1159, 9
1160, 25
1161, 0
1162, 24
1163, 50
1164, 32
1165, 33
1166, 26
1167, 13
1168, 21
1169, 6
1170, 24
1171, 14
1172, 37
1173, 40
1174, 37
1175, 2
1176, 77
1177, 31
1178, 0
1179, 17
1180, 24
1181, 0
1182, 16
1183, 18
1184, 0
1185, 20
1186, 9
1187, 9
1188, 10
1189, 9
1190, 9
1191, 10
1192, 11
1193, 0
1194, 18
1195, 9
1196, 8
1197, 10
1198, 10
1199, 8
1200, 10
1201, 12
1202, 0
1203, 12
1204, 20
1205, 5
1206, 44
1207, 44
1208, 67
1209, 74
1210, 67
1211, 77
1212, 0
1213, 18
1214, 33
1215, 0
1216, 20
1217, 17
1218, 15
1219, 12
1220, 18
1221, 0
1222, 26
1223, 53
1224, 23
1225, 45
1226, 0
1227, 26
1228, 21
1229, 33
1230, 20
1231, 12
1232, 8
1233, 0
1234, 30
1235, 18
1236, 18
1237, 15
1238, 16
1239, 36
1240, 12
1241, 21
1242, 0
1243, 30
1244, 16
1245, 30
1246, 22
1247, 35
1248, 24
1249, 37
1250, 24
1251, 7
1252, 7
1253, 0
1254, 26
1255, 32
1256, 19
1257, 2
1258, 36
1259, 28
1260, 2
1261, 43
1262, 30
1263, 32
1264, 33
1265, 2
1266, 28
1267, 0
1268, 31
1269, 52
1270, 46
1271, 17
1272, 4
1273, 55
1274, 16
1275, 51
1276, 8
1277, 0
1278, 34
1279, 13
1280, 27
1281, 38
1282, 29
1283, 27
1284, 39
1285, 50
1286, 1
1287, 7
1288, 26
1289, 22
1290, 35
1291, 8
1292, 36
1293, 21
1294, 20
1295, 69
1296, 22
1297, 37
1298, 7
1299, 0
1300, 27
1301, 26
1302, 12
1303, 11
1304, 11
1305, 15
1306, 10
1307, 12
1308, 12
1309, 12
1310, 14
1311, 14
1312, 13
1313, 43
1314, 13
1315, 29
1316, 10
1317, 30
1318, 22
1319, 54
1320, 56
1321, 39
1322, 17
1323, 13
1324, 53
1325, 52
1326, 65
1327, 42
1328, 68
1329, 36
1330, 23
1331, 20
1332, 33
1333, 15
1334, 0
1335, 42
1336, 0
1337, 33
1338, 16
1339, 23
1340, 0
1341, 32
1342, 28
1343, 23
1344, 35
1345, 5
1346, 26
1347, 9
1348, 17
1349, 26
1350, 25
1351, 32
1352, 5
1353, 8
1354, 28
1355, 38
1356, 32
1357, 31
1358, 9
1359, 38
1360, 30
1361, 50
1362, 35
1363, 0
1364, 24
1365, 13
1366, 45
1367, 31
1368, 48
1369, 10
1370, 22
1371, 20
1372, 9
1373, 45
1374, 5
1375, 9
1376, 36
1377, 10
1378, 28
1379, 21
1380, 33
1381, 34
1382, 32
1383, 9
1384, 35
1385, 36
1386, 27
1387, 0
1388, 33
1389, 28
1390, 27
1391, 49
1392, 14
1393, 14
1394, 15
1395, 15
1396, 10
1397, 0
1398, 18
1399, 14
1400, 40
1401, 0
1402, 53
1403, 44
1404, 52
1405, 32
1406, 64
1407, 40
1408, 37
1409, 2
1410, 29
1411, 33
1412, 24
1413, 33
1414, 30
1415, 0
1416, 17
1417, 36
1418, 0
1419, 16
1420, 18
1421, 30
1422, 0
1423, 23
1424, 17
1425, 15
1426, 12
1427, 18
1428, 0
1429, 19
1430, 29
1431, 26
1432, 67
1433, 18
1434, 44
1435, 3
1436, 0
1437, 9
1438, 43
1439, 9
1440, 43
1441, 10
1442, 65
1443, 10
1444, 72
1445, 10
1446, 65
1447, 10
1448, 72
1449, 0
1450, 45
1451, 20
1452, 30
1453, 0
1454, 61
1455, 38
1456, 47
1457, 0
1458, 38
1459, 0
1460, 18
1461, 13
1462, 0
1463, 26
1464, 35
1465, 23
1466, 45
1467, 0
1468, 26
1469, 43
1470, 42
1471, 0
1472, 30
1473, 31
1474, 26
1475, 0
1476, 28
1477, 60
1478, 31
1479, 37
1480, 20
1481, 9
1482, 0
1483, 26
1484, 32
1485, 21
1486, 37
1487, 28
1488, 2
1489, 32
1490, 26
1491, 30
1492, 35
1493, 28
1494, 0
1495, 29
1496, 36
1497, 43
1498, 17
1499, 4
1500, 37
1501, 55
1502, 0
1503, 34
1504, 13
1505, 27
1506, 38
1507, 29
1508, 27
1509, 39
1510, 60
1511, 26
1512, 22
1513, 35
1514, 8
1515, 8
1516, 25
1517, 25
1518, 22
1519, 35
1520, 63
1521, 0
1522, 32
1523, 24
1524, 18
1525, 18
1526, 18
1527, 21
1528, 17
1529, 17
1530, 18
1531, 18
1532, 20
1533, 27
1534, 20
1535, 13
1536, 31
1537, 54
1538, 48
1539, 22
1540, 54
1541, 22
1542, 27
1543, 17
1544, 13
1545, 43
1546, 52
1547, 65
1548, 41
1549, 52
1550, 36
1551, 23
1552, 20
1553, 33
1554, 15
1555, 0
1556, 42
1557, 0
1558, 33
1559, 16
1560, 60
1561, 0
1562, 32
1563, 52
1564, 35
1565, 32
1566, 9
1567, 17
1568, 26
1569, 25
1570, 32
1571, 5
1572, 8
1573, 28
1574, 39
1575, 58
1576, 8
1577, 40
1578, 30
1579, 50
1580, 32
1581, 0
1582, 24
1583, 23
1584, 29
1585, 30
1586, 31
1587, 36
1588, 31
1589, 36
1590, 33
1591, 22
1592, 33
1593, 31
1594, 48
1595, 34
1596, 23
1597, 10
1598, 28
1599, 21
1600, 32
1601, 33
1602, 32
1603, 27
1604, 8
1605, 9
1606, 26
1607, 0
1608, 33
1609, 48
1610, 28
1611, 29
1612, 27
1613, 55
1614, 14
1615, 11
1616, 0
1617, 18
1618, 14
1619, 28
1620, 0
1621, 24
1622, 29
1623, 10
1624, 45
1625, 33
1626, 35
1627, 23
1628, 14
1629, 0
1630, 24
1631, 37
1632, 0
1633, 26
1634, 27
1635, 45
1636, 17
1637, 25
1638, 16
1639, 60
1640, 25
1641, 12
1642, 0
1643, 16
1644, 53
1645, 34
1646, 5
1647, 34
1648, 22
1649, 43
1650, 27
1651, 22
1652, 23
1653, 24
1654, 14
1655, 10
1656, 14
1657, 12
1658, 16
1659, 26
1660, 22
1661, 6
1662, 36
1663, 62
1664, 49
1665, 41
1666, 47
1667, 20
1668, 0
1669, 65
1670, 36
1671, 41
1672, 0
1673, 23
1674, 54
1675, 54
1676, 7
1677, 0
1678, 52
1679, 0
1680, 27
1681, 24
1682, 48
1683, 36
1684, 5
1685, 45
1686, 0
1687, 0
1688, 66
1689, 9
1690, 0
1691, 17
1692, 50
1693, 48
1694, 48
1695, 59
1696, 59
1697, 48
1698, 48
1699, 55
1700, 0
1701, 40
1702, 37
1703, 2
1704, 60
1705, 37
1706, 27
1707, 0
1708, 2
1709, 26
1710, 0
1711, 12
1712, 12
1713, 2
1714, 0
1715, 17
1716, 24
1717, 0
1718, 33
1719, 56
1720, 0
1721, 31
1722, 31
1723, 0
1724, 37
1725, 0
1726, 18
1727, 0
1728, 25
1729, 46
1730, 43
1731, 43
1732, 31
1733, 31
1734, 31
1735, 33
1736, 33
1737, 33
1738, 37
1739, 0
1740, 13
1741, 49
1742, 0
1743, 17
1744, 30
1745, 20
1746, 23
1747, 42
1748, 42
1749, 43
1750, 41
1751, 0
1752, 16
1753, 30
1754, 19
1755, 23
1756, 43
1757, 42
1758, 42
1759, 41
1760, 0
1761, 16
1762, 32
1763, 22
1764, 23
1765, 43
1766, 43
1767, 44
1768, 43
1769, 0
1770, 17
1771, 34
1772, 24
1773, 23
1774, 43
1775, 43
1776, 44
1777, 42
1778, 0
1779, 68
1780, 0
1781, 34
1782, 25
1783, 53
1784, 13
1785, 6
1786, 53
1787, 53
1788, 54
1789, 19
1790, 15
1791, 38
1792, 38
1793, 43
1794, 0
1795, 34
1796, 16
1797, 34
1798, 13
1799, 1
1800, 19
1801, 33
1802, 35
1803, 30
1804, 34
1805, 31
1806, 13
1807, 18
1808, 21
1809, 34
1810, 34
1811, 34
1812, 51
1813, 56
1814, 25
1815, 0
1816, 34
1817, 17
1818, 26
1819, 15
1820, 20
1821, 17
1822, 17
1823, 17
1824, 21
1825, 25
1826, 17
1827, 17
1828, 18
1829, 13
1830, 22
1831, 27
1832, 27
1833, 27
1834, 45
1835, 39
1836, 18
1837, 18
1838, 18
1839, 23
1840, 47
1841, 47
1842, 47
1843, 15
1844, 19
1845, 19
1846, 21
1847, 27
1848, 20
1849, 20
1850, 36
1851, 36
1852, 40
1853, 19
1854, 0
1855, 34
1856, 0
1857, 55
1858, 17
1859, 49
1860, 34
1861, 50
1862, 0
1863, 40
1864, 37
1865, 2
1866, 70
1867, 72
1868, 49
1869, 2
1870, 60
1871, 37
1872, 38
1873, 2
1874, 26
1875, 0
1876, 12
1877, 12
1878, 2
1879, 0
1880, 17
1881, 38
1882, 32
1883, 24
1884, 12
1885, 14
1886, 15
1887, 26
1888, 19
1889, 0
1890, 33
1891, 56
1892, 0
1893, 68
1894, 31
1895, 0
1896, 37
1897, 0
1898, 18
1899, 0
1900, 27
1901, 46
1902, 57
1903, 57
1904, 31
1905, 31
1906, 31
1907, 33
1908, 33
1909, 33
1910, 37
1911, 0
1912, 13
1913, 49
1914, 0
1915, 17
1916, 30
1917, 20
1918, 23
1919, 44
1920, 44
1921, 45
1922, 43
1923, 0
1924, 16
1925, 30
1926, 19
1927, 23
1928, 45
1929, 44
1930, 44
1931, 43
1932, 0
1933, 16
1934, 32
1935, 22
1936, 23
1937, 45
1938, 45
1939, 46
1940, 45
1941, 0
1942, 17
1943, 34
1944, 24
1945, 23
1946, 45
1947, 45
1948, 46
1949, 44
1950, 0
1951, 70
1952, 24
1953, 34
1954, 25
1955, 46
1956, 32
1957, 6
1958, 77
1959, 77
1960, 78
1961, 42
1962, 24
1963, 42
1964, 42
1965, 47
1966, 0
1967, 34
1968, 16
1969, 27
1970, 32
1971, 1
1972, 42
1973, 39
1974, 41
1975, 32
1976, 36
1977, 40
1978, 32
1979, 27
1980, 44
1981, 36
1982, 36
1983, 36
1984, 63
1985, 62
1986, 34
1987, 0
1988, 34
1989, 17
1990, 19
1991, 36
1992, 43
1993, 34
1994, 17
1995, 17
1996, 18
1997, 32
1998, 45
1999, 37
2000, 37
2001, 37
2002, 55
2003, 45
2004, 20
2005, 20
2006, 20
2007, 19
2008, 20
2009, 51
2010, 51
2011, 51
2012, 24
2013, 23
2014, 23
2015, 25
2016, 27
2017, 20
2018, 20
2019, 48
2020, 48
2021, 52
2022, 28
2023, 0
2024, 34
2025, 0
2026, 55
2027, 17
2028, 49
2029, 34
2030, 50
2031, 23
2032, 0
2033, 27
2034, 29
2035, 0
2036, 27
2037, 11
2038, 34
2039, 21
2040, 17
2041, 6
2042, 0
2043, 0
2044, 19
2045, 47
2046, 6
2047, 25
2048, 19
2049, 0
2050, 40
2051, 22
2052, 64
2053, 39
2054, 37
2055, 2
2056, 54
2057, 32
2058, 41
2059, 23
2060, 61
2061, 0
2062, 18
2063, 29
2064, 23
2065, 11
2066, 6
2067, 20
2068, 6
2069, 24
2070, 11
2071, 6
2072, 20
2073, 18
2074, 23
2075, 18
2076, 5
2077, 0
2078, 16
2079, 31
2080, 19
2081, 30
2082, 33
2083, 40
2084, 0
2085, 19
2086, 30
2087, 6
2088, 48
2089, 47
2090, 11
2091, 6
2092, 47
2093, 6
2094, 22
2095, 28
2096, 28
2097, 6
2098, 0
2099, 40
2100, 41
2101, 38
2102, 2
2103, 33
2104, 28
2105, 28
2106, 0
2107, 17
2108, 24
2109, 0
2110, 18
2111, 29
2112, 23
2113, 11
2114, 20
2115, 6
2116, 24
2117, 13
2118, 20
2119, 17
2120, 23
2121, 17
2122, 5
2123, 0
2124, 26
2125, 62
2126, 3
2127, 0
2128, 16
2129, 31
2130, 19
2131, 30
2132, 33
2133, 40
2134, 0
2135, 16
2136, 24
2137, 30
2138, 31
2139, 0
2140, 51
2141, 23
2142, 40
2143, 38
2144, 2
2145, 75
2146, 68
2147, 32
2148, 0
2149, 27
2150, 0
2151, 30
2152, 36
2153, 34
2154, 31
2155, 19
2156, 59
2157, 5
2158, 0
2159, 30
2160, 36
2161, 26
2162, 32
2163, 45
2164, 30
2165, 0
2166, 33
2167, 36
2168, 26
2169, 32
2170, 32
2171, 15
2172, 4
2173, 5
2174, 22
2175, 41
2176, 0
2177, 22
2178, 30
2179, 17
2180, 25
2181, 10
2182, 28
2183, 12
2184, 20
2185, 12
2186, 26
2187, 9
2188, 27
2189, 0
2190, 24
2191, 60
2192, 3
2193, 0
2194, 16
2195, 43
2196, 30
2197, 33
2198, 49
2199, 0
2200, 19
2201, 47
2202, 24
2203, 30
2204, 32
2205, 0
2206, 40
2207, 41
2208, 38
2209, 2
2210, 75
2211, 68
2212, 28
2213, 0
2214, 17
2215, 24
2216, 0
2217, 30
2218, 36
2219, 34
2220, 31
2221, 19
2222, 59
2223, 5
2224, 0
2225, 30
2226, 36
2227, 26
2228, 32
2229, 45
2230, 30
2231, 0
2232, 33
2233, 36
2234, 26
2235, 32
2236, 32
2237, 15
2238, 4
2239, 5
2240, 22
2241, 41
2242, 0
2243, 22
2244, 30
2245, 17
2246, 25
2247, 10
2248, 26
2249, 12
2250, 20
2251, 12
2252, 26
2253, 9
2254, 22
2255, 0
2256, 26
2257, 62
2258, 3
2259, 0
2260, 16
2261, 31
2262, 23
2263, 30
2264, 33
2265, 40
2266, 0
2267, 16
2268, 24
2269, 30
2270, 31
2271, 0
2272, 51
2273, 40
2274, 37
2275, 2
2276, 74
2277, 2
2278, 46
2279, 31
2280, 0
2281, 57
2282, 60
2283, 0
2284, 28
2285, 0
2286, 0
2287, 59
2288, 26
2289, 27
2290, 44
2291, 41
2292, 19
2293, 25
2294, 16
2295, 48
2296, 6
2297, 0
2298, 24
2299, 15
2300, 50
2301, 0
2302, 35
2303, 63
2304, 0
2305, 18
2306, 35
2307, 63
2308, 21
2309, 20
2310, 15
2311, 29
2312, 0
2313, 34
2314, 33
2315, 35
2316, 38
2317, 40
2318, 35
2319, 39
2320, 47
2321, 35
2322, 0
2323, 18
2324, 12
2325, 13
2326, 12
2327, 12
2328, 0
2329, 36
2330, 26
2331, 31
2332, 34
2333, 34
2334, 19
2335, 20
2336, 21
2337, 33
2338, 14
2339, 0
2340, 7
2341, 15
2342, 32
2343, 40
2344, 37
2345, 2
2346, 74
2347, 52
2348, 31
2349, 0
2350, 0
2351, 17
2352, 24
2353, 0
2354, 24
2355, 15
2356, 31
2357, 0
2358, 18
2359, 35
2360, 63
2361, 11
2362, 20
2363, 15
2364, 42
2365, 0
2366, 34
2367, 33
2368, 35
2369, 38
2370, 40
2371, 35
2372, 39
2373, 47
2374, 35
2375, 0
2376, 18
2377, 12
2378, 13
2379, 12
2380, 12
2381, 0
2382, 36
2383, 26
2384, 31
2385, 34
2386, 34
2387, 19
2388, 20
2389, 21
2390, 33
2391, 14
2392, 0
2393, 7
2394, 15
2395, 31
2396, 33
2397, 37
2398, 46
2399, 30
2400, 28
2401, 0
2402, 17
2403, 24
2404, 0
2405, 28
2406, 39
2407, 0
2408, 35
2409, 29
2410, 21
2411, 21
2412, 23
2413, 0
2414, 44
2415, 53
2416, 58
2417, 78
2418, 0
2419, 37
2420, 11
2421, 25
2422, 21
2423, 42
2424, 14
2425, 23
2426, 26
2427, 33
2428, 6
2429, 15
2430, 44
2431, 40
2432, 37
2433, 19
2434, 32
2435, 14
2436, 0
2437, 18
2438, 26
2439, 0
2440, 53
2441, 33
2442, 37
2443, 45
2444, 47
2445, 0
2446, 17
2447, 24
2448, 34
2449, 34
2450, 0
2451, 56
2452, 34
2453, 40
2454, 74
2455, 65
2456, 49
2457, 44
2458, 41
2459, 66
2460, 66
2461, 66
2462, 66
2463, 66
2464, 66
2465, 66
2466, 65
2467, 70
2468, 63
2469, 24
2470, 19
2471, 70
2472, 16
2473, 22
2474, 57
2475, 18
2476, 37
2477, 37
2478, 34
2479, 52
2480, 47
2481, 47
2482, 24
2483, 44
2484, 28
2485, 55
2486, 61
2487, 61
2488, 31
2489, 32
2490, 32
2491, 29
2492, 19
2493, 75
2494, 0
2495, 18
2496, 0
2497, 18
2498, 12
2499, 24
2500, 24
2501, 24
2502, 24
2503, 0
2504, 25
2505, 57
2506, 0
2507, 17
2508, 0
2509, 36
2510, 40
2511, 73
2512, 10
2513, 33
2514, 59
2515, 10
2516, 0
2517, 19
2518, 16
2519, 28
2520, 33
2521, 16
2522, 18
2523, 17
2524, 24
2525, 37
2526, 11
2527, 13
2528, 17
2529, 19
2530, 30
2531, 11
2532, 0
2533, 53
2534, 38
2535, 47
2536, 3
2537, 54
2538, 0
2539, 23
2540, 14
2541, 0
2542, 18
2543, 18
2544, 18
2545, 0
2546, 18
2547, 16
2548, 13
2549, 42
2550, 22
2551, 0
2552, 59
2553, 26
2554, 27
2555, 44
2556, 41
2557, 19
2558, 25
2559, 16
2560, 48
2561, 6
2562, 0
2563, 19
2564, 39
2565, 1
2566, 39
2567, 20
2568, 14
2569, 6
2570, 18
2571, 20
2572, 14
2573, 33
2574, 0
2575, 40
2576, 40
2577, 37
2578, 2
2579, 70
2580, 2
2581, 46
2582, 31
2583, 0
2584, 26
2585, 0
2586, 34
2587, 0
2588, 17
2589, 25
2590, 27
2591, 38
2592, 0
2593, 17
2594, 0
2595, 15
2596, 17
2597, 40
2598, 0
2599, 18
2600, 21
2601, 50
2602, 0
2603, 17
2604, 0
2605, 19
2606, 23
2607, 68
2608, 0
2609, 22
2610, 23
2611, 86
2612, 0
2613, 34
2614, 0
2615, 59
2616, 26
2617, 27
2618, 44
2619, 41
2620, 19
2621, 25
2622, 16
2623, 48
2624, 6
2625, 0
2626, 19
2627, 47
2628, 0
2629, 38
2630, 79
2631, 0
2632, 16
2633, 72
2634, 0
2635, 31
2636, 68
2637, 0
2638, 34
2639, 0
2640, 40
2641, 40
2642, 37
2643, 2
2644, 56
2645, 28
2646, 0
2647, 17
2648, 24
2649, 0
2650, 34
2651, 0
2652, 17
2653, 25
2654, 27
2655, 38
2656, 0
2657, 17
2658, 0
2659, 15
2660, 17
2661, 40
2662, 0
2663, 18
2664, 21
2665, 50
2666, 0
2667, 17
2668, 0
2669, 19
2670, 23
2671, 68
2672, 0
2673, 22
2674, 23
2675, 86
2676, 0
2677, 34
2678, 0
2679, 16
2680, 0
2681, 38
2682, 23
2683, 35
2684, 45
2685, 0
2686, 16
2687, 72
2688, 0
2689, 31
2690, 80
2691, 0
2692, 34
2693, 0
2694, 51
2695, 72
2696, 39
2697, 37
2698, 2
2699, 71
2700, 71
2701, 69
2702, 76
2703, 2
2704, 31
2705, 72
2706, 0
2707, 25
2708, 0
2709, 25
2710, 0
2711, 34
2712, 0
2713, 16
2714, 80
2715, 86
2716, 88
2717, 0
2718, 0
2719, 12
2720, 55
2721, 51
2722, 49
2723, 33
2724, 0
2725, 34
2726, 0
2727, 26
2728, 29
2729, 22
2730, 57
2731, 5
2732, 35
2733, 4
2734, 53
2735, 4
2736, 24
2737, 45
2738, 22
2739, 36
2740, 22
2741, 22
2742, 14
2743, 43
2744, 44
2745, 0
2746, 34
2747, 0
2748, 39
2749, 49
2750, 5
2751, 40
2752, 6
2753, 0
2754, 17
2755, 0
2756, 32
2757, 32
2758, 19
2759, 46
2760, 5
2761, 6
2762, 34
2763, 21
2764, 16
2765, 28
2766, 24
2767, 0
2768, 34
2769, 0
2770, 22
2771, 30
2772, 34
2773, 22
2774, 0
2775, 34
2776, 0
2777, 38
2778, 28
2779, 52
2780, 0
2781, 24
2782, 9
2783, 11
2784, 67
2785, 9
2786, 0
2787, 58
2788, 15
2789, 30
2790, 12
2791, 16
2792, 8
2793, 67
2794, 15
2795, 19
2796, 24
2797, 19
2798, 23
2799, 27
2800, 40
2801, 37
2802, 2
2803, 31
2804, 28
2805, 0
2806, 17
2807, 21
2808, 0
2809, 34
2810, 0
2811, 16
2812, 80
2813, 86
2814, 88
2815, 0
2816, 0
2817, 12
2818, 55
2819, 51
2820, 49
2821, 33
2822, 0
2823, 34
2824, 0
2825, 26
2826, 44
2827, 0
2828, 34
2829, 0
2830, 39
2831, 49
2832, 5
2833, 40
2834, 6
2835, 0
2836, 17
2837, 0
2838, 32
2839, 32
2840, 19
2841, 46
2842, 5
2843, 6
2844, 34
2845, 21
2846, 16
2847, 28
2848, 24
2849, 0
2850, 34
2851, 0
2852, 22
2853, 30
2854, 34
2855, 22
2856, 0
2857, 34
2858, 0
2859, 38
2860, 28
2861, 52
2862, 0
2863, 24
2864, 9
2865, 11
2866, 67
2867, 9
2868, 0
2869, 58
2870, 15
2871, 30
2872, 12
2873, 16
2874, 8
2875, 67
2876, 15
2877, 19
2878, 24
2879, 19
2880, 23
2881, 26
2882, 23
2883, 69
2884, 38
2885, 3
2886, 39
2887, 32
2888, 0
2889, 70
2890, 0
2891, 59
2892, 36
2893, 0
2894, 27
2895, 10
2896, 14
2897, 72
2898, 52
2899, 71
2900, 41
2901, 56
2902, 55
2903, 73
2904, 63
2905, 72
2906, 56
2907, 72
2908, 2
2909, 0
2910, 0
2911, 19
2912, 39
2913, 3
2914, 21
2915, 16
2916, 43
2917, 10
2918, 36
2919, 29
2920, 5
2921, 40
2922, 21
2923, 39
2924, 37
2925, 15
2926, 30
2927, 10
2928, 18
2929, 5
2930, 41
2931, 5
2932, 59
2933, 33
2934, 51
2935, 21
2936, 15
2937, 30
2938, 27
2939, 32
2940, 0
2941, 40
2942, 0
2943, 41
2944, 38
2945, 32
2946, 0
2947, 17
2948, 24
2949, 0
2950, 38
2951, 0
2952, 27
2953, 25
2954, 38
2955, 33
2956, 57
2957, 49
2958, 66
2959, 7
2960, 5
2961, 5
2962, 5
2963, 5
2964, 5
2965, 5
2966, 5
2967, 5
2968, 5
2969, 5
2970, 5
2971, 5
2972, 5
2973, 5
2974, 7
2975, 0
2976, 22
2977, 39
2978, 25
2979, 25
2980, 35
2981, 50
2982, 14
2983, 0
2984, 32
2985, 24
2986, 31
2987, 19
2988, 14
2989, 5
2990, 27
2991, 14
2992, 17
2993, 12
2994, 5
2995, 29
2996, 24
2997, 25
2998, 16
2999, 15
3000, 42
3001, 31
3002, 23
3003, 24
3004, 70
3005, 38
3006, 29
3007, 0
3008, 28
3009, 36
3010, 23
3011, 38
3012, 22
3013, 40
3014, 6
3015, 28
3016, 23
3017, 0
3018, 22
3019, 0
3020, 19
3021, 39
3022, 1
3023, 38
3024, 9
3025, 27
3026, 20
3027, 14
3028, 6
3029, 59
3030, 14
3031, 19
3032, 13
3033, 24
3034, 6
3035, 25
3036, 13
3037, 25
3038, 27
3039, 20
3040, 47
3041, 0
3042, 40
3043, 40
3044, 37
3045, 2
3046, 31
3047, 0
3048, 17
3049, 23
3050, 14
3051, 0
3052, 23
3053, 31
3054, 26
3055, 31
3056, 24
3057, 20
3058, 21
3059, 0
3060, 45
3061, 32
3062, 34
3063, 11
3064, 21
3065, 30
3066, 14
3067, 37
3068, 26
3069, 0
3070, 42
3071, 15
3072, 33
3073, 31
3074, 17
3075, 0
3076, 32
3077, 27
3078, 23
3079, 19
3080, 19
3081, 18
3082, 44
3083, 0
3084, 43
3085, 29
3086, 23
3087, 20
3088, 19
3089, 18
3090, 44
3091, 0
3092, 64
3093, 31
3094, 32
3095, 18
3096, 24
3097, 0
3098, 14
3099, 21
3100, 58
3101, 3
3102, 0
3103, 40
3104, 37
3105, 42
3106, 31
3107, 0
3108, 17
3109, 24
3110, 0
3111, 23
3112, 29
3113, 24
3114, 31
3115, 24
3116, 20
3117, 21
3118, 0
3119, 45
3120, 32
3121, 30
3122, 11
3123, 17
3124, 28
3125, 14
3126, 31
3127, 22
3128, 0
3129, 42
3130, 15
3131, 54
3132, 0
3133, 32
3134, 27
3135, 23
3136, 17
3137, 17
3138, 18
3139, 38
3140, 0
3141, 43
3142, 29
3143, 23
3144, 18
3145, 17
3146, 18
3147, 38
3148, 0
3149, 64
3150, 31
3151, 30
3152, 18
3153, 24
3154, 0
3155, 14
3156, 21
3157, 58
3158, 3
3159, 0
3160, 23
3161, 40
3162, 38
3163, 3
3164, 24
3165, 0
3166, 27
3167, 38
3168, 0
3169, 38
3170, 10
3171, 12
3172, 28
3173, 23
3174, 27
3175, 11
3176, 0
3177, 32
3178, 12
3179, 31
3180, 23
3181, 46
3182, 18
3183, 11
3184, 23
3185, 13
3186, 0
3187, 17
3188, 0
3189, 67
3190, 42
3191, 1
3192, 31
3193, 1
3194, 39
3195, 19
3196, 27
3197, 50
3198, 19
3199, 0
3200, 70
3201, 64
3202, 36
3203, 59
3204, 66
3205, 0
3206, 23
3207, 30
3208, 0
3209, 25
3210, 0
3211, 29
3212, 50
3213, 17
3214, 17
3215, 44
3216, 45
3217, 17
3218, 0
3219, 34
3220, 25
3221, 10
3222, 38
3223, 3
3224, 31
3225, 0
3226, 23
3227, 19
3228, 17
3229, 19
3230, 19
3231, 20
3232, 41
3233, 38
3234, 3
3235, 31
3236, 28
3237, 0
3238, 34
3239, 19
3240, 22
3241, 19
3242, 19
3243, 37
3244, 41
3245, 38
3246, 32
3247, 0
3248, 17
3249, 0
3250, 19
3251, 16
3252, 27
3253, 22
3254, 24
3255, 64
3256, 38
3257, 3
3258, 31
3259, 43
3260, 0
3261, 19
3262, 12
3263, 1
3264, 24
3265, 19
3266, 22
3267, 0
3268, 16
3269, 36
3270, 0
3271, 19
3272, 53
3273, 10
3274, 0
3275, 39
3276, 21
3277, 41
3278, 38
3279, 32
3280, 0
3281, 17
3282, 24
3283, 0
3284, 30
3285, 21
3286, 27
3287, 5
3288, 18
3289, 18
3290, 7
3291, 19
3292, 27
3293, 17
3294, 0
3295, 0
3296, 55
3297, 48
3298, 45
3299, 26
3300, 37
3301, 9
3302, 18
3303, 14
3304, 22
3305, 1
3306, 49
3307, 1
3308, 0
3309, 19
3310, 20
3311, 26
3312, 46
3313, 28
3314, 19
3315, 24
3316, 7
3317, 57
3318, 57
3319, 5
3320, 59
3321, 0
3322, 28
3323, 22
3324, 65
3325, 37
3326, 40
3327, 41
3328, 76
3329, 0
3330, 25
3331, 25
3332, 0
3333, 35
3334, 0
3335, 26
3336, 52
3337, 65
3338, 0
3339, 32
3340, 12
3341, 44
3342, 7
3343, 24
3344, 10
3345, 0
3346, 17
3347, 21
3348, 1
3349, 20
3350, 37
3351, 18
3352, 49
3353, 5
3354, 8
3355, 11
