1, 39
2, 37
3, 1
4, 29
5, 2
6, 1
7, 19
8, 1
9, 15
10, 1
11, 53
12, 6
13, 27
14, 40
15, 37
16, 5
17, 1
18, 21
19, 1
20, 6
21, 34
22, 33
23, 1
24, 28
25, 20
26, 36
27, 5
28, 13
29, 24
30, 2
31, 4
32, 33
33, 22
34, 6
35, 31
36, 23
37, 13
38, 44
39, 17
40, 30
41, 9
42, 23
43, 27
44, 25
45, 30
46, 39
47, 9
48, 27
49, 25
50, 30
51, 37
52, 9
53, 9
54, 29
55, 14
56, 42
57, 22
58, 90
59, 21
60, 13
61, 88
62, 5
63, 3
64, 40
65, 37
66, 1
67, 72
68, 3
69, 1
70, 21
71, 1
72, 5
73, 18
74, 17
75, 17
76, 16
77, 7
78, 1
79, 70
80, 6
81, 39
82, 21
83, 21
84, 21
85, 5
86, 1
87, 1
88, 52
89, 1
90, 45
91, 4
92, 23
93, 6
94, 21
95, 23
96, 8
97, 23
98, 28
99, 10
100, 29
101, 29
102, 37
103, 1
104, 29
105, 29
106, 37
107, 8
108, 9
109, 10
110, 26
111, 26
112, 8
113, 7
114, 1
115, 33
116, 5
117, 1
118, 1
119, 52
120, 1
121, 51
122, 6
123, 18
124, 27
125, 8
126, 49
127, 22
128, 7
129, 25
130, 5
131, 1
132, 1
133, 3
134, 47
135, 1
136, 55
137, 55
138, 1
139, 55
140, 53
141, 3
142, 1
143, 37
144, 4
145, 15
146, 6
147, 12
148, 37
149, 82
150, 7
151, 25
152, 24
153, 77
154, 73
155, 29
156, 26
157, 6
158, 5
159, 1
160, 6
161, 12
162, 1
163, 4
164, 23
165, 8
166, 8
167, 21
168, 21
169, 1
170, 6
171, 25
172, 28
173, 1
174, 24
175, 23
176, 1
177, 18
178, 23
179, 74
180, 21
181, 1
182, 22
183, 1
184, 11
185, 27
186, 35
187, 10
188, 30
189, 24
190, 30
191, 25
192, 25
193, 30
194, 25
195, 9
196, 65
197, 15
198, 7
199, 1
200, 76
201, 20
202, 5
203, 40
204, 36
205, 31
206, 2
207, 19
208, 20
209, 5
210, 12
211, 1
212, 5
213, 39
214, 1
215, 4
216, 13
217, 29
218, 25
219, 26
220, 39
221, 19
222, 24
223, 20
224, 7
225, 1
226, 1
227, 42
228, 6
229, 19
230, 10
231, 21
232, 12
233, 9
234, 16
235, 10
236, 18
237, 12
238, 9
239, 13
240, 11
241, 21
242, 23
243, 11
244, 21
245, 10
246, 22
247, 23
248, 11
249, 22
250, 13
251, 22
252, 20
253, 11
254, 22
255, 9
256, 18
257, 7
258, 5
259, 1
260, 1
261, 48
262, 6
263, 30
264, 6
265, 17
266, 23
267, 1
268, 20
269, 10
270, 29
271, 14
272, 21
273, 28
274, 31
275, 32
276, 26
277, 29
278, 13
279, 27
280, 8
281, 7
282, 10
283, 23
284, 18
285, 21
286, 28
287, 9
288, 5
289, 1
290, 1
291, 53
292, 4
293, 22
294, 21
295, 6
296, 39
297, 17
298, 1
299, 23
300, 10
301, 38
302, 26
303, 15
304, 21
305, 32
306, 9
307, 1
308, 40
309, 15
310, 5
311, 1
312, 1
313, 6
314, 60
315, 1
316, 4
317, 14
318, 21
319, 14
320, 6
321, 37
322, 23
323, 1
324, 27
325, 28
326, 1
327, 27
328, 40
329, 46
330, 1
331, 27
332, 30
333, 42
334, 84
335, 7
336, 1
337, 21
338, 39
339, 1
340, 98
341, 5
342, 19
343, 41
344, 38
345, 2
346, 35
347, 30
348, 32
349, 28
350, 3
351, 2
352, 6
353, 46
354, 2
355, 5
356, 45
357, 27
358, 2
359, 44
360, 20
361, 44
362, 2
363, 41
364, 5
365, 22
366, 7
367, 25
368, 27
369, 18
370, 9
371, 21
372, 14
373, 14
374, 8
375, 6
376, 2
377, 39
378, 5
379, 18
380, 17
381, 7
382, 20
383, 26
384, 10
385, 35
386, 20
387, 2
388, 30
389, 31
390, 18
391, 22
392, 19
393, 6
394, 2
395, 36
396, 5
397, 17
398, 16
399, 7
400, 28
401, 10
402, 19
403, 11
404, 33
405, 14
406, 10
407, 22
408, 24
409, 31
410, 22
411, 2
412, 20
413, 26
414, 14
415, 13
416, 16
417, 6
418, 2
419, 29
420, 5
421, 34
422, 7
423, 17
424, 18
425, 15
426, 2
427, 27
428, 39
429, 2
430, 11
431, 10
432, 26
433, 11
434, 26
435, 30
436, 16
437, 21
438, 10
439, 21
440, 11
441, 24
442, 15
443, 10
444, 45
445, 11
446, 57
447, 28
448, 32
449, 28
450, 10
451, 30
452, 6
453, 2
454, 7
455, 11
456, 28
457, 26
458, 23
459, 47
460, 6
461, 42
462, 39
463, 2
464, 37
465, 4
466, 2
467, 19
468, 2
469, 6
470, 17
471, 13
472, 12
473, 30
474, 2
475, 6
476, 35
477, 23
478, 40
479, 39
480, 8
481, 2
482, 82
483, 2
484, 14
485, 37
486, 5
487, 34
488, 40
489, 16
490, 37
491, 2
492, 20
493, 36
494, 7
495, 39
496, 24
497, 9
498, 22
499, 17
500, 56
501, 22
502, 23
503, 11
504, 18
505, 20
506, 19
507, 30
508, 13
509, 28
510, 35
511, 28
512, 17
513, 12
514, 24
515, 25
516, 19
517, 10
518, 20
519, 8
520, 20
521, 44
522, 9
523, 13
524, 13
525, 13
526, 8
527, 21
528, 48
529, 9
530, 13
531, 13
532, 13
533, 13
534, 8
535, 20
536, 40
537, 7
538, 18
539, 9
540, 19
541, 24
542, 31
543, 19
544, 8
545, 2
546, 7
547, 30
548, 30
549, 36
550, 40
551, 32
552, 43
553, 16
554, 15
555, 18
556, 18
557, 24
558, 9
559, 20
560, 50
561, 32
562, 26
563, 25
564, 35
565, 13
566, 29
567, 26
568, 17
569, 11
570, 17
571, 41
572, 15
573, 25
574, 31
575, 36
576, 13
577, 35
578, 18
579, 17
580, 27
581, 12
582, 10
583, 17
584, 8
585, 40
586, 37
587, 13
588, 6
589, 2
590, 39
591, 32
592, 5
593, 32
594, 37
595, 41
596, 28
597, 29
598, 2
599, 20
600, 40
601, 7
602, 18
603, 9
604, 19
605, 24
606, 31
607, 19
608, 8
609, 2
610, 7
611, 21
612, 21
613, 21
614, 23
615, 13
616, 26
617, 9
618, 21
619, 23
620, 23
621, 27
622, 8
623, 21
624, 21
625, 26
626, 9
627, 19
628, 23
629, 25
630, 33
631, 29
632, 41
633, 18
634, 8
635, 19
636, 18
637, 15
638, 26
639, 9
640, 39
641, 39
642, 29
643, 45
644, 10
645, 46
646, 8
647, 22
648, 80
649, 27
650, 46
651, 6
652, 2
653, 20
654, 7
655, 22
656, 31
657, 8
658, 16
659, 6
660, 2
661, 41
662, 37
663, 29
664, 32
665, 28
666, 30
667, 3
668, 2
669, 16
670, 2
671, 7
672, 22
673, 50
674, 50
675, 50
676, 50
677, 50
678, 50
679, 42
680, 2
681, 30
682, 2
683, 66
684, 65
685, 2
686, 56
687, 57
688, 2
689, 29
690, 15
691, 23
692, 35
693, 2
694, 6
695, 18
696, 19
697, 17
698, 27
699, 8
700, 19
701, 2
702, 5
703, 16
704, 26
705, 38
706, 49
707, 2
708, 39
709, 5
710, 27
711, 18
712, 7
713, 40
714, 14
715, 10
716, 55
717, 20
718, 34
719, 30
720, 16
721, 21
722, 48
723, 6
724, 2
725, 2
726, 55
727, 7
728, 24
729, 16
730, 14
731, 15
732, 7
733, 36
734, 37
735, 6
736, 2
737, 53
738, 5
739, 19
740, 21
741, 7
742, 36
743, 20
744, 32
745, 9
746, 27
747, 32
748, 34
749, 55
750, 8
751, 11
752, 36
753, 9
754, 40
755, 15
756, 34
757, 8
758, 6
759, 2
760, 68
761, 2
762, 40
763, 19
764, 20
765, 9
766, 25
767, 51
768, 30
769, 18
770, 25
771, 8
772, 2
773, 51
774, 7
775, 20
776, 25
777, 9
778, 28
779, 20
780, 29
781, 27
782, 11
783, 26
784, 14
785, 10
786, 21
787, 8
788, 2
789, 7
790, 23
791, 22
792, 2
793, 22
794, 9
795, 27
796, 16
797, 8
798, 2
799, 20
800, 6
801, 2
802, 2
803, 7
804, 33
805, 24
806, 2
807, 37
808, 22
809, 2
810, 40
811, 27
812, 2
813, 45
814, 30
815, 6
816, 2
817, 40
818, 36
819, 1
820, 28
821, 31
822, 27
823, 2
824, 1
825, 15
826, 1
827, 6
828, 21
829, 49
830, 49
831, 49
832, 49
833, 49
834, 49
835, 41
836, 1
837, 29
838, 1
839, 65
840, 64
841, 1
842, 55
843, 56
844, 1
845, 28
846, 14
847, 1
848, 5
849, 17
850, 18
851, 16
852, 7
853, 18
854, 1
855, 4
856, 15
857, 25
858, 37
859, 1
860, 38
861, 4
862, 26
863, 17
864, 6
865, 39
866, 13
867, 9
868, 54
869, 19
870, 33
871, 29
872, 15
873, 20
874, 47
875, 5
876, 1
877, 1
878, 46
879, 6
880, 23
881, 15
882, 13
883, 14
884, 6
885, 35
886, 36
887, 5
888, 1
889, 52
890, 4
891, 15
892, 20
893, 6
894, 35
895, 19
896, 31
897, 8
898, 26
899, 31
900, 32
901, 6
902, 5
903, 1
904, 67
905, 1
906, 39
907, 18
908, 19
909, 8
910, 24
911, 25
912, 29
913, 17
914, 24
915, 7
916, 1
917, 50
918, 6
919, 19
920, 24
921, 8
922, 27
923, 19
924, 28
925, 26
926, 10
927, 25
928, 13
929, 9
930, 20
931, 7
932, 1
933, 6
934, 22
935, 21
936, 1
937, 21
938, 8
939, 26
940, 15
941, 7
942, 1
943, 19
944, 5
945, 1
946, 1
947, 6
948, 32
949, 23
950, 1
951, 36
952, 21
953, 1
954, 39
955, 26
956, 1
957, 44
958, 29
959, 5
960, 1
961, 14
962, 15
963, 2
964, 37
965, 14
966, 31
967, 41
968, 5
969, 1
970, 5
971, 23
972, 21
973, 1
974, 6
975, 31
976, 25
977, 13
978, 46
979, 17
980, 34
981, 23
982, 32
983, 5
984, 39
985, 38
986, 3
987, 30
988, 2
989, 15
990, 1
991, 18
992, 15
993, 1
994, 32
995, 6
996, 41
997, 8
998, 18
999, 24
1000, 7
1001, 20
1002, 5
1003, 1
1004, 14
1005, 15
1006, 25
1007, 1
1008, 1
1009, 5
1010, 35
1011, 26
1012, 25
1013, 28
1014, 32
1015, 8
1016, 1
1017, 6
1018, 24
1019, 1
1020, 19
1021, 16
1022, 71
1023, 53
1024, 15
1025, 36
1026, 96
1027, 79
1028, 58
1029, 5
1030, 1
1031, 26
1032, 4
1033, 16
1034, 6
1035, 35
1036, 32
1037, 5
1038, 1
1039, 1
1040, 43
1041, 4
1042, 19
1043, 6
1044, 42
1045, 13
1046, 14
1047, 47
1048, 43
1049, 67
1050, 29
1051, 13
1052, 5
1053, 1
1054, 86
1055, 4
1056, 31
1057, 6
1058, 15
1059, 1
1060, 35
1061, 23
1062, 4
1063, 51
1064, 9
1065, 20
1066, 26
1067, 8
1068, 1
1069, 34
1070, 14
1071, 23
1072, 26
1073, 37
1074, 17
1075, 29
1076, 33
1077, 28
1078, 11
1079, 8
1080, 4
1081, 24
1082, 5
1083, 1
1084, 69
1085, 4
1086, 25
1087, 6
1088, 39
1089, 51
1090, 26
1091, 47
1092, 26
1093, 5
1094, 1
1095, 48
1096, 4
1097, 25
1098, 6
1099, 39
1100, 51
1101, 26
1102, 26
1103, 5
1104, 9
1105, 1
1106, 4
1107, 32
1108, 19
1109, 6
1110, 31
1111, 23
1112, 13
1113, 44
1114, 17
1115, 30
1116, 9
1117, 29
1118, 9
1119, 27
1120, 54
1121, 9
1122, 16
1123, 30
1124, 14
1125, 56
1126, 13
1127, 9
1128, 31
1129, 5
1130, 18
1131, 1
1132, 16
1133, 1
1134, 5
1135, 12
1136, 1
1137, 6
1138, 15
1139, 14
1140, 14
1141, 1
1142, 4
1143, 29
1144, 3
1145, 42
1146, 6
1147, 49
1148, 36
1149, 5
1150, 1
1151, 45
1152, 4
1153, 15
1154, 20
1155, 15
1156, 6
1157, 11
1158, 21
1159, 1
1160, 16
1161, 8
1162, 18
1163, 10
1164, 14
1165, 20
1166, 19
1167, 21
1168, 23
1169, 15
1170, 27
1171, 22
1172, 14
1173, 11
1174, 9
1175, 1
1176, 12
1177, 17
1178, 22
1179, 10
1180, 46
1181, 16
1182, 29
1183, 12
1184, 24
1185, 16
1186, 16
1187, 21
1188, 21
1189, 11
1190, 9
1191, 18
1192, 7
1193, 5
1194, 1
1195, 16
1196, 4
1197, 17
1198, 24
1199, 6
1200, 26
1201, 31
1202, 7
1203, 12
1204, 1
1205, 42
1206, 23
1207, 21
1208, 29
1209, 1
1210, 24
1211, 1
1212, 25
1213, 5
1214, 1
1215, 6
1216, 8
1217, 5
1218, 1
1219, 39
1220, 37
1221, 1
1222, 29
1223, 2
1224, 1
1225, 15
1226, 1
1227, 6
1228, 26
1229, 6
1230, 2
1231, 68
1232, 19
1233, 2
1234, 1
1235, 18
1236, 1
1237, 15
1238, 1
1239, 10
1240, 1
1241, 6
1242, 22
1243, 1
1244, 56
1245, 55
1246, 57
1247, 58
1248, 60
1249, 61
1250, 42
1251, 1
1252, 5
1253, 25
1254, 23
1255, 19
1256, 16
1257, 18
1258, 20
1259, 7
1260, 3
1261, 19
1262, 17
1263, 17
1264, 20
1265, 23
1266, 25
1267, 20
1268, 18
1269, 25
1270, 9
1271, 7
1272, 1
1273, 1
1274, 53
1275, 51
1276, 66
1277, 48
1278, 42
1279, 34
1280, 63
1281, 67
1282, 51
1283, 52
1284, 51
1285, 1
1286, 15
1287, 1
1288, 5
1289, 11
1290, 1
1291, 53
1292, 6
1293, 23
1294, 5
1295, 1
1296, 51
1297, 6
1298, 23
1299, 5
1300, 1
1301, 66
1302, 4
1303, 14
1304, 6
1305, 12
1306, 22
1307, 8
1308, 33
1309, 14
1310, 7
1311, 30
1312, 5
1313, 1
1314, 48
1315, 4
1316, 17
1317, 18
1318, 6
1319, 13
1320, 25
1321, 16
1322, 8
1323, 19
1324, 14
1325, 17
1326, 7
1327, 18
1328, 5
1329, 1
1330, 42
1331, 4
1332, 14
1333, 14
1334, 6
1335, 10
1336, 11
1337, 43
1338, 32
1339, 52
1340, 23
1341, 24
1342, 18
1343, 18
1344, 23
1345, 9
1346, 16
1347, 5
1348, 1
1349, 34
1350, 4
1351, 23
1352, 14
1353, 18
1354, 46
1355, 9
1356, 6
1357, 18
1358, 22
1359, 16
1360, 44
1361, 45
1362, 50
1363, 9
1364, 28
1365, 8
1366, 24
1367, 18
1368, 24
1369, 20
1370, 20
1371, 9
1372, 25
1373, 10
1374, 19
1375, 26
1376, 28
1377, 20
1378, 18
1379, 22
1380, 9
1381, 9
1382, 18
1383, 38
1384, 34
1385, 9
1386, 7
1387, 20
1388, 15
1389, 18
1390, 43
1391, 49
1392, 9
1393, 5
1394, 1
1395, 63
1396, 4
1397, 22
1398, 18
1399, 6
1400, 37
1401, 30
1402, 23
1403, 8
1404, 40
1405, 10
1406, 22
1407, 12
1408, 9
1409, 24
1410, 7
1411, 17
1412, 5
1413, 1
1414, 67
1415, 4
1416, 22
1417, 24
1418, 6
1419, 37
1420, 15
1421, 30
1422, 23
1423, 8
1424, 40
1425, 10
1426, 22
1427, 12
1428, 9
1429, 18
1430, 24
1431, 18
1432, 25
1433, 9
1434, 7
1435, 18
1436, 33
1437, 22
1438, 8
1439, 26
1440, 17
1441, 34
1442, 7
1443, 5
1444, 1
1445, 2
1446, 40
1447, 2
1448, 1
1449, 51
1450, 4
1451, 16
1452, 18
1453, 6
1454, 25
1455, 22
1456, 8
1457, 33
1458, 20
1459, 10
1460, 17
1461, 39
1462, 10
1463, 31
1464, 27
1465, 36
1466, 12
1467, 47
1468, 34
1469, 14
1470, 11
1471, 9
1472, 7
1473, 17
1474, 5
1475, 1
1476, 52
1477, 6
1478, 23
1479, 24
1480, 25
1481, 5
1482, 1
1483, 51
1484, 6
1485, 23
1486, 5
1487, 1
1488, 5
1489, 42
1490, 39
1491, 2
1492, 33
1493, 33
1494, 4
1495, 2
1496, 16
1497, 2
1498, 22
1499, 2
1500, 38
1501, 2
1502, 7
1503, 23
1504, 2
1505, 57
1506, 56
1507, 58
1508, 59
1509, 61
1510, 62
1511, 43
1512, 2
1513, 6
1514, 79
1515, 2
1516, 27
1517, 22
1518, 20
1519, 22
1520, 8
1521, 2
1522, 36
1523, 11
1524, 25
1525, 24
1526, 24
1527, 24
1528, 24
1529, 21
1530, 10
1531, 48
1532, 47
1533, 35
1534, 40
1535, 8
1536, 2
1537, 18
1538, 2
1539, 26
1540, 24
1541, 20
1542, 19
1543, 21
1544, 35
1545, 8
1546, 2
1547, 20
1548, 11
1549, 19
1550, 22
1551, 22
1552, 25
1553, 27
1554, 48
1555, 10
1556, 54
1557, 35
1558, 42
1559, 45
1560, 31
1561, 30
1562, 8
1563, 2
1564, 30
1565, 2
1566, 42
1567, 5
1568, 24
1569, 7
1570, 29
1571, 55
1572, 30
1573, 30
1574, 37
1575, 18
1576, 29
1577, 31
1578, 23
1579, 25
1580, 28
1581, 6
1582, 2
1583, 68
1584, 7
1585, 27
1586, 69
1587, 6
1588, 2
1589, 46
1590, 5
1591, 17
1592, 7
1593, 30
1594, 18
1595, 29
1596, 23
1597, 17
1598, 8
1599, 22
1600, 6
1601, 2
1602, 61
1603, 7
1604, 31
1605, 10
1606, 21
1607, 29
1608, 6
1609, 2
1610, 16
1611, 2
1612, 61
1613, 5
1614, 15
1615, 7
1616, 11
1617, 64
1618, 13
1619, 30
1620, 24
1621, 47
1622, 21
1623, 22
1624, 81
1625, 6
1626, 2
1627, 32
1628, 7
1629, 25
1630, 18
1631, 14
1632, 6
1633, 2
1634, 68
1635, 5
1636, 15
1637, 15
1638, 7
1639, 13
1640, 2
1641, 31
1642, 9
1643, 21
1644, 46
1645, 15
1646, 8
1647, 18
1648, 6
1649, 2
1650, 49
1651, 5
1652, 21
1653, 19
1654, 7
1655, 54
1656, 28
1657, 24
1658, 9
1659, 60
1660, 11
1661, 23
1662, 13
1663, 10
1664, 25
1665, 8
1666, 18
1667, 6
1668, 2
1669, 52
1670, 5
1671, 23
1672, 25
1673, 7
1674, 16
1675, 54
1676, 28
1677, 24
1678, 9
1679, 60
1680, 11
1681, 23
1682, 13
1683, 10
1684, 19
1685, 25
1686, 8
1687, 38
1688, 40
1689, 23
1690, 9
1691, 27
1692, 18
1693, 32
1694, 8
1695, 6
1696, 2
1697, 3
1698, 40
1699, 3
1700, 2
1701, 38
1702, 7
1703, 21
1704, 22
1705, 19
1706, 6
1707, 2
1708, 37
1709, 5
1710, 17
1711, 19
1712, 7
1713, 23
1714, 23
1715, 9
1716, 31
1717, 21
1718, 11
1719, 18
1720, 34
1721, 11
1722, 29
1723, 25
1724, 34
1725, 13
1726, 42
1727, 32
1728, 15
1729, 12
1730, 10
1731, 8
1732, 18
1733, 6
1734, 2
1735, 82
1736, 2
1737, 6
1738, 25
1739, 43
1740, 47
1741, 23
1742, 35
1743, 2
1744, 47
1745, 7
1746, 16
1747, 38
1748, 8
1749, 31
1750, 26
1751, 2
1752, 90
1753, 5
1754, 20
1755, 17
1756, 7
1757, 25
1758, 10
1759, 62
1760, 25
1761, 34
1762, 13
1763, 44
1764, 23
1765, 12
1766, 13
1767, 22
1768, 31
1769, 2
1770, 57
1771, 5
1772, 19
1773, 18
1774, 7
1775, 28
1776, 33
1777, 38
1778, 16
1779, 26
1780, 27
1781, 26
1782, 15
1783, 20
1784, 2
1785, 78
1786, 5
1787, 30
1788, 22
1789, 19
1790, 28
1791, 30
1792, 7
1793, 51
1794, 15
1795, 14
1796, 19
1797, 24
1798, 9
1799, 31
1800, 23
1801, 20
1802, 8
1803, 23
1804, 2
1805, 19
1806, 14
1807, 24
1808, 9
1809, 54
1810, 29
1811, 23
1812, 20
1813, 8
1814, 2
1815, 23
1816, 29
1817, 65
1818, 12
1819, 2
1820, 12
1821, 28
1822, 2
1823, 82
1824, 5
1825, 21
1826, 19
1827, 7
1828, 68
1829, 37
1830, 24
1831, 22
1832, 9
1833, 17
1834, 36
1835, 28
1836, 2
1837, 13
1838, 22
1839, 2
1840, 17
1841, 5
1842, 20
1843, 27
1844, 36
1845, 16
1846, 7
1847, 17
1848, 11
1849, 17
1850, 58
1851, 22
1852, 32
1853, 19
1854, 27
1855, 17
1856, 52
1857, 24
1858, 52
1859, 38
1860, 41
1861, 13
1862, 43
1863, 28
1864, 11
1865, 9
1866, 29
1867, 30
1868, 2
1869, 42
1870, 42
1871, 40
1872, 41
1873, 43
1874, 49
1875, 55
1876, 21
1877, 15
1878, 2
1879, 2
1880, 7
1881, 34
1882, 10
1883, 6
1884, 2
1885, 15
1886, 25
1887, 1
1888, 30
1889, 1
1890, 31
1891, 5
1892, 33
1893, 31
1894, 31
1895, 6
1896, 59
1897, 29
1898, 30
1899, 26
1900, 33
1901, 5
1902, 55
1903, 38
1904, 29
1905, 30
1906, 25
1907, 35
1908, 5
1909, 60
1910, 55
1911, 25
1912, 26
1913, 26
1914, 10
1915, 34
1916, 37
1917, 9
1918, 30
1919, 5
1920, 61
1921, 53
1922, 26
1923, 10
1924, 33
1925, 39
1926, 9
1927, 1
1928, 30
1929, 1
1930, 29
1931, 38
1932, 14
1933, 43
1934, 13
1935, 9
1936, 42
1937, 39
1938, 10
1939, 13
1940, 29
1941, 18
1942, 9
1943, 1
1944, 44
1945, 27
1946, 27
1947, 26
1948, 10
1949, 29
1950, 18
1951, 9
1952, 1
1953, 30
1954, 30
1955, 14
1956, 71
1957, 22
1958, 66
1959, 31
1960, 21
1961, 13
1962, 9
1963, 32
1964, 14
1965, 33
1966, 12
1967, 13
1968, 36
1969, 5
1970, 1
1971, 4
1972, 34
1973, 1
1974, 6
1975, 31
1976, 26
1977, 13
1978, 47
1979, 17
1980, 36
1981, 9
1982, 54
1983, 36
1984, 1
1985, 5
1986, 41
1987, 37
1988, 2
1989, 30
1990, 32
1991, 52
1992, 3
1993, 2
1994, 21
1995, 2
1996, 6
1997, 34
1998, 30
1999, 2
2000, 7
2001, 14
2002, 2
2003, 5
2004, 33
2005, 27
2006, 30
2007, 2
2008, 6
2009, 16
2010, 29
2011, 8
2012, 16
2013, 2
2014, 42
2015, 5
2016, 46
2017, 28
2018, 20
2019, 18
2020, 17
2021, 7
2022, 30
2023, 26
2024, 31
2025, 30
2026, 9
2027, 30
2028, 16
2029, 32
2030, 26
2031, 11
2032, 37
2033, 16
2034, 16
2035, 16
2036, 16
2037, 34
2038, 27
2039, 13
2040, 33
2041, 29
2042, 24
2043, 24
2044, 37
2045, 15
2046, 32
2047, 18
2048, 14
2049, 12
2050, 37
2051, 24
2052, 25
2053, 13
2054, 41
2055, 25
2056, 20
2057, 21
2058, 12
2059, 10
2060, 8
2061, 19
2062, 6
2063, 2
2064, 16
2065, 5
2066, 35
2067, 34
2068, 27
2069, 20
2070, 7
2071, 17
2072, 11
2073, 26
2074, 2
2075, 17
2076, 22
2077, 9
2078, 23
2079, 33
2080, 46
2081, 21
2082, 8
2083, 21
2084, 21
2085, 44
2086, 22
2087, 39
2088, 18
2089, 76
2090, 2
2091, 19
2092, 24
2093, 31
2094, 11
2095, 40
2096, 23
2097, 10
2098, 6
2099, 2
2100, 2
2101, 7
2102, 24
2103, 45
2104, 61
2105, 2
2106, 24
2107, 14
2108, 42
2109, 2
2110, 17
2111, 2
2112, 8
2113, 2
2114, 18
2115, 6
2116, 2
2117, 2
2118, 41
2119, 37
2120, 2
2121, 30
2122, 32
2123, 53
2124, 3
2125, 2
2126, 21
2127, 2
2128, 6
2129, 34
2130, 30
2131, 2
2132, 7
2133, 14
2134, 2
2135, 5
2136, 33
2137, 27
2138, 30
2139, 2
2140, 6
2141, 16
2142, 29
2143, 8
2144, 16
2145, 2
2146, 43
2147, 5
2148, 46
2149, 28
2150, 20
2151, 18
2152, 17
2153, 7
2154, 30
2155, 26
2156, 31
2157, 30
2158, 9
2159, 30
2160, 16
2161, 32
2162, 26
2163, 11
2164, 37
2165, 16
2166, 16
2167, 16
2168, 16
2169, 34
2170, 27
2171, 13
2172, 33
2173, 29
2174, 24
2175, 24
2176, 37
2177, 15
2178, 32
2179, 18
2180, 14
2181, 12
2182, 37
2183, 24
2184, 25
2185, 13
2186, 41
2187, 25
2188, 20
2189, 21
2190, 12
2191, 10
2192, 8
2193, 19
2194, 6
2195, 2
2196, 16
2197, 5
2198, 35
2199, 34
2200, 27
2201, 20
2202, 7
2203, 17
2204, 11
2205, 26
2206, 2
2207, 17
2208, 22
2209, 9
2210, 23
2211, 33
2212, 46
2213, 21
2214, 8
2215, 21
2216, 21
2217, 44
2218, 22
2219, 39
2220, 18
2221, 76
2222, 2
2223, 19
2224, 24
2225, 31
2226, 11
2227, 40
2228, 23
2229, 10
2230, 6
2231, 2
2232, 2
2233, 7
2234, 24
2235, 45
2236, 61
2237, 2
2238, 24
2239, 14
2240, 42
2241, 2
2242, 17
2243, 2
2244, 8
2245, 2
2246, 18
2247, 6
2248, 2
2249, 2
2250, 41
2251, 37
2252, 2
2253, 30
2254, 32
2255, 3
2256, 2
2257, 21
2258, 2
2259, 17
2260, 38
2261, 21
2262, 6
2263, 2
2264, 16
2265, 5
2266, 21
2267, 28
2268, 75
2269, 9
2270, 16
2271, 7
2272, 17
2273, 29
2274, 2
2275, 9
2276, 42
2277, 31
2278, 27
2279, 27
2280, 22
2281, 22
2282, 44
2283, 10
2284, 2
2285, 30
2286, 8
2287, 2
2288, 7
2289, 16
2290, 24
2291, 9
2292, 25
2293, 31
2294, 26
2295, 11
2296, 51
2297, 31
2298, 2
2299, 23
2300, 26
2301, 12
2302, 13
2303, 37
2304, 35
2305, 12
2306, 10
2307, 70
2308, 8
2309, 6
2310, 2
2311, 7
2312, 23
2313, 34
2314, 2
2315, 24
2316, 28
2317, 31
2318, 8
2319, 6
2320, 41
2321, 37
2322, 2
2323, 30
2324, 32
2325, 52
2326, 30
2327, 3
2328, 2
2329, 21
2330, 2
2331, 6
2332, 34
2333, 19
2334, 2
2335, 7
2336, 16
2337, 20
2338, 2
2339, 5
2340, 22
2341, 17
2342, 19
2343, 2
2344, 22
2345, 2
2346, 42
2347, 5
2348, 43
2349, 36
2350, 7
2351, 17
2352, 9
2353, 44
2354, 2
2355, 27
2356, 2
2357, 26
2358, 2
2359, 35
2360, 2
2361, 30
2362, 2
2363, 16
2364, 35
2365, 26
2366, 11
2367, 37
2368, 2
2369, 16
2370, 16
2371, 16
2372, 16
2373, 37
2374, 27
2375, 13
2376, 35
2377, 29
2378, 24
2379, 24
2380, 37
2381, 15
2382, 32
2383, 18
2384, 14
2385, 12
2386, 37
2387, 2
2388, 24
2389, 25
2390, 13
2391, 41
2392, 25
2393, 2
2394, 20
2395, 21
2396, 12
2397, 10
2398, 8
2399, 19
2400, 6
2401, 2
2402, 16
2403, 5
2404, 29
2405, 46
2406, 7
2407, 16
2408, 2
2409, 34
2410, 44
2411, 2
2412, 34
2413, 39
2414, 2
2415, 19
2416, 16
2417, 26
2418, 9
2419, 72
2420, 20
2421, 35
2422, 8
2423, 6
2424, 2
2425, 7
2426, 24
2427, 45
2428, 18
2429, 2
2430, 24
2431, 2
2432, 30
2433, 2
2434, 8
2435, 2
2436, 21
2437, 6
2438, 17
2439, 15
2440, 1
2441, 6
2442, 19
2443, 1
2444, 55
2445, 1
2446, 61
2447, 4
2448, 24
2449, 25
2450, 6
2451, 20
2452, 32
2453, 14
2454, 40
2455, 22
2456, 43
2457, 36
2458, 21
2459, 13
2460, 5
2461, 1
2462, 90
2463, 4
2464, 27
2465, 22
2466, 6
2467, 32
2468, 14
2469, 40
2470, 22
2471, 34
2472, 48
2473, 30
2474, 63
2475, 29
2476, 41
2477, 21
2478, 13
2479, 5
2480, 1
2481, 1
2482, 16
2483, 22
2484, 30
2485, 1
2486, 6
2487, 31
2488, 25
2489, 13
2490, 46
2491, 1
2492, 34
2493, 1
2494, 34
2495, 34
2496, 1
2497, 31
2498, 14
2499, 47
2500, 13
2501, 71
2502, 73
2503, 5
2504, 1
2505, 6
2506, 8
2507, 5
2508, 33
2509, 36
2510, 31
2511, 2
2512, 17
2513, 20
2514, 5
2515, 12
2516, 1
2517, 4
2518, 38
2519, 71
2520, 32
2521, 35
2522, 7
2523, 27
2524, 33
2525, 20
2526, 27
2527, 1
2528, 50
2529, 6
2530, 35
2531, 24
2532, 33
2533, 23
2534, 56
2535, 7
2536, 5
2537, 1
2538, 48
2539, 6
2540, 35
2541, 23
2542, 30
2543, 24
2544, 54
2545, 7
2546, 5
2547, 1
2548, 51
2549, 4
2550, 18
2551, 17
2552, 6
2553, 15
2554, 74
2555, 1
2556, 9
2557, 32
2558, 19
2559, 15
2560, 18
2561, 18
2562, 27
2563, 39
2564, 8
2565, 15
2566, 18
2567, 34
2568, 39
2569, 15
2570, 9
2571, 15
2572, 5
2573, 1
2574, 1
2575, 4
2576, 21
2577, 17
2578, 6
2579, 30
2580, 23
2581, 1
2582, 64
2583, 18
2584, 19
2585, 30
2586, 43
2587, 7
2588, 3
2589, 31
2590, 1
2591, 34
2592, 47
2593, 53
2594, 3
2595, 48
2596, 79
2597, 1
2598, 25
2599, 38
2600, 1
2601, 37
2602, 3
2603, 25
2604, 16
2605, 5
2606, 23
2607, 2
2608, 40
2609, 37
2610, 1
2611, 33
2612, 31
2613, 2
2614, 2
2615, 2
2616, 11
2617, 2
2618, 18
2619, 19
2620, 31
2621, 26
2622, 2
2623, 17
2624, 20
2625, 43
2626, 21
2627, 2
2628, 28
2629, 2
2630, 41
2631, 38
2632, 42
2633, 42
2634, 42
2635, 42
2636, 42
2637, 42
2638, 31
2639, 68
2640, 64
2641, 27
2642, 2
2643, 2
2644, 28
2645, 31
2646, 26
2647, 38
2648, 39
2649, 39
2650, 2
2651, 30
2652, 21
2653, 25
2654, 19
2655, 12
2656, 2
2657, 18
2658, 52
2659, 23
2660, 57
2661, 27
2662, 40
2663, 28
2664, 47
2665, 37
2666, 36
2667, 39
2668, 2
2669, 34
2670, 35
2671, 68
2672, 11
2673, 2
2674, 22
2675, 31
2676, 22
2677, 26
2678, 11
2679, 2
2680, 54
2681, 19
2682, 46
2683, 62
2684, 11
2685, 2
2686, 22
2687, 40
2688, 55
2689, 11
2690, 2
2691, 2
2692, 29
2693, 25
2694, 48
2695, 49
2696, 44
2697, 12
2698, 2
2699, 31
2700, 2
2701, 22
2702, 29
2703, 26
2704, 11
2705, 2
2706, 54
2707, 58
2708, 63
2709, 31
2710, 45
2711, 2
2712, 41
2713, 23
2714, 2
2715, 42
2716, 22
2717, 22
2718, 23
2719, 23
2720, 23
2721, 22
2722, 24
2723, 22
2724, 22
2725, 21
2726, 10
2727, 2
2728, 2
2729, 38
2730, 2
2731, 7
2732, 18
2733, 6
2734, 2
2735, 34
2736, 2
2737, 7
2738, 22
2739, 36
2740, 6
2741, 2
2742, 32
2743, 2
2744, 7
2745, 24
2746, 6
2747, 2
2748, 66
2749, 2
2750, 7
2751, 30
2752, 11
2753, 18
2754, 24
2755, 18
2756, 10
2757, 18
2758, 6
2759, 2
2760, 33
2761, 2
2762, 7
2763, 18
2764, 23
2765, 6
2766, 2
2767, 35
2768, 2
2769, 15
2770, 2
2771, 7
2772, 26
2773, 11
2774, 34
2775, 25
2776, 30
2777, 30
2778, 39
2779, 32
2780, 14
2781, 61
2782, 19
2783, 10
2784, 6
2785, 2
2786, 2
2787, 26
2788, 2
2789, 28
2790, 2
2791, 7
2792, 22
2793, 12
2794, 28
2795, 28
2796, 14
2797, 23
2798, 16
2799, 33
2800, 18
2801, 37
2802, 22
2803, 35
2804, 26
2805, 44
2806, 37
2807, 25
2808, 26
2809, 21
2810, 38
2811, 23
2812, 17
2813, 13
2814, 21
2815, 6
2816, 2
2817, 45
2818, 2
2819, 25
2820, 2
2821, 7
2822, 53
2823, 12
2824, 61
2825, 14
2826, 11
2827, 2
2828, 16
2829, 18
2830, 2
2831, 27
2832, 30
2833, 15
2834, 30
2835, 32
2836, 2
2837, 31
2838, 18
2839, 35
2840, 20
2841, 17
2842, 14
2843, 2
2844, 43
2845, 6
2846, 2
2847, 37
2848, 2
2849, 15
2850, 2
2851, 7
2852, 14
2853, 17
2854, 27
2855, 30
2856, 58
2857, 2
2858, 56
2859, 62
2860, 26
2861, 6
2862, 2
2863, 42
2864, 2
2865, 7
2866, 24
2867, 64
2868, 56
2869, 19
2870, 6
2871, 2
2872, 41
2873, 30
2874, 30
2875, 2
2876, 30
2877, 29
2878, 4
2879, 2
2880, 51
2881, 2
2882, 24
2883, 12
2884, 12
2885, 9
2886, 12
2887, 12
2888, 10
2889, 2
2890, 15
2891, 41
2892, 2
2893, 7
2894, 21
2895, 17
2896, 11
2897, 16
2898, 31
2899, 30
2900, 50
2901, 10
2902, 6
2903, 2
2904, 48
2905, 2
2906, 7
2907, 19
2908, 19
2909, 12
2910, 25
2911, 54
2912, 11
2913, 6
2914, 2
2915, 50
2916, 2
2917, 20
2918, 15
2919, 2
2920, 7
2921, 12
2922, 10
2923, 27
2924, 29
2925, 14
2926, 27
2927, 18
2928, 32
2929, 32
2930, 24
2931, 17
2932, 18
2933, 23
2934, 18
2935, 13
2936, 6
2937, 2
2938, 46
2939, 2
2940, 19
2941, 2
2942, 7
2943, 21
2944, 38
2945, 12
2946, 26
2947, 26
2948, 40
2949, 11
2950, 6
2951, 2
2952, 53
2953, 2
2954, 15
2955, 2
2956, 7
2957, 35
2958, 38
2959, 12
2960, 49
2961, 30
2962, 34
2963, 11
2964, 6
2965, 2
2966, 85
2967, 2
2968, 40
2969, 2
2970, 7
2971, 26
2972, 23
2973, 16
2974, 40
2975, 12
2976, 26
2977, 26
2978, 23
2979, 18
2980, 30
2981, 19
2982, 11
2983, 2
2984, 20
2985, 38
2986, 12
2987, 32
2988, 51
2989, 68
2990, 33
2991, 9
2992, 2
2993, 34
2994, 41
2995, 28
2996, 6
2997, 2
2998, 61
2999, 2
3000, 43
3001, 26
3002, 2
3003, 7
3004, 59
3005, 11
3006, 21
3007, 63
3008, 62
3009, 2
3010, 27
3011, 43
3012, 57
3013, 57
3014, 39
3015, 83
3016, 83
3017, 37
3018, 66
3019, 66
3020, 65
3021, 65
3022, 24
3023, 43
3024, 2
3025, 40
3026, 27
3027, 2
3028, 37
3029, 48
3030, 58
3031, 6
3032, 2
3033, 71
3034, 2
3035, 38
3036, 20
3037, 2
3038, 7
3039, 30
3040, 25
3041, 18
3042, 12
3043, 18
3044, 76
3045, 35
3046, 11
3047, 2
3048, 28
3049, 54
3050, 19
3051, 60
3052, 36
3053, 32
3054, 2
3055, 26
3056, 37
3057, 2
3058, 34
3059, 24
3060, 12
3061, 47
3062, 16
3063, 46
3064, 11
3065, 35
3066, 6
3067, 2
3068, 2
3069, 61
3070, 2
3071, 24
3072, 2
3073, 7
3074, 28
3075, 30
3076, 12
3077, 23
3078, 24
3079, 27
3080, 16
3081, 32
3082, 33
3083, 47
3084, 20
3085, 60
3086, 106
3087, 24
3088, 42
3089, 44
3090, 23
3091, 26
3092, 19
3093, 20
3094, 42
3095, 28
3096, 15
3097, 9
3098, 6
3099, 2
3100, 74
3101, 2
3102, 15
3103, 33
3104, 19
3105, 19
3106, 2
3107, 7
3108, 28
3109, 28
3110, 2
3111, 26
3112, 26
3113, 17
3114, 32
3115, 39
3116, 2
3117, 26
3118, 19
3119, 12
3120, 34
3121, 16
3122, 30
3123, 30
3124, 47
3125, 45
3126, 15
3127, 17
3128, 9
3129, 2
3130, 31
3131, 25
3132, 18
3133, 31
3134, 12
3135, 28
3136, 2
3137, 25
3138, 20
3139, 30
3140, 21
3141, 11
3142, 18
3143, 2
3144, 29
3145, 53
3146, 41
3147, 125
3148, 2
3149, 26
3150, 27
3151, 52
3152, 38
3153, 95
3154, 40
3155, 121
3156, 6
3157, 2
3158, 76
3159, 2
3160, 7
3161, 63
3162, 6
3163, 2
3164, 33
3165, 2
3166, 21
3167, 26
3168, 21
3169, 22
3170, 20
3171, 2
3172, 7
3173, 47
3174, 12
3175, 36
3176, 54
3177, 16
3178, 77
3179, 48
3180, 20
3181, 74
3182, 24
3183, 53
3184, 54
3185, 23
3186, 19
3187, 15
3188, 11
3189, 2
3190, 47
3191, 12
3192, 53
3193, 15
3194, 16
3195, 36
3196, 18
3197, 67
3198, 41
3199, 23
3200, 42
3201, 27
3202, 70
3203, 104
3204, 67
3205, 26
3206, 27
3207, 22
3208, 15
3209, 11
3210, 8
3211, 6
3212, 2
3213, 23
3214, 2
3215, 7
3216, 29
3217, 29
3218, 29
3219, 15
3220, 6
3221, 2
3222, 46
3223, 46
3224, 48
3225, 46
3226, 50
3227, 46
3228, 48
3229, 46
3230, 51
3231, 4
3232, 2
3233, 65
3234, 2
3235, 49
3236, 21
3237, 2
3238, 7
3239, 30
3240, 31
3241, 25
3242, 12
3243, 18
3244, 54
3245, 11
3246, 2
3247, 58
3248, 18
3249, 69
3250, 30
3251, 2
3252, 43
3253, 38
3254, 22
3255, 34
3256, 12
3257, 31
3258, 54
3259, 11
3260, 2
3261, 30
3262, 38
3263, 9
3264, 12
3265, 64
3266, 31
3267, 17
3268, 72
3269, 66
3270, 71
3271, 16
3272, 82
3273, 11
3274, 2
3275, 24
3276, 12
3277, 47
3278, 17
3279, 32
3280, 44
3281, 18
3282, 38
3283, 19
3284, 16
3285, 48
3286, 11
3287, 2
3288, 28
3289, 6
3290, 2
3291, 2
3292, 64
3293, 2
3294, 22
3295, 19
3296, 21
3297, 2
3298, 7
3299, 32
3300, 38
3301, 12
3302, 58
3303, 18
3304, 11
3305, 2
3306, 26
3307, 66
3308, 12
3309, 68
3310, 34
3311, 2
3312, 72
3313, 78
3314, 18
3315, 64
3316, 76
3317, 39
3318, 26
3319, 71
3320, 76
3321, 52
3322, 78
3323, 24
3324, 23
3325, 42
3326, 21
3327, 77
3328, 43
3329, 16
3330, 15
3331, 61
3332, 11
3333, 6
3334, 2
3335, 39
3336, 51
3337, 53
3338, 53
3339, 55
3340, 53
3341, 55
3342, 55
3343, 56
3344, 4
3345, 2
3346, 50
3347, 2
3348, 23
3349, 2
3350, 7
3351, 67
3352, 78
3353, 6
3354, 2
3355, 81
3356, 2
3357, 7
3358, 16
3359, 10
3360, 35
3361, 37
3362, 2
3363, 21
3364, 34
3365, 9
3366, 6
3367, 2
3368, 28
3369, 2
3370, 23
3371, 22
3372, 21
3373, 21
3374, 26
3375, 2
3376, 7
3377, 43
3378, 12
3379, 71
3380, 25
3381, 15
3382, 57
3383, 69
3384, 19
3385, 53
3386, 36
3387, 23
3388, 45
3389, 66
3390, 71
3391, 20
3392, 18
3393, 12
3394, 45
3395, 57
3396, 8
3397, 6
3398, 2
3399, 40
3400, 2
3401, 16
3402, 2
3403, 7
3404, 16
3405, 52
3406, 2
3407, 30
3408, 12
3409, 24
3410, 24
3411, 14
3412, 11
3413, 2
3414, 34
3415, 22
3416, 39
3417, 23
3418, 2
3419, 18
3420, 37
3421, 25
3422, 42
3423, 26
3424, 6
3425, 2
3426, 77
3427, 2
3428, 21
3429, 19
3430, 19
3431, 2
3432, 7
3433, 38
3434, 12
3435, 58
3436, 18
3437, 11
3438, 26
3439, 37
3440, 52
3441, 46
3442, 98
3443, 14
3444, 78
3445, 47
3446, 50
3447, 92
3448, 24
3449, 55
3450, 92
3451, 95
3452, 28
3453, 63
3454, 53
3455, 70
3456, 109
3457, 29
3458, 32
3459, 56
3460, 52
3461, 31
3462, 46
3463, 27
3464, 22
3465, 38
3466, 18
3467, 25
3468, 55
3469, 35
3470, 17
3471, 12
3472, 6
3473, 2
3474, 7
3475, 27
3476, 44
3477, 2
3478, 36
3479, 2
3480, 26
3481, 21
3482, 16
3483, 52
3484, 34
3485, 2
3486, 41
3487, 13
3488, 29
3489, 13
3490, 29
3491, 13
3492, 6
3493, 18
3494, 16
3495, 1
3496, 15
3497, 1
3498, 22
3499, 16
3500, 33
3501, 1
3502, 15
3503, 64
3504, 36
3505, 13
3506, 1
3507, 25
3508, 28
3509, 16
3510, 33
3511, 35
3512, 32
3513, 15
3514, 66
3515, 64
3516, 36
3517, 5
3518, 1
3519, 31
3520, 6
3521, 22
3522, 5
3523, 1
3524, 28
3525, 6
3526, 29
3527, 31
3528, 13
3529, 31
3530, 5
3531, 1
3532, 31
3533, 6
3534, 32
3535, 38
3536, 37
3537, 39
3538, 21
3539, 39
3540, 30
3541, 13
3542, 5
3543, 1
3544, 1
3545, 5
3546, 26
3547, 23
3548, 27
3549, 31
3550, 6
3551, 31
3552, 25
3553, 13
3554, 46
3555, 17
3556, 34
3557, 1
3558, 21
3559, 43
3560, 29
3561, 29
3562, 14
3563, 34
3564, 37
3565, 13
3566, 27
3567, 32
3568, 13
3569, 34
3570, 1
3571, 21
3572, 39
3573, 30
3574, 32
3575, 29
3576, 14
3577, 35
3578, 38
3579, 13
3580, 27
3581, 32
3582, 13
3583, 34
3584, 5
3585, 17
3586, 25
3587, 1
3588, 55
3589, 17
3590, 16
3591, 6
3592, 21
3593, 52
3594, 22
3595, 5
3596, 1
3597, 44
3598, 6
3599, 22
3600, 29
3601, 27
3602, 30
3603, 13
3604, 30
3605, 5
3606, 1
3607, 1
3608, 4
3609, 42
3610, 22
3611, 34
3612, 48
3613, 41
3614, 6
3615, 30
3616, 32
3617, 14
3618, 36
3619, 42
3620, 21
3621, 25
3622, 63
3623, 25
3624, 32
3625, 33
3626, 23
3627, 19
3628, 23
3629, 1
3630, 29
3631, 14
3632, 60
3633, 73
3634, 60
3635, 52
3636, 60
3637, 138
3638, 13
3639, 52
3640, 38
3641, 46
3642, 55
3643, 1
3644, 30
3645, 14
3646, 68
3647, 73
3648, 13
3649, 1
3650, 29
3651, 9
3652, 1
3653, 27
3654, 1
3655, 31
3656, 54
3657, 13
3658, 93
3659, 1
3660, 1
3661, 44
3662, 53
3663, 51
3664, 64
3665, 65
3666, 55
3667, 51
3668, 55
3669, 5
3670, 40
3671, 36
3672, 1
3673, 29
3674, 31
3675, 26
3676, 31
3677, 2
3678, 1
3679, 15
3680, 1
3681, 16
3682, 1
3683, 11
3684, 1
3685, 5
3686, 16
3687, 13
3688, 16
3689, 19
3690, 7
3691, 17
3692, 1
3693, 30
3694, 31
3695, 28
3696, 1
3697, 5
3698, 31
3699, 1
3700, 20
3701, 10
3702, 58
3703, 14
3704, 35
3705, 35
3706, 35
3707, 49
3708, 49
3709, 49
3710, 49
3711, 13
3712, 35
3713, 35
3714, 35
3715, 49
3716, 49
3717, 49
3718, 49
3719, 13
3720, 35
3721, 35
3722, 35
3723, 49
3724, 49
3725, 49
3726, 49
3727, 14
3728, 35
3729, 35
3730, 35
3731, 49
3732, 49
3733, 49
3734, 48
3735, 3
3736, 1
3737, 26
3738, 23
3739, 17
3740, 6
3741, 29
3742, 34
3743, 17
3744, 10
3745, 28
3746, 28
3747, 28
3748, 9
3749, 34
3750, 34
3751, 34
3752, 5
3753, 1
3754, 43
3755, 6
3756, 61
3757, 21
3758, 5
3759, 1
3760, 26
3761, 4
3762, 17
3763, 6
3764, 17
3765, 32
3766, 17
3767, 10
3768, 67
3769, 33
3770, 61
3771, 9
3772, 5
3773, 1
3774, 32
3775, 19
3776, 27
3777, 19
3778, 6
3779, 18
3780, 40
3781, 14
3782, 31
3783, 10
3784, 15
3785, 27
3786, 27
3787, 27
3788, 77
3789, 46
3790, 46
3791, 46
3792, 46
3793, 46
3794, 46
3795, 9
3796, 13
3797, 7
3798, 18
3799, 38
3800, 16
3801, 10
3802, 24
3803, 24
3804, 24
3805, 9
3806, 13
3807, 7
3808, 5
3809, 1
3810, 17
3811, 17
3812, 6
3813, 30
3814, 18
3815, 23
3816, 26
3817, 36
3818, 23
3819, 5
3820, 20
3821, 16
3822, 1
3823, 35
3824, 17
3825, 1
3826, 6
3827, 31
3828, 23
3829, 13
3830, 44
3831, 30
3832, 16
3833, 27
3834, 27
3835, 27
3836, 27
3837, 27
3838, 27
3839, 16
3840, 32
3841, 5
3842, 34
3843, 37
3844, 2
3845, 38
3846, 3
3847, 2
3848, 17
3849, 2
3850, 18
3851, 2
3852, 5
3853, 16
3854, 2
3855, 40
3856, 5
3857, 20
3858, 29
3859, 7
3860, 24
3861, 28
3862, 41
3863, 15
3864, 25
3865, 22
3866, 11
3867, 19
3868, 19
3869, 32
3870, 28
3871, 20
3872, 12
3873, 10
3874, 45
3875, 19
3876, 6
3877, 2
3878, 7
3879, 24
3880, 14
3881, 16
3882, 16
3883, 6
3884, 33
3885, 36
3886, 33
3887, 2
3888, 1
3889, 20
3890, 1
3891, 30
3892, 1
3893, 30
3894, 1
3895, 21
3896, 20
3897, 1
3898, 33
3899, 1
3900, 22
3901, 1
3902, 6
3903, 38
3904, 12
3905, 26
3906, 60
3907, 12
3908, 20
3909, 20
3910, 25
3911, 16
3912, 52
3913, 24
3914, 15
3915, 11
3916, 42
3917, 5
3918, 1
3919, 21
3920, 1
3921, 6
3922, 22
3923, 21
3924, 33
3925, 16
3926, 22
3927, 22
3928, 17
3929, 5
3930, 39
3931, 37
3932, 1
3933, 37
3934, 2
3935, 1
3936, 20
3937, 15
3938, 1
3939, 34
3940, 1
3941, 31
3942, 34
3943, 31
3944, 1
3945, 50
3946, 41
3947, 8
3948, 25
3949, 33
3950, 44
3951, 7
3952, 1
3953, 41
3954, 41
3955, 8
3956, 25
3957, 33
3958, 89
3959, 7
3960, 1
3961, 6
3962, 23
3963, 38
3964, 52
3965, 1
3966, 14
3967, 28
3968, 25
3969, 10
3970, 26
3971, 26
3972, 25
3973, 12
3974, 18
3975, 24
3976, 11
3977, 9
3978, 44
3979, 5
3980, 1
3981, 17
3982, 6
3983, 30
3984, 13
3985, 15
3986, 15
3987, 5
3988, 39
3989, 36
3990, 1
3991, 29
3992, 57
3993, 2
3994, 1
3995, 15
3996, 17
3997, 1
3998, 5
3999, 19
4000, 21
4001, 43
4002, 41
4003, 7
4004, 3
4005, 31
4006, 35
4007, 64
4008, 41
4009, 7
4010, 1
4011, 1
4012, 47
4013, 6
4014, 14
4015, 5
4016, 1
4017, 45
4018, 6
4019, 22
4020, 21
4021, 5
4022, 1
4023, 1
4024, 1
4025, 71
4026, 6
4027, 23
4028, 21
4029, 16
4030, 5
4031, 1
4032, 48
4033, 6
4034, 16
4035, 32
4036, 8
4037, 24
4038, 18
4039, 7
4040, 21
4041, 5
4042, 1
4043, 69
4044, 1
4045, 19
4046, 18
4047, 22
4048, 6
4049, 26
4050, 19
4051, 52
4052, 38
4053, 11
4054, 22
4055, 53
4056, 41
4057, 5
4058, 34
4059, 38
4060, 35
4061, 1
4062, 21
4063, 1
4064, 21
4065, 6
4066, 26
4067, 4
4068, 24
4069, 84
4070, 1
4071, 6
4072, 23
4073, 37
4074, 23
4075, 14
4076, 22
4077, 9
4078, 28
4079, 22
4080, 22
4081, 15
4082, 48
4083, 35
4084, 38
4085, 43
4086, 43
4087, 28
4088, 41
4089, 26
4090, 39
4091, 8
4092, 1
4093, 38
4094, 36
4095, 38
4096, 41
4097, 43
4098, 38
4099, 42
4100, 50
4101, 37
4102, 5
4103, 34
4104, 38
4105, 37
4106, 1
4107, 21
4108, 1
4109, 21
4110, 1
4111, 57
4112, 16
4113, 1
4114, 52
4115, 1
4116, 15
4117, 1
4118, 6
4119, 23
4120, 22
4121, 17
4122, 9
4123, 17
4124, 45
4125, 15
4126, 24
4127, 34
4128, 7
4129, 16
4130, 5
4131, 1
4132, 1
4133, 21
4134, 1
4135, 30
4136, 15
4137, 1
4138, 6
4139, 12
4140, 12
4141, 12
4142, 12
4143, 12
4144, 12
4145, 12
4146, 12
4147, 12
4148, 14
4149, 22
4150, 9
4151, 18
4152, 22
4153, 22
4154, 15
4155, 43
4156, 35
4157, 34
4158, 52
4159, 52
4160, 28
4161, 34
4162, 30
4163, 39
4164, 8
4165, 5
4166, 1
4167, 1
4168, 6
4169, 23
4170, 32
4171, 25
4172, 1
4173, 14
4174, 1
4175, 38
4176, 36
4177, 38
4178, 41
4179, 43
4180, 38
4181, 42
4182, 50
4183, 37
4184, 5
4185, 40
4186, 36
4187, 1
4188, 34
4189, 2
4190, 1
4191, 15
4192, 1
4193, 1
4194, 18
4195, 1
4196, 5
4197, 14
4198, 1
4199, 22
4200, 1
4201, 14
4202, 1
4203, 18
4204, 10
4205, 19
4206, 20
4207, 23
4208, 57
4209, 21
4210, 40
4211, 42
4212, 38
4213, 22
4214, 9
4215, 46
4216, 34
4217, 51
4218, 7
4219, 1
4220, 5
4221, 44
4222, 44
4223, 1
4224, 4
4225, 24
4226, 27
4227, 22
4228, 28
4229, 1
4230, 29
4231, 1
4232, 23
4233, 4
4234, 17
4235, 6
4236, 43
4237, 39
4238, 26
4239, 29
4240, 7
4241, 5
4242, 1
4243, 70
4244, 4
4245, 30
4246, 6
4247, 42
4248, 21
4249, 32
4250, 11
4251, 45
4252, 25
4253, 29
4254, 24
4255, 24
4256, 35
4257, 50
4258, 13
4259, 48
4260, 14
4261, 11
4262, 27
4263, 36
4264, 23
4265, 31
4266, 25
4267, 50
4268, 6
4269, 39
4270, 5
4271, 1
4272, 51
4273, 6
4274, 40
4275, 58
4276, 5
4277, 1
4278, 35
4279, 6
4280, 35
4281, 25
4282, 5
4283, 1
4284, 12
4285, 1
4286, 44
4287, 6
4288, 26
4289, 31
4290, 5
4291, 1
4292, 50
4293, 6
4294, 23
4295, 22
4296, 41
4297, 9
4298, 5
4299, 1
4300, 28
4301, 6
4302, 18
4303, 21
4304, 5
4305, 1
4306, 25
4307, 6
4308, 46
4309, 5
4310, 1
4311, 44
4312, 6
4313, 18
4314, 19
4315, 22
4316, 41
4317, 9
4318, 5
4319, 1
4320, 46
4321, 6
4322, 46
4323, 5
4324, 1
4325, 40
4326, 6
4327, 38
4328, 5
4329, 1
4330, 26
4331, 4
4332, 16
4333, 52
4334, 18
4335, 20
4336, 6
4337, 23
4338, 30
4339, 9
4340, 31
4341, 19
4342, 24
4343, 14
4344, 19
4345, 27
4346, 24
4347, 16
4348, 32
4349, 28
4350, 19
4351, 7
4352, 5
4353, 1
4354, 54
4355, 6
4356, 20
4357, 23
4358, 26
4359, 24
4360, 7
4361, 17
4362, 5
4363, 1
4364, 23
4365, 1
4366, 35
4367, 6
4368, 18
4369, 37
4370, 68
4371, 30
4372, 5
4373, 1
4374, 42
4375, 6
4376, 18
4377, 37
4378, 68
4379, 42
4380, 5
4381, 1
4382, 29
4383, 6
4384, 34
4385, 18
4386, 5
4387, 1
4388, 21
4389, 4
4390, 17
4391, 22
4392, 19
4393, 18
4394, 14
4395, 32
4396, 50
4397, 39
4398, 6
4399, 76
4400, 32
4401, 34
4402, 6
4403, 13
4404, 34
4405, 32
4406, 7
4407, 19
4408, 16
4409, 13
4410, 22
4411, 22
4412, 36
4413, 16
4414, 68
4415, 36
4416, 54
4417, 28
4418, 35
4419, 50
4420, 9
4421, 25
4422, 31
4423, 9
4424, 24
4425, 40
4426, 57
4427, 28
4428, 35
4429, 24
4430, 9
4431, 64
4432, 60
4433, 25
4434, 31
4435, 52
4436, 57
4437, 25
4438, 19
4439, 7
4440, 17
4441, 18
4442, 34
4443, 5
4444, 1
4445, 38
4446, 5
4447, 21
4448, 18
4449, 7
4450, 4
4451, 17
4452, 16
4453, 52
4454, 26
4455, 13
4456, 26
4457, 35
4458, 6
4459, 35
4460, 42
4461, 22
4462, 23
4463, 6
4464, 13
4465, 31
4466, 18
4467, 20
4468, 21
4469, 19
4470, 19
4471, 47
4472, 17
4473, 31
4474, 33
4475, 34
4476, 43
4477, 81
4478, 53
4479, 54
4480, 57
4481, 72
4482, 39
4483, 33
4484, 43
4485, 10
4486, 9
4487, 85
4488, 43
4489, 52
4490, 39
4491, 33
4492, 43
4493, 11
4494, 28
4495, 68
4496, 58
4497, 25
4498, 28
4499, 21
4500, 23
4501, 36
4502, 7
4503, 5
4504, 1
4505, 38
4506, 4
4507, 21
4508, 20
4509, 16
4510, 15
4511, 49
4512, 14
4513, 25
4514, 24
4515, 1
4516, 59
4517, 6
4518, 16
4519, 8
4520, 70
4521, 64
4522, 27
4523, 47
4524, 29
4525, 63
4526, 16
4527, 64
4528, 8
4529, 9
4530, 44
4531, 7
4532, 1
4533, 6
4534, 40
4535, 37
4536, 13
4537, 50
4538, 17
4539, 16
4540, 37
4541, 35
4542, 42
4543, 63
4544, 36
4545, 38
4546, 45
4547, 9
4548, 55
4549, 69
4550, 36
4551, 38
4552, 41
4553, 26
4554, 9
4555, 7
4556, 24
4557, 23
4558, 20
4559, 5
4560, 1
4561, 16
4562, 6
4563, 23
4564, 57
4565, 19
4566, 26
4567, 5
4568, 1
4569, 20
4570, 6
4571, 24
4572, 15
4573, 5
4574, 1
4575, 24
4576, 1
4577, 51
4578, 6
4579, 22
4580, 22
4581, 22
4582, 22
4583, 5
4584, 1
4585, 92
4586, 6
4587, 21
4588, 19
4589, 7
4590, 27
4591, 20
4592, 21
4593, 19
4594, 7
4595, 27
4596, 20
4597, 13
4598, 22
4599, 5
4600, 1
4601, 57
4602, 6
4603, 67
4604, 66
4605, 67
4606, 66
4607, 5
4608, 1
4609, 57
4610, 6
4611, 65
4612, 65
4613, 64
4614, 64
4615, 5
4616, 1
4617, 54
4618, 6
4619, 20
4620, 20
4621, 20
4622, 20
4623, 5
4624, 1
4625, 62
4626, 6
4627, 20
4628, 20
4629, 20
4630, 20
4631, 5
4632, 1
4633, 24
4634, 1
4635, 51
4636, 4
4637, 18
4638, 18
4639, 17
4640, 19
4641, 18
4642, 1
4643, 41
4644, 8
4645, 31
4646, 21
4647, 31
4648, 15
4649, 31
4650, 21
4651, 31
4652, 15
4653, 34
4654, 7
4655, 3
4656, 31
4657, 8
4658, 26
4659, 7
4660, 1
4661, 29
4662, 8
4663, 34
4664, 7
4665, 1
4666, 21
4667, 8
4668, 27
4669, 16
4670, 7
4671, 1
4672, 21
4673, 8
4674, 12
4675, 17
4676, 21
4677, 21
4678, 15
4679, 7
4680, 1
4681, 6
4682, 34
4683, 35
4684, 15
4685, 31
4686, 23
4687, 30
4688, 15
4689, 24
4690, 9
4691, 13
4692, 18
4693, 12
4694, 25
4695, 25
4696, 7
4697, 23
4698, 5
4699, 1
4700, 4
4701, 14
4702, 22
4703, 1
4704, 6
4705, 8
4706, 31
4707, 36
4708, 22
4709, 7
4710, 12
4711, 5
4712, 1
4713, 41
4714, 37
4715, 2
4716, 35
4717, 41
4718, 2
4719, 1
4720, 21
4721, 15
4722, 2
4723, 20
4724, 6
4725, 11
4726, 4
4727, 6
4728, 2
4729, 27
4730, 32
4731, 2
4732, 16
4733, 29
4734, 20
4735, 6
4736, 2
4737, 39
4738, 38
4739, 2
4740, 59
4741, 45
4742, 2
4743, 72
4744, 40
4745, 2
4746, 70
4747, 40
4748, 2
4749, 61
4750, 37
4751, 2
4752, 64
4753, 40
4754, 2
4755, 48
4756, 40
4757, 2
4758, 4
4759, 46
4760, 5
4761, 59
4762, 42
4763, 28
4764, 21
4765, 4
4766, 43
4767, 9
4768, 26
4769, 23
4770, 26
4771, 23
4772, 26
4773, 30
4774, 8
4775, 2
4776, 30
4777, 9
4778, 35
4779, 8
4780, 2
4781, 22
4782, 9
4783, 27
4784, 36
4785, 23
4786, 27
4787, 8
4788, 2
4789, 22
4790, 9
4791, 13
4792, 30
4793, 30
4794, 23
4795, 30
4796, 30
4797, 23
4798, 26
4799, 26
4800, 8
4801, 2
4802, 7
4803, 11
4804, 11
4805, 11
4806, 24
4807, 26
4808, 26
4809, 26
4810, 26
4811, 16
4812, 16
4813, 16
4814, 32
4815, 26
4816, 31
4817, 16
4818, 27
4819, 10
4820, 14
4821, 13
4822, 37
4823, 13
4824, 24
4825, 32
4826, 15
4827, 10
4828, 8
4829, 22
4830, 25
4831, 20
4832, 8
4833, 6
4834, 2
4835, 5
4836, 20
4837, 2
4838, 7
4839, 26
4840, 26
4841, 21
4842, 6
4843, 2
4844, 39
4845, 38
4846, 1
4847, 26
4848, 2
4849, 1
4850, 16
4851, 1
4852, 15
4853, 1
4854, 19
4855, 19
4856, 19
4857, 1
4858, 28
4859, 20
4860, 1
4861, 55
4862, 6
4863, 35
4864, 31
4865, 5
4866, 1
4867, 6
4868, 34
4869, 35
4870, 28
4871, 14
4872, 22
4873, 28
4874, 23
4875, 5
4876, 42
4877, 39
4878, 2
4879, 33
4880, 33
4881, 4
4882, 2
4883, 20
4884, 2
4885, 44
4886, 2
4887, 5
4888, 17
4889, 2
4890, 50
4891, 7
4892, 18
4893, 20
4894, 23
4895, 28
4896, 39
4897, 14
4898, 2
4899, 37
4900, 7
4901, 18
4902, 16
4903, 40
4904, 14
4905, 2
4906, 45
4907, 7
4908, 18
4909, 18
4910, 46
4911, 16
4912, 2
4913, 62
4914, 7
4915, 18
4916, 68
4917, 19
4918, 14
4919, 2
4920, 60
4921, 7
4922, 18
4923, 78
4924, 21
4925, 16
4926, 2
4927, 7
4928, 33
4929, 28
4930, 19
4931, 8
4932, 20
4933, 2
4934, 50
4935, 65
4936, 72
4937, 33
4938, 59
4939, 6
4940, 3
4941, 40
4942, 36
4943, 1
4944, 33
4945, 3
4946, 1
4947, 15
4948, 1
4949, 1
4950, 15
4951, 1
4952, 78
4953, 1
4954, 6
4955, 20
4956, 29
4957, 1
4958, 5
4959, 18
4960, 24
4961, 19
4962, 1
4963, 1
4964, 45
4965, 41
4966, 45
4967, 44
4968, 79
4969, 1
4970, 38
4971, 45
4972, 42
4973, 59
4974, 39
4975, 75
4976, 1
4977, 46
4978, 39
4979, 78
4980, 1
4981, 78
4982, 1
4983, 6
4984, 79
4985, 75
4986, 75
4987, 1
4988, 4
4989, 35
4990, 6
4991, 27
4992, 35
4993, 35
4994, 35
4995, 35
4996, 35
4997, 35
4998, 35
4999, 34
5000, 7
5001, 1
5002, 1
5003, 56
5004, 68
5005, 4
5006, 13
5007, 22
5008, 14
5009, 16
5010, 20
5011, 29
5012, 6
5013, 52
5014, 38
5015, 13
5016, 1
5017, 68
5018, 14
5019, 1
5020, 15
5021, 5
5022, 1
5023, 83
5024, 4
5025, 16
5026, 19
5027, 6
5028, 34
5029, 21
5030, 1
5031, 38
5032, 40
5033, 1
5034, 17
5035, 24
5036, 5
5037, 1
5038, 65
5039, 85
5040, 4
5041, 13
5042, 22
5043, 14
5044, 16
5045, 40
5046, 29
5047, 26
5048, 6
5049, 52
5050, 38
5051, 29
5052, 24
5053, 1
5054, 42
5055, 68
5056, 37
5057, 15
5058, 1
5059, 37
5060, 1
5061, 21
5062, 23
5063, 21
5064, 1
5065, 1
5066, 25
5067, 70
5068, 10
5069, 27
5070, 43
5071, 1
5072, 34
5073, 19
5074, 1
5075, 42
5076, 8
5077, 7
5078, 70
5079, 10
5080, 27
5081, 43
5082, 1
5083, 34
5084, 19
5085, 9
5086, 1
5087, 31
5088, 1
5089, 16
5090, 17
5091, 1
5092, 16
5093, 5
5094, 1
5095, 1
5096, 4
5097, 24
5098, 32
5099, 23
5100, 22
5101, 12
5102, 14
5103, 6
5104, 43
5105, 1
5106, 58
5107, 19
5108, 8
5109, 32
5110, 10
5111, 28
5112, 58
5113, 9
5114, 24
5115, 17
5116, 7
5117, 43
5118, 1
5119, 1
5120, 71
5121, 47
5122, 1
5123, 1
5124, 55
5125, 21
5126, 70
5127, 66
5128, 1
5129, 11
5130, 20
5131, 1
5132, 19
5133, 26
5134, 1
5135, 27
5136, 22
5137, 52
5138, 1
5139, 19
5140, 26
5141, 1
5142, 16
5143, 5
5144, 41
5145, 38
5146, 1
5147, 37
5148, 2
5149, 1
5150, 28
5151, 1
5152, 48
5153, 1
5154, 58
5155, 46
5156, 46
5157, 46
5158, 46
5159, 46
5160, 47
5161, 1
5162, 30
5163, 1
5164, 51
5165, 1
5166, 18
5167, 15
5168, 1
5169, 6
5170, 18
5171, 9
5172, 16
5173, 27
5174, 19
5175, 12
5176, 32
5177, 34
5178, 15
5179, 15
5180, 16
5181, 10
5182, 17
5183, 32
5184, 1
5185, 15
5186, 18
5187, 1
5188, 25
5189, 11
5190, 24
5191, 19
5192, 20
5193, 18
5194, 19
5195, 23
5196, 10
5197, 19
5198, 17
5199, 7
5200, 5
5201, 1
5202, 29
5203, 1
5204, 15
5205, 1
5206, 17
5207, 15
5208, 16
5209, 15
5210, 34
5211, 15
5212, 20
5213, 43
5214, 1
5215, 6
5216, 27
5217, 29
5218, 25
5219, 28
5220, 35
5221, 10
5222, 70
5223, 70
5224, 9
5225, 32
5226, 17
5227, 24
5228, 11
5229, 19
5230, 10
5231, 17
5232, 17
5233, 22
5234, 37
5235, 16
5236, 38
5237, 25
5238, 26
5239, 14
5240, 12
5241, 15
5242, 48
5243, 19
5244, 44
5245, 52
5246, 42
5247, 18
5248, 41
5249, 31
5250, 14
5251, 9
5252, 30
5253, 5
5254, 1
5255, 6
5256, 7
5257, 5
5258, 21
5259, 25
5260, 1
5261, 4
5262, 24
5263, 22
5264, 23
5265, 33
5266, 6
5267, 30
5268, 32
5269, 14
5270, 37
5271, 47
5272, 52
5273, 35
5274, 13
5275, 25
5276, 68
5277, 5
5278, 15
5279, 16
5280, 1
5281, 5
5282, 36
5283, 43
5284, 1
5285, 6
5286, 31
5287, 25
5288, 13
5289, 46
5290, 17
5291, 34
5292, 1
5293, 25
5294, 14
5295, 26
5296, 28
5297, 38
5298, 22
5299, 39
5300, 21
5301, 38
5302, 22
5303, 47
5304, 30
5305, 42
5306, 51
5307, 38
5308, 56
5309, 51
5310, 37
5311, 44
5312, 29
5313, 21
5314, 13
5315, 46
5316, 5
5317, 41
5318, 37
5319, 2
5320, 29
5321, 32
5322, 3
5323, 2
5324, 24
5325, 2
5326, 20
5327, 32
5328, 22
5329, 2
5330, 44
5331, 7
5332, 41
5333, 6
5334, 2
5335, 47
5336, 20
5337, 7
5338, 35
5339, 9
5340, 19
5341, 35
5342, 39
5343, 8
5344, 6
5345, 2
5346, 49
5347, 20
5348, 7
5349, 37
5350, 9
5351, 20
5352, 35
5353, 41
5354, 8
5355, 6
5356, 2
5357, 51
5358, 7
5359, 18
5360, 22
5361, 6
5362, 2
5363, 7
5364, 27
5365, 20
5366, 20
5367, 22
5368, 2
5369, 46
5370, 2
5371, 61
5372, 2
5373, 33
5374, 9
5375, 29
5376, 29
5377, 8
5378, 2
5379, 30
5380, 6
5381, 39
5382, 36
5383, 2
5384, 29
5385, 2
5386, 1
5387, 20
5388, 14
5389, 1
5390, 24
5391, 19
5392, 17
5393, 6
5394, 30
5395, 23
5396, 39
5397, 1
5398, 25
5399, 18
5400, 49
5401, 7
5402, 5
5403, 40
5404, 38
5405, 1
5406, 33
5407, 2
5408, 1
5409, 20
5410, 1
5411, 20
5412, 1
5413, 5
5414, 24
5415, 1
5416, 4
5417, 22
5418, 1
5419, 6
5420, 20
5421, 1
5422, 5
5423, 44
5424, 1
5425, 77
5426, 4
5427, 39
5428, 6
5429, 27
5430, 8
5431, 27
5432, 32
5433, 7
5434, 5
5435, 1
5436, 34
5437, 6
5438, 43
5439, 18
5440, 5
5441, 1
5442, 32
5443, 6
5444, 36
5445, 5
5446, 1
5447, 4
5448, 12
5449, 6
5450, 28
5451, 32
5452, 13
5453, 31
5454, 13
5455, 36
5456, 20
5457, 5
5458, 16
5459, 7
5460, 15
5461, 5
5462, 26
5463, 22
5464, 1
5465, 6
5466, 40
5467, 43
5468, 34
5469, 1
5470, 19
5471, 29
5472, 41
5473, 41
5474, 5
5475, 39
5476, 37
5477, 1
5478, 29
5479, 2
5480, 1
5481, 16
5482, 1
5483, 15
5484, 1
5485, 23
5486, 1
5487, 6
5488, 32
5489, 24
5490, 22
5491, 7
5492, 16
5493, 5
5494, 41
5495, 37
5496, 2
5497, 30
5498, 31
5499, 28
5500, 32
5501, 3
5502, 2
5503, 17
5504, 2
5505, 5
5506, 22
5507, 19
5508, 36
5509, 18
5510, 2
5511, 7
5512, 21
5513, 33
5514, 13
5515, 10
5516, 25
5517, 18
5518, 22
5519, 23
5520, 16
5521, 6
5522, 2
5523, 2
5524, 39
5525, 37
5526, 1
5527, 29
5528, 2
5529, 1
5530, 15
5531, 1
5532, 15
5533, 1
5534, 53
5535, 6
5536, 24
5537, 65
5538, 5
5539, 1
5540, 19
5541, 6
5542, 59
5543, 35
5544, 5
5545, 39
5546, 37
5547, 1
5548, 29
5549, 2
5550, 1
5551, 17
5552, 1
5553, 20
5554, 1
5555, 5
5556, 41
5557, 1
5558, 6
5559, 23
5560, 23
5561, 23
5562, 23
5563, 3
5564, 4
5565, 48
5566, 48
5567, 3
5568, 20
5569, 4
5570, 20
5571, 20
5572, 22
5573, 36
5574, 6
5575, 42
5576, 30
5577, 28
5578, 1
5579, 45
5580, 78
5581, 30
5582, 23
5583, 3
5584, 41
5585, 1
5586, 60
5587, 46
5588, 5
5589, 23
5590, 23
5591, 5
5592, 1
5593, 56
5594, 4
5595, 21
5596, 23
5597, 37
5598, 22
5599, 26
5600, 26
5601, 6
5602, 27
5603, 44
5604, 30
5605, 28
5606, 1
5607, 45
5608, 3
5609, 71
5610, 10
5611, 3
5612, 23
5613, 50
5614, 51
5615, 18
5616, 21
5617, 12
5618, 7
5619, 1
5620, 23
5621, 55
5622, 5
5623, 1
5624, 4
5625, 19
5626, 13
5627, 6
5628, 51
5629, 15
5630, 25
5631, 14
5632, 17
5633, 27
5634, 5
5635, 1
5636, 39
5637, 36
5638, 1
5639, 29
5640, 28
5641, 2
5642, 1
5643, 17
5644, 1
5645, 25
5646, 1
5647, 5
5648, 21
5649, 1
5650, 6
5651, 23
5652, 21
5653, 1
5654, 21
5655, 23
5656, 3
5657, 4
5658, 48
5659, 48
5660, 21
5661, 1
5662, 20
5663, 4
5664, 20
5665, 22
5666, 36
5667, 6
5668, 41
5669, 1
5670, 60
5671, 46
5672, 1
5673, 23
5674, 5
5675, 1
5676, 56
5677, 4
5678, 27
5679, 29
5680, 32
5681, 32
5682, 6
5683, 29
5684, 35
5685, 33
5686, 30
5687, 28
5688, 1
5689, 45
5690, 42
5691, 1
5692, 54
5693, 50
5694, 14
5695, 11
5696, 58
5697, 31
5698, 21
5699, 18
5700, 7
5701, 1
5702, 23
5703, 53
5704, 5
5705, 1
5706, 4
5707, 19
5708, 18
5709, 13
5710, 22
5711, 6
5712, 49
5713, 1
5714, 27
5715, 30
5716, 28
5717, 1
5718, 45
5719, 74
5720, 39
5721, 23
5722, 1
5723, 15
5724, 25
5725, 14
5726, 25
5727, 17
5728, 27
5729, 5
5730, 39
5731, 36
5732, 1
5733, 29
5734, 28
5735, 2
5736, 1
5737, 20
5738, 1
5739, 25
5740, 1
5741, 5
5742, 21
5743, 1
5744, 6
5745, 22
5746, 23
5747, 1
5748, 21
5749, 23
5750, 3
5751, 4
5752, 48
5753, 48
5754, 21
5755, 1
5756, 20
5757, 4
5758, 20
5759, 22
5760, 36
5761, 6
5762, 41
5763, 1
5764, 60
5765, 46
5766, 1
5767, 23
5768, 5
5769, 1
5770, 56
5771, 4
5772, 27
5773, 29
5774, 32
5775, 32
5776, 6
5777, 29
5778, 35
5779, 33
5780, 30
5781, 28
5782, 1
5783, 45
5784, 42
5785, 1
5786, 54
5787, 50
5788, 14
5789, 11
5790, 58
5791, 31
5792, 21
5793, 18
5794, 7
5795, 1
5796, 23
5797, 53
5798, 5
5799, 1
5800, 4
5801, 19
5802, 18
5803, 13
5804, 22
5805, 6
5806, 49
5807, 1
5808, 27
5809, 30
5810, 28
5811, 1
5812, 45
5813, 74
5814, 39
5815, 23
5816, 1
5817, 15
5818, 25
5819, 14
5820, 25
5821, 17
5822, 27
5823, 5
5824, 39
5825, 36
5826, 1
5827, 29
5828, 28
5829, 2
5830, 1
5831, 19
5832, 1
5833, 25
5834, 1
5835, 5
5836, 21
5837, 1
5838, 6
5839, 20
5840, 25
5841, 1
5842, 21
5843, 23
5844, 3
5845, 4
5846, 48
5847, 48
5848, 21
5849, 1
5850, 20
5851, 4
5852, 20
5853, 22
5854, 36
5855, 6
5856, 41
5857, 1
5858, 60
5859, 46
5860, 1
5861, 23
5862, 5
5863, 1
5864, 56
5865, 4
5866, 27
5867, 29
5868, 32
5869, 32
5870, 6
5871, 29
5872, 35
5873, 33
5874, 30
5875, 28
5876, 1
5877, 45
5878, 42
5879, 1
5880, 54
5881, 50
5882, 14
5883, 11
5884, 58
5885, 31
5886, 21
5887, 18
5888, 7
5889, 1
5890, 23
5891, 53
5892, 5
5893, 1
5894, 4
5895, 19
5896, 18
5897, 13
5898, 22
5899, 6
5900, 49
5901, 1
5902, 27
5903, 30
5904, 28
5905, 1
5906, 45
5907, 74
5908, 39
5909, 23
5910, 1
5911, 15
5912, 25
5913, 14
5914, 25
5915, 17
5916, 27
5917, 5
5918, 40
5919, 36
5920, 1
5921, 31
5922, 2
5923, 1
5924, 15
5925, 1
5926, 21
5927, 1
5928, 5
5929, 12
5930, 1
5931, 4
5932, 40
5933, 1
5934, 27
5935, 33
5936, 27
5937, 18
5938, 3
5939, 53
5940, 4
5941, 30
5942, 17
5943, 6
5944, 29
5945, 28
5946, 13
5947, 24
5948, 29
5949, 73
5950, 6
5951, 42
5952, 1
5953, 9
5954, 21
5955, 28
5956, 23
5957, 29
5958, 8
5959, 15
5960, 18
5961, 25
5962, 9
5963, 15
5964, 5
5965, 1
5966, 1
5967, 4
5968, 14
5969, 17
5970, 6
5971, 30
5972, 23
5973, 1
5974, 41
5975, 31
5976, 1
5977, 34
5978, 47
5979, 53
5980, 1
5981, 48
5982, 84
5983, 1
5984, 25
5985, 5
5986, 12
5987, 16
5988, 1
5989, 15
5990, 1
5991, 4
5992, 29
5993, 37
5994, 26
5995, 1
5996, 20
5997, 21
5998, 23
5999, 20
6000, 25
6001, 6
6002, 17
6003, 17
6004, 17
6005, 25
6006, 56
6007, 29
6008, 14
6009, 34
6010, 41
6011, 22
6012, 53
6013, 53
6014, 97
6015, 48
6016, 29
6017, 30
6018, 55
6019, 38
6020, 49
6021, 56
6022, 37
6023, 29
6024, 21
6025, 64
6026, 13
6027, 73
6028, 5
6029, 39
6030, 37
6031, 1
6032, 28
6033, 2
6034, 15
6035, 1
6036, 23
6037, 34
6038, 1
6039, 53
6040, 1
6041, 20
6042, 19
6043, 22
6044, 23
6045, 5
6046, 50
6047, 58
6048, 1
6049, 25
6050, 24
6051, 21
6052, 1
6053, 65
6054, 20
6055, 6
6056, 77
6057, 52
6058, 24
6059, 5
6060, 1
6061, 6
6062, 31
6063, 1
6064, 19
6065, 8
6066, 18
6067, 14
6068, 11
6069, 61
6070, 41
6071, 33
6072, 47
6073, 11
6074, 52
6075, 30
6076, 7
6077, 1
6078, 37
6079, 1
6080, 33
6081, 65
6082, 5
6083, 39
6084, 36
6085, 1
6086, 34
6087, 2
6088, 1
6089, 18
6090, 1
6091, 22
6092, 21
6093, 28
6094, 26
6095, 27
6096, 13
6097, 1
6098, 16
6099, 12
6100, 17
6101, 18
6102, 22
6103, 1
6104, 48
6105, 6
6106, 16
6107, 10
6108, 14
6109, 20
6110, 21
6111, 19
6112, 18
6113, 8
6114, 45
6115, 46
6116, 22
6117, 5
6118, 1
6119, 70
6120, 21
6121, 6
6122, 16
6123, 10
6124, 14
6125, 20
6126, 21
6127, 23
6128, 18
6129, 8
6130, 7
6131, 10
6132, 31
6133, 29
6134, 28
6135, 55
6136, 46
6137, 9
6138, 5
6139, 1
6140, 41
6141, 6
6142, 14
6143, 20
6144, 10
6145, 50
6146, 17
6147, 14
6148, 41
6149, 42
6150, 12
6151, 11
6152, 14
6153, 42
6154, 41
6155, 13
6156, 9
6157, 5
6158, 1
6159, 41
6160, 6
6161, 20
6162, 10
6163, 37
6164, 45
6165, 38
6166, 9
6167, 5
6168, 1
6169, 6
6170, 19
6171, 10
6172, 17
6173, 23
6174, 13
6175, 31
6176, 40
6177, 16
6178, 48
6179, 19
6180, 14
6181, 24
6182, 42
6183, 9
6184, 24
6185, 25
6186, 5
6187, 40
6188, 38
6189, 1
6190, 33
6191, 2
6192, 1
6193, 18
6194, 1
6195, 20
6196, 1
6197, 5
6198, 24
6199, 1
6200, 35
6201, 4
6202, 14
6203, 26
6204, 23
6205, 6
6206, 10
6207, 21
6208, 34
6209, 19
6210, 8
6211, 22
6212, 47
6213, 10
6214, 43
6215, 14
6216, 29
6217, 12
6218, 25
6219, 40
6220, 11
6221, 19
6222, 21
6223, 12
6224, 26
6225, 50
6226, 16
6227, 11
6228, 9
6229, 7
6230, 5
6231, 1
6232, 51
6233, 6
6234, 35
6235, 22
6236, 10
6237, 49
6238, 22
6239, 10
6240, 43
6241, 5
6242, 1
6243, 66
6244, 4
6245, 18
6246, 19
6247, 6
6248, 8
6249, 11
6250, 11
6251, 31
6252, 10
6253, 38
6254, 19
6255, 38
6256, 19
6257, 20
6258, 11
6259, 21
6260, 27
6261, 21
6262, 19
6263, 19
6264, 10
6265, 16
6266, 17
6267, 28
6268, 11
6269, 15
6270, 5
6271, 1
6272, 36
6273, 4
6274, 30
6275, 18
6276, 14
6277, 6
6278, 38
6279, 26
6280, 10
6281, 23
6282, 8
6283, 24
6284, 12
6285, 27
6286, 7
6287, 43
6288, 1
6289, 36
6290, 60
6291, 5
6292, 1
6293, 4
6294, 16
6295, 6
6296, 27
6297, 19
6298, 20
6299, 20
6300, 5
