1, 19
2, 1
3, 73
4, 1
5, 35
6, 23
7, 1
8, 16
9, 16
10, 1
11, 46
12, 1
13, 62
14, 1
15, 1
16, 17
17, 13
18, 19
19, 21
20, 0
21, 19
22, 16
23, 19
24, 46
25, 0
26, 8
27, 0
28, 31
29, 49
30, 26
31, 16
32, 10
33, 20
34, 18
35, 4
36, 28
37, 6
38, 16
39, 0
40, 21
41, 19
42, 1
43, 67
44, 1
45, 38
46, 22
47, 1
48, 16
49, 16
50, 1
51, 46
52, 1
53, 54
54, 1
55, 13
56, 13
57, 25
58, 21
59, 42
60, 0
61, 19
62, 21
63, 0
64, 20
65, 20
66, 0
67, 25
68, 23
69, 0
70, 10
71, 15
72, 18
73, 6
74, 6
75, 0
76, 38
77, 0
78, 13
79, 13
80, 0
81, 17
82, 19
83, 1
84, 76
85, 1
86, 43
87, 36
88, 0
89, 29
90, 40
91, 14
92, 69
93, 1
94, 43
95, 1
96, 13
97, 13
98, 4
99, 0
100, 50
101, 0
102, 13
103, 15
104, 31
105, 32
106, 17
107, 0
108, 8
109, 0
110, 47
111, 49
112, 27
113, 31
114, 0
115, 14
116, 34
117, 26
118, 0
119, 49
120, 31
121, 16
122, 0
123, 37
124, 17
125, 4
126, 64
127, 6
128, 16
129, 22
130, 0
131, 52
132, 27
133, 40
134, 31
135, 0
136, 38
137, 0
138, 20
139, 0
140, 19
141, 54
142, 51
143, 6
144, 41
145, 27
146, 17
147, 0
148, 19
149, 10
150, 13
151, 0
152, 52
153, 48
154, 0
155, 31
156, 55
157, 24
158, 77
159, 18
160, 0
161, 34
162, 21
163, 0
164, 37
165, 0
166, 33
167, 47
168, 63
169, 39
170, 0
171, 45
172, 0
173, 32
174, 45
175, 9
176, 20
177, 37
178, 35
179, 0
180, 38
181, 35
182, 6
183, 72
184, 22
185, 6
186, 0
187, 62
188, 41
189, 23
190, 38
191, 36
192, 1
193, 29
194, 40
195, 31
196, 14
197, 51
198, 40
199, 0
200, 16
201, 13
202, 0
203, 69
204, 24
205, 54
206, 0
207, 34
208, 16
209, 0
210, 35
211, 0
212, 24
213, 27
214, 0
215, 9
216, 36
217, 23
218, 21
219, 25
220, 6
221, 16
222, 12
223, 9
224, 6
225, 41
226, 12
227, 0
228, 11
229, 9
230, 58
231, 14
232, 11
233, 8
234, 16
235, 16
236, 14
237, 17
238, 14
239, 20
240, 6
241, 42
242, 6
243, 0
244, 48
245, 6
246, 30
247, 18
248, 61
249, 10
250, 6
251, 0
252, 15
253, 5
254, 16
255, 9
256, 19
257, 5
258, 6
259, 15
260, 35
261, 62
262, 0
263, 19
264, 20
265, 9
266, 6
267, 12
268, 20
269, 39
270, 36
271, 1
272, 61
273, 45
274, 50
275, 0
276, 16
277, 0
278, 13
279, 0
280, 35
281, 23
282, 24
283, 50
284, 44
285, 28
286, 33
287, 33
288, 77
289, 0
290, 8
291, 0
292, 50
293, 13
294, 24
295, 46
296, 50
297, 57
298, 33
299, 12
300, 12
301, 5
302, 3
303, 17
304, 17
305, 21
306, 6
307, 29
308, 21
309, 11
310, 23
311, 54
312, 5
313, 28
314, 6
315, 46
316, 33
317, 32
318, 4
319, 32
320, 6
321, 17
322, 16
323, 24
324, 16
325, 35
326, 6
327, 17
328, 26
329, 24
330, 10
331, 6
332, 26
333, 6
334, 28
335, 0
336, 20
337, 19
338, 1
339, 69
340, 1
341, 38
342, 36
343, 1
344, 56
345, 37
346, 1
347, 16
348, 16
349, 1
350, 46
351, 1
352, 54
353, 1
354, 5
355, 5
356, 21
357, 0
358, 13
359, 0
360, 13
361, 14
362, 21
363, 43
364, 33
365, 31
366, 32
367, 38
368, 49
369, 49
370, 49
371, 49
372, 49
373, 49
374, 37
375, 0
376, 9
377, 18
378, 8
379, 13
380, 32
381, 40
382, 48
383, 31
384, 31
385, 31
386, 32
387, 0
388, 29
389, 20
390, 20
391, 20
392, 20
393, 20
394, 20
395, 20
396, 20
397, 20
398, 20
399, 20
400, 20
401, 20
402, 20
403, 24
404, 0
405, 19
406, 16
407, 0
408, 0
409, 56
410, 0
411, 59
412, 0
413, 72
414, 0
415, 0
416, 8
417, 0
418, 34
419, 28
420, 26
421, 0
422, 30
423, 30
424, 0
425, 22
426, 0
427, 28
428, 44
429, 9
430, 12
431, 0
432, 10
433, 14
434, 16
435, 11
436, 6
437, 29
438, 0
439, 41
440, 44
441, 9
442, 11
443, 0
444, 20
445, 18
446, 14
447, 20
448, 21
449, 6
450, 6
451, 6
452, 0
453, 25
454, 0
455, 39
456, 34
457, 36
458, 44
459, 24
460, 18
461, 33
462, 29
463, 0
464, 31
465, 8
466, 2
467, 19
468, 23
469, 8
470, 4
471, 10
472, 6
473, 8
474, 27
475, 6
476, 24
477, 20
478, 6
479, 30
480, 0
481, 39
482, 34
483, 36
484, 33
485, 24
486, 28
487, 33
488, 29
489, 13
490, 0
491, 31
492, 28
493, 2
494, 19
495, 23
496, 8
497, 4
498, 10
499, 6
500, 8
501, 16
502, 5
503, 5
504, 18
505, 9
506, 6
507, 24
508, 20
509, 6
510, 0
511, 30
512, 0
513, 17
514, 39
515, 36
516, 1
517, 30
518, 49
519, 0
520, 13
521, 13
522, 0
523, 33
524, 31
525, 32
526, 0
527, 35
528, 40
529, 55
530, 0
531, 16
532, 21
533, 17
534, 0
535, 20
536, 23
537, 12
538, 27
539, 21
540, 0
541, 54
542, 26
543, 26
544, 26
545, 26
546, 26
547, 26
548, 26
549, 26
550, 26
551, 26
552, 26
553, 26
554, 26
555, 26
556, 26
557, 2
558, 0
559, 55
560, 37
561, 37
562, 37
563, 37
564, 2
565, 0
566, 38
567, 48
568, 48
569, 48
570, 48
571, 48
572, 48
573, 43
574, 0
575, 24
576, 12
577, 22
578, 0
579, 38
580, 33
581, 14
582, 4
583, 7
584, 6
585, 0
586, 41
587, 65
588, 72
589, 0
590, 8
591, 0
592, 55
593, 35
594, 39
595, 26
596, 44
597, 55
598, 31
599, 0
600, 27
601, 37
602, 24
603, 39
604, 40
605, 25
606, 0
607, 6
608, 7
609, 0
610, 22
611, 23
612, 0
613, 18
614, 17
615, 23
616, 16
617, 4
618, 10
619, 6
620, 0
621, 36
622, 17
623, 22
624, 18
625, 6
626, 15
627, 6
628, 21
629, 0
630, 42
631, 44
632, 61
633, 9
634, 15
635, 0
636, 8
637, 0
638, 26
639, 26
640, 43
641, 6
642, 0
643, 25
644, 62
645, 0
646, 5
647, 21
648, 45
649, 9
650, 6
651, 13
652, 6
653, 26
654, 0
655, 48
656, 61
657, 37
658, 24
659, 37
660, 41
661, 38
662, 18
663, 9
664, 0
665, 36
666, 0
667, 18
668, 0
669, 5
670, 11
671, 28
672, 20
673, 41
674, 9
675, 6
676, 0
677, 36
678, 0
679, 23
680, 24
681, 5
682, 4
683, 9
684, 6
685, 6
686, 15
687, 31
688, 6
689, 24
690, 0
691, 17
692, 19
693, 1
694, 68
695, 1
696, 35
697, 22
698, 1
699, 16
700, 16
701, 1
702, 46
703, 1
704, 62
705, 1
706, 17
707, 13
708, 19
709, 21
710, 0
711, 19
712, 16
713, 18
714, 22
715, 0
716, 8
717, 0
718, 31
719, 48
720, 24
721, 14
722, 9
723, 4
724, 29
725, 6
726, 17
727, 0
728, 21
729, 0
730, 19
731, 1
732, 71
733, 1
734, 38
735, 36
736, 1
737, 63
738, 1
739, 51
740, 1
741, 47
742, 1
743, 16
744, 13
745, 15
746, 29
747, 21
748, 19
749, 19
750, 8
751, 35
752, 6
753, 28
754, 20
755, 19
756, 1
757, 72
758, 1
759, 34
760, 22
761, 1
762, 16
763, 16
764, 1
765, 46
766, 1
767, 56
768, 1
769, 16
770, 13
771, 33
772, 31
773, 32
774, 32
775, 40
776, 20
777, 21
778, 16
779, 0
780, 19
781, 16
782, 21
783, 0
784, 0
785, 37
786, 18
787, 36
788, 0
789, 11
790, 20
791, 0
792, 28
793, 0
794, 15
795, 0
796, 8
797, 31
798, 26
799, 26
800, 31
801, 28
802, 22
803, 0
804, 23
805, 24
806, 41
807, 22
808, 10
809, 15
810, 0
811, 15
812, 6
813, 2
814, 15
815, 7
816, 11
817, 4
818, 12
819, 14
820, 9
821, 17
822, 11
823, 6
824, 6
825, 6
826, 5
827, 14
828, 2
829, 16
830, 38
831, 7
832, 6
833, 21
834, 13
835, 5
836, 7
837, 4
838, 10
839, 6
840, 6
841, 11
842, 6
843, 0
844, 20
845, 0
846, 20
847, 19
848, 1
849, 69
850, 1
851, 21
852, 23
853, 1
854, 16
855, 16
856, 1
857, 46
858, 1
859, 62
860, 1
861, 37
862, 1
863, 95
864, 1
865, 23
866, 1
867, 45
868, 1
869, 13
870, 13
871, 28
872, 17
873, 0
874, 22
875, 19
876, 1
877, 43
878, 36
879, 1
880, 29
881, 70
882, 20
883, 14
884, 28
885, 34
886, 1
887, 38
888, 0
889, 15
890, 13
891, 7
892, 56
893, 0
894, 37
895, 0
896, 19
897, 38
898, 38
899, 12
900, 0
901, 21
902, 7
903, 37
904, 45
905, 14
906, 0
907, 8
908, 0
909, 39
910, 32
911, 33
912, 0
913, 40
914, 35
915, 25
916, 0
917, 43
918, 45
919, 51
920, 46
921, 0
922, 29
923, 29
924, 0
925, 11
926, 16
927, 22
928, 6
929, 20
930, 6
931, 25
932, 0
933, 26
934, 39
935, 39
936, 0
937, 12
938, 0
939, 35
940, 2
941, 34
942, 28
943, 29
944, 58
945, 4
946, 41
947, 45
948, 4
949, 6
950, 37
951, 6
952, 18
953, 0
954, 29
955, 34
956, 0
957, 19
958, 19
959, 0
960, 71
961, 35
962, 0
963, 23
964, 33
965, 55
966, 2
967, 34
968, 29
969, 4
970, 6
971, 37
972, 6
973, 6
974, 6
975, 0
976, 11
977, 27
978, 0
979, 45
980, 31
981, 33
982, 52
983, 0
984, 15
985, 0
986, 5
987, 23
988, 48
989, 36
990, 9
991, 37
992, 6
993, 6
994, 30
995, 0
996, 34
997, 36
998, 38
999, 0
1000, 12
1001, 0
1002, 37
1003, 2
1004, 68
1005, 25
1006, 4
1007, 6
1008, 37
1009, 6
1010, 16
1011, 0
1012, 39
1013, 35
1014, 37
1015, 0
1016, 30
1017, 0
1018, 47
1019, 30
1020, 46
1021, 1
1022, 45
1023, 35
1024, 0
1025, 18
1026, 0
1027, 28
1028, 5
1029, 28
1030, 0
1031, 5
1032, 0
1033, 2
1034, 22
1035, 0
1036, 27
1037, 60
1038, 63
1039, 64
1040, 63
1041, 64
1042, 67
1043, 0
1044, 11
1045, 15
1046, 10
1047, 22
1048, 6
1049, 0
1050, 15
1051, 0
1052, 24
1053, 20
1054, 8
1055, 42
1056, 62
1057, 72
1058, 52
1059, 72
1060, 48
1061, 8
1062, 68
1063, 72
1064, 52
1065, 72
1066, 48
1067, 7
1068, 36
1069, 72
1070, 52
1071, 72
1072, 48
1073, 7
1074, 72
1075, 52
1076, 72
1077, 48
1078, 7
1079, 71
1080, 21
1081, 72
1082, 48
1083, 7
1084, 58
1085, 72
1086, 48
1087, 7
1088, 27
1089, 72
1090, 48
1091, 7
1092, 72
1093, 48
1094, 7
1095, 71
1096, 17
1097, 7
1098, 54
1099, 7
1100, 23
1101, 10
1102, 0
1103, 15
1104, 0
1105, 35
1106, 0
1107, 8
1108, 0
1109, 19
1110, 16
1111, 34
1112, 32
1113, 34
1114, 0
1115, 34
1116, 33
1117, 33
1118, 0
1119, 33
1120, 33
1121, 34
1122, 23
1123, 23
1124, 19
1125, 0
1126, 19
1127, 12
1128, 13
1129, 0
1130, 56
1131, 0
1132, 45
1133, 32
1134, 17
1135, 30
1136, 58
1137, 0
1138, 71
1139, 69
1140, 68
1141, 0
1142, 28
1143, 0
1144, 76
1145, 12
1146, 2
1147, 32
1148, 19
1149, 27
1150, 32
1151, 4
1152, 32
1153, 32
1154, 19
1155, 18
1156, 30
1157, 33
1158, 39
1159, 22
1160, 25
1161, 6
1162, 17
1163, 38
1164, 6
1165, 15
1166, 6
1167, 6
1168, 0
1169, 32
1170, 0
1171, 37
1172, 0
1173, 25
1174, 25
1175, 0
1176, 23
1177, 24
1178, 26
1179, 32
1180, 38
1181, 0
1182, 8
1183, 0
1184, 36
1185, 29
1186, 0
1187, 20
1188, 46
1189, 17
1190, 0
1191, 23
1192, 0
1193, 43
1194, 0
1195, 43
1196, 0
1197, 16
1198, 27
1199, 21
1200, 15
1201, 47
1202, 45
1203, 39
1204, 33
1205, 6
1206, 21
1207, 6
1208, 0
1209, 27
1210, 50
1211, 42
1212, 6
1213, 18
1214, 32
1215, 0
1216, 30
1217, 38
1218, 0
1219, 38
1220, 25
1221, 0
1222, 20
1223, 23
1224, 0
1225, 43
1226, 0
1227, 47
1228, 26
1229, 23
1230, 19
1231, 1
1232, 74
1233, 1
1234, 38
1235, 36
1236, 1
1237, 21
1238, 1
1239, 40
1240, 1
1241, 16
1242, 16
1243, 1
1244, 46
1245, 1
1246, 64
1247, 1
1248, 18
1249, 13
1250, 27
1251, 24
1252, 36
1253, 36
1254, 31
1255, 36
1256, 10
1257, 21
1258, 20
1259, 28
1260, 0
1261, 19
1262, 14
1263, 5
1264, 11
1265, 13
1266, 19
1267, 19
1268, 28
1269, 10
1270, 10
1271, 42
1272, 17
1273, 22
1274, 13
1275, 12
1276, 35
1277, 23
1278, 4
1279, 6
1280, 6
1281, 23
1282, 37
1283, 36
1284, 4
1285, 38
1286, 28
1287, 6
1288, 0
1289, 21
1290, 22
1291, 29
1292, 43
1293, 13
1294, 11
1295, 0
1296, 22
1297, 63
1298, 37
1299, 43
1300, 13
1301, 11
1302, 0
1303, 6
1304, 0
1305, 6
1306, 6
1307, 22
1308, 41
1309, 40
1310, 3
1311, 42
1312, 29
1313, 0
1314, 18
1315, 13
1316, 79
1317, 59
1318, 60
1319, 56
1320, 57
1321, 65
1322, 63
1323, 46
1324, 47
1325, 62
1326, 49
1327, 44
1328, 46
1329, 8
1330, 11
1331, 21
1332, 54
1333, 11
1334, 24
1335, 8
1336, 9
1337, 35
1338, 19
1339, 61
1340, 4
1341, 61
1342, 5
1343, 0
1344, 12
1345, 6
1346, 0
1347, 12
1348, 7
1349, 36
1350, 24
1351, 24
1352, 12
1353, 6
1354, 15
1355, 0
1356, 42
1357, 32
1358, 26
1359, 21
1360, 21
1361, 19
1362, 31
1363, 6
1364, 0
1365, 27
1366, 6
1367, 0
1368, 6
1369, 0
1370, 26
1371, 28
1372, 0
1373, 32
1374, 0
1375, 20
1376, 9
1377, 29
1378, 13
1379, 28
1380, 15
1381, 19
1382, 18
1383, 28
1384, 15
1385, 0
1386, 29
1387, 17
1388, 9
1389, 6
1390, 0
1391, 19
1392, 18
1393, 18
1394, 5
1395, 5
1396, 0
1397, 0
1398, 75
1399, 0
1400, 16
1401, 0
1402, 22
1403, 0
1404, 39
1405, 36
1406, 1
1407, 21
1408, 55
1409, 0
1410, 18
1411, 11
1412, 13
1413, 46
1414, 62
1415, 44
1416, 31
1417, 36
1418, 40
1419, 21
1420, 30
1421, 21
1422, 26
1423, 60
1424, 53
1425, 0
1426, 26
1427, 0
1428, 19
1429, 14
1430, 0
1431, 39
1432, 19
1433, 19
1434, 28
1435, 0
1436, 25
1437, 16
1438, 10
1439, 71
1440, 26
1441, 10
1442, 11
1443, 13
1444, 26
1445, 54
1446, 6
1447, 12
1448, 41
1449, 45
1450, 7
1451, 7
1452, 22
1453, 5
1454, 11
1455, 0
1456, 28
1457, 15
1458, 15
1459, 0
1460, 26
1461, 26
1462, 0
1463, 47
1464, 8
1465, 51
1466, 8
1467, 51
1468, 8
1469, 50
1470, 8
1471, 6
1472, 0
1473, 20
1474, 0
1475, 16
1476, 6
1477, 0
1478, 21
1479, 37
1480, 0
1481, 22
1482, 29
1483, 11
1484, 28
1485, 13
1486, 11
1487, 0
1488, 6
1489, 6
1490, 63
1491, 37
1492, 28
1493, 0
1494, 6
1495, 19
1496, 18
1497, 21
1498, 22
1499, 26
1500, 22
1501, 39
1502, 36
1503, 1
1504, 30
1505, 69
1506, 1
1507, 50
1508, 18
1509, 13
1510, 0
1511, 54
1512, 49
1513, 31
1514, 38
1515, 24
1516, 38
1517, 21
1518, 48
1519, 17
1520, 49
1521, 0
1522, 34
1523, 34
1524, 15
1525, 5
1526, 0
1527, 24
1528, 34
1529, 0
1530, 24
1531, 18
1532, 18
1533, 0
1534, 12
1535, 34
1536, 0
1537, 74
1538, 15
1539, 65
1540, 13
1541, 7
1542, 15
1543, 21
1544, 0
1545, 51
1546, 23
1547, 23
1548, 15
1549, 14
1550, 23
1551, 17
1552, 12
1553, 12
1554, 26
1555, 16
1556, 4
1557, 6
1558, 6
1559, 0
1560, 37
1561, 39
1562, 0
1563, 38
1564, 48
1565, 13
1566, 19
1567, 13
1568, 11
1569, 6
1570, 6
1571, 6
1572, 21
1573, 0
1574, 14
1575, 11
1576, 47
1577, 6
1578, 15
1579, 22
1580, 39
1581, 36
1582, 1
1583, 21
1584, 40
1585, 69
1586, 1
1587, 64
1588, 0
1589, 18
1590, 13
1591, 38
1592, 27
1593, 24
1594, 36
1595, 36
1596, 31
1597, 44
1598, 10
1599, 21
1600, 24
1601, 28
1602, 0
1603, 19
1604, 14
1605, 5
1606, 11
1607, 13
1608, 19
1609, 19
1610, 28
1611, 10
1612, 10
1613, 46
1614, 17
1615, 22
1616, 13
1617, 12
1618, 35
1619, 23
1620, 4
1621, 6
1622, 6
1623, 23
1624, 37
1625, 36
1626, 4
1627, 38
1628, 28
1629, 6
1630, 0
1631, 21
1632, 22
1633, 29
1634, 43
1635, 13
1636, 11
1637, 0
1638, 22
1639, 63
1640, 37
1641, 43
1642, 13
1643, 11
1644, 0
1645, 6
1646, 0
1647, 6
1648, 6
1649, 22
1650, 19
1651, 1
1652, 70
1653, 1
1654, 32
1655, 22
1656, 1
1657, 16
1658, 16
1659, 1
1660, 46
1661, 1
1662, 56
1663, 1
1664, 37
1665, 1
1666, 92
1667, 1
1668, 23
1669, 1
1670, 39
1671, 1
1672, 14
1673, 13
1674, 32
1675, 47
1676, 20
1677, 21
1678, 16
1679, 0
1680, 19
1681, 16
1682, 21
1683, 0
1684, 68
1685, 7
1686, 10
1687, 20
1688, 6
1689, 75
1690, 18
1691, 0
1692, 19
1693, 1
1694, 71
1695, 1
1696, 38
1697, 36
1698, 1
1699, 22
1700, 1
1701, 16
1702, 16
1703, 1
1704, 46
1705, 1
1706, 64
1707, 1
1708, 37
1709, 1
1710, 96
1711, 1
1712, 23
1713, 1
1714, 51
1715, 1
1716, 26
1717, 33
1718, 33
1719, 33
1720, 33
1721, 35
1722, 31
1723, 32
1724, 0
1725, 0
1726, 18
1727, 13
1728, 25
1729, 58
1730, 21
1731, 48
1732, 37
1733, 0
1734, 19
1735, 21
1736, 26
1737, 0
1738, 33
1739, 25
1740, 5
1741, 2
1742, 9
1743, 24
1744, 26
1745, 11
1746, 16
1747, 28
1748, 25
1749, 16
1750, 6
1751, 25
1752, 6
1753, 11
1754, 9
1755, 26
1756, 11
1757, 16
1758, 17
1759, 11
1760, 16
1761, 0
1762, 29
1763, 16
1764, 25
1765, 8
1766, 8
1767, 8
1768, 8
1769, 8
1770, 29
1771, 27
1772, 27
1773, 27
1774, 6
1775, 11
1776, 14
1777, 16
1778, 23
1779, 23
1780, 18
1781, 6
1782, 0
1783, 20
1784, 42
1785, 40
1786, 41
1787, 41
1788, 41
1789, 48
1790, 46
1791, 47
1792, 19
1793, 0
1794, 8
1795, 0
1796, 28
1797, 41
1798, 41
1799, 41
1800, 40
1801, 12
1802, 16
1803, 0
1804, 14
1805, 27
1806, 23
1807, 12
1808, 48
1809, 12
1810, 23
1811, 22
1812, 22
1813, 6
1814, 23
1815, 38
1816, 4
1817, 28
1818, 6
1819, 19
1820, 0
1821, 0
1822, 27
1823, 41
1824, 42
1825, 21
1826, 0
1827, 19
1828, 19
1829, 25
1830, 15
1831, 11
1832, 6
1833, 17
1834, 33
1835, 6
1836, 19
1837, 16
1838, 17
1839, 0
1840, 22
1841, 19
1842, 1
1843, 69
1844, 1
1845, 38
1846, 38
1847, 1
1848, 76
1849, 1
1850, 45
1851, 1
1852, 0
1853, 13
1854, 0
1855, 13
1856, 25
1857, 21
1858, 35
1859, 46
1860, 46
1861, 46
1862, 11
1863, 9
1864, 32
1865, 13
1866, 42
1867, 51
1868, 68
1869, 84
1870, 37
1871, 0
1872, 41
1873, 26
1874, 26
1875, 27
1876, 43
1877, 42
1878, 42
1879, 37
1880, 0
1881, 41
1882, 26
1883, 27
1884, 27
1885, 42
1886, 42
1887, 43
1888, 38
1889, 0
1890, 42
1891, 26
1892, 27
1893, 26
1894, 42
1895, 42
1896, 43
1897, 37
1898, 0
1899, 89
1900, 0
1901, 34
1902, 52
1903, 0
1904, 19
1905, 16
1906, 0
1907, 29
1908, 18
1909, 20
1910, 10
1911, 27
1912, 6
1913, 18
1914, 20
1915, 0
1916, 8
1917, 0
1918, 36
1919, 24
1920, 49
1921, 20
1922, 10
1923, 10
1924, 10
1925, 19
1926, 40
1927, 40
1928, 40
1929, 6
1930, 29
1931, 29
1932, 29
1933, 29
1934, 0
1935, 0
1936, 33
1937, 27
1938, 49
1939, 0
1940, 32
1941, 12
1942, 0
1943, 19
1944, 21
1945, 30
1946, 30
1947, 30
1948, 0
1949, 38
1950, 46
1951, 0
1952, 55
1953, 56
1954, 56
1955, 0
1956, 55
1957, 55
1958, 55
1959, 6
1960, 6
1961, 0
1962, 19
1963, 48
1964, 48
1965, 48
1966, 6
1967, 0
1968, 22
1969, 0
1970, 30
1971, 46
1972, 27
1973, 12
1974, 0
1975, 14
1976, 19
1977, 45
1978, 33
1979, 31
1980, 28
1981, 0
1982, 21
1983, 30
1984, 30
1985, 30
1986, 38
1987, 63
1988, 6
1989, 0
1990, 6
1991, 19
1992, 0
1993, 17
1994, 19
1995, 1
1996, 39
1997, 38
1998, 1
1999, 76
2000, 28
2001, 1
2002, 32
2003, 1
2004, 0
2005, 13
2006, 13
2007, 0
2008, 35
2009, 46
2010, 46
2011, 46
2012, 0
2013, 9
2014, 35
2015, 13
2016, 0
2017, 42
2018, 51
2019, 68
2020, 42
2021, 43
2022, 37
2023, 0
2024, 41
2025, 26
2026, 26
2027, 27
2028, 43
2029, 42
2030, 42
2031, 37
2032, 0
2033, 41
2034, 26
2035, 27
2036, 27
2037, 42
2038, 42
2039, 43
2040, 38
2041, 0
2042, 42
2043, 26
2044, 27
2045, 26
2046, 42
2047, 42
2048, 43
2049, 37
2050, 0
2051, 72
2052, 18
2053, 0
2054, 28
2055, 0
2056, 73
2057, 28
2058, 0
2059, 17
2060, 24
2061, 0
2062, 29
2063, 0
2064, 34
2065, 46
2066, 43
2067, 43
2068, 46
2069, 0
2070, 37
2071, 49
2072, 46
2073, 46
2074, 49
2075, 0
2076, 20
2077, 17
2078, 0
2079, 31
2080, 22
2081, 21
2082, 13
2083, 31
2084, 6
2085, 22
2086, 21
2087, 0
2088, 8
2089, 0
2090, 42
2091, 24
2092, 43
2093, 41
2094, 20
2095, 12
2096, 10
2097, 10
2098, 10
2099, 12
2100, 26
2101, 26
2102, 26
2103, 6
2104, 25
2105, 25
2106, 25
2107, 29
2108, 0
2109, 0
2110, 42
2111, 27
2112, 46
2113, 41
2114, 0
2115, 35
2116, 15
2117, 0
2118, 12
2119, 16
2120, 20
2121, 20
2122, 20
2123, 0
2124, 38
2125, 25
2126, 0
2127, 36
2128, 36
2129, 36
2130, 0
2131, 36
2132, 36
2133, 36
2134, 6
2135, 6
2136, 0
2137, 12
2138, 32
2139, 32
2140, 32
2141, 6
2142, 22
2143, 0
2144, 0
2145, 32
2146, 16
2147, 43
2148, 41
2149, 0
2150, 30
2151, 15
2152, 0
2153, 14
2154, 12
2155, 71
2156, 16
2157, 20
2158, 20
2159, 20
2160, 38
2161, 49
2162, 6
2163, 6
2164, 19
2165, 0
2166, 17
2167, 19
2168, 1
2169, 39
2170, 38
2171, 1
2172, 59
2173, 28
2174, 1
2175, 37
2176, 1
2177, 0
2178, 13
2179, 13
2180, 54
2181, 0
2182, 37
2183, 47
2184, 47
2185, 47
2186, 0
2187, 28
2188, 47
2189, 0
2190, 38
2191, 13
2192, 0
2193, 19
2194, 24
2195, 0
2196, 20
2197, 19
2198, 0
2199, 21
2200, 0
2201, 22
2202, 21
2203, 0
2204, 15
2205, 24
2206, 6
2207, 0
2208, 22
2209, 21
2210, 0
2211, 8
2212, 0
2213, 30
2214, 43
2215, 32
2216, 0
2217, 31
2218, 39
2219, 18
2220, 0
2221, 5
2222, 16
2223, 16
2224, 24
2225, 9
2226, 6
2227, 6
2228, 0
2229, 33
2230, 25
2231, 0
2232, 5
2233, 16
2234, 16
2235, 22
2236, 32
2237, 32
2238, 9
2239, 6
2240, 6
2241, 0
2242, 17
2243, 22
2244, 0
2245, 27
2246, 18
2247, 50
2248, 0
2249, 34
2250, 15
2251, 0
2252, 48
2253, 10
2254, 16
2255, 16
2256, 19
2257, 26
2258, 38
2259, 6
2260, 6
2261, 16
2262, 19
2263, 0
2264, 27
2265, 51
2266, 57
2267, 23
2268, 23
2269, 0
2270, 19
2271, 26
2272, 27
2273, 27
2274, 19
2275, 26
2276, 26
2277, 27
2278, 17
2279, 23
2280, 0
2281, 18
2282, 26
2283, 26
2284, 27
2285, 18
2286, 27
2287, 26
2288, 26
2289, 16
2290, 23
2291, 0
2292, 18
2293, 26
2294, 27
2295, 27
2296, 18
2297, 26
2298, 26
2299, 27
2300, 16
2301, 23
2302, 0
2303, 19
2304, 26
2305, 27
2306, 26
2307, 19
2308, 26
2309, 26
2310, 27
2311, 17
2312, 23
2313, 0
2314, 16
2315, 16
2316, 17
2317, 0
2318, 21
2319, 24
2320, 0
2321, 26
2322, 42
2323, 19
2324, 0
2325, 17
2326, 19
2327, 1
2328, 74
2329, 1
2330, 36
2331, 22
2332, 1
2333, 16
2334, 16
2335, 1
2336, 46
2337, 1
2338, 64
2339, 1
2340, 18
2341, 13
2342, 35
2343, 21
2344, 0
2345, 19
2346, 16
2347, 0
2348, 0
2349, 5
2350, 10
2351, 10
2352, 10
2353, 10
2354, 10
2355, 10
2356, 7
2357, 6
2358, 6
2359, 6
2360, 6
2361, 6
2362, 6
2363, 17
2364, 0
2365, 22
2366, 0
2367, 38
2368, 38
2369, 1
2370, 76
2371, 1
2372, 14
2373, 43
2374, 63
2375, 28
2376, 14
2377, 13
2378, 0
2379, 20
2380, 24
2381, 46
2382, 0
2383, 34
2384, 17
2385, 0
2386, 21
2387, 16
2388, 34
2389, 54
2390, 6
2391, 0
2392, 8
2393, 0
2394, 23
2395, 24
2396, 0
2397, 15
2398, 0
2399, 19
2400, 7
2401, 11
2402, 18
2403, 70
2404, 16
2405, 18
2406, 6
2407, 13
2408, 6
2409, 6
2410, 16
2411, 18
2412, 19
2413, 1
2414, 74
2415, 1
2416, 38
2417, 38
2418, 1
2419, 31
2420, 1
2421, 14
2422, 48
2423, 53
2424, 29
2425, 0
2426, 19
2427, 13
2428, 0
2429, 41
2430, 0
2431, 29
2432, 24
2433, 43
2434, 0
2435, 34
2436, 17
2437, 0
2438, 21
2439, 16
2440, 40
2441, 54
2442, 6
2443, 0
2444, 8
2445, 0
2446, 23
2447, 24
2448, 0
2449, 25
2450, 0
2451, 11
2452, 15
2453, 19
2454, 35
2455, 6
2456, 7
2457, 11
2458, 46
2459, 16
2460, 15
2461, 19
2462, 35
2463, 6
2464, 13
2465, 6
2466, 6
2467, 16
2468, 23
2469, 32
2470, 38
2471, 1
2472, 31
2473, 1
2474, 14
2475, 100
2476, 38
2477, 0
2478, 15
2479, 13
2480, 0
2481, 51
2482, 81
2483, 38
2484, 0
2485, 28
2486, 24
2487, 24
2488, 0
2489, 34
2490, 21
2491, 0
2492, 18
2493, 55
2494, 41
2495, 0
2496, 8
2497, 20
2498, 57
2499, 40
2500, 0
2501, 8
2502, 56
2503, 43
2504, 0
2505, 8
2506, 77
2507, 45
2508, 0
2509, 8
2510, 77
2511, 47
2512, 0
2513, 8
2514, 42
2515, 42
2516, 0
2517, 8
2518, 56
2519, 46
2520, 0
2521, 8
2522, 47
2523, 47
2524, 55
2525, 0
2526, 8
2527, 49
2528, 49
2529, 42
2530, 19
2531, 32
2532, 38
2533, 1
2534, 31
2535, 13
2536, 59
2537, 1
2538, 14
2539, 60
2540, 77
2541, 39
2542, 0
2543, 15
2544, 13
2545, 0
2546, 51
2547, 74
2548, 38
2549, 0
2550, 76
2551, 54
2552, 24
2553, 24
2554, 0
2555, 34
2556, 21
2557, 0
2558, 11
2559, 10
2560, 0
2561, 31
2562, 32
2563, 31
2564, 52
2565, 52
2566, 17
2567, 31
2568, 17
2569, 25
2570, 6
2571, 0
2572, 42
2573, 41
2574, 43
2575, 46
2576, 48
2577, 43
2578, 47
2579, 55
2580, 42
2581, 19
2582, 19
2583, 1
2584, 72
2585, 1
2586, 43
2587, 36
2588, 1
2589, 29
2590, 14
2591, 61
2592, 30
2593, 0
2594, 18
2595, 13
2596, 4
2597, 0
2598, 70
2599, 0
2600, 12
2601, 7
2602, 18
2603, 15
2604, 37
2605, 16
2606, 0
2607, 24
2608, 31
2609, 13
2610, 0
2611, 22
2612, 34
2613, 13
2614, 0
2615, 22
2616, 37
2617, 13
2618, 0
2619, 22
2620, 36
2621, 13
2622, 0
2623, 8
2624, 0
2625, 32
2626, 34
2627, 33
2628, 0
2629, 12
2630, 0
2631, 15
2632, 54
2633, 4
2634, 26
2635, 6
2636, 29
2637, 0
2638, 43
2639, 31
2640, 30
2641, 18
2642, 0
2643, 36
2644, 0
2645, 25
2646, 39
2647, 29
2648, 10
2649, 0
2650, 17
2651, 20
2652, 5
2653, 9
2654, 28
2655, 57
2656, 36
2657, 35
2658, 9
2659, 6
2660, 22
2661, 16
2662, 6
2663, 28
2664, 13
2665, 26
2666, 6
2667, 30
2668, 0
2669, 49
2670, 45
2671, 18
2672, 0
2673, 22
2674, 30
2675, 0
2676, 25
2677, 0
2678, 26
2679, 7
2680, 6
2681, 31
2682, 7
2683, 6
2684, 6
2685, 0
2686, 33
2687, 17
2688, 9
2689, 37
2690, 11
2691, 51
2692, 36
2693, 35
2694, 6
2695, 4
2696, 34
2697, 8
2698, 8
2699, 39
2700, 8
2701, 8
2702, 4
2703, 6
2704, 6
2705, 0
2706, 29
2707, 15
2708, 11
2709, 35
2710, 32
2711, 33
2712, 6
2713, 39
2714, 6
2715, 6
2716, 0
2717, 15
2718, 13
2719, 26
2720, 6
2721, 33
2722, 0
2723, 44
2724, 33
2725, 30
2726, 0
2727, 25
2728, 28
2729, 0
2730, 5
2731, 26
2732, 0
2733, 35
2734, 16
2735, 9
2736, 43
2737, 11
2738, 26
2739, 43
2740, 46
2741, 55
2742, 6
2743, 15
2744, 23
2745, 36
2746, 6
2747, 40
2748, 5
2749, 4
2750, 6
2751, 6
2752, 32
2753, 0
2754, 37
2755, 33
2756, 0
2757, 12
2758, 0
2759, 24
2760, 39
2761, 35
2762, 23
2763, 4
2764, 40
2765, 4
2766, 6
2767, 6
2768, 27
2769, 22
2770, 0
2771, 13
2772, 15
2773, 13
2774, 0
2775, 8
2776, 0
2777, 16
2778, 28
2779, 31
2780, 0
2781, 58
2782, 17
2783, 0
2784, 20
2785, 46
2786, 46
2787, 38
2788, 0
2789, 42
2790, 42
2791, 42
2792, 42
2793, 18
2794, 0
2795, 20
2796, 46
2797, 46
2798, 38
2799, 0
2800, 42
2801, 42
2802, 42
2803, 42
2804, 18
2805, 0
2806, 19
2807, 46
2808, 46
2809, 37
2810, 0
2811, 61
2812, 17
2813, 0
2814, 27
2815, 46
2816, 46
2817, 0
2818, 57
2819, 17
2820, 0
2821, 24
2822, 46
2823, 0
2824, 52
2825, 17
2826, 17
2827, 0
2828, 16
2829, 10
2830, 13
2831, 0
2832, 75
2833, 34
2834, 48
2835, 39
2836, 25
2837, 0
2838, 34
2839, 17
2840, 0
2841, 46
2842, 0
2843, 2
2844, 11
2845, 20
2846, 38
2847, 30
2848, 9
2849, 4
2850, 5
2851, 40
2852, 29
2853, 18
2854, 6
2855, 18
2856, 14
2857, 9
2858, 4
2859, 21
2860, 9
2861, 6
2862, 6
2863, 20
2864, 19
2865, 1
2866, 70
2867, 1
2868, 39
2869, 22
2870, 1
2871, 16
2872, 16
2873, 1
2874, 46
2875, 1
2876, 56
2877, 1
2878, 37
2879, 1
2880, 92
2881, 1
2882, 23
2883, 1
2884, 43
2885, 1
2886, 0
2887, 14
2888, 13
2889, 33
2890, 31
2891, 32
2892, 21
2893, 18
2894, 12
2895, 0
2896, 19
2897, 16
2898, 0
2899, 10
2900, 22
2901, 6
2902, 0
2903, 20
2904, 0
2905, 8
2906, 34
2907, 28
2908, 26
2909, 0
2910, 30
2911, 30
2912, 0
2913, 22
2914, 18
2915, 19
2916, 1
2917, 74
2918, 1
2919, 38
2920, 36
2921, 1
2922, 80
2923, 1
2924, 71
2925, 1
2926, 27
2927, 1
2928, 12
2929, 1
2930, 75
2931, 85
2932, 74
2933, 48
2934, 1
2935, 10
2936, 11
2937, 56
2938, 38
2939, 15
2940, 1
2941, 21
2942, 9
2943, 27
2944, 44
2945, 39
2946, 13
2947, 0
2948, 23
2949, 41
2950, 13
2951, 0
2952, 8
2953, 0
2954, 12
2955, 39
2956, 29
2957, 29
2958, 17
2959, 33
2960, 26
2961, 25
2962, 0
2963, 25
2964, 25
2965, 30
2966, 30
2967, 0
2968, 34
2969, 38
2970, 58
2971, 18
2972, 48
2973, 28
2974, 15
2975, 22
2976, 38
2977, 15
2978, 14
2979, 6
2980, 35
2981, 30
2982, 23
2983, 0
2984, 27
2985, 28
2986, 15
2987, 12
2988, 32
2989, 21
2990, 24
2991, 6
2992, 22
2993, 6
2994, 19
2995, 0
2996, 16
2997, 0
2998, 20
2999, 18
3000, 9
3001, 0
3002, 30
3003, 0
3004, 28
3005, 39
3006, 33
3007, 31
3008, 28
3009, 46
3010, 32
3011, 51
3012, 55
3013, 0
3014, 8
3015, 33
3016, 12
3017, 0
3018, 35
3019, 48
3020, 0
3021, 28
3022, 44
3023, 81
3024, 25
3025, 9
3026, 26
3027, 67
3028, 71
3029, 14
3030, 54
3031, 14
3032, 18
3033, 0
3034, 8
3035, 0
3036, 32
3037, 27
3038, 27
3039, 0
3040, 42
3041, 0
3042, 26
3043, 25
3044, 61
3045, 22
3046, 29
3047, 6
3048, 14
3049, 60
3050, 23
3051, 0
3052, 52
3053, 45
3054, 45
3055, 40
3056, 40
3057, 0
3058, 15
3059, 15
3060, 0
3061, 19
3062, 23
3063, 29
3064, 10
3065, 41
3066, 48
3067, 4
3068, 21
3069, 48
3070, 6
3071, 6
3072, 24
3073, 0
3074, 47
3075, 42
3076, 41
3077, 37
3078, 37
3079, 0
3080, 48
3081, 42
3082, 0
3083, 17
3084, 17
3085, 36
3086, 30
3087, 45
3088, 22
3089, 83
3090, 32
3091, 22
3092, 0
3093, 45
3094, 31
3095, 35
3096, 31
3097, 23
3098, 16
3099, 15
3100, 85
3101, 20
3102, 19
3103, 6
3104, 6
3105, 0
3106, 36
3107, 33
3108, 0
3109, 31
3110, 18
3111, 12
3112, 10
3113, 75
3114, 6
3115, 19
3116, 22
3117, 32
3118, 38
3119, 1
3120, 31
3121, 1
3122, 14
3123, 58
3124, 63
3125, 39
3126, 0
3127, 17
3128, 13
3129, 0
3130, 49
3131, 0
3132, 8
3133, 0
3134, 47
3135, 27
3136, 0
3137, 16
3138, 9
3139, 21
3140, 15
3141, 4
3142, 25
3143, 6
3144, 16
3145, 0
3146, 45
3147, 24
3148, 0
3149, 15
3150, 5
3151, 4
3152, 25
3153, 6
3154, 17
3155, 0
3156, 46
3157, 25
3158, 0
3159, 15
3160, 5
3161, 4
3162, 25
3163, 6
3164, 17
3165, 0
3166, 51
3167, 30
3168, 0
3169, 15
3170, 59
3171, 4
3172, 5
3173, 6
3174, 17
3175, 0
3176, 52
3177, 31
3178, 0
3179, 15
3180, 59
3181, 4
3182, 5
3183, 6
3184, 17
3185, 21
3186, 0
3187, 14
3188, 14
3189, 13
3190, 0
3191, 28
3192, 28
3193, 27
3194, 30
3195, 0
3196, 34
3197, 21
3198, 0
3199, 11
3200, 26
3201, 0
3202, 51
3203, 51
3204, 93
3205, 38
3206, 62
3207, 18
3208, 32
3209, 36
3210, 1
3211, 71
3212, 14
3213, 23
3214, 38
3215, 0
3216, 15
3217, 13
3218, 0
3219, 36
3220, 38
3221, 0
3222, 62
3223, 47
3224, 40
3225, 39
3226, 0
3227, 18
3228, 97
3229, 12
3230, 32
3231, 28
3232, 29
3233, 19
3234, 27
3235, 22
3236, 4
3237, 18
3238, 6
3239, 12
3240, 10
3241, 14
3242, 6
3243, 19
3244, 94
3245, 23
3246, 8
3247, 16
3248, 25
3249, 19
3250, 13
3251, 6
3252, 19
3253, 15
3254, 0
3255, 27
3256, 22
3257, 0
3258, 8
3259, 0
3260, 28
3261, 58
3262, 75
3263, 67
3264, 69
3265, 67
3266, 61
3267, 0
3268, 37
3269, 14
3270, 0
3271, 9
3272, 9
3273, 14
3274, 29
3275, 2
3276, 64
3277, 28
3278, 71
3279, 48
3280, 17
3281, 27
3282, 9
3283, 17
3284, 6
3285, 17
3286, 20
3287, 17
3288, 17
3289, 6
3290, 6
3291, 43
3292, 71
3293, 22
3294, 27
3295, 6
3296, 34
3297, 32
3298, 19
3299, 38
3300, 38
3301, 1
3302, 65
3303, 54
3304, 1
3305, 14
3306, 65
3307, 44
3308, 55
3309, 0
3310, 16
3311, 13
3312, 0
3313, 22
3314, 12
3315, 0
3316, 7
3317, 49
3318, 0
3319, 8
3320, 0
3321, 17
3322, 39
3323, 39
3324, 40
3325, 13
3326, 18
3327, 0
3328, 11
3329, 51
3330, 11
3331, 9
3332, 11
3333, 18
3334, 6
3335, 9
3336, 6
3337, 20
3338, 0
3339, 8
3340, 24
3341, 41
3342, 36
3343, 14
3344, 23
3345, 0
3346, 27
3347, 41
3348, 39
3349, 41
3350, 0
3351, 13
3352, 18
3353, 0
3354, 11
3355, 10
3356, 52
3357, 11
3358, 9
3359, 11
3360, 19
3361, 6
3362, 10
3363, 6
3364, 20
3365, 0
3366, 8
3367, 25
3368, 41
3369, 37
3370, 15
3371, 24
3372, 0
3373, 41
3374, 43
3375, 39
3376, 42
3377, 0
3378, 33
3379, 25
3380, 20
3381, 0
3382, 21
3383, 13
3384, 13
3385, 0
3386, 43
3387, 24
3388, 24
3389, 0
3390, 38
3391, 0
3392, 76
3393, 59
3394, 26
3395, 47
3396, 0
3397, 34
3398, 15
3399, 0
3400, 20
3401, 8
3402, 12
3403, 19
3404, 19
3405, 6
3406, 0
3407, 60
3408, 16
3409, 25
3410, 38
3411, 38
3412, 1
3413, 65
3414, 14
3415, 65
3416, 44
3417, 16
3418, 13
3419, 0
3420, 49
3421, 0
3422, 8
3423, 0
3424, 41
3425, 30
3426, 27
3427, 0
3428, 36
3429, 14
3430, 0
3431, 17
3432, 39
3433, 39
3434, 40
3435, 0
3436, 18
3437, 0
3438, 11
3439, 9
3440, 11
3441, 11
3442, 29
3443, 6
3444, 6
3445, 23
3446, 0
3447, 27
3448, 41
3449, 39
3450, 41
3451, 0
3452, 18
3453, 0
3454, 11
3455, 10
3456, 11
3457, 11
3458, 31
3459, 6
3460, 6
3461, 24
3462, 0
3463, 41
3464, 43
3465, 39
3466, 42
3467, 0
3468, 33
3469, 25
3470, 20
3471, 0
3472, 21
3473, 13
3474, 13
3475, 0
3476, 43
3477, 24
3478, 24
3479, 0
3480, 34
3481, 15
3482, 0
3483, 20
3484, 8
3485, 12
3486, 19
3487, 19
3488, 6
3489, 0
3490, 60
3491, 16
3492, 25
3493, 39
3494, 36
3495, 1
3496, 44
3497, 33
3498, 36
3499, 25
3500, 35
3501, 39
3502, 0
3503, 12
3504, 14
3505, 13
3506, 0
3507, 24
3508, 12
3509, 41
3510, 29
3511, 13
3512, 37
3513, 0
3514, 34
3515, 16
3516, 0
3517, 10
3518, 0
3519, 40
3520, 0
3521, 9
3522, 9
3523, 0
3524, 72
3525, 0
3526, 25
3527, 15
3528, 11
3529, 6
3530, 0
3531, 26
3532, 30
3533, 18
3534, 0
3535, 21
3536, 26
3537, 27
3538, 4
3539, 13
3540, 6
3541, 0
3542, 12
3543, 43
3544, 43
3545, 6
3546, 0
3547, 57
3548, 15
3549, 21
3550, 21
3551, 6
3552, 19
3553, 0
3554, 18
3555, 0
3556, 33
3557, 0
3558, 8
3559, 0
3560, 0
3561, 34
3562, 26
3563, 16
3564, 27
3565, 16
3566, 12
3567, 14
3568, 14
3569, 68
3570, 12
3571, 0
3572, 0
3573, 52
3574, 37
3575, 29
3576, 31
3577, 11
3578, 15
3579, 21
3580, 11
3581, 15
3582, 35
3583, 6
3584, 14
3585, 6
3586, 14
3587, 0
3588, 0
3589, 53
3590, 37
3591, 29
3592, 31
3593, 11
3594, 15
3595, 21
3596, 11
3597, 15
3598, 35
3599, 6
3600, 14
3601, 6
3602, 14
3603, 0
3604, 0
3605, 54
3606, 37
3607, 29
3608, 31
3609, 45
3610, 13
3611, 47
3612, 13
3613, 14
3614, 0
3615, 11
3616, 19
3617, 1
3618, 70
3619, 1
3620, 39
3621, 22
3622, 1
3623, 16
3624, 16
3625, 1
3626, 46
3627, 1
3628, 79
3629, 1
3630, 37
3631, 1
3632, 115
3633, 1
3634, 23
3635, 1
3636, 66
3637, 1
3638, 14
3639, 22
3640, 13
3641, 11
3642, 21
3643, 45
3644, 30
3645, 16
3646, 0
3647, 19
3648, 21
3649, 24
3650, 0
3651, 19
3652, 18
3653, 22
3654, 19
3655, 1
3656, 70
3657, 1
3658, 38
3659, 36
3660, 1
3661, 22
3662, 1
3663, 16
3664, 16
3665, 1
3666, 46
3667, 1
3668, 50
3669, 1
3670, 11
3671, 13
3672, 19
3673, 5
3674, 2
3675, 22
3676, 13
3677, 6
3678, 11
3679, 17
3680, 15
3681, 19
3682, 1
3683, 69
3684, 1
3685, 31
3686, 22
3687, 1
3688, 16
3689, 16
3690, 1
3691, 46
3692, 1
3693, 54
3694, 1
3695, 37
3696, 1
3697, 91
3698, 1
3699, 23
3700, 1
3701, 37
3702, 1
3703, 13
3704, 13
3705, 9
3706, 13
3707, 21
3708, 0
3709, 19
3710, 14
3711, 23
3712, 24
3713, 0
3714, 8
3715, 0
3716, 27
3717, 51
3718, 29
3719, 16
3720, 8
3721, 4
3722, 62
3723, 6
3724, 16
3725, 0
3726, 17
3727, 0
3728, 19
3729, 1
3730, 66
3731, 1
3732, 38
3733, 36
3734, 1
3735, 40
3736, 1
3737, 50
3738, 1
3739, 1
3740, 10
3741, 10
3742, 13
3743, 0
3744, 17
3745, 36
3746, 36
3747, 36
3748, 19
3749, 0
3750, 16
3751, 12
3752, 28
3753, 27
3754, 19
3755, 32
3756, 32
3757, 15
3758, 55
3759, 56
3760, 4
3761, 14
