1, 18
2, 6
3, 3
4, 61
5, 39
6, 23
7, 3
8, 22
9, 27
10, 35
11, 41
12, 2
13, 34
14, 16
15, 25
16, 3
17, 4
18, 41
19, 39
20, 31
21, 2
22, 24
23, 5
24, 2
25, 2
26, 35
27, 2
28, 42
29, 6
30, 31
31, 28
32, 13
33, 35
34, 3
35, 2
36, 37
37, 2
38, 4
39, 7
40, 41
41, 38
42, 1
43, 36
44, 28
45, 3
46, 1
47, 37
48, 2
49, 47
50, 27
51, 13
52, 17
53, 37
54, 35
55, 14
56, 2
57, 1
58, 33
59, 23
60, 79
61, 80
62, 2
63, 1
64, 15
65, 1
66, 34
67, 36
68, 31
69, 1
70, 47
71, 49
72, 41
73, 21
74, 1
75, 45
76, 1
77, 32
78, 3
79, 2
80, 15
81, 40
82, 5
83, 40
84, 31
85, 17
86, 41
87, 31
88, 17
89, 5
90, 4
91, 86
92, 4
93, 19
94, 22
95, 2
96, 31
97, 1
98, 52
99, 39
100, 3
101, 44
102, 38
103, 4
104, 42
105, 4
106, 26
107, 3
108, 1
109, 1
110, 20
111, 23
112, 20
113, 4
114, 63
115, 2
116, 1
117, 39
118, 56
119, 31
120, 2
121, 1
122, 39
123, 60
124, 31
125, 2
126, 1
127, 41
128, 58
129, 31
130, 2
131, 1
132, 25
133, 23
134, 27
135, 1
136, 1
137, 51
138, 89
139, 2
140, 1
141, 63
142, 82
143, 31
144, 2
145, 1
146, 62
147, 86
148, 31
149, 2
150, 1
151, 64
152, 82
153, 31
154, 2
155, 1
156, 62
157, 84
158, 31
159, 2
160, 1
161, 51
162, 49
163, 53
164, 49
165, 1
166, 1
167, 15
168, 26
169, 7
170, 25
171, 23
172, 53
173, 6
174, 4
175, 23
176, 31
177, 10
178, 1
179, 21
180, 53
181, 8
182, 4
183, 28
184, 42
185, 11
186, 1
187, 20
188, 40
189, 6
190, 10
191, 20
192, 40
193, 5
194, 7
195, 22
196, 40
197, 9
198, 4
199, 23
200, 57
201, 15
202, 2
203, 1
204, 1
205, 41
206, 1
207, 36
208, 31
209, 5
210, 7
211, 28
212, 53
213, 7
214, 1
215, 21
216, 74
217, 6
218, 4
219, 26
220, 40
221, 9
222, 2
223, 1
224, 1
225, 51
226, 73
227, 16
228, 60
229, 41
230, 2
231, 1
232, 1
233, 15
234, 1
235, 42
236, 42
237, 42
238, 42
239, 42
240, 1
241, 64
242, 64
243, 64
244, 64
245, 64
246, 1
247, 12
248, 26
249, 50
250, 50
251, 1
252, 50
253, 50
254, 2
255, 16
256, 3
257, 4
258, 4
259, 41
260, 38
261, 1
262, 29
263, 21
264, 4
265, 1
266, 34
267, 15
268, 20
269, 21
270, 21
271, 23
272, 16
273, 1
274, 28
275, 12
276, 1
277, 18
278, 28
279, 26
280, 5
281, 1
282, 18
283, 45
284, 19
285, 1
286, 42
287, 20
288, 31
289, 45
290, 11
291, 8
292, 1
293, 24
294, 30
295, 8
296, 49
297, 25
298, 26
299, 1
300, 24
301, 14
302, 20
303, 25
304, 30
305, 33
306, 40
307, 35
308, 14
309, 27
310, 30
311, 28
312, 30
313, 1
314, 45
315, 42
316, 11
317, 8
318, 1
319, 11
320, 46
321, 29
322, 17
323, 27
324, 39
325, 11
326, 30
327, 1
328, 38
329, 15
330, 21
331, 5
332, 2
333, 18
334, 44
335, 69
336, 2
337, 1
338, 21
339, 1
340, 34
341, 18
342, 34
343, 19
344, 24
345, 21
346, 24
347, 22
348, 29
349, 22
350, 16
351, 5
352, 36
353, 38
354, 12
355, 2
356, 1
357, 31
358, 1
359, 25
360, 27
361, 28
362, 31
363, 21
364, 1
365, 26
366, 23
367, 5
368, 1
369, 19
370, 2
371, 1
372, 47
373, 1
374, 44
375, 38
376, 4
377, 75
378, 3
379, 1
380, 23
381, 28
382, 47
383, 75
384, 8
385, 24
386, 82
387, 21
388, 79
389, 21
390, 15
391, 28
392, 91
393, 37
394, 69
395, 23
396, 15
397, 22
398, 20
399, 30
400, 95
401, 14
402, 26
403, 26
404, 8
405, 18
406, 23
407, 76
408, 16
409, 88
410, 34
411, 19
412, 45
413, 77
414, 18
415, 28
416, 78
417, 11
418, 8
419, 19
420, 2
421, 1
422, 15
423, 36
424, 56
425, 3
426, 1
427, 6
428, 34
429, 38
430, 1
431, 35
432, 26
433, 3
434, 1
435, 29
436, 1
437, 23
438, 21
439, 22
440, 1
441, 28
442, 22
443, 56
444, 2
445, 1
446, 39
447, 1
448, 38
449, 30
450, 35
451, 46
452, 5
453, 2
454, 1
455, 1
456, 29
457, 23
458, 21
459, 1
460, 34
461, 44
462, 5
463, 24
464, 2
465, 1
466, 38
467, 1
468, 28
469, 1
470, 1
471, 55
472, 26
473, 1
474, 55
475, 18
476, 54
477, 67
478, 21
479, 22
480, 5
481, 2
482, 1
483, 1
484, 47
485, 24
486, 62
487, 20
488, 46
489, 41
490, 56
491, 28
492, 15
493, 31
494, 45
495, 46
496, 8
497, 25
498, 5
499, 2
500, 1
501, 1
502, 49
503, 1
504, 12
505, 21
506, 21
507, 21
508, 21
509, 4
510, 21
511, 21
512, 21
513, 21
514, 21
515, 21
516, 21
517, 21
518, 21
519, 21
520, 20
521, 3
522, 1
523, 22
524, 32
525, 32
526, 32
527, 31
528, 3
529, 1
530, 7
531, 50
532, 50
533, 50
534, 50
535, 50
536, 50
537, 42
538, 1
539, 11
540, 1
541, 52
542, 1
543, 26
544, 34
545, 1
546, 59
547, 62
548, 75
549, 3
550, 6
551, 41
552, 38
553, 1
554, 35
555, 26
556, 20
557, 4
558, 1
559, 22
560, 22
561, 1
562, 14
563, 98
564, 30
565, 61
566, 5
567, 2
568, 1
569, 39
570, 1
571, 38
572, 17
573, 35
574, 29
575, 5
576, 2
577, 1
578, 1
579, 38
580, 1
581, 43
582, 16
583, 33
584, 41
585, 42
586, 17
587, 1
588, 17
589, 37
590, 35
591, 14
592, 33
593, 40
594, 27
595, 22
596, 14
597, 11
598, 27
599, 8
600, 18
601, 5
602, 1
603, 25
604, 21
605, 19
606, 41
607, 35
608, 14
609, 33
610, 40
611, 27
612, 22
613, 14
614, 11
615, 27
616, 8
617, 24
618, 35
619, 5
620, 1
621, 2
622, 1
623, 1
624, 35
625, 52
626, 20
627, 46
628, 40
629, 56
630, 28
631, 15
632, 31
633, 45
634, 46
635, 8
636, 25
637, 5
638, 2
639, 1
640, 1
641, 49
642, 1
643, 12
644, 16
645, 16
646, 16
647, 16
648, 1
649, 16
650, 16
651, 16
652, 16
653, 16
654, 16
655, 16
656, 16
657, 16
658, 16
659, 15
660, 3
661, 1
662, 22
663, 27
664, 27
665, 27
666, 26
667, 3
668, 1
669, 7
670, 50
671, 50
672, 50
673, 50
674, 50
675, 50
676, 42
677, 1
678, 11
679, 1
680, 52
681, 1
682, 22
683, 30
684, 1
685, 32
686, 29
687, 1
688, 35
689, 29
690, 1
691, 40
692, 37
693, 1
694, 18
695, 6
696, 3
697, 59
698, 36
699, 3
700, 19
701, 56
702, 2
703, 34
704, 15
705, 14
706, 3
707, 44
708, 38
709, 4
710, 30
711, 4
712, 28
713, 3
714, 1
715, 1
716, 39
717, 1
718, 19
719, 50
720, 1
721, 31
722, 3
723, 19
724, 7
725, 41
726, 39
727, 31
728, 2
729, 27
730, 5
731, 2
732, 2
733, 35
734, 2
735, 49
736, 2
737, 13
738, 15
739, 35
740, 2
741, 19
742, 2
743, 4
744, 19
745, 7
746, 41
747, 31
748, 2
749, 25
750, 5
751, 2
752, 2
753, 35
754, 2
755, 33
756, 28
757, 2
758, 30
759, 39
760, 34
761, 35
762, 17
763, 34
764, 9
765, 11
766, 74
767, 2
768, 4
769, 18
770, 6
771, 3
772, 60
773, 36
774, 3
775, 22
776, 20
777, 21
778, 1
779, 12
780, 27
781, 18
782, 60
783, 2
784, 1
785, 31
786, 24
787, 14
788, 1
789, 16
790, 15
791, 23
792, 10
793, 22
794, 24
795, 23
796, 17
797, 10
798, 7
799, 3
800, 10
801, 15
802, 21
803, 48
804, 8
805, 7
806, 27
807, 21
808, 19
809, 14
810, 16
811, 7
812, 3
813, 17
814, 6
815, 2
816, 1
817, 1
818, 34
819, 1
820, 27
821, 30
822, 2
823, 1
824, 3
825, 26
826, 41
827, 2
828, 3
829, 1
830, 20
831, 1
832, 29
833, 3
834, 16
835, 7
836, 24
837, 4
838, 6
839, 41
840, 38
841, 1
842, 36
843, 20
844, 23
845, 4
846, 1
847, 22
848, 22
849, 1
850, 36
851, 1
852, 15
853, 1
854, 41
855, 26
856, 26
857, 31
858, 32
859, 34
860, 40
861, 46
862, 1
863, 35
864, 1
865, 30
866, 20
867, 25
868, 16
869, 27
870, 15
871, 39
872, 47
873, 65
874, 16
875, 8
876, 5
877, 19
878, 28
879, 16
880, 5
881, 45
882, 19
883, 39
884, 47
885, 38
886, 21
887, 32
888, 29
889, 49
890, 58
891, 26
892, 5
893, 33
894, 2
895, 1
896, 46
897, 56
898, 41
899, 35
900, 40
901, 5
902, 14
903, 2
904, 1
905, 40
906, 64
907, 47
908, 20
909, 38
910, 2
911, 1
912, 4
913, 47
914, 4
915, 78
916, 22
917, 45
918, 16
919, 29
920, 11
921, 33
922, 52
923, 33
924, 20
925, 12
926, 11
927, 54
928, 51
929, 33
930, 20
931, 5
932, 23
933, 37
934, 42
935, 8
936, 5
937, 19
938, 2
939, 1
940, 1
941, 40
942, 27
943, 31
944, 2
945, 1
946, 1
947, 3
948, 4
949, 41
950, 38
951, 1
952, 36
953, 23
954, 3
955, 1
956, 36
957, 1
958, 15
959, 1
960, 15
961, 27
962, 27
963, 32
964, 33
965, 35
966, 41
967, 47
968, 3
969, 1
970, 42
971, 30
972, 1
973, 16
974, 23
975, 34
976, 24
977, 22
978, 29
979, 22
980, 16
981, 5
982, 20
983, 10
984, 2
985, 15
986, 11
987, 2
988, 1
989, 22
990, 22
991, 1
992, 12
993, 1
994, 24
995, 1
996, 37
997, 1
998, 58
999, 23
1000, 37
1001, 2
1002, 1
1003, 16
1004, 12
1005, 2
1006, 1
1007, 20
1008, 25
1009, 59
1010, 38
1011, 19
1012, 2
1013, 1
1014, 17
1015, 32
1016, 17
1017, 2
1018, 1
1019, 26
1020, 1
1021, 1
1022, 35
1023, 1
1024, 30
1025, 20
1026, 25
1027, 16
1028, 27
1029, 15
1030, 39
1031, 47
1032, 65
1033, 16
1034, 8
1035, 5
1036, 19
1037, 35
1038, 16
1039, 5
1040, 45
1041, 19
1042, 39
1043, 47
1044, 38
1045, 21
1046, 32
1047, 29
1048, 49
1049, 58
1050, 26
1051, 5
1052, 33
1053, 2
1054, 1
1055, 46
1056, 56
1057, 41
1058, 35
1059, 40
1060, 5
1061, 14
1062, 2
1063, 1
1064, 40
1065, 64
1066, 47
1067, 20
1068, 38
1069, 2
1070, 1
1071, 4
1072, 47
1073, 4
1074, 78
1075, 22
1076, 45
1077, 16
1078, 29
1079, 11
1080, 33
1081, 52
1082, 33
1083, 20
1084, 12
1085, 11
1086, 54
1087, 51
1088, 33
1089, 20
1090, 5
1091, 23
1092, 37
1093, 42
1094, 8
1095, 5
1096, 19
1097, 2
1098, 1
1099, 40
1100, 27
1101, 31
1102, 2
1103, 1
1104, 19
1105, 4
1106, 41
1107, 39
1108, 31
1109, 2
1110, 24
1111, 5
1112, 2
1113, 2
1114, 35
1115, 16
1116, 14
1117, 2
1118, 15
1119, 26
1120, 15
1121, 19
1122, 2
1123, 51
1124, 52
1125, 30
1126, 5
1127, 26
1128, 52
1129, 5
1130, 34
1131, 63
1132, 6
1133, 27
1134, 40
1135, 3
1136, 20
1137, 2
1138, 4
1139, 6
1140, 41
1141, 38
1142, 70
1143, 20
1144, 3
1145, 1
1146, 22
1147, 22
1148, 1
1149, 1
1150, 43
1151, 9
1152, 1
1153, 32
1154, 1
1155, 16
1156, 15
1157, 1
1158, 18
1159, 18
1160, 1
1161, 30
1162, 2
1163, 26
1164, 1
1165, 27
1166, 1
1167, 33
1168, 5
1169, 44
1170, 1
1171, 30
1172, 1
1173, 11
1174, 39
1175, 11
1176, 41
1177, 35
1178, 29
1179, 56
1180, 11
1181, 32
1182, 23
1183, 1
1184, 28
1185, 32
1186, 25
1187, 24
1188, 15
1189, 25
1190, 8
1191, 5
1192, 27
1193, 29
1194, 22
1195, 21
1196, 5
1197, 47
1198, 2
1199, 1
1200, 3
1201, 4
1202, 41
1203, 38
1204, 1
1205, 69
1206, 21
1207, 4
1208, 1
1209, 22
1210, 15
1211, 39
1212, 96
1213, 5
1214, 17
1215, 18
1216, 2
1217, 1
1218, 44
1219, 9
1220, 1
1221, 14
1222, 56
1223, 12
1224, 2
1225, 1
1226, 32
1227, 1
1228, 26
1229, 76
1230, 1
1231, 15
1232, 35
1233, 12
1234, 2
1235, 1
1236, 16
1237, 15
1238, 1
1239, 18
1240, 18
1241, 1
1242, 22
1243, 11
1244, 1
1245, 21
1246, 21
1247, 21
1248, 24
1249, 22
1250, 29
1251, 22
1252, 16
1253, 16
1254, 5
1255, 10
1256, 2
1257, 1
1258, 16
1259, 13
1260, 1
1261, 29
1262, 2
1263, 26
1264, 1
1265, 27
1266, 1
1267, 33
1268, 5
1269, 44
1270, 1
1271, 30
1272, 1
1273, 11
1274, 39
1275, 11
1276, 41
1277, 35
1278, 29
1279, 56
1280, 11
1281, 32
1282, 23
1283, 1
1284, 28
1285, 32
1286, 25
1287, 24
1288, 15
1289, 25
1290, 8
1291, 5
1292, 27
1293, 29
1294, 22
1295, 21
1296, 5
1297, 80
1298, 2
1299, 1
1300, 18
1301, 12
1302, 2
1303, 1
1304, 21
1305, 13
1306, 23
1307, 24
1308, 2
1309, 1
1310, 22
1311, 39
1312, 39
1313, 2
1314, 22
1315, 1
1316, 19
1317, 7
1318, 41
1319, 39
1320, 30
1321, 9
1322, 26
1323, 5
1324, 2
1325, 2
1326, 20
1327, 2
1328, 13
1329, 2
1330, 36
1331, 17
1332, 34
1333, 31
1334, 29
1335, 4
1336, 7
1337, 16
1338, 3
1339, 2
1340, 2
1341, 40
1342, 34
1343, 31
1344, 22
1345, 4
1346, 7
1347, 16
1348, 3
1349, 2
1350, 2
1351, 51
1352, 34
1353, 31
1354, 14
1355, 35
1356, 36
1357, 8
1358, 24
1359, 4
1360, 7
1361, 17
1362, 3
1363, 2
1364, 2
1365, 35
1366, 2
1367, 31
1368, 31
1369, 35
1370, 2
1371, 15
1372, 41
1373, 2
1374, 2
1375, 61
1376, 2
1377, 4
1378, 19
1379, 4
1380, 41
1381, 39
1382, 31
1383, 2
1384, 31
1385, 5
1386, 2
1387, 2
1388, 16
1389, 17
1390, 65
1391, 46
1392, 60
1393, 3
1394, 2
1395, 2
1396, 34
1397, 20
1398, 17
1399, 2
1400, 42
1401, 36
1402, 33
1403, 32
1404, 6
1405, 2
1406, 26
1407, 24
1408, 47
1409, 43
1410, 36
1411, 9
1412, 6
1413, 3
1414, 2
1415, 2
1416, 35
1417, 2
1418, 29
1419, 26
1420, 25
1421, 25
1422, 3
1423, 2
1424, 54
1425, 2
1426, 2
1427, 35
1428, 26
1429, 26
1430, 26
1431, 3
1432, 2
1433, 55
1434, 2
1435, 4
1436, 4
1437, 41
1438, 42
1439, 34
1440, 2
1441, 45
1442, 5
1443, 2
1444, 2
1445, 33
1446, 2
1447, 24
1448, 13
1449, 26
1450, 44
1451, 26
1452, 3
1453, 2
1454, 54
1455, 20
1456, 2
1457, 26
1458, 36
1459, 27
1460, 41
1461, 27
1462, 32
1463, 3
1464, 2
1465, 17
1466, 25
1467, 26
1468, 2
1469, 24
1470, 37
1471, 62
1472, 3
1473, 2
1474, 17
1475, 16
1476, 27
1477, 64
1478, 2
1479, 41
1480, 49
1481, 47
1482, 47
1483, 47
1484, 51
1485, 47
1486, 51
1487, 2
1488, 4
1489, 3
1490, 41
1491, 35
1492, 1
1493, 20
1494, 29
1495, 3
1496, 1
1497, 23
1498, 13
1499, 41
1500, 20
1501, 69
1502, 36
1503, 15
1504, 60
1505, 60
1506, 9
1507, 5
1508, 14
1509, 2
1510, 1
1511, 23
1512, 23
1513, 23
1514, 1
1515, 72
1516, 44
1517, 34
1518, 34
1519, 50
1520, 50
1521, 51
1522, 48
1523, 43
1524, 33
1525, 34
1526, 51
1527, 50
1528, 50
1529, 48
1530, 43
1531, 34
1532, 34
1533, 50
1534, 50
1535, 51
1536, 48
1537, 44
1538, 34
1539, 33
1540, 50
1541, 50
1542, 51
1543, 49
1544, 1
1545, 19
1546, 17
1547, 27
1548, 23
1549, 23
1550, 22
1551, 3
1552, 32
1553, 32
1554, 32
1555, 1
1556, 18
1557, 43
1558, 31
1559, 52
1560, 1
1561, 15
1562, 1
1563, 36
1564, 1
1565, 7
1566, 5
1567, 1
1568, 30
1569, 23
1570, 52
1571, 1
1572, 44
1573, 34
1574, 43
1575, 2
1576, 58
1577, 58
1578, 7
1579, 1
1580, 31
1581, 65
1582, 7
1583, 1
1584, 18
1585, 1
1586, 36
1587, 1
1588, 3
1589, 19
1590, 7
1591, 41
1592, 39
1593, 31
1594, 2
1595, 29
1596, 5
1597, 2
1598, 2
1599, 35
1600, 2
1601, 9
1602, 24
1603, 27
1604, 30
1605, 33
1606, 36
1607, 39
1608, 31
1609, 3
1610, 15
1611, 2
1612, 4
1613, 7
1614, 2
1615, 35
1616, 39
1617, 4
1618, 29
1619, 27
1620, 5
1621, 2
1622, 21
1623, 3
1624, 19
1625, 23
1626, 6
1627, 17
1628, 33
1629, 34
1630, 23
1631, 51
1632, 35
1633, 10
1634, 1
1635, 50
1636, 2
1637, 3
1638, 2
1639, 16
1640, 28
1641, 32
1642, 4
1643, 41
1644, 39
1645, 37
1646, 4
1647, 2
1648, 24
1649, 3
1650, 48
1651, 16
1652, 34
1653, 6
1654, 24
1655, 39
1656, 35
1657, 9
1658, 20
1659, 49
1660, 12
1661, 30
1662, 45
1663, 41
1664, 15
1665, 42
1666, 15
1667, 12
1668, 9
1669, 6
1670, 19
1671, 53
1672, 3
1673, 2
1674, 48
1675, 2
1676, 26
1677, 16
1678, 19
1679, 19
1680, 3
1681, 19
1682, 4
1683, 41
1684, 39
1685, 31
1686, 2
1687, 31
1688, 5
1689, 2
1690, 2
1691, 16
1692, 17
1693, 65
1694, 46
1695, 60
1696, 3
1697, 2
1698, 2
1699, 34
1700, 20
1701, 17
1702, 2
1703, 42
1704, 36
1705, 33
1706, 32
1707, 6
1708, 2
1709, 26
1710, 24
1711, 47
1712, 43
1713, 36
1714, 9
1715, 6
1716, 3
1717, 2
1718, 2
1719, 35
1720, 2
1721, 29
1722, 25
1723, 25
1724, 60
1725, 3
1726, 2
1727, 43
1728, 13
1729, 2
1730, 35
1731, 25
1732, 26
1733, 61
1734, 3
1735, 2
1736, 48
1737, 2
1738, 4
1739, 38
1740, 40
1741, 32
1742, 1
1743, 15
1744, 1
1745, 56
1746, 44
1747, 1
1748, 22
1749, 13
1750, 1
1751, 26
1752, 16
1753, 17
1754, 18
1755, 18
1756, 17
1757, 1
1758, 32
1759, 24
1760, 29
1761, 31
1762, 31
1763, 18
1764, 19
1765, 19
1766, 26
1767, 2
1768, 1
1769, 32
1770, 31
1771, 33
1772, 36
1773, 38
1774, 33
1775, 37
1776, 45
1777, 32
1778, 1
1779, 3
1780, 44
1781, 38
1782, 4
1783, 30
1784, 4
1785, 26
1786, 3
1787, 1
1788, 1
1789, 23
1790, 27
1791, 1
1792, 44
1793, 21
1794, 27
1795, 21
1796, 36
1797, 5
1798, 4
1799, 21
1800, 67
1801, 8
1802, 4
1803, 20
1804, 67
1805, 11
1806, 4
1807, 7
1808, 25
1809, 36
1810, 69
1811, 69
1812, 72
1813, 59
1814, 5
1815, 4
1816, 25
1817, 26
1818, 54
1819, 54
1820, 30
1821, 24
1822, 5
1823, 7
1824, 21
1825, 31
1826, 35
1827, 41
1828, 22
1829, 41
1830, 26
1831, 21
1832, 2
1833, 1
1834, 1
1835, 1
1836, 22
1837, 25
1838, 1
1839, 29
1840, 42
1841, 47
1842, 50
1843, 5
1844, 4
1845, 25
1846, 27
1847, 20
1848, 30
1849, 19
1850, 19
1851, 36
1852, 8
1853, 1
1854, 25
1855, 39
1856, 5
1857, 4
1858, 21
1859, 38
1860, 7
1861, 4
1862, 24
1863, 46
1864, 9
1865, 1
1866, 20
1867, 27
1868, 30
1869, 40
1870, 20
1871, 15
1872, 55
1873, 37
1874, 8
1875, 6
1876, 2
1877, 1
1878, 1
1879, 15
1880, 8
1881, 14
1882, 30
1883, 1
1884, 16
1885, 22
1886, 61
1887, 48
1888, 16
1889, 12
1890, 66
1891, 24
1892, 5
1893, 20
1894, 18
1895, 2
1896, 3
1897, 46
1898, 38
1899, 1
1900, 36
1901, 3
1902, 41
1903, 2
1904, 17
1905, 30
1906, 63
1907, 63
1908, 62
1909, 6
1910, 2
1911, 41
1912, 2
1913, 17
1914, 26
1915, 69
1916, 13
1917, 12
1918, 6
1919, 2
1920, 41
1921, 2
1922, 21
1923, 44
1924, 43
1925, 6
1926, 2
1927, 35
1928, 2
1929, 31
1930, 23
1931, 15
1932, 15
1933, 2
1934, 36
1935, 2
1936, 17
1937, 16
1938, 6
1939, 5
1940, 42
1941, 9
1942, 8
1943, 71
1944, 45
1945, 8
1946, 62
1947, 44
1948, 33
1949, 5
1950, 20
1951, 16
1952, 19
1953, 2
1954, 1
1955, 21
1956, 8
1957, 56
1958, 1
1959, 10
1960, 2
1961, 15
1962, 5
1963, 92
1964, 13
1965, 5
1966, 8
1967, 5
1968, 65
1969, 5
1970, 13
1971, 2
1972, 3
1973, 6
1974, 1
1975, 41
1976, 38
1977, 29
1978, 3
1979, 1
1980, 22
1981, 32
1982, 31
1983, 35
1984, 56
1985, 1
1986, 28
1987, 40
1988, 42
1989, 5
1990, 17
1991, 2
1992, 1
1993, 1
1994, 20
1995, 15
1996, 21
1997, 1
1998, 36
1999, 25
2000, 19
2001, 28
2002, 8
2003, 5
2004, 24
2005, 2
2006, 1
2007, 1
2008, 15
2009, 1
2010, 39
2011, 39
2012, 1
2013, 43
2014, 48
2015, 1
2016, 3
2017, 6
2018, 1
2019, 42
2020, 38
2021, 29
2022, 3
2023, 1
2024, 20
2025, 15
2026, 21
2027, 1
2028, 16
2029, 52
2030, 6
2031, 11
2032, 37
2033, 5
2034, 1
2035, 39
2036, 1
2037, 43
2038, 1
2039, 28
2040, 34
2041, 1
2042, 45
2043, 61
2044, 1
2045, 27
2046, 22
2047, 31
2048, 11
2049, 8
2050, 5
2051, 1
2052, 24
2053, 2
2054, 1
2055, 1
2056, 15
2057, 1
2058, 39
2059, 39
2060, 1
2061, 43
2062, 48
2063, 1
2064, 3
2065, 18
2066, 6
2067, 3
2068, 58
2069, 36
2070, 3
2071, 22
2072, 20
2073, 21
2074, 1
2075, 12
2076, 29
2077, 18
2078, 62
2079, 2
2080, 1
2081, 40
2082, 15
2083, 23
2084, 2
2085, 1
2086, 37
2087, 3
2088, 44
2089, 38
2090, 4
2091, 42
2092, 4
2093, 27
2094, 3
2095, 1
2096, 1
2097, 35
2098, 32
2099, 1
2100, 21
2101, 17
2102, 1
2103, 15
2104, 20
2105, 4
2106, 30
2107, 63
2108, 5
2109, 4
2110, 23
2111, 25
2112, 71
2113, 8
2114, 4
2115, 24
2116, 25
2117, 73
2118, 8
2119, 4
2120, 22
2121, 35
2122, 56
2123, 8
2124, 4
2125, 26
2126, 81
2127, 13
2128, 4
2129, 26
2130, 71
2131, 11
2132, 25
2133, 2
2134, 1
2135, 1
2136, 12
2137, 29
2138, 4
2139, 39
2140, 31
2141, 54
2142, 32
2143, 2
2144, 1
2145, 1
2146, 26
2147, 28
2148, 4
2149, 51
2150, 35
2151, 40
2152, 33
2153, 2
2154, 1
2155, 1
2156, 14
2157, 1
2158, 50
2159, 45
2160, 22
2161, 25
2162, 8
2163, 13
2164, 64
2165, 31
2166, 41
2167, 10
2168, 39
2169, 45
2170, 13
2171, 33
2172, 41
2173, 37
2174, 41
2175, 25
2176, 19
2177, 104
2178, 26
2179, 14
2180, 24
2181, 13
2182, 6
2183, 10
2184, 40
2185, 34
2186, 99
2187, 52
2188, 30
2189, 53
2190, 47
2191, 7
2192, 33
2193, 66
2194, 53
2195, 47
2196, 46
2197, 15
2198, 44
2199, 57
2200, 35
2201, 74
2202, 11
2203, 67
2204, 36
2205, 64
2206, 2
2207, 1
2208, 1
2209, 33
2210, 29
2211, 26
2212, 4
2213, 41
2214, 31
2215, 46
2216, 10
2217, 4
2218, 29
2219, 71
2220, 59
2221, 72
2222, 62
2223, 9
2224, 27
2225, 23
2226, 54
2227, 15
2228, 26
2229, 78
2230, 8
2231, 7
2232, 40
2233, 48
2234, 67
2235, 36
2236, 42
2237, 59
2238, 17
2239, 101
2240, 68
2241, 21
2242, 18
2243, 32
2244, 2
2245, 1
2246, 1
2247, 35
2248, 28
2249, 32
2250, 8
2251, 28
2252, 31
2253, 37
2254, 16
2255, 4
2256, 39
2257, 85
2258, 43
2259, 62
2260, 17
2261, 19
2262, 18
2263, 9
2264, 7
2265, 24
2266, 43
2267, 27
2268, 2
2269, 1
2270, 69
2271, 1
2272, 34
2273, 1
2274, 70
2275, 1
2276, 35
2277, 1
2278, 28
2279, 28
2280, 4
2281, 24
2282, 34
2283, 40
2284, 10
2285, 29
2286, 50
2287, 50
2288, 78
2289, 30
2290, 76
2291, 44
2292, 72
2293, 104
2294, 11
2295, 29
2296, 100
2297, 5
2298, 13
2299, 3
2300, 44
2301, 38
2302, 3
2303, 42
2304, 4
2305, 27
2306, 3
2307, 1
2308, 1
2309, 35
2310, 32
2311, 1
2312, 21
2313, 17
2314, 1
2315, 1
2316, 31
2317, 37
2318, 2
2319, 1
2320, 24
2321, 62
2322, 5
2323, 1
2324, 29
2325, 64
2326, 5
2327, 1
2328, 23
2329, 57
2330, 5
2331, 1
2332, 27
2333, 56
2334, 10
2335, 1
2336, 26
2337, 54
2338, 2
2339, 1
2340, 1
2341, 38
2342, 61
2343, 2
2344, 1
2345, 1
2346, 51
2347, 59
2348, 2
2349, 1
2350, 1
2351, 1
2352, 14
2353, 1
2354, 51
2355, 45
2356, 22
2357, 25
2358, 8
2359, 13
2360, 64
2361, 31
2362, 41
2363, 10
2364, 39
2365, 45
2366, 13
2367, 32
2368, 41
2369, 37
2370, 41
2371, 25
2372, 19
2373, 104
2374, 26
2375, 14
2376, 24
2377, 13
2378, 6
2379, 10
2380, 40
2381, 34
2382, 103
2383, 54
2384, 51
2385, 52
2386, 47
2387, 7
2388, 35
2389, 69
2390, 53
2391, 45
2392, 44
2393, 15
2394, 43
2395, 58
2396, 35
2397, 75
2398, 11
2399, 69
2400, 36
2401, 64
2402, 2
2403, 1
2404, 1
2405, 33
2406, 29
2407, 26
2408, 4
2409, 40
2410, 31
2411, 46
2412, 10
2413, 4
2414, 29
2415, 73
2416, 60
2417, 71
2418, 62
2419, 9
2420, 27
2421, 23
2422, 54
2423, 15
2424, 26
2425, 78
2426, 8
2427, 7
2428, 40
2429, 54
2430, 64
2431, 38
2432, 44
2433, 57
2434, 17
2435, 100
2436, 64
2437, 21
2438, 18
2439, 32
2440, 2
2441, 1
2442, 1
2443, 35
2444, 28
2445, 32
2446, 8
2447, 27
2448, 31
2449, 37
2450, 16
2451, 4
2452, 39
2453, 87
2454, 43
2455, 62
2456, 17
2457, 19
2458, 18
2459, 9
2460, 7
2461, 23
2462, 43
2463, 27
2464, 2
2465, 1
2466, 1
2467, 69
2468, 1
2469, 34
2470, 1
2471, 69
2472, 1
2473, 35
2474, 1
2475, 28
2476, 28
2477, 4
2478, 24
2479, 34
2480, 40
2481, 10
2482, 28
2483, 50
2484, 50
2485, 78
2486, 31
2487, 71
2488, 67
2489, 71
2490, 101
2491, 11
2492, 18
2493, 100
2494, 5
2495, 13
2496, 3
2497, 38
2498, 40
2499, 30
2500, 3
2501, 1
2502, 22
2503, 28
2504, 36
2505, 42
2506, 2
2507, 1
2508, 19
2509, 28
2510, 46
2511, 2
2512, 1
2513, 24
2514, 82
2515, 23
2516, 2
2517, 1
2518, 16
2519, 36
2520, 52
2521, 70
2522, 1
2523, 32
2524, 54
2525, 3
2526, 6
2527, 2
2528, 33
2529, 37
2530, 2
2531, 29
2532, 28
2533, 1
2534, 17
2535, 1
2536, 32
2537, 1
2538, 19
2539, 25
2540, 33
2541, 33
2542, 33
2543, 33
2544, 33
2545, 33
2546, 33
2547, 33
2548, 3
2549, 1
2550, 34
2551, 35
2552, 39
2553, 39
2554, 39
2555, 37
2556, 37
2557, 41
2558, 37
2559, 37
2560, 39
2561, 37
2562, 37
2563, 1
2564, 63
2565, 40
2566, 69
2567, 1
2568, 15
2569, 46
2570, 36
2571, 1
2572, 16
2573, 62
2574, 33
2575, 1
2576, 19
2577, 31
2578, 81
2579, 2
2580, 1
2581, 18
2582, 52
2583, 1
2584, 13
2585, 30
2586, 27
2587, 33
2588, 3
2589, 6
2590, 2
2591, 40
2592, 37
2593, 2
2594, 29
2595, 28
2596, 31
2597, 1
2598, 17
2599, 1
2600, 32
2601, 1
2602, 19
2603, 25
2604, 33
2605, 33
2606, 33
2607, 33
2608, 33
2609, 33
2610, 33
2611, 33
2612, 3
2613, 1
2614, 34
2615, 35
2616, 40
2617, 40
2618, 40
2619, 38
2620, 38
2621, 42
2622, 38
2623, 38
2624, 40
2625, 38
2626, 38
2627, 1
2628, 63
2629, 40
2630, 69
2631, 1
2632, 15
2633, 46
2634, 36
2635, 1
2636, 16
2637, 63
2638, 33
2639, 1
2640, 19
2641, 32
2642, 86
2643, 2
2644, 1
2645, 18
2646, 52
2647, 1
2648, 13
2649, 30
2650, 27
2651, 33
2652, 3
2653, 20
2654, 4
2655, 41
2656, 39
2657, 31
2658, 2
2659, 44
2660, 5
2661, 2
2662, 2
2663, 15
2664, 28
2665, 43
2666, 18
2667, 22
2668, 18
2669, 24
2670, 17
2671, 16
2672, 2
2673, 2
2674, 35
2675, 2
2676, 38
2677, 34
2678, 13
2679, 2
2680, 14
2681, 32
2682, 54
2683, 34
2684, 50
2685, 74
2686, 12
2687, 6
2688, 2
2689, 4
2690, 6
2691, 2
2692, 32
2693, 37
2694, 2
2695, 28
2696, 29
2697, 2
2698, 1
2699, 30
2700, 29
2701, 32
2702, 32
2703, 11
2704, 11
2705, 1
2706, 37
2707, 24
2708, 31
2709, 26
2710, 73
2711, 21
2712, 25
2713, 11
2714, 49
2715, 22
2716, 6
2717, 2
2718, 13
2719, 1
2720, 6
2721, 1
2722, 39
2723, 22
2724, 65
2725, 20
2726, 68
2727, 56
2728, 6
2729, 15
2730, 2
2731, 3
2732, 6
2733, 2
2734, 39
2735, 37
2736, 2
2737, 28
2738, 29
2739, 19
2740, 1
2741, 22
2742, 22
2743, 1
2744, 11
2745, 11
2746, 1
2747, 37
2748, 16
2749, 40
2750, 47
2751, 45
2752, 73
2753, 25
2754, 25
2755, 11
2756, 49
2757, 22
2758, 6
2759, 2
2760, 17
2761, 1
2762, 6
2763, 1
2764, 39
2765, 27
2766, 25
2767, 121
2768, 13
2769, 6
2770, 15
2771, 2
2772, 3
2773, 19
2774, 7
2775, 41
2776, 39
2777, 31
2778, 2
2779, 46
2780, 5
2781, 2
2782, 2
2783, 34
2784, 45
2785, 14
2786, 2
2787, 46
2788, 26
2789, 2
2790, 41
2791, 39
2792, 2
2793, 52
2794, 2
2795, 4
2796, 19
2797, 7
2798, 41
2799, 39
2800, 31
2801, 2
2802, 26
2803, 5
2804, 2
2805, 2
2806, 35
2807, 2
2808, 15
2809, 13
2810, 2
2811, 20
2812, 16
2813, 47
2814, 2
2815, 34
2816, 26
2817, 62
2818, 20
2819, 9
2820, 6
2821, 4
2822, 26
2823, 2
2824, 4
2825, 4
2826, 41
2827, 35
2828, 1
2829, 26
2830, 17
2831, 3
2832, 1
2833, 1
2834, 22
2835, 63
2836, 2
2837, 1
2838, 22
2839, 17
2840, 16
2841, 33
2842, 18
2843, 32
2844, 34
2845, 8
2846, 22
2847, 5
2848, 15
2849, 2
2850, 1
2851, 23
2852, 17
2853, 17
2854, 32
2855, 18
2856, 32
2857, 34
2858, 8
2859, 23
2860, 5
2861, 16
2862, 2
2863, 1
2864, 24
2865, 21
2866, 25
2867, 2
2868, 1
2869, 42
2870, 29
2871, 32
2872, 1
2873, 25
2874, 21
2875, 21
2876, 2
2877, 1
2878, 12
2879, 11
2880, 8
2881, 22
2882, 24
2883, 21
2884, 9
2885, 2
2886, 35
2887, 1
2888, 4
2889, 4
2890, 41
2891, 38
2892, 1
2893, 29
2894, 21
2895, 4
2896, 1
2897, 1
2898, 22
2899, 63
2900, 2
2901, 1
2902, 36
2903, 17
2904, 16
2905, 40
2906, 18
2907, 32
2908, 34
2909, 8
2910, 22
2911, 5
2912, 15
2913, 2
2914, 1
2915, 37
2916, 17
2917, 17
2918, 39
2919, 18
2920, 32
2921, 34
2922, 8
2923, 23
2924, 5
2925, 16
2926, 2
2927, 1
2928, 45
2929, 1
2930, 36
2931, 26
2932, 1
2933, 39
2934, 26
2935, 1
2936, 16
2937, 2
2938, 1
2939, 23
2940, 1
2941, 66
2942, 1
2943, 19
2944, 33
2945, 50
2946, 32
2947, 85
2948, 12
2949, 34
2950, 33
2951, 69
2952, 8
2953, 23
2954, 57
2955, 1
2956, 50
2957, 33
2958, 35
2959, 8
2960, 25
2961, 5
2962, 2
2963, 1
2964, 34
2965, 25
2966, 8
2967, 31
2968, 18
2969, 59
2970, 2
2971, 32
2972, 15
2973, 22
2974, 29
2975, 26
2976, 19
2977, 5
2978, 17
2979, 2
2980, 18
2981, 69
2982, 2
2983, 1
2984, 1
2985, 42
2986, 1
2987, 12
2988, 36
2989, 93
2990, 2
2991, 1
2992, 19
2993, 15
2994, 2
2995, 1
2996, 35
2997, 39
2998, 47
2999, 38
3000, 1
3001, 18
3002, 17
3003, 33
3004, 36
3005, 28
3006, 22
3007, 27
3008, 24
3009, 47
3010, 27
3011, 25
3012, 32
3013, 25
3014, 19
3015, 8
3016, 13
3017, 12
3018, 23
3019, 22
3020, 5
3021, 2
3022, 1
3023, 29
3024, 66
3025, 20
3026, 1
3027, 25
3028, 51
3029, 51
3030, 2
3031, 1
3032, 16
3033, 12
3034, 2
3035, 1
3036, 22
3037, 20
3038, 19
3039, 2
3040, 1
3041, 12
3042, 11
3043, 8
3044, 22
3045, 24
3046, 21
3047, 9
3048, 2
3049, 35
3050, 1
3051, 19
3052, 7
3053, 41
3054, 39
3055, 31
3056, 2
3057, 38
3058, 5
3059, 2
3060, 2
3061, 37
3062, 61
3063, 14
3064, 2
3065, 2
3066, 34
3067, 35
3068, 26
3069, 2
3070, 48
3071, 3
3072, 14
3073, 2
3074, 4
3075, 18
3076, 6
3077, 3
3078, 58
3079, 36
3080, 3
3081, 34
3082, 11
3083, 19
3084, 23
3085, 2
3086, 21
3087, 16
3088, 3
3089, 19
3090, 7
3091, 41
3092, 39
3093, 31
3094, 2
3095, 31
3096, 5
3097, 2
3098, 2
3099, 11
3100, 2
3101, 34
3102, 57
3103, 14
3104, 2
3105, 18
3106, 2
3107, 4
3108, 44
3109, 38
3110, 4
3111, 30
3112, 4
3113, 23
3114, 3
3115, 1
3116, 28
3117, 17
3118, 18
3119, 5
3120, 10
3121, 85
3122, 8
3123, 2
3124, 1
3125, 34
3126, 47
3127, 1
3128, 3
3129, 44
3130, 34
3131, 2
3132, 31
3133, 5
3134, 2
3135, 2
3136, 22
3137, 24
3138, 2
3139, 34
3140, 36
3141, 2
3142, 27
3143, 2
3144, 14
3145, 54
3146, 2
3147, 2
3148, 42
3149, 2
3150, 33
3151, 71
3152, 73
3153, 41
3154, 72
3155, 16
3156, 64
3157, 9
3158, 48
3159, 63
3160, 6
3161, 2
3162, 19
3163, 3
3164, 14
3165, 2
3166, 24
3167, 2
3168, 3
3169, 19
3170, 4
3171, 41
3172, 39
3173, 31
3174, 2
3175, 49
3176, 5
3177, 2
3178, 2
3179, 24
3180, 2
3181, 34
3182, 2
3183, 36
3184, 2
3185, 49
3186, 2
3187, 16
3188, 32
3189, 2
3190, 26
3191, 8
3192, 57
3193, 2
3194, 46
3195, 76
3196, 16
3197, 62
3198, 35
3199, 9
3200, 51
3201, 39
3202, 9
3203, 2
3204, 2
3205, 40
3206, 39
3207, 78
3208, 9
3209, 6
3210, 19
3211, 4
3212, 14
3213, 2
3214, 2
3215, 2
3216, 35
3217, 56
3218, 35
3219, 3
3220, 2
3221, 67
3222, 39
3223, 75
3224, 2
3225, 4
