1, 35
2, 38
3, 44
4, 3
5, 1
6, 19
7, 37
8, 35
9, 56
10, 5
11, 1
12, 35
13, 25
14, 36
15, 34
16, 1
17, 51
18, 15
19, 42
20, 31
21, 26
22, 5
23, 2
24, 35
25, 38
26, 44
27, 3
28, 1
29, 14
30, 37
31, 35
32, 17
33, 1
34, 33
35, 51
36, 1
37, 33
38, 44
39, 41
40, 25
41, 1
42, 46
43, 5
44, 1
45, 1
46, 51
47, 15
48, 42
49, 31
50, 26
51, 5
52, 2
53, 1
54, 1
55, 1
56, 34
57, 38
58, 1
59, 33
60, 26
61, 29
62, 30
63, 27
64, 3
65, 1
66, 62
67, 16
68, 2
69, 83
70, 45
71, 2
72, 62
73, 20
74, 2
75, 65
76, 20
77, 2
78, 1
79, 14
80, 42
81, 82
82, 17
83, 4
84, 2
85, 1
86, 21
87, 36
88, 55
89, 21
90, 40
91, 1
92, 54
93, 66
94, 1
95, 68
96, 42
97, 40
98, 15
99, 58
100, 21
101, 31
102, 15
103, 58
104, 8
105, 53
106, 6
107, 59
108, 4
109, 2
110, 34
111, 38
112, 1
113, 33
114, 26
115, 29
116, 48
117, 3
118, 1
119, 30
120, 1
121, 21
122, 53
123, 64
124, 1
125, 36
126, 55
127, 21
128, 38
129, 58
130, 1
131, 64
132, 41
133, 25
134, 32
135, 58
136, 78
137, 70
138, 67
139, 17
140, 6
141, 60
142, 4
143, 2
144, 1
145, 31
146, 36
147, 2
148, 1
149, 46
150, 45
151, 50
152, 8
153, 2
154, 1
155, 52
156, 70
157, 2
158, 14
159, 42
160, 73
161, 33
162, 4
163, 2
164, 1
165, 34
166, 38
167, 1
168, 33
169, 26
170, 29
171, 30
172, 3
173, 1
174, 21
175, 36
176, 55
177, 21
178, 38
179, 1
180, 54
181, 66
182, 1
183, 63
184, 41
185, 25
186, 32
187, 58
188, 20
189, 31
190, 15
191, 56
192, 8
193, 51
194, 17
195, 6
196, 59
197, 4
198, 2
199, 1
200, 52
201, 20
202, 18
203, 22
204, 34
205, 4
206, 2
207, 14
208, 42
209, 73
210, 33
211, 4
212, 2
213, 41
214, 38
215, 32
216, 80
217, 3
218, 3
219, 26
220, 28
221, 25
222, 1
223, 19
224, 3
225, 24
226, 33
227, 36
228, 34
229, 35
230, 3
231, 41
232, 3
233, 33
234, 35
235, 37
236, 3
237, 3
238, 60
239, 45
240, 21
241, 12
242, 5
243, 35
244, 16
245, 32
246, 48
247, 18
248, 8
249, 6
250, 5
251, 16
252, 26
253, 23
254, 13
255, 16
256, 11
257, 36
258, 36
259, 42
260, 43
261, 35
262, 21
263, 14
264, 12
265, 11
266, 32
267, 24
268, 33
269, 39
270, 26
271, 40
272, 41
273, 29
274, 49
275, 16
276, 21
277, 38
278, 39
279, 48
280, 30
281, 16
282, 42
283, 14
284, 12
285, 11
286, 10
287, 8
288, 6
289, 4
290, 3
291, 82
292, 21
293, 16
294, 13
295, 29
296, 16
297, 36
298, 45
299, 35
300, 34
301, 36
302, 31
303, 35
304, 28
305, 22
306, 42
307, 19
308, 10
309, 8
310, 6
311, 5
312, 51
313, 21
314, 38
315, 24
316, 28
317, 28
318, 28
319, 8
320, 41
321, 25
322, 30
323, 25
324, 28
325, 8
326, 39
327, 27
328, 27
329, 26
330, 28
331, 8
332, 26
333, 8
334, 6
335, 48
336, 4
337, 3
338, 44
339, 103
340, 38
341, 25
342, 25
343, 47
344, 30
345, 4
346, 2
347, 41
348, 38
349, 29
350, 26
351, 29
352, 3
353, 1
354, 1
355, 19
356, 24
357, 33
358, 36
359, 34
360, 35
361, 41
362, 35
363, 28
364, 43
365, 18
366, 30
367, 23
368, 24
369, 19
370, 37
371, 37
372, 25
373, 22
374, 26
375, 12
376, 17
377, 28
378, 8
379, 6
380, 4
381, 84
382, 24
383, 26
384, 31
385, 17
386, 6
387, 30
388, 25
389, 12
390, 33
391, 24
392, 31
393, 27
394, 19
395, 26
396, 39
397, 12
398, 10
399, 16
400, 65
401, 8
402, 6
403, 1
404, 63
405, 40
406, 42
407, 39
408, 39
409, 43
410, 45
411, 45
412, 42
413, 43
414, 44
415, 6
416, 4
417, 1
418, 41
419, 35
420, 65
421, 17
422, 32
423, 41
424, 18
425, 8
426, 59
427, 38
428, 20
429, 11
430, 8
431, 37
432, 80
433, 32
434, 4
435, 1
436, 34
437, 103
438, 38
439, 25
440, 25
441, 47
442, 31
443, 4
444, 2
445, 1
446, 1
447, 1
448, 41
449, 38
450, 1
451, 46
452, 45
453, 3
454, 1
455, 1
456, 31
457, 17
458, 1
459, 24
460, 62
461, 32
462, 56
463, 30
464, 26
465, 27
466, 27
467, 8
468, 29
469, 28
470, 24
471, 28
472, 8
473, 32
474, 25
475, 25
476, 30
477, 8
478, 6
479, 22
480, 48
481, 64
482, 10
483, 6
484, 4
485, 1
486, 21
487, 80
488, 82
489, 72
490, 4
491, 1
492, 38
493, 66
494, 67
495, 1
496, 35
497, 37
498, 30
499, 75
500, 8
501, 13
502, 79
503, 71
504, 15
505, 49
506, 31
507, 62
508, 62
509, 22
510, 32
511, 32
512, 12
513, 10
514, 8
515, 6
516, 4
517, 1
518, 68
519, 16
520, 12
521, 37
522, 8
523, 48
524, 6
525, 4
526, 1
527, 117
528, 43
529, 18
530, 30
531, 1
532, 39
533, 71
534, 23
535, 17
536, 34
537, 35
538, 20
539, 6
540, 35
541, 59
542, 4
543, 1
544, 42
545, 36
546, 62
547, 54
548, 1
549, 91
550, 12
551, 1
552, 67
553, 31
554, 39
555, 1
556, 24
557, 84
558, 1
559, 35
560, 1
561, 89
562, 12
563, 4
564, 1
565, 34
566, 19
567, 1
568, 58
569, 5
570, 16
571, 12
572, 1
573, 27
574, 63
575, 4
576, 2
577, 43
578, 38
579, 1
580, 33
581, 68
582, 3
583, 1
584, 37
585, 28
586, 26
587, 32
588, 2
589, 1
590, 52
591, 1
592, 81
593, 42
594, 21
595, 17
596, 1
597, 21
598, 21
599, 40
600, 27
601, 23
602, 27
603, 19
604, 8
605, 13
606, 30
607, 5
608, 1
609, 89
610, 2
611, 1
612, 50
613, 42
614, 19
615, 27
616, 1
617, 49
618, 31
619, 41
620, 15
621, 36
622, 34
623, 25
624, 35
625, 18
626, 102
627, 31
628, 30
629, 11
630, 1
631, 17
632, 8
633, 15
634, 2
635, 1
636, 21
637, 29
638, 1
639, 21
640, 24
641, 29
642, 8
643, 5
644, 1
645, 27
646, 18
647, 5
648, 2
649, 1
650, 55
651, 1
652, 24
653, 63
654, 35
655, 36
656, 36
657, 33
658, 29
659, 36
660, 36
661, 33
662, 38
663, 5
664, 1
665, 39
666, 38
667, 44
668, 69
669, 16
670, 47
671, 31
672, 30
673, 39
674, 61
675, 16
676, 5
677, 1
678, 35
679, 67
680, 21
681, 16
682, 32
683, 45
684, 42
685, 5
686, 1
687, 111
688, 1
689, 120
690, 1
691, 24
692, 31
693, 30
694, 33
695, 33
696, 29
697, 32
698, 33
699, 32
700, 35
701, 5
702, 1
703, 46
704, 58
705, 5
706, 2
707, 1
708, 35
709, 38
710, 44
711, 3
712, 1
713, 16
714, 1
715, 15
716, 15
717, 1
718, 37
719, 35
720, 1
721, 42
722, 26
723, 1
724, 45
725, 38
726, 5
727, 1
728, 1
729, 26
730, 24
731, 34
732, 12
733, 38
734, 1
735, 1
736, 30
737, 26
738, 52
739, 5
740, 1
741, 1
742, 30
743, 30
744, 52
745, 5
746, 1
747, 1
748, 32
749, 30
750, 37
751, 57
752, 8
753, 5
754, 1
755, 1
756, 43
757, 15
758, 42
759, 31
760, 26
761, 5
762, 1
763, 2
764, 1
765, 47
766, 47
767, 4
768, 35
769, 39
770, 4
771, 34
772, 5
773, 2
774, 17
775, 3
776, 23
777, 26
778, 2
779, 44
780, 23
781, 66
782, 5
783, 2
784, 35
785, 70
786, 2
787, 37
788, 74
789, 2
790, 40
791, 25
792, 36
793, 61
794, 5
795, 2
796, 60
797, 18
798, 19
799, 19
800, 15
801, 30
802, 64
803, 9
804, 7
805, 5
806, 2
807, 36
808, 5
809, 39
810, 2
811, 46
812, 61
813, 5
814, 3
815, 3
816, 34
817, 38
818, 3
819, 33
820, 4
821, 1
822, 16
823, 2
824, 36
825, 38
826, 21
827, 18
828, 19
829, 22
830, 23
831, 23
832, 46
833, 45
834, 44
835, 1
836, 62
837, 29
838, 24
839, 9
840, 19
841, 39
842, 15
843, 5
844, 19
845, 21
846, 8
847, 1
848, 16
849, 12
850, 55
851, 23
852, 26
853, 9
854, 27
855, 84
856, 15
857, 5
858, 20
859, 21
860, 8
861, 1
862, 45
863, 1
864, 57
865, 26
866, 16
867, 40
868, 14
869, 13
870, 1
871, 9
872, 21
873, 64
874, 15
875, 5
876, 23
877, 8
878, 6
879, 1
880, 60
881, 4
882, 2
883, 1
884, 41
885, 38
886, 27
887, 4
888, 1
889, 22
890, 1
891, 20
892, 41
893, 37
894, 20
895, 1
896, 67
897, 18
898, 35
899, 35
900, 35
901, 1
902, 37
903, 16
904, 38
905, 18
906, 24
907, 23
908, 30
909, 18
910, 10
911, 20
912, 16
913, 8
914, 20
915, 20
916, 15
917, 18
918, 8
919, 19
920, 6
921, 1
922, 20
923, 16
924, 16
925, 30
926, 26
927, 15
928, 8
929, 27
930, 24
931, 14
932, 22
933, 26
934, 28
935, 22
936, 17
937, 17
938, 10
939, 15
940, 8
941, 8
942, 6
943, 1
944, 46
945, 22
946, 18
947, 25
948, 18
949, 32
950, 31
951, 41
952, 20
953, 17
954, 10
955, 13
956, 29
957, 50
958, 25
959, 12
960, 26
961, 31
962, 32
963, 23
964, 19
965, 8
966, 4
967, 3
968, 78
969, 17
970, 14
971, 17
972, 37
973, 26
974, 24
975, 32
976, 34
977, 31
978, 20
979, 10
980, 38
981, 51
982, 38
983, 17
984, 10
985, 8
986, 4
987, 3
988, 44
989, 49
990, 16
991, 16
992, 6
993, 4
994, 1
995, 33
996, 26
997, 35
998, 1
999, 71
1000, 76
1001, 72
1002, 56
1003, 30
1004, 32
1005, 29
1006, 43
1007, 8
1008, 6
1009, 79
1010, 93
1011, 1
1012, 79
1013, 60
1014, 20
1015, 40
1016, 43
1017, 23
1018, 37
1019, 6
1020, 4
1021, 2
1022, 41
1023, 38
1024, 1
1025, 35
1026, 52
1027, 3
1028, 1
1029, 21
1030, 2
1031, 32
1032, 33
1033, 40
1034, 47
1035, 1
1036, 10
1037, 18
1038, 12
1039, 48
1040, 51
1041, 7
1042, 50
1043, 12
1044, 18
1045, 23
1046, 14
1047, 26
1048, 62
1049, 17
1050, 10
1051, 20
1052, 15
1053, 8
1054, 29
1055, 40
1056, 25
1057, 1
1058, 64
1059, 20
1060, 19
1061, 22
1062, 28
1063, 23
1064, 10
1065, 26
1066, 14
1067, 24
1068, 22
1069, 30
1070, 16
1071, 10
1072, 22
1073, 1
1074, 22
1075, 37
1076, 20
1077, 8
1078, 17
1079, 6
1080, 10
1081, 4
1082, 1
1083, 34
1084, 56
1085, 49
1086, 4
1087, 2
1088, 3
1089, 41
1090, 38
1091, 3
1092, 41
1093, 59
1094, 4
1095, 4
1096, 1
1097, 23
1098, 56
1099, 37
1100, 17
1101, 17
1102, 64
1103, 5
1104, 42
1105, 41
1106, 25
1107, 1
1108, 36
1109, 20
1110, 35
1111, 21
1112, 18
1113, 47
1114, 14
1115, 51
1116, 54
1117, 30
1118, 8
1119, 6
1120, 7
1121, 20
1122, 23
1123, 18
1124, 19
1125, 16
1126, 20
1127, 30
1128, 21
1129, 15
1130, 20
1131, 24
1132, 18
1133, 48
1134, 21
1135, 21
1136, 22
1137, 8
1138, 6
1139, 1
1140, 21
1141, 20
1142, 23
1143, 27
1144, 18
1145, 47
1146, 13
1147, 21
1148, 21
1149, 28
1150, 28
1151, 27
1152, 28
1153, 23
1154, 20
1155, 20
1156, 12
1157, 28
1158, 28
1159, 20
1160, 34
1161, 8
1162, 12
1163, 6
1164, 5
1165, 29
1166, 26
1167, 35
1168, 16
1169, 48
1170, 28
1171, 17
1172, 21
1173, 25
1174, 25
1175, 36
1176, 45
1177, 10
1178, 15
1179, 28
1180, 16
1181, 8
1182, 6
1183, 5
1184, 40
1185, 42
1186, 33
1187, 20
1188, 7
1189, 4
1190, 5
1191, 42
1192, 48
1193, 4
1194, 3
1195, 34
1196, 56
1197, 43
1198, 37
1199, 11
1200, 60
1201, 40
1202, 33
1203, 34
1204, 70
1205, 31
1206, 30
1207, 74
1208, 6
1209, 4
1210, 2
1211, 1
1212, 34
1213, 37
1214, 28
1215, 43
1216, 3
1217, 1
1218, 17
1219, 1
1220, 15
1221, 12
1222, 51
1223, 51
1224, 51
1225, 51
1226, 51
1227, 51
1228, 42
1229, 1
1230, 72
1231, 37
1232, 71
1233, 1
1234, 27
1235, 28
1236, 28
1237, 28
1238, 27
1239, 71
1240, 1
1241, 36
1242, 26
1243, 46
1244, 1
1245, 47
1246, 38
1247, 1
1248, 50
1249, 35
1250, 1
1251, 55
1252, 43
1253, 1
1254, 12
1255, 4
1256, 2
1257, 1
1258, 1
1259, 46
1260, 1
1261, 79
1262, 30
1263, 31
1264, 1
1265, 81
1266, 1
1267, 60
1268, 28
1269, 52
1270, 1
1271, 20
1272, 52
1273, 1
1274, 16
1275, 21
1276, 27
1277, 23
1278, 62
1279, 42
1280, 15
1281, 15
1282, 8
1283, 1
1284, 16
1285, 22
1286, 6
1287, 4
1288, 1
1289, 79
1290, 19
1291, 20
1292, 52
1293, 1
1294, 16
1295, 21
1296, 43
1297, 63
1298, 42
1299, 15
1300, 8
1301, 1
1302, 61
1303, 41
1304, 22
1305, 6
1306, 4
1307, 1
1308, 73
1309, 32
1310, 39
1311, 1
1312, 14
1313, 20
1314, 60
1315, 14
1316, 6
1317, 32
1318, 4
1319, 2
1320, 1
1321, 1
1322, 22
1323, 18
1324, 16
1325, 17
1326, 24
1327, 1
1328, 32
1329, 33
1330, 20
1331, 4
1332, 2
1333, 41
1334, 37
1335, 26
1336, 39
1337, 63
1338, 3
1339, 1
1340, 17
1341, 1
1342, 15
1343, 12
1344, 51
1345, 51
1346, 51
1347, 51
1348, 51
1349, 51
1350, 42
1351, 1
1352, 31
1353, 15
1354, 55
1355, 30
1356, 1
1357, 19
1358, 19
1359, 71
1360, 30
1361, 1
1362, 36
1363, 26
1364, 46
1365, 1
1366, 55
1367, 62
1368, 65
1369, 1
1370, 12
1371, 4
1372, 2
1373, 1
1374, 1
1375, 46
1376, 79
1377, 31
1378, 21
1379, 43
1380, 31
1381, 1
1382, 65
1383, 65
1384, 17
1385, 37
1386, 33
1387, 24
1388, 36
1389, 57
1390, 8
1391, 13
1392, 66
1393, 40
1394, 8
1395, 6
1396, 11
1397, 58
1398, 16
1399, 6
1400, 4
1401, 58
1402, 38
1403, 29
1404, 4
1405, 1
1406, 53
1407, 46
1408, 51
1409, 14
1410, 18
1411, 26
1412, 13
1413, 6
1414, 23
1415, 35
1416, 4
1417, 76
1418, 38
1419, 18
1420, 55
1421, 21
1422, 4
1423, 1
1424, 68
1425, 76
1426, 51
1427, 59
1428, 56
1429, 50
1430, 6
1431, 1
1432, 33
1433, 16
1434, 53
1435, 8
1436, 6
1437, 19
1438, 23
1439, 53
1440, 71
1441, 20
1442, 29
1443, 15
1444, 35
1445, 21
1446, 16
1447, 10
1448, 8
1449, 13
1450, 19
1451, 44
1452, 8
1453, 15
1454, 5
1455, 17
1456, 32
1457, 37
1458, 6
1459, 4
1460, 1
1461, 32
1462, 41
1463, 23
1464, 18
1465, 60
1466, 4
1467, 2
1468, 35
1469, 38
1470, 44
1471, 3
1472, 1
1473, 14
1474, 36
1475, 52
1476, 1
1477, 1
1478, 27
1479, 46
1480, 1
1481, 1
1482, 51
1483, 15
1484, 42
1485, 31
1486, 26
1487, 5
1488, 2
1489, 1
1490, 1
1491, 1
1492, 73
1493, 73
1494, 73
1495, 73
1496, 73
1497, 73
1498, 1
1499, 32
1500, 32
1501, 1
1502, 16
1503, 2
1504, 40
1505, 4
1506, 39
1507, 1
1508, 34
1509, 1
1510, 54
1511, 92
1512, 1
1513, 40
1514, 4
1515, 1
1516, 50
1517, 4
1518, 26
1519, 41
1520, 4
1521, 2
1522, 1
1523, 34
1524, 38
1525, 44
1526, 3
1527, 1
1528, 18
1529, 37
1530, 41
1531, 28
1532, 1
1533, 76
1534, 62
1535, 5
1536, 2
1537, 34
1538, 38
1539, 44
1540, 3
1541, 1
1542, 18
1543, 37
1544, 41
1545, 28
1546, 17
1547, 1
1548, 67
1549, 62
1550, 5
1551, 2
1552, 35
1553, 38
1554, 44
1555, 3
1556, 1
1557, 41
1558, 1
1559, 14
1560, 37
1561, 35
1562, 21
1563, 45
1564, 1
1565, 44
1566, 48
1567, 1
1568, 44
1569, 54
1570, 31
1571, 1
1572, 30
1573, 5
1574, 1
1575, 1
1576, 51
1577, 15
1578, 41
1579, 41
1580, 1
1581, 26
1582, 5
1583, 1
1584, 2
1585, 1
1586, 1
1587, 1
1588, 35
1589, 38
1590, 44
1591, 3
1592, 1
1593, 41
1594, 1
1595, 15
1596, 37
1597, 1
1598, 64
1599, 32
1600, 52
1601, 45
1602, 8
1603, 1
1604, 35
1605, 25
1606, 1
1607, 52
1608, 52
1609, 1
1610, 46
1611, 48
1612, 1
1613, 1
1614, 20
1615, 44
1616, 31
1617, 30
1618, 1
1619, 36
1620, 33
1621, 50
1622, 29
1623, 55
1624, 14
1625, 11
1626, 18
1627, 8
1628, 1
1629, 57
1630, 57
1631, 57
1632, 58
1633, 1
1634, 5
1635, 1
1636, 1
1637, 51
1638, 15
1639, 42
1640, 31
1641, 26
1642, 5
1643, 2
1644, 1
1645, 1
1646, 46
1647, 22
1648, 2
1649, 1
1650, 1
1651, 35
1652, 38
1653, 44
1654, 3
1655, 1
1656, 18
1657, 37
1658, 35
1659, 1
1660, 44
1661, 44
1662, 39
1663, 1
1664, 28
1665, 1
1666, 65
1667, 5
1668, 1
1669, 1
1670, 53
1671, 52
1672, 22
1673, 1
1674, 25
1675, 24
1676, 14
1677, 21
1678, 46
1679, 16
1680, 26
1681, 28
1682, 23
1683, 27
1684, 28
1685, 23
1686, 14
1687, 11
1688, 16
1689, 21
1690, 27
1691, 56
1692, 31
1693, 30
1694, 22
1695, 26
1696, 15
1697, 29
1698, 11
1699, 22
1700, 8
1701, 5
1702, 1
1703, 1
1704, 28
1705, 26
1706, 27
1707, 26
1708, 1
1709, 41
1710, 36
1711, 23
1712, 5
1713, 1
1714, 1
1715, 51
1716, 15
1717, 42
1718, 31
1719, 26
1720, 5
1721, 1
1722, 2
1723, 34
1724, 38
1725, 44
1726, 43
1727, 3
1728, 1
1729, 35
1730, 33
1731, 2
1732, 1
1733, 3
1734, 41
1735, 38
1736, 80
1737, 37
1738, 43
1739, 65
1740, 31
1741, 31
1742, 3
1743, 1
1744, 35
1745, 27
1746, 40
1747, 17
1748, 1
1749, 6
1750, 19
1751, 2
1752, 36
1753, 5
1754, 40
1755, 32
1756, 1
1757, 73
1758, 47
1759, 53
1760, 21
1761, 1
1762, 44
1763, 51
1764, 1
1765, 71
1766, 89
1767, 68
1768, 5
1769, 1
1770, 11
1771, 69
1772, 5
1773, 62
1774, 32
1775, 1
1776, 39
1777, 71
1778, 1
1779, 38
1780, 1
1781, 55
1782, 43
1783, 67
1784, 1
1785, 14
1786, 5
1787, 1
1788, 11
1789, 64
1790, 5
1791, 32
1792, 1
1793, 36
1794, 34
1795, 29
1796, 1
1797, 33
1798, 32
1799, 5
1800, 1
1801, 11
1802, 66
1803, 5
1804, 68
1805, 40
1806, 26
1807, 75
1808, 17
1809, 5
1810, 1
1811, 11
1812, 93
1813, 5
1814, 30
1815, 38
1816, 1
1817, 46
1818, 30
1819, 1
1820, 28
1821, 8
1822, 33
1823, 28
1824, 1
1825, 28
1826, 8
1827, 1
1828, 9
1829, 5
1830, 1
1831, 11
1832, 63
1833, 21
1834, 21
1835, 36
1836, 55
1837, 15
1838, 12
1839, 2
1840, 1
1841, 14
1842, 52
1843, 2
1844, 39
1845, 1
1846, 11
1847, 55
1848, 1
1849, 11
1850, 45
1851, 1
1852, 11
1853, 52
1854, 48
1855, 33
1856, 5
1857, 1
1858, 11
1859, 52
1860, 20
1861, 20
1862, 20
1863, 1
1864, 34
1865, 8
1866, 57
1867, 1
1868, 38
1869, 20
1870, 8
1871, 1
1872, 17
1873, 11
1874, 5
1875, 1
1876, 20
1877, 46
1878, 1
1879, 20
1880, 41
1881, 1
1882, 34
1883, 8
1884, 92
1885, 44
1886, 1
1887, 46
1888, 20
1889, 8
1890, 1
1891, 18
1892, 5
1893, 2
1894, 1
1895, 1
1896, 14
1897, 16
1898, 26
1899, 26
1900, 1
1901, 11
1902, 64
1903, 22
1904, 22
1905, 22
1906, 22
1907, 1
1908, 22
1909, 22
1910, 22
1911, 22
1912, 1
1913, 39
1914, 5
1915, 1
1916, 11
1917, 43
1918, 1
1919, 11
1920, 42
1921, 1
1922, 1
1923, 21
1924, 98
1925, 1
1926, 35
1927, 91
1928, 32
1929, 1
1930, 47
1931, 1
1932, 31
1933, 27
1934, 8
1935, 24
1936, 32
1937, 8
1938, 1
1939, 82
1940, 28
1941, 30
1942, 5
1943, 2
1944, 1
1945, 1
1946, 14
1947, 46
1948, 2
1949, 11
1950, 60
1951, 1
1952, 11
1953, 49
1954, 49
1955, 62
1956, 24
1957, 8
1958, 27
1959, 11
1960, 32
1961, 19
1962, 11
1963, 14
1964, 23
1965, 8
1966, 1
1967, 47
1968, 5
1969, 2
1970, 4
1971, 41
1972, 38
1973, 27
1974, 65
1975, 53
1976, 4
1977, 1
1978, 17
1979, 34
1980, 22
1981, 18
1982, 1
1983, 21
1984, 58
1985, 26
1986, 38
1987, 31
1988, 21
1989, 22
1990, 36
1991, 15
1992, 8
1993, 10
1994, 6
1995, 31
1996, 27
1997, 38
1998, 13
1999, 8
2000, 4
2001, 1
2002, 57
2003, 31
2004, 64
2005, 31
2006, 26
2007, 25
2008, 43
2009, 50
2010, 15
2011, 10
2012, 27
2013, 39
2014, 8
2015, 4
2016, 1
2017, 45
2018, 37
2019, 53
2020, 40
2021, 43
2022, 20
2023, 6
2024, 30
2025, 33
2026, 50
2027, 74
2028, 8
2029, 74
2030, 14
2031, 6
2032, 6
2033, 31
2034, 27
2035, 29
2036, 65
2037, 26
2038, 43
2039, 21
2040, 48
2041, 39
2042, 76
2043, 15
2044, 10
2045, 8
2046, 4
2047, 1
2048, 54
2049, 42
2050, 6
2051, 26
2052, 27
2053, 59
2054, 29
2055, 6
2056, 6
2057, 22
2058, 27
2059, 36
2060, 13
2061, 35
2062, 26
2063, 8
2064, 6
2065, 15
2066, 4
2067, 3
2068, 34
2069, 65
2070, 39
2071, 12
2072, 7
2073, 59
2074, 64
2075, 26
2076, 4
2077, 2
2078, 1
2079, 42
2080, 49
2081, 42
2082, 4
2083, 27
2084, 33
2085, 4
2086, 1
2087, 33
2088, 43
2089, 25
2090, 4
2091, 37
2092, 69
2093, 29
2094, 58
2095, 27
2096, 6
2097, 30
2098, 21
2099, 11
2100, 4
2101, 6
2102, 36
2103, 55
2104, 9
2105, 4
2106, 2
2107, 41
2108, 38
2109, 4
2110, 27
2111, 48
2112, 3
2113, 1
2114, 17
2115, 24
2116, 1
2117, 21
2118, 28
2119, 3
2120, 54
2121, 28
2122, 25
2123, 19
2124, 61
2125, 4
2126, 3
2127, 42
2128, 24
2129, 24
2130, 24
2131, 24
2132, 20
2133, 19
2134, 17
2135, 4
2136, 1
2137, 72
2138, 37
2139, 12
2140, 17
2141, 18
2142, 14
2143, 5
2144, 24
2145, 16
2146, 38
2147, 32
2148, 13
2149, 6
2150, 5
2151, 28
2152, 26
2153, 40
2154, 56
2155, 26
2156, 56
2157, 8
2158, 13
2159, 18
2160, 31
2161, 29
2162, 32
2163, 21
2164, 38
2165, 17
2166, 10
2167, 13
2168, 8
2169, 26
2170, 23
2171, 21
2172, 34
2173, 24
2174, 27
2175, 19
2176, 17
2177, 10
2178, 8
2179, 6
2180, 5
2181, 51
2182, 26
2183, 26
2184, 35
2185, 46
2186, 19
2187, 25
2188, 47
2189, 17
2190, 41
2191, 12
2192, 10
2193, 15
2194, 89
2195, 17
2196, 22
2197, 41
2198, 12
2199, 10
2200, 8
2201, 6
2202, 4
2203, 3
2204, 76
2205, 53
2206, 17
2207, 30
2208, 23
2209, 44
2210, 28
2211, 16
2212, 42
2213, 59
2214, 15
2215, 8
2216, 45
2217, 44
2218, 30
2219, 8
2220, 26
2221, 8
2222, 58
2223, 24
2224, 38
2225, 51
2226, 38
2227, 57
2228, 17
2229, 10
2230, 13
2231, 8
2232, 43
2233, 39
2234, 6
2235, 72
2236, 66
2237, 30
2238, 8
2239, 4
2240, 3
2241, 54
2242, 55
2243, 39
2244, 19
2245, 41
2246, 4
2247, 5
2248, 67
2249, 26
2250, 18
2251, 14
2252, 37
2253, 38
2254, 65
2255, 46
2256, 40
2257, 26
2258, 32
2259, 26
2260, 30
2261, 15
2262, 8
2263, 58
2264, 29
2265, 54
2266, 18
2267, 37
2268, 38
2269, 14
2270, 18
2271, 27
2272, 54
2273, 17
2274, 10
2275, 20
2276, 8
2277, 13
2278, 26
2279, 59
2280, 30
2281, 24
2282, 28
2283, 17
2284, 10
2285, 32
2286, 8
2287, 6
2288, 29
2289, 22
2290, 56
2291, 16
2292, 6
2293, 22
2294, 36
2295, 87
2296, 53
2297, 72
2298, 14
2299, 6
2300, 27
2301, 90
2302, 38
2303, 6
2304, 4
2305, 3
2306, 62
2307, 105
2308, 3
2309, 34
2310, 38
2311, 40
2312, 52
2313, 47
2314, 29
2315, 49
2316, 8
2317, 13
2318, 29
2319, 29
2320, 76
2321, 4
2322, 2
2323, 35
2324, 38
2325, 44
2326, 3
2327, 1
2328, 38
2329, 1
2330, 15
2331, 37
2332, 35
2333, 22
2334, 23
2335, 17
2336, 1
2337, 22
2338, 41
2339, 51
2340, 60
2341, 41
2342, 51
2343, 24
2344, 52
2345, 1
2346, 37
2347, 20
2348, 8
2349, 5
2350, 1
2351, 51
2352, 15
2353, 42
2354, 31
2355, 26
2356, 5
2357, 2
2358, 41
2359, 38
2360, 38
2361, 62
2362, 38
2363, 3
2364, 1
2365, 36
2366, 1
2367, 20
2368, 20
2369, 27
2370, 30
2371, 35
2372, 18
2373, 25
2374, 15
2375, 1
2376, 39
2377, 37
2378, 35
2379, 17
2380, 23
2381, 4
2382, 1
2383, 34
2384, 25
2385, 54
2386, 41
2387, 31
2388, 1
2389, 66
2390, 43
2391, 1
2392, 46
2393, 40
2394, 49
2395, 14
2396, 23
2397, 48
2398, 52
2399, 13
2400, 6
2401, 12
2402, 4
2403, 1
2404, 38
2405, 17
2406, 21
2407, 22
2408, 23
2409, 1
2410, 16
2411, 18
2412, 13
2413, 32
2414, 1
2415, 22
2416, 1
2417, 38
2418, 38
2419, 1
2420, 33
2421, 1
2422, 20
2423, 17
2424, 38
2425, 32
2426, 25
2427, 25
2428, 1
2429, 24
2430, 57
2431, 1
2432, 26
2433, 50
2434, 21
2435, 1
2436, 30
2437, 39
2438, 22
2439, 11
2440, 1
2441, 28
2442, 40
2443, 18
2444, 20
2445, 22
2446, 11
2447, 1
2448, 16
2449, 5
2450, 22
2451, 8
2452, 6
2453, 4
2454, 2
2455, 34
2456, 38
2457, 29
2458, 3
2459, 1
2460, 36
2461, 1
2462, 21
2463, 37
2464, 43
2465, 29
2466, 19
2467, 19
2468, 21
2469, 51
2470, 1
2471, 50
2472, 1
2473, 16
2474, 24
2475, 1
2476, 19
2477, 27
2478, 1
2479, 42
2480, 42
2481, 1
2482, 39
2483, 39
2484, 1
2485, 24
2486, 17
2487, 39
2488, 33
2489, 26
2490, 26
2491, 1
2492, 25
2493, 57
2494, 1
2495, 1
2496, 29
2497, 59
2498, 32
2499, 1
2500, 32
2501, 43
2502, 26
2503, 14
2504, 1
2505, 30
2506, 36
2507, 24
2508, 26
2509, 14
2510, 1
2511, 22
2512, 11
2513, 19
2514, 8
2515, 14
2516, 6
2517, 2
2518, 41
2519, 38
2520, 43
2521, 4
2522, 1
2523, 26
2524, 28
2525, 1
2526, 40
2527, 46
2528, 35
2529, 35
2530, 1
2531, 62
2532, 53
2533, 68
2534, 48
2535, 18
2536, 38
2537, 1
2538, 27
2539, 42
2540, 32
2541, 31
2542, 1
2543, 17
2544, 28
2545, 24
2546, 19
2547, 19
2548, 22
2549, 76
2550, 1
2551, 36
2552, 55
2553, 50
2554, 1
2555, 24
2556, 5
2557, 36
2558, 6
2559, 1
2560, 16
2561, 18
2562, 17
2563, 26
2564, 33
2565, 21
2566, 17
2567, 9
2568, 5
2569, 6
2570, 2
2571, 1
2572, 55
2573, 1
2574, 31
2575, 37
2576, 54
2577, 1
2578, 45
2579, 27
2580, 64
2581, 23
2582, 10
2583, 27
2584, 23
2585, 5
2586, 6
2587, 1
2588, 16
2589, 64
2590, 37
2591, 65
2592, 60
2593, 57
2594, 27
2595, 27
2596, 20
2597, 5
2598, 1
2599, 18
2600, 17
2601, 67
2602, 30
2603, 37
2604, 29
2605, 36
2606, 63
2607, 45
2608, 69
2609, 16
2610, 12
2611, 9
2612, 5
2613, 6
2614, 2
2615, 1
2616, 20
2617, 36
2618, 62
2619, 21
2620, 6
2621, 2
2622, 34
2623, 38
2624, 29
2625, 3
2626, 1
2627, 1
2628, 27
2629, 1
2630, 17
2631, 37
2632, 40
2633, 24
2634, 33
2635, 1
2636, 37
2637, 1
2638, 51
2639, 21
2640, 1
2641, 32
2642, 27
2643, 26
2644, 42
2645, 40
2646, 41
2647, 43
2648, 31
2649, 38
2650, 47
2651, 50
2652, 70
2653, 26
2654, 24
2655, 17
2656, 14
2657, 11
2658, 1
2659, 47
2660, 8
2661, 1
2662, 45
2663, 68
2664, 1
2665, 49
2666, 67
2667, 5
2668, 2
2669, 34
2670, 38
2671, 33
2672, 3
2673, 1
2674, 51
2675, 1
2676, 17
2677, 36
2678, 85
2679, 49
2680, 1
2681, 43
2682, 14
2683, 27
2684, 48
2685, 50
2686, 34
2687, 27
2688, 12
2689, 17
2690, 39
2691, 28
2692, 12
2693, 8
2694, 1
2695, 46
2696, 58
2697, 1
2698, 47
2699, 57
2700, 4
2701, 2
2702, 34
2703, 38
2704, 29
2705, 31
2706, 3
2707, 1
2708, 50
2709, 60
2710, 33
2711, 1
2712, 34
2713, 1
2714, 16
2715, 37
2716, 47
2717, 27
2718, 28
2719, 5
2720, 2
2721, 1
2722, 1
2723, 30
2724, 29
2725, 33
2726, 32
2727, 1
2728, 35
2729, 1
2730, 54
2731, 1
2732, 44
2733, 1
2734, 44
2735, 1
2736, 1
2737, 33
2738, 33
2739, 1
2740, 30
2741, 56
2742, 1
2743, 19
2744, 36
2745, 39
2746, 29
2747, 1
2748, 25
2749, 47
2750, 56
2751, 1
2752, 28
2753, 42
2754, 62
2755, 1
2756, 56
2757, 1
2758, 44
2759, 23
2760, 31
2761, 20
2762, 28
2763, 17
2764, 29
2765, 14
2766, 22
2767, 11
2768, 8
2769, 13
2770, 22
2771, 8
2772, 5
2773, 1
2774, 34
2775, 29
2776, 26
2777, 29
2778, 15
2779, 72
2780, 8
2781, 32
2782, 5
2783, 1
2784, 42
2785, 19
2786, 16
2787, 38
2788, 80
2789, 19
2790, 8
2791, 12
2792, 5
2793, 1
2794, 1
2795, 28
2796, 1
2797, 36
2798, 28
2799, 19
2800, 31
2801, 35
2802, 22
2803, 36
2804, 46
2805, 25
2806, 25
2807, 14
2808, 24
2809, 29
2810, 11
2811, 21
2812, 8
2813, 1
2814, 40
2815, 24
2816, 23
2817, 5
2818, 1
2819, 3
2820, 23
2821, 64
2822, 3
2823, 1
2824, 2
2825, 1
2826, 1
2827, 1
2828, 15
2829, 37
2830, 1
2831, 15
2832, 16
2833, 17
2834, 26
2835, 19
2836, 39
2837, 2
2838, 1
2839, 20
2840, 28
2841, 1
2842, 61
2843, 21
2844, 1
2845, 20
2846, 16
2847, 32
2848, 25
2849, 19
2850, 8
2851, 5
2852, 1
2853, 20
2854, 29
2855, 46
2856, 51
2857, 1
2858, 65
2859, 1
2860, 1
2861, 35
2862, 59
2863, 29
2864, 1
2865, 68
2866, 69
2867, 1
2868, 20
2869, 15
2870, 1
2871, 22
2872, 54
2873, 1
2874, 39
2875, 81
2876, 25
2877, 11
2878, 1
2879, 51
2880, 68
2881, 8
2882, 13
2883, 44
2884, 8
2885, 1
2886, 16
2887, 28
2888, 41
2889, 19
2890, 8
2891, 1
2892, 12
2893, 28
2894, 24
2895, 19
2896, 8
2897, 1
2898, 11
2899, 5
2900, 1
2901, 1
2902, 32
2903, 16
2904, 32
2905, 53
2906, 19
2907, 8
2908, 5
2909, 1
2910, 1
2911, 58
2912, 48
2913, 43
2914, 35
2915, 16
2916, 1
2917, 19
2918, 33
2919, 39
2920, 22
2921, 11
2922, 8
2923, 5
2924, 1
2925, 1
2926, 32
2927, 64
2928, 44
2929, 1
2930, 36
2931, 34
2932, 43
2933, 46
2934, 22
2935, 1
2936, 29
2937, 63
2938, 46
2939, 28
2940, 66
2941, 49
2942, 14
2943, 18
2944, 28
2945, 67
2946, 49
2947, 14
2948, 28
2949, 67
2950, 49
2951, 14
2952, 11
2953, 47
2954, 46
2955, 8
2956, 8
2957, 5
2958, 1
2959, 1
2960, 3
2961, 53
2962, 48
2963, 1
2964, 42
2965, 41
2966, 38
2967, 25
2968, 41
2969, 37
2970, 27
2971, 28
2972, 17
2973, 50
2974, 11
2975, 21
2976, 8
2977, 18
2978, 5
2979, 3
2980, 1
2981, 2
2982, 1
2983, 1
2984, 1
2985, 1
2986, 15
2987, 1
2988, 15
2989, 16
2990, 30
2991, 17
2992, 40
2993, 2
2994, 1
2995, 34
2996, 24
2997, 1
2998, 20
2999, 33
3000, 16
3001, 28
3002, 21
3003, 19
3004, 8
3005, 5
3006, 1
3007, 34
3008, 1
3009, 78
3010, 1
3011, 23
3012, 1
3013, 29
3014, 59
3015, 11
3016, 5
3017, 1
3018, 1
3019, 44
3020, 58
3021, 30
3022, 1
3023, 16
3024, 21
3025, 39
3026, 34
3027, 14
3028, 36
3029, 1
3030, 19
3031, 8
3032, 12
3033, 5
3034, 1
3035, 67
3036, 21
3037, 32
3038, 32
3039, 32
3040, 32
3041, 32
3042, 32
3043, 32
3044, 32
3045, 32
3046, 32
3047, 8
3048, 5
3049, 1
3050, 46
3051, 31
3052, 31
3053, 31
3054, 31
3055, 31
3056, 31
3057, 32
3058, 32
3059, 5
3060, 1
3061, 46
3062, 32
3063, 32
3064, 32
3065, 32
3066, 31
3067, 31
3068, 32
3069, 32
3070, 5
3071, 1
3072, 46
3073, 31
3074, 31
3075, 32
3076, 32
3077, 32
3078, 32
3079, 32
3080, 32
3081, 5
3082, 1
3083, 46
3084, 32
3085, 32
3086, 31
3087, 31
3088, 32
3089, 32
3090, 32
3091, 32
3092, 32
3093, 32
3094, 5
3095, 1
3096, 46
3097, 32
3098, 32
3099, 32
3100, 32
3101, 31
3102, 31
3103, 32
3104, 32
3105, 5
3106, 1
3107, 46
3108, 32
3109, 32
3110, 32
3111, 32
3112, 32
3113, 32
3114, 32
3115, 32
3116, 32
3117, 32
3118, 5
3119, 1
3120, 46
3121, 32
3122, 32
3123, 32
3124, 32
3125, 32
3126, 32
3127, 32
3128, 32
3129, 5
3130, 1
3131, 46
3132, 32
3133, 32
3134, 32
3135, 32
3136, 32
3137, 32
3138, 32
3139, 32
3140, 5
3141, 1
3142, 46
3143, 31
3144, 31
3145, 31
3146, 31
3147, 32
3148, 32
3149, 31
3150, 31
3151, 5
3152, 1
3153, 46
3154, 31
3155, 31
3156, 31
3157, 31
3158, 32
3159, 32
3160, 31
3161, 31
3162, 32
3163, 32
3164, 5
3165, 1
3166, 3
3167, 21
3168, 35
3169, 41
3170, 47
3171, 25
3172, 50
3173, 37
3174, 27
3175, 28
3176, 17
3177, 56
3178, 65
3179, 17
3180, 11
3181, 21
3182, 8
3183, 18
3184, 5
3185, 3
3186, 2
3187, 1
3188, 1
3189, 1
3190, 1
3191, 1
3192, 14
3193, 1
3194, 14
3195, 26
3196, 26
3197, 26
3198, 1
3199, 17
3200, 2
3201, 1
3202, 22
3203, 22
3204, 1
3205, 30
3206, 33
3207, 2
3208, 1
3209, 1
3210, 1
3211, 1
3212, 19
3213, 1
3214, 54
3215, 47
3216, 24
3217, 1
3218, 33
3219, 30
3220, 1
3221, 39
3222, 31
3223, 14
3224, 23
3225, 1
3226, 19
3227, 34
3228, 52
3229, 60
3230, 22
3231, 11
3232, 1
3233, 28
3234, 5
3235, 2
3236, 1
3237, 1
3238, 1
3239, 1
3240, 19
3241, 1
3242, 37
3243, 47
3244, 1
3245, 16
3246, 31
3247, 36
3248, 27
3249, 1
3250, 26
3251, 34
3252, 26
3253, 1
3254, 27
3255, 36
3256, 27
3257, 5
3258, 1
3259, 18
3260, 30
3261, 35
3262, 36
3263, 35
3264, 35
3265, 36
3266, 27
3267, 5
3268, 2
3269, 35
3270, 38
3271, 44
3272, 3
3273, 1
3274, 18
3275, 37
3276, 35
3277, 26
3278, 1
3279, 37
3280, 77
3281, 1
3282, 48
3283, 1
3284, 41
3285, 73
3286, 6
3287, 49
3288, 5
3289, 1
3290, 1
3291, 51
3292, 15
3293, 42
3294, 31
3295, 26
3296, 5
3297, 2
3298, 1
3299, 1
3300, 35
3301, 18
3302, 1
3303, 22
3304, 1
3305, 20
3306, 22
3307, 12
3308, 5
3309, 2
3310, 1
3311, 1
3312, 49
3313, 20
3314, 1
3315, 32
3316, 18
3317, 1
3318, 29
3319, 25
3320, 36
3321, 25
3322, 20
3323, 8
3324, 11
3325, 5
3326, 2
3327, 41
3328, 38
3329, 29
3330, 30
3331, 31
3332, 3
3333, 1
3334, 14
3335, 1
3336, 15
3337, 36
3338, 26
3339, 1
3340, 43
3341, 57
3342, 43
3343, 4
3344, 2
3345, 1
3346, 1
3347, 29
3348, 1
3349, 19
3350, 16
3351, 39
3352, 52
3353, 7
3354, 43
3355, 43
3356, 43
3357, 43
3358, 51
3359, 58
3360, 8
3361, 6
3362, 6
3363, 4
3364, 1
3365, 30
3366, 14
3367, 31
3368, 18
3369, 33
3370, 43
3371, 43
3372, 43
3373, 1
3374, 51
3375, 56
3376, 1
3377, 56
3378, 55
3379, 1
3380, 15
3381, 8
3382, 13
3383, 6
3384, 1
3385, 10
3386, 31
3387, 25
3388, 13
3389, 6
3390, 4
3391, 1
3392, 36
3393, 1
3394, 16
3395, 20
3396, 23
3397, 19
3398, 40
3399, 27
3400, 17
3401, 17
3402, 17
3403, 6
3404, 69
3405, 21
3406, 21
3407, 21
3408, 6
3409, 4
3410, 2
3411, 1
3412, 42
3413, 40
3414, 1
3415, 35
3416, 35
3417, 33
3418, 1
3419, 25
3420, 28
3421, 1
3422, 29
3423, 42
3424, 43
3425, 43
3426, 59
3427, 59
3428, 60
3429, 58
3430, 1
3431, 28
3432, 41
3433, 41
3434, 42
3435, 59
3436, 58
3437, 58
3438, 57
3439, 1
3440, 28
3441, 41
3442, 42
3443, 42
3444, 58
3445, 58
3446, 59
3447, 57
3448, 1
3449, 29
3450, 42
3451, 43
3452, 42
3453, 59
3454, 59
3455, 60
3456, 59
3457, 1
3458, 1
3459, 74
3460, 1
3461, 48
3462, 32
3463, 31
3464, 31
3465, 31
3466, 8
3467, 32
3468, 32
3469, 32
3470, 1
3471, 20
3472, 5
3473, 2
3474, 35
3475, 38
3476, 44
3477, 3
3478, 1
3479, 20
3480, 37
3481, 35
3482, 21
3483, 1
3484, 42
3485, 42
3486, 42
3487, 42
3488, 42
3489, 40
3490, 12
3491, 28
3492, 1
3493, 30
3494, 5
3495, 1
3496, 1
3497, 51
3498, 15
3499, 42
3500, 31
3501, 26
3502, 5
3503, 2
3504, 34
3505, 38
3506, 29
3507, 3
3508, 1
3509, 1
3510, 17
3511, 1
3512, 51
3513, 16
3514, 50
3515, 20
3516, 1
3517, 12
3518, 21
3519, 26
3520, 24
3521, 57
3522, 30
3523, 11
3524, 1
3525, 17
3526, 8
3527, 12
3528, 5
3529, 1
3530, 1
3531, 37
3532, 40
3533, 27
3534, 42
3535, 1
3536, 34
3537, 1
3538, 41
3539, 31
3540, 44
3541, 65
3542, 11
3543, 1
3544, 79
3545, 8
3546, 1
3547, 1
3548, 21
3549, 36
3550, 36
3551, 6
3552, 2
3553, 34
3554, 38
3555, 29
3556, 3
3557, 1
3558, 1
3559, 17
3560, 1
3561, 51
3562, 60
3563, 20
3564, 1
3565, 43
3566, 26
3567, 24
3568, 57
3569, 30
3570, 11
3571, 8
3572, 12
3573, 5
3574, 1
3575, 1
3576, 37
3577, 40
3578, 27
3579, 42
3580, 1
3581, 34
3582, 1
3583, 41
3584, 31
3585, 44
3586, 65
3587, 11
3588, 1
3589, 79
3590, 8
3591, 1
3592, 1
3593, 21
3594, 36
3595, 36
3596, 6
3597, 2
3598, 34
3599, 38
3600, 29
3601, 3
3602, 1
3603, 1
3604, 17
3605, 1
3606, 51
3607, 56
3608, 20
3609, 1
3610, 39
3611, 26
3612, 24
3613, 57
3614, 30
3615, 11
3616, 8
3617, 12
3618, 5
3619, 1
3620, 1
3621, 37
3622, 40
3623, 27
3624, 42
3625, 1
3626, 34
3627, 1
3628, 41
3629, 31
3630, 44
3631, 65
3632, 11
3633, 1
3634, 79
3635, 8
3636, 1
3637, 1
3638, 21
3639, 36
3640, 36
3641, 6
3642, 2
3643, 34
3644, 38
3645, 29
3646, 3
3647, 1
3648, 39
3649, 1
3650, 21
3651, 1
3652, 26
3653, 37
3654, 20
3655, 1
3656, 16
3657, 22
3658, 37
3659, 24
3660, 29
3661, 57
3662, 24
3663, 14
3664, 11
3665, 1
3666, 17
3667, 8
3668, 24
3669, 5
3670, 1
3671, 1
3672, 37
3673, 1
3674, 34
3675, 1
3676, 41
3677, 31
3678, 44
3679, 65
3680, 11
3681, 1
3682, 73
3683, 8
3684, 1
3685, 40
3686, 36
3687, 36
3688, 36
3689, 6
3690, 2
3691, 34
3692, 38
3693, 29
3694, 3
3695, 1
3696, 39
3697, 1
3698, 21
3699, 1
3700, 26
3701, 37
3702, 20
3703, 1
3704, 16
3705, 22
3706, 37
3707, 24
3708, 53
3709, 11
3710, 1
3711, 17
3712, 8
3713, 24
3714, 5
3715, 1
3716, 1
3717, 37
3718, 1
3719, 34
3720, 1
3721, 41
3722, 31
3723, 44
3724, 65
3725, 11
3726, 1
3727, 73
3728, 8
3729, 1
3730, 40
3731, 36
3732, 36
3733, 36
3734, 6
3735, 2
3736, 34
3737, 38
3738, 29
3739, 3
3740, 1
3741, 39
3742, 1
3743, 21
3744, 1
3745, 26
3746, 36
3747, 40
3748, 1
3749, 44
3750, 35
3751, 24
3752, 52
3753, 11
3754, 8
3755, 19
3756, 5
3757, 1
3758, 1
3759, 37
3760, 1
3761, 34
3762, 1
3763, 41
3764, 31
3765, 44
3766, 66
3767, 11
3768, 1
3769, 73
3770, 8
3771, 1
3772, 40
3773, 36
3774, 36
3775, 36
3776, 6
3777, 2
3778, 35
3779, 38
3780, 44
3781, 3
3782, 1
3783, 17
3784, 37
3785, 35
3786, 1
3787, 37
3788, 42
3789, 51
3790, 42
3791, 36
3792, 1
3793, 27
3794, 1
3795, 41
3796, 42
3797, 55
3798, 42
3799, 42
3800, 5
3801, 1
3802, 1
3803, 51
3804, 15
3805, 42
3806, 31
3807, 26
3808, 5
3809, 2
3810, 1
3811, 1
3812, 35
3813, 18
3814, 1
3815, 22
3816, 1
3817, 20
3818, 22
3819, 12
3820, 5
3821, 2
3822, 1
3823, 1
3824, 49
3825, 20
3826, 1
3827, 32
3828, 18
3829, 1
3830, 29
3831, 25
3832, 36
3833, 25
3834, 20
3835, 8
3836, 11
3837, 5
3838, 2
3839, 3
3840, 41
3841, 38
3842, 33
3843, 26
3844, 30
3845, 3
3846, 1
3847, 21
3848, 1
3849, 37
3850, 70
3851, 5
3852, 1
3853, 29
3854, 1
3855, 78
3856, 66
3857, 64
3858, 1
3859, 19
3860, 1
3861, 36
3862, 25
3863, 30
3864, 30
3865, 1
3866, 21
3867, 47
3868, 37
3869, 40
3870, 37
3871, 37
3872, 26
3873, 27
3874, 26
3875, 40
3876, 15
3877, 18
3878, 21
3879, 14
3880, 1
3881, 15
3882, 1
3883, 26
3884, 46
3885, 45
3886, 47
3887, 50
3888, 52
3889, 47
3890, 51
3891, 59
3892, 46
3893, 1
3894, 8
3895, 5
3896, 2
3897, 4
3898, 34
3899, 38
3900, 34
3901, 27
3902, 3
3903, 1
3904, 21
3905, 1
3906, 37
3907, 70
3908, 5
3909, 1
3910, 29
3911, 1
3912, 79
3913, 66
3914, 64
3915, 1
3916, 19
3917, 1
3918, 36
3919, 25
3920, 30
3921, 30
3922, 1
3923, 21
3924, 47
3925, 37
3926, 40
3927, 37
3928, 37
3929, 26
3930, 27
3931, 26
3932, 40
3933, 15
3934, 18
3935, 21
3936, 14
3937, 1
3938, 15
3939, 1
3940, 44
3941, 46
3942, 45
3943, 47
3944, 50
3945, 52
3946, 47
3947, 51
3948, 59
3949, 46
3950, 1
3951, 8
3952, 5
3953, 2
3954, 1
3955, 43
3956, 42
3957, 2
3958, 33
3959, 51
3960, 4
3961, 2
3962, 19
3963, 21
3964, 21
3965, 43
3966, 4
3967, 44
3968, 79
3969, 30
3970, 42
3971, 49
3972, 11
3973, 58
3974, 24
3975, 55
3976, 34
3977, 11
3978, 7
3979, 2
3980, 23
3981, 81
3982, 76
3983, 66
3984, 37
3985, 84
3986, 79
3987, 15
3988, 11
3989, 47
3990, 7
3991, 4
3992, 58
3993, 36
3994, 53
3995, 2
3996, 43
3997, 57
3998, 78
3999, 2
4000, 4
4001, 41
4002, 38
4003, 27
4004, 63
4005, 3
4006, 1
4007, 18
4008, 18
4009, 18
4010, 5
4011, 29
4012, 75
4013, 20
4014, 35
4015, 51
4016, 6
4017, 54
4018, 4
4019, 1
4020, 20
4021, 64
4022, 56
4023, 46
4024, 6
4025, 29
4026, 4
4027, 1
4028, 55
4029, 32
4030, 48
4031, 1
4032, 40
4033, 69
4034, 54
4035, 2
4036, 4
4037, 41
4038, 38
4039, 27
4040, 63
4041, 62
4042, 3
4043, 1
4044, 18
4045, 15
4046, 5
4047, 33
4048, 54
4049, 85
4050, 20
4051, 38
4052, 56
4053, 15
4054, 8
4055, 6
4056, 68
4057, 4
4058, 1
4059, 20
4060, 64
4061, 56
4062, 46
4063, 6
4064, 38
4065, 4
4066, 1
4067, 55
4068, 32
4069, 48
4070, 1
4071, 40
4072, 69
4073, 54
4074, 2
4075, 1
4076, 3
4077, 34
4078, 27
4079, 52
4080, 50
4081, 65
4082, 3
4083, 16
4084, 32
4085, 31
4086, 35
4087, 44
4088, 39
4089, 45
4090, 51
4091, 51
4092, 54
4093, 56
4094, 56
4095, 67
4096, 2
4097, 13
4098, 24
4099, 34
4100, 36
4101, 12
4102, 35
4103, 28
4104, 39
4105, 20
4106, 35
4107, 10
4108, 22
4109, 6
4110, 29
4111, 44
4112, 20
4113, 35
4114, 14
4115, 22
4116, 6
4117, 34
4118, 42
4119, 58
4120, 58
4121, 61
4122, 67
4123, 67
4124, 83
4125, 41
4126, 65
4127, 4
4128, 13
4129, 39
4130, 24
4131, 23
4132, 30
4133, 10
4134, 16
4135, 22
4136, 42
4137, 10
4138, 6
4139, 49
4140, 59
4141, 68
4142, 6
4143, 2
4144, 35
4145, 38
4146, 44
4147, 3
4148, 1
4149, 27
4150, 25
4151, 1
4152, 18
4153, 37
4154, 35
4155, 39
4156, 17
4157, 17
4158, 40
4159, 1
4160, 15
4161, 46
4162, 8
4163, 1
4164, 15
4165, 25
4166, 47
4167, 25
4168, 8
4169, 1
4170, 17
4171, 37
4172, 5
4173, 1
4174, 1
4175, 51
4176, 15
4177, 42
4178, 31
4179, 26
4180, 5
4181, 2
4182, 1
4183, 1
4184, 31
4185, 26
4186, 26
4187, 1
4188, 28
4189, 41
4190, 25
4191, 55
4192, 19
4193, 15
4194, 5
4195, 1
4196, 40
4197, 40
4198, 24
4199, 24
4200, 45
4201, 19
4202, 5
4203, 2
4204, 1
4205, 1
4206, 1
4207, 1
4208, 35
4209, 38
4210, 44
4211, 3
4212, 1
4213, 16
4214, 37
4215, 35
4216, 30
4217, 1
4218, 53
4219, 1
4220, 58
4221, 5
4222, 1
4223, 28
4224, 26
4225, 27
4226, 26
4227, 1
4228, 33
4229, 36
4230, 23
4231, 5
4232, 1
4233, 51
4234, 15
4235, 42
4236, 31
4237, 26
4238, 5
4239, 2
4240, 4
4241, 35
4242, 39
4243, 4
4244, 34
4245, 5
4246, 2
4247, 18
4248, 3
4249, 51
4250, 49
4251, 48
4252, 2
4253, 67
4254, 4
4255, 81
4256, 2
4257, 72
4258, 42
4259, 42
4260, 26
4261, 2
4262, 52
4263, 82
4264, 12
4265, 2
4266, 37
4267, 39
4268, 55
4269, 82
4270, 15
4271, 88
4272, 42
4273, 62
4274, 5
4275, 3
4276, 3
4277, 41
4278, 38
4279, 3
4280, 33
4281, 30
4282, 4
4283, 1
4284, 17
4285, 2
4286, 49
4287, 47
4288, 47
4289, 1
4290, 66
4291, 1
4292, 80
4293, 1
4294, 71
4295, 41
4296, 41
4297, 25
4298, 1
4299, 50
4300, 80
4301, 11
4302, 1
4303, 36
4304, 38
4305, 54
4306, 63
4307, 14
4308, 87
4309, 41
4310, 61
4311, 4
4312, 2
4313, 34
4314, 37
4315, 28
4316, 43
4317, 3
4318, 1
4319, 17
4320, 1
4321, 18
4322, 34
4323, 1
4324, 31
4325, 40
4326, 1
4327, 83
4328, 1
4329, 56
4330, 51
4331, 37
4332, 1
4333, 19
4334, 11
4335, 27
4336, 35
4337, 35
4338, 35
4339, 35
4340, 35
4341, 35
4342, 35
4343, 34
4344, 17
4345, 20
4346, 26
4347, 34
4348, 31
4349, 7
4350, 1
4351, 26
4352, 11
4353, 24
4354, 24
4355, 24
4356, 22
4357, 22
4358, 26
4359, 22
4360, 22
4361, 24
4362, 22
4363, 21
4364, 70
4365, 1
4366, 79
4367, 4
4368, 1
4369, 22
4370, 39
4371, 34
4372, 45
4373, 1
4374, 14
4375, 34
4376, 25
4377, 45
4378, 1
4379, 11
4380, 19
4381, 4
4382, 2
4383, 41
4384, 38
4385, 1
4386, 31
4387, 31
4388, 1
4389, 23
4390, 31
4391, 42
4392, 35
4393, 1
4394, 18
4395, 1
4396, 35
4397, 1
4398, 28
4399, 38
4400, 32
4401, 1
4402, 30
4403, 49
4404, 33
4405, 1
4406, 25
4407, 27
4408, 28
4409, 35
4410, 35
4411, 35
4412, 35
4413, 35
4414, 35
4415, 35
4416, 35
4417, 1
4418, 62
4419, 46
4420, 51
4421, 6
4422, 1
4423, 19
4424, 35
4425, 25
4426, 26
4427, 26
4428, 26
4429, 24
4430, 24
4431, 28
4432, 24
4433, 24
4434, 26
4435, 24
4436, 26
4437, 1
4438, 61
4439, 67
4440, 1
4441, 29
4442, 72
4443, 1
4444, 32
4445, 20
4446, 6
4447, 1
4448, 1
4449, 21
4450, 51
4451, 38
4452, 1
4453, 70
4454, 4
4455, 2
4456, 41
4457, 38
4458, 1
4459, 31
4460, 31
4461, 1
4462, 35
4463, 1
4464, 18
4465, 1
4466, 34
4467, 24
4468, 32
4469, 1
4470, 30
4471, 53
4472, 34
4473, 1
4474, 25
4475, 27
4476, 28
4477, 35
4478, 35
4479, 35
4480, 35
4481, 35
4482, 35
4483, 35
4484, 35
4485, 1
4486, 62
4487, 83
4488, 1
4489, 19
4490, 34
4491, 21
4492, 59
4493, 57
4494, 60
4495, 17
4496, 1
4497, 92
4498, 82
4499, 1
4500, 29
4501, 78
4502, 1
4503, 32
4504, 20
4505, 6
4506, 1
4507, 21
4508, 51
4509, 38
4510, 1
4511, 70
4512, 4
4513, 1
4514, 20
4515, 28
4516, 59
4517, 1
4518, 45
4519, 44
4520, 2
4521, 14
4522, 36
4523, 26
4524, 44
4525, 1
4526, 16
4527, 4
4528, 2
4529, 3
4530, 41
4531, 38
4532, 27
4533, 58
4534, 4
4535, 1
4536, 55
4537, 36
4538, 1
4539, 35
4540, 46
4541, 74
4542, 24
4543, 36
4544, 4
4545, 1
4546, 16
4547, 21
4548, 20
4549, 24
4550, 65
4551, 29
4552, 43
4553, 39
4554, 26
4555, 32
4556, 39
4557, 33
4558, 21
4559, 19
4560, 10
4561, 8
4562, 36
4563, 6
4564, 4
4565, 3
4566, 35
4567, 14
4568, 9
4569, 32
4570, 19
4571, 18
4572, 19
4573, 24
4574, 31
4575, 43
4576, 18
4577, 18
4578, 19
4579, 12
4580, 17
4581, 10
4582, 39
4583, 8
4584, 22
4585, 10
4586, 4
4587, 2
4588, 3
4589, 41
4590, 38
4591, 27
4592, 4
4593, 1
4594, 17
4595, 40
4596, 77
4597, 1
4598, 53
4599, 12
4600, 72
4601, 14
4602, 4
4603, 1
4604, 35
4605, 46
4606, 30
4607, 12
4608, 19
4609, 8
4610, 35
4611, 7
4612, 8
4613, 4
4614, 2
4615, 35
4616, 38
4617, 44
4618, 3
4619, 1
4620, 15
4621, 37
4622, 35
4623, 21
4624, 23
4625, 48
4626, 26
4627, 1
4628, 21
4629, 20
4630, 1
4631, 54
4632, 29
4633, 1
4634, 55
4635, 31
4636, 28
4637, 60
4638, 32
4639, 14
4640, 11
4641, 17
4642, 8
4643, 1
4644, 42
4645, 5
4646, 1
4647, 1
4648, 51
4649, 15
4650, 42
4651, 31
4652, 26
4653, 5
4654, 2
4655, 1
4656, 1
4657, 1
4658, 41
4659, 38
4660, 29
4661, 30
4662, 31
4663, 3
4664, 1
4665, 22
4666, 36
4667, 56
4668, 59
4669, 4
4670, 2
4671, 1
4672, 29
4673, 1
4674, 57
4675, 57
4676, 58
4677, 1
4678, 36
4679, 73
4680, 14
4681, 20
4682, 17
4683, 15
4684, 48
4685, 15
4686, 12
4687, 6
4688, 4
4689, 1
4690, 24
4691, 35
4692, 1
4693, 14
4694, 21
4695, 40
4696, 18
4697, 19
4698, 18
4699, 19
4700, 13
4701, 6
4702, 1
4703, 21
4704, 10
4705, 20
4706, 23
4707, 22
4708, 13
4709, 6
4710, 1
4711, 22
4712, 4
4713, 2
4714, 44
4715, 39
4716, 34
4717, 42
4718, 3
4719, 2
4720, 23
4721, 57
4722, 66
4723, 2
4724, 36
4725, 72
4726, 60
4727, 34
4728, 6
4729, 2
4730, 24
4731, 36
4732, 36
4733, 38
4734, 31
4735, 20
4736, 19
4737, 36
4738, 42
4739, 33
4740, 65
4741, 60
4742, 23
4743, 19
4744, 25
4745, 23
4746, 9
4747, 25
4748, 6
4749, 2
4750, 125
4751, 22
4752, 21
4753, 15
4754, 2
4755, 28
4756, 34
4757, 37
4758, 49
4759, 12
4760, 41
4761, 34
4762, 34
4763, 12
4764, 9
4765, 2
4766, 15
4767, 75
4768, 2
4769, 61
4770, 41
4771, 26
4772, 23
4773, 36
4774, 43
4775, 23
4776, 15
4777, 25
4778, 12
4779, 9
4780, 2
4781, 63
4782, 41
4783, 26
4784, 23
4785, 36
4786, 43
4787, 23
4788, 15
4789, 26
4790, 12
4791, 9
4792, 2
4793, 85
4794, 29
4795, 26
4796, 33
4797, 26
4798, 9
4799, 6
4800, 3
4801, 35
4802, 38
4803, 44
4804, 3
4805, 1
4806, 16
4807, 37
4808, 35
4809, 25
4810, 36
4811, 1
4812, 42
4813, 1
4814, 37
4815, 5
4816, 1
4817, 1
4818, 51
4819, 15
4820, 42
4821, 31
4822, 26
4823, 5
4824, 2
4825, 1
4826, 1
4827, 1
4828, 3
4829, 34
4830, 38
4831, 3
4832, 33
4833, 4
4834, 1
4835, 25
4836, 14
4837, 2
4838, 35
4839, 4
4840, 16
4841, 32
4842, 1
4843, 25
4844, 6
4845, 41
4846, 30
4847, 6
4848, 1
4849, 36
4850, 4
4851, 2
4852, 3
4853, 34
4854, 38
4855, 3
4856, 33
4857, 4
4858, 1
4859, 25
4860, 14
4861, 2
4862, 32
4863, 4
4864, 32
4865, 69
4866, 4
4867, 1
4868, 35
4869, 4
4870, 43
4871, 4
4872, 2
4873, 41
4874, 38
4875, 33
4876, 4
4877, 1
4878, 51
4879, 1
4880, 16
4881, 1
4882, 34
4883, 3
4884, 33
4885, 50
4886, 5
4887, 16
4888, 27
4889, 5
4890, 27
4891, 29
4892, 25
4893, 6
4894, 5
4895, 17
4896, 4
4897, 2
4898, 73
4899, 73
4900, 73
4901, 73
4902, 73
4903, 73
4904, 1
4905, 13
4906, 2
4907, 40
4908, 4
4909, 39
4910, 1
4911, 59
4912, 4
4913, 1
4914, 55
4915, 4
4916, 26
4917, 79
4918, 4
4919, 2
4920, 1
4921, 41
4922, 38
4923, 1
4924, 36
4925, 31
4926, 3
4927, 26
4928, 28
4929, 1
4930, 20
4931, 1
4932, 47
4933, 28
4934, 31
4935, 47
4936, 34
4937, 8
4938, 4
4939, 1
4940, 24
4941, 57
4942, 1
4943, 18
4944, 22
4945, 43
4946, 12
4947, 5
4948, 1
4949, 35
4950, 30
4951, 20
4952, 4
4953, 1
4954, 2
