1, 2
2, 63
3, 36
4, 29
5, 1
6, 42
7, 2
8, 0
9, 32
10, 14
11, 22
12, 38
13, 0
14, 78
15, 43
16, 2
17, 71
18, 39
19, 29
20, 2
21, 0
22, 20
23, 19
24, 19
25, 30
26, 26
27, 0
28, 7
29, 9
30, 30
31, 31
32, 49
33, 2
34, 57
35, 39
36, 29
37, 2
38, 0
39, 7
40, 78
41, 64
42, 40
43, 77
44, 37
45, 40
46, 36
47, 1
48, 37
49, 36
50, 27
51, 25
52, 42
53, 2
54, 0
55, 58
56, 0
57, 18
58, 20
59, 4
60, 31
61, 27
62, 13
63, 0
64, 55
65, 22
66, 11
67, 0
68, 17
69, 76
70, 37
71, 33
72, 0
73, 7
74, 21
75, 30
76, 28
77, 41
78, 36
79, 9
80, 0
81, 8
82, 39
83, 70
84, 0
85, 38
86, 0
87, 0
88, 26
89, 18
90, 30
91, 33
92, 20
93, 4
94, 68
95, 0
96, 0
97, 23
98, 48
99, 17
100, 21
101, 17
102, 0
103, 8
104, 13
105, 22
106, 57
107, 33
108, 0
109, 40
110, 36
111, 1
112, 37
113, 45
114, 2
115, 0
116, 53
117, 0
118, 18
119, 25
120, 35
121, 72
122, 0
123, 76
124, 0
125, 17
126, 80
127, 22
128, 33
129, 0
130, 8
131, 86
132, 39
133, 70
134, 0
135, 38
136, 0
137, 23
138, 14
139, 62
140, 74
141, 14
142, 50
143, 52
144, 13
145, 14
146, 22
147, 69
148, 7
149, 0
150, 46
151, 42
152, 34
153, 22
154, 73
155, 6
156, 17
157, 48
158, 62
159, 17
160, 6
161, 8
162, 18
163, 45
164, 9
165, 37
166, 29
167, 15
168, 12
169, 13
170, 19
171, 0
172, 8
173, 13
174, 22
175, 57
176, 33
177, 0
178, 40
179, 36
180, 1
181, 37
182, 32
183, 2
184, 0
185, 53
186, 0
187, 18
188, 25
189, 35
190, 72
191, 0
192, 76
193, 0
194, 17
195, 80
196, 22
197, 33
198, 0
199, 8
200, 86
201, 39
202, 70
203, 0
204, 38
205, 0
206, 23
207, 46
208, 20
209, 48
210, 16
211, 74
212, 70
213, 4
214, 0
215, 8
216, 13
217, 22
218, 57
219, 33
220, 0
221, 2
222, 32
223, 36
224, 1
225, 33
226, 2
227, 0
228, 30
229, 0
230, 34
231, 14
232, 16
233, 16
234, 10
235, 0
236, 67
237, 0
238, 10
239, 23
240, 20
241, 28
242, 22
243, 7
244, 30
245, 27
246, 7
247, 14
248, 15
249, 14
250, 0
251, 15
252, 17
253, 30
254, 34
255, 13
256, 11
257, 41
258, 0
259, 0
260, 29
261, 22
262, 10
263, 25
264, 11
265, 33
266, 35
267, 1
268, 2
269, 12
270, 0
271, 7
272, 18
273, 60
274, 25
275, 25
276, 0
277, 15
278, 1
279, 38
280, 36
281, 1
282, 37
283, 2
284, 0
285, 11
286, 0
287, 30
288, 0
289, 35
290, 66
291, 60
292, 0
293, 0
294, 59
295, 21
296, 23
297, 37
298, 36
299, 0
300, 12
301, 17
302, 24
303, 19
304, 12
305, 18
306, 33
307, 28
308, 19
309, 11
310, 1
311, 6
312, 17
313, 12
314, 15
315, 28
316, 50
317, 11
318, 2
319, 33
320, 0
321, 0
322, 36
323, 24
324, 71
325, 0
326, 8
327, 68
328, 68
329, 40
330, 74
331, 0
332, 40
333, 34
334, 0
335, 44
336, 2
337, 0
338, 24
339, 28
340, 0
341, 11
342, 0
343, 21
344, 8
345, 6
346, 5
347, 8
348, 0
349, 21
350, 16
351, 20
352, 21
353, 21
354, 21
355, 17
356, 21
357, 21
358, 21
359, 26
360, 0
361, 24
362, 16
363, 14
364, 20
365, 0
366, 31
367, 3
368, 0
369, 29
370, 0
371, 21
372, 74
373, 28
374, 16
375, 30
376, 29
377, 1
378, 0
379, 16
380, 15
381, 18
382, 24
383, 38
384, 37
385, 1
386, 0
387, 14
388, 17
389, 33
390, 37
391, 4
392, 3
393, 4
394, 18
395, 11
396, 20
397, 41
398, 5
399, 18
400, 8
401, 13
402, 12
403, 14
404, 18
405, 34
406, 34
407, 6
408, 3
409, 14
410, 21
411, 39
412, 35
413, 7
414, 14
415, 40
416, 7
417, 2
418, 19
419, 20
420, 21
421, 3
422, 2
423, 3
424, 0
425, 25
426, 0
427, 10
428, 9
429, 24
430, 23
431, 33
432, 1
433, 0
434, 12
435, 17
436, 15
437, 14
438, 12
439, 1
440, 2
441, 12
442, 17
443, 14
444, 13
445, 23
446, 1
447, 0
448, 17
449, 17
450, 37
451, 12
452, 15
453, 29
454, 73
455, 48
456, 7
457, 2
458, 21
459, 3
460, 0
461, 26
462, 33
463, 33
464, 24
465, 20
466, 20
467, 45
468, 12
469, 2
470, 0
471, 17
472, 25
473, 15
474, 14
475, 14
476, 16
477, 15
478, 15
479, 14
480, 16
481, 16
482, 15
483, 33
484, 2
485, 26
486, 56
487, 2
488, 0
489, 19
490, 27
491, 77
492, 37
493, 47
494, 64
495, 33
496, 24
497, 25
498, 72
499, 40
500, 34
501, 2
502, 0
503, 0
504, 13
505, 7
506, 3
507, 28
508, 4
509, 10
510, 2
511, 21
512, 23
513, 35
514, 12
515, 92
516, 12
517, 2
518, 0
519, 16
520, 40
521, 34
522, 44
523, 45
524, 2
525, 0
526, 11
527, 0
528, 71
529, 0
530, 25
531, 15
532, 14
533, 14
534, 16
535, 15
536, 15
537, 14
538, 16
539, 16
540, 15
541, 33
542, 0
543, 86
544, 0
545, 21
546, 18
547, 0
548, 20
549, 15
550, 11
551, 11
552, 11
553, 11
554, 11
555, 11
556, 11
557, 11
558, 11
559, 0
560, 65
561, 0
562, 21
563, 3
564, 0
565, 20
566, 14
567, 28
568, 32
569, 1
570, 0
571, 17
572, 24
573, 23
574, 28
575, 43
576, 1
577, 0
578, 67
579, 0
580, 28
581, 72
582, 0
583, 46
584, 48
585, 0
586, 36
587, 31
588, 5
589, 31
590, 31
591, 27
592, 27
593, 47
594, 26
595, 3
596, 4
597, 25
598, 30
599, 25
600, 4
601, 0
602, 35
603, 19
604, 43
605, 16
606, 5
607, 31
608, 61
609, 50
610, 25
611, 3
612, 0
613, 30
614, 76
615, 0
616, 40
617, 72
618, 0
619, 45
620, 85
621, 0
622, 60
623, 0
624, 84
625, 79
626, 39
627, 3
628, 0
629, 10
630, 0
631, 68
632, 54
633, 42
634, 11
635, 0
636, 7
637, 66
638, 21
639, 33
640, 54
641, 0
642, 2
643, 58
644, 39
645, 29
646, 2
647, 0
648, 9
649, 0
650, 33
651, 0
652, 45
653, 9
654, 8
655, 43
656, 56
657, 0
658, 28
659, 40
660, 34
661, 44
662, 5
663, 7
664, 0
665, 73
666, 0
667, 24
668, 42
669, 65
670, 58
671, 17
672, 27
673, 39
674, 52
675, 61
676, 5
677, 10
678, 0
679, 11
680, 40
681, 45
682, 33
683, 35
684, 15
685, 5
686, 0
687, 19
688, 27
689, 29
690, 39
691, 0
692, 19
693, 45
694, 22
695, 30
696, 63
697, 19
698, 29
699, 30
700, 20
701, 5
702, 17
703, 52
704, 23
705, 0
706, 77
707, 13
708, 2
709, 60
710, 39
711, 29
712, 16
713, 2
714, 0
715, 28
716, 28
717, 0
718, 14
719, 14
720, 0
721, 14
722, 41
723, 26
724, 0
725, 57
726, 57
727, 0
728, 16
729, 72
730, 0
731, 7
732, 78
733, 34
734, 51
735, 33
736, 34
737, 0
738, 34
739, 13
740, 2
741, 0
742, 51
743, 0
744, 22
745, 0
746, 20
747, 81
748, 67
749, 0
750, 28
751, 42
752, 0
753, 25
754, 31
755, 24
756, 33
757, 0
758, 19
759, 50
760, 11
761, 36
762, 29
763, 13
764, 31
765, 42
766, 21
767, 14
768, 0
769, 29
770, 9
771, 31
772, 52
773, 0
774, 10
775, 44
776, 15
777, 37
778, 28
779, 43
780, 29
781, 9
782, 48
783, 40
784, 34
785, 0
786, 30
787, 35
788, 0
789, 44
790, 39
791, 2
792, 0
793, 51
794, 0
795, 22
796, 0
797, 0
798, 19
799, 0
800, 58
801, 42
802, 34
803, 22
804, 73
805, 6
806, 17
807, 48
808, 62
809, 17
810, 6
811, 8
812, 18
813, 55
814, 37
815, 29
816, 15
817, 44
818, 0
819, 20
820, 0
821, 42
822, 19
823, 18
824, 0
825, 20
826, 81
827, 67
828, 0
829, 44
830, 38
831, 0
832, 28
833, 42
834, 0
835, 25
836, 33
837, 27
838, 33
839, 0
840, 19
841, 10
842, 41
843, 6
844, 41
845, 12
846, 13
847, 16
848, 31
849, 13
850, 14
851, 22
852, 12
853, 7
854, 6
855, 0
856, 29
857, 10
858, 31
859, 52
860, 0
861, 57
862, 32
863, 30
864, 18
865, 34
866, 24
867, 14
868, 51
869, 58
870, 18
871, 34
872, 20
873, 38
874, 0
875, 10
876, 44
877, 15
878, 43
879, 12
880, 12
881, 76
882, 50
883, 38
884, 11
885, 50
886, 40
887, 34
888, 0
889, 46
890, 2
891, 0
892, 16
893, 5
894, 74
895, 30
896, 31
897, 17
898, 20
899, 20
900, 17
901, 16
902, 15
903, 127
904, 47
905, 0
906, 55
907, 0
908, 11
909, 23
910, 16
911, 16
912, 22
913, 14
914, 26
915, 20
916, 5
917, 0
918, 14
919, 20
920, 5
921, 0
922, 33
923, 61
924, 0
925, 20
926, 16
927, 12
928, 46
929, 4
930, 5
931, 15
932, 53
933, 17
934, 0
935, 29
936, 34
937, 17
938, 3
939, 5
940, 0
941, 20
942, 5
943, 0
944, 23
945, 3
946, 0
947, 7
948, 54
949, 40
950, 62
951, 0
952, 40
953, 34
954, 0
955, 26
956, 2
957, 0
958, 0
959, 42
960, 28
961, 21
962, 16
963, 16
964, 15
965, 11
966, 4
967, 0
968, 65
969, 21
970, 18
971, 20
972, 11
973, 17
974, 8
975, 1
976, 0
977, 44
978, 30
979, 16
980, 16
981, 17
982, 19
983, 5
984, 10
985, 0
986, 60
987, 20
988, 36
989, 20
990, 48
991, 12
992, 9
993, 8
994, 18
995, 33
996, 15
997, 4
998, 2
999, 39
1000, 30
1001, 18
1002, 25
1003, 0
1004, 7
1005, 37
1006, 33
1007, 26
1008, 20
1009, 47
1010, 45
1011, 24
1012, 53
1013, 11
1014, 1
1015, 39
1016, 36
1017, 1
1018, 37
1019, 32
1020, 2
1021, 0
1022, 29
1023, 15
1024, 13
1025, 14
1026, 0
1027, 45
1028, 21
1029, 35
1030, 10
1031, 24
1032, 0
1033, 18
1034, 6
1035, 52
1036, 0
1037, 31
1038, 1
1039, 55
1040, 24
1041, 1
1042, 0
1043, 17
1044, 25
1045, 33
1046, 34
1047, 12
1048, 3
1049, 0
1050, 14
1051, 0
1052, 39
1053, 33
1054, 35
1055, 40
1056, 25
1057, 69
1058, 18
1059, 5
1060, 22
1061, 15
1062, 62
1063, 15
1064, 1
1065, 0
1066, 68
1067, 67
1068, 21
1069, 46
1070, 46
1071, 24
1072, 19
1073, 64
1074, 52
1075, 0
1076, 37
1077, 33
1078, 25
1079, 17
1080, 25
1081, 28
1082, 5
1083, 22
1084, 39
1085, 0
1086, 0
1087, 54
1088, 43
1089, 43
1090, 43
1091, 43
1092, 43
1093, 36
1094, 0
1095, 67
1096, 54
1097, 54
1098, 44
1099, 0
1100, 71
1101, 54
1102, 0
1103, 8
1104, 65
1105, 53
1106, 56
1107, 68
1108, 0
1109, 11
1110, 1
1111, 38
1112, 36
1113, 1
1114, 37
1115, 2
1116, 0
1117, 48
1118, 15
1119, 13
1120, 14
1121, 0
1122, 45
1123, 21
1124, 33
1125, 28
1126, 0
1127, 0
1128, 27
1129, 21
1130, 62
1131, 0
1132, 21
1133, 28
1134, 16
1135, 44
1136, 14
1137, 0
1138, 0
1139, 14
1140, 0
1141, 39
1142, 33
1143, 36
1144, 40
1145, 25
1146, 59
1147, 18
1148, 5
1149, 22
1150, 15
1151, 52
1152, 15
1153, 1
1154, 0
1155, 68
1156, 67
1157, 21
1158, 46
1159, 46
1160, 24
1161, 19
1162, 64
1163, 52
1164, 0
1165, 37
1166, 33
1167, 25
1168, 17
1169, 25
1170, 28
1171, 5
1172, 22
1173, 39
1174, 0
1175, 0
1176, 54
1177, 43
1178, 43
1179, 43
1180, 43
1181, 43
1182, 36
1183, 0
1184, 67
1185, 54
1186, 54
1187, 44
1188, 0
1189, 71
1190, 54
1191, 0
1192, 8
1193, 65
1194, 53
1195, 56
1196, 68
1197, 40
1198, 36
1199, 1
1200, 37
1201, 32
1202, 2
1203, 0
1204, 29
1205, 15
1206, 13
1207, 14
1208, 0
1209, 37
1210, 21
1211, 35
1212, 10
1213, 22
1214, 0
1215, 18
1216, 6
1217, 52
1218, 0
1219, 31
1220, 1
1221, 55
1222, 24
1223, 1
1224, 0
1225, 17
1226, 25
1227, 33
1228, 34
1229, 12
1230, 3
1231, 0
1232, 14
1233, 0
1234, 39
1235, 33
1236, 35
1237, 40
1238, 25
1239, 69
1240, 18
1241, 5
1242, 22
1243, 15
1244, 62
1245, 15
1246, 1
1247, 0
1248, 68
1249, 67
1250, 21
1251, 46
1252, 46
1253, 24
1254, 19
1255, 64
1256, 52
1257, 0
1258, 37
1259, 33
1260, 25
1261, 17
1262, 25
1263, 28
1264, 5
1265, 22
1266, 39
1267, 0
1268, 0
1269, 54
1270, 43
1271, 43
1272, 43
1273, 43
1274, 43
1275, 36
1276, 0
1277, 67
1278, 54
1279, 54
1280, 44
1281, 0
1282, 71
1283, 54
1284, 0
1285, 8
1286, 65
1287, 53
1288, 56
1289, 68
1290, 40
1291, 36
1292, 1
1293, 37
1294, 32
1295, 32
1296, 2
1297, 0
1298, 12
1299, 24
1300, 11
1301, 12
1302, 19
1303, 0
1304, 20
1305, 0
1306, 60
1307, 0
1308, 12
1309, 0
1310, 27
1311, 0
1312, 23
1313, 34
1314, 5
1315, 4
1316, 19
1317, 30
1318, 23
1319, 18
1320, 6
1321, 11
1322, 5
1323, 20
1324, 10
1325, 12
1326, 31
1327, 4
1328, 12
1329, 31
1330, 14
1331, 6
1332, 6
1333, 20
1334, 14
1335, 11
1336, 5
1337, 20
1338, 10
1339, 12
1340, 32
1341, 4
1342, 12
1343, 3
1344, 0
1345, 0
1346, 3
1347, 0
1348, 54
1349, 43
1350, 43
1351, 43
1352, 43
1353, 43
1354, 36
1355, 0
1356, 67
1357, 54
1358, 54
1359, 44
1360, 0
1361, 71
1362, 54
1363, 0
1364, 0
1365, 29
1366, 15
1367, 13
1368, 14
1369, 0
1370, 37
1371, 0
1372, 0
1373, 11
1374, 15
1375, 13
1376, 17
1377, 47
1378, 0
1379, 20
1380, 24
1381, 10
1382, 1
1383, 0
1384, 18
1385, 6
1386, 31
1387, 19
1388, 21
1389, 0
1390, 12
1391, 27
1392, 35
1393, 34
1394, 18
1395, 21
1396, 22
1397, 15
1398, 20
1399, 8
1400, 15
1401, 5
1402, 1
1403, 14
1404, 14
1405, 31
1406, 1
1407, 0
1408, 70
1409, 14
1410, 19
1411, 16
1412, 34
1413, 2
1414, 0
1415, 17
1416, 24
1417, 23
1418, 18
1419, 32
1420, 19
1421, 22
1422, 17
1423, 1
1424, 4
1425, 1
1426, 3
1427, 0
1428, 14
1429, 0
1430, 32
1431, 0
1432, 19
1433, 0
1434, 48
1435, 31
1436, 27
1437, 0
1438, 24
1439, 24
1440, 0
1441, 12
1442, 0
1443, 26
1444, 64
1445, 19
1446, 22
1447, 36
1448, 0
1449, 29
1450, 37
1451, 24
1452, 50
1453, 31
1454, 8
1455, 21
1456, 13
1457, 37
1458, 40
1459, 18
1460, 14
1461, 50
1462, 13
1463, 37
1464, 23
1465, 47
1466, 19
1467, 3
1468, 0
1469, 18
1470, 35
1471, 0
1472, 16
1473, 38
1474, 35
1475, 15
1476, 14
1477, 13
1478, 37
1479, 25
1480, 16
1481, 3
1482, 0
1483, 14
1484, 16
1485, 13
1486, 29
1487, 0
1488, 14
1489, 27
1490, 21
1491, 48
1492, 27
1493, 3
1494, 2
1495, 28
1496, 29
1497, 5
1498, 38
1499, 8
1500, 0
1501, 3
1502, 0
1503, 24
1504, 20
1505, 21
1506, 20
1507, 23
1508, 20
1509, 0
1510, 39
1511, 19
1512, 35
1513, 25
1514, 73
1515, 20
1516, 5
1517, 22
1518, 15
1519, 67
1520, 20
1521, 1
1522, 0
1523, 68
1524, 67
1525, 21
1526, 46
1527, 46
1528, 24
1529, 19
1530, 22
1531, 28
1532, 28
1533, 3
1534, 10
1535, 30
1536, 22
1537, 3
1538, 0
1539, 37
1540, 19
1541, 25
1542, 17
1543, 25
1544, 28
1545, 5
1546, 22
1547, 39
1548, 0
1549, 0
1550, 12
1551, 28
1552, 53
1553, 17
1554, 16
1555, 56
1556, 46
1557, 16
1558, 69
1559, 47
1560, 16
1561, 0
1562, 0
1563, 3
1564, 0
1565, 32
1566, 0
1567, 19
1568, 0
1569, 48
1570, 31
1571, 27
1572, 33
1573, 0
1574, 24
1575, 0
1576, 24
1577, 24
1578, 0
1579, 29
1580, 35
1581, 0
1582, 0
1583, 12
1584, 0
1585, 50
1586, 37
1587, 22
1588, 0
1589, 27
1590, 0
1591, 29
1592, 41
1593, 31
1594, 0
1595, 18
1596, 35
1597, 0
1598, 16
1599, 26
1600, 15
1601, 0
1602, 18
1603, 39
1604, 56
1605, 7
1606, 4
1607, 15
1608, 0
1609, 30
1610, 0
1611, 14
1612, 20
1613, 21
1614, 48
1615, 20
1616, 3
1617, 0
1618, 2
1619, 19
1620, 15
1621, 0
1622, 22
1623, 28
1624, 0
1625, 28
1626, 21
1627, 45
1628, 16
1629, 27
1630, 3
1631, 0
1632, 3
1633, 0
1634, 24
1635, 20
1636, 21
1637, 20
1638, 23
1639, 20
1640, 0
1641, 39
1642, 19
1643, 35
1644, 25
1645, 73
1646, 20
1647, 5
1648, 22
1649, 15
1650, 67
1651, 20
1652, 1
1653, 0
1654, 0
1655, 68
1656, 67
1657, 21
1658, 46
1659, 46
1660, 24
1661, 19
1662, 22
1663, 28
1664, 28
1665, 3
1666, 10
1667, 30
1668, 22
1669, 3
1670, 0
1671, 0
1672, 38
1673, 19
1674, 25
1675, 17
1676, 25
1677, 28
1678, 5
1679, 22
1680, 39
1681, 0
1682, 90
1683, 87
1684, 62
1685, 0
1686, 38
1687, 16
1688, 19
1689, 35
1690, 34
1691, 0
1692, 18
1693, 13
1694, 19
1695, 20
1696, 11
1697, 59
1698, 35
1699, 47
1700, 43
1701, 24
1702, 14
1703, 9
1704, 60
1705, 37
1706, 51
1707, 15
1708, 0
1709, 24
1710, 15
1711, 23
1712, 21
1713, 19
1714, 14
1715, 24
1716, 30
1717, 3
1718, 4
1719, 8
1720, 2
1721, 23
1722, 9
1723, 21
1724, 20
1725, 2
1726, 0
1727, 37
1728, 33
1729, 42
1730, 2
1731, 0
1732, 12
1733, 28
1734, 53
1735, 17
1736, 16
1737, 56
1738, 46
1739, 16
1740, 69
1741, 47
1742, 16
1743, 0
1744, 3
1745, 0
1746, 0
1747, 8
1748, 65
1749, 14
1750, 23
1751, 4
1752, 23
1753, 40
1754, 36
1755, 1
1756, 37
1757, 32
1758, 0
1759, 56
1760, 41
1761, 46
1762, 27
1763, 17
1764, 0
1765, 32
1766, 27
1767, 2
1768, 0
1769, 12
1770, 24
1771, 11
1772, 12
1773, 19
1774, 0
1775, 20
1776, 0
1777, 60
1778, 0
1779, 12
1780, 0
1781, 27
1782, 0
1783, 23
1784, 34
1785, 5
1786, 4
1787, 19
1788, 30
1789, 23
1790, 18
1791, 6
1792, 11
1793, 5
1794, 20
1795, 10
1796, 12
1797, 31
1798, 4
1799, 12
1800, 31
1801, 14
1802, 6
1803, 6
1804, 20
1805, 14
1806, 11
1807, 5
1808, 20
1809, 10
1810, 12
1811, 32
1812, 4
1813, 12
1814, 3
1815, 0
1816, 0
1817, 3
1818, 0
1819, 54
1820, 43
1821, 43
1822, 43
1823, 43
1824, 43
1825, 36
1826, 0
1827, 67
1828, 54
1829, 54
1830, 44
1831, 0
1832, 71
1833, 54
1834, 0
1835, 29
1836, 15
1837, 13
1838, 14
1839, 0
1840, 37
1841, 0
1842, 0
1843, 11
1844, 15
1845, 13
1846, 17
1847, 47
1848, 0
1849, 20
1850, 24
1851, 10
1852, 1
1853, 0
1854, 22
1855, 53
1856, 5
1857, 6
1858, 31
1859, 19
1860, 21
1861, 0
1862, 70
1863, 14
1864, 19
1865, 16
1866, 34
1867, 2
1868, 0
1869, 17
1870, 24
1871, 23
1872, 18
1873, 32
1874, 19
1875, 22
1876, 17
1877, 1
1878, 4
1879, 1
1880, 0
1881, 18
1882, 24
1883, 23
1884, 18
1885, 32
1886, 19
1887, 22
1888, 17
1889, 5
1890, 4
1891, 5
1892, 0
1893, 0
1894, 12
1895, 27
1896, 35
1897, 34
1898, 18
1899, 21
1900, 22
1901, 15
1902, 20
1903, 8
1904, 15
1905, 5
1906, 7
1907, 1
1908, 14
1909, 14
1910, 31
1911, 1
1912, 2
1913, 27
1914, 29
1915, 20
1916, 27
1917, 11
1918, 11
1919, 5
1920, 7
1921, 0
1922, 3
1923, 0
1924, 14
1925, 0
1926, 32
1927, 0
1928, 19
1929, 0
1930, 48
1931, 31
1932, 27
1933, 0
1934, 24
1935, 24
1936, 0
1937, 12
1938, 0
1939, 26
1940, 64
1941, 19
1942, 22
1943, 36
1944, 0
1945, 29
1946, 37
1947, 24
1948, 50
1949, 31
1950, 8
1951, 21
1952, 13
1953, 37
1954, 40
1955, 18
1956, 14
1957, 50
1958, 13
1959, 37
1960, 23
1961, 47
1962, 19
1963, 3
1964, 0
1965, 18
1966, 35
1967, 0
1968, 16
1969, 38
1970, 35
1971, 15
1972, 14
1973, 13
1974, 37
1975, 25
1976, 16
1977, 3
1978, 0
1979, 14
1980, 16
1981, 13
1982, 29
1983, 0
1984, 14
1985, 27
1986, 21
1987, 48
1988, 27
1989, 3
1990, 2
1991, 28
1992, 29
1993, 5
1994, 38
1995, 8
1996, 0
1997, 3
1998, 0
1999, 24
2000, 20
2001, 21
2002, 20
2003, 23
2004, 20
2005, 0
2006, 0
2007, 39
2008, 19
2009, 37
2010, 21
2011, 24
2012, 28
2013, 29
2014, 37
2015, 25
2016, 14
2017, 38
2018, 27
2019, 29
2020, 14
2021, 3
2022, 2
2023, 25
2024, 19
2025, 20
2026, 5
2027, 22
2028, 19
2029, 15
2030, 20
2031, 4
2032, 33
2033, 22
2034, 0
2035, 0
2036, 68
2037, 67
2038, 21
2039, 46
2040, 46
2041, 24
2042, 19
2043, 22
2044, 28
2045, 28
2046, 3
2047, 10
2048, 30
2049, 22
2050, 3
2051, 0
2052, 37
2053, 19
2054, 25
2055, 17
2056, 25
2057, 28
2058, 5
2059, 22
2060, 39
2061, 0
2062, 0
2063, 90
2064, 87
2065, 62
2066, 2
2067, 0
2068, 2
2069, 38
2070, 16
2071, 19
2072, 35
2073, 34
2074, 0
2075, 18
2076, 13
2077, 19
2078, 20
2079, 11
2080, 59
2081, 35
2082, 47
2083, 43
2084, 24
2085, 14
2086, 9
2087, 60
2088, 37
2089, 51
2090, 15
2091, 0
2092, 24
2093, 15
2094, 23
2095, 21
2096, 19
2097, 14
2098, 24
2099, 30
2100, 3
2101, 4
2102, 8
2103, 2
2104, 23
2105, 9
2106, 21
2107, 20
2108, 2
2109, 0
2110, 12
2111, 28
2112, 53
2113, 17
2114, 16
2115, 56
2116, 46
2117, 16
2118, 69
2119, 47
2120, 16
2121, 0
2122, 0
2123, 3
2124, 0
2125, 32
2126, 0
2127, 19
2128, 0
2129, 48
2130, 31
2131, 27
2132, 33
2133, 0
2134, 24
2135, 0
2136, 24
2137, 24
2138, 0
2139, 29
2140, 35
2141, 0
2142, 0
2143, 12
2144, 0
2145, 50
2146, 37
2147, 22
2148, 0
2149, 27
2150, 0
2151, 29
2152, 41
2153, 31
2154, 0
2155, 18
2156, 35
2157, 0
2158, 16
2159, 26
2160, 15
2161, 0
2162, 18
2163, 39
2164, 56
2165, 7
2166, 4
2167, 15
2168, 0
2169, 30
2170, 0
2171, 14
2172, 20
2173, 21
2174, 48
2175, 20
2176, 3
2177, 0
2178, 2
2179, 19
2180, 15
2181, 0
2182, 22
2183, 28
2184, 0
2185, 28
2186, 21
2187, 45
2188, 16
2189, 27
2190, 3
2191, 0
2192, 3
2193, 0
2194, 24
2195, 20
2196, 21
2197, 20
2198, 23
2199, 20
2200, 0
2201, 0
2202, 0
2203, 39
2204, 76
2205, 19
2206, 37
2207, 21
2208, 24
2209, 2
2210, 19
2211, 101
2212, 2
2213, 28
2214, 29
2215, 37
2216, 25
2217, 14
2218, 38
2219, 27
2220, 29
2221, 14
2222, 3
2223, 2
2224, 25
2225, 19
2226, 20
2227, 5
2228, 22
2229, 19
2230, 15
2231, 20
2232, 4
2233, 33
2234, 23
2235, 76
2236, 2
2237, 0
2238, 2
2239, 39
2240, 19
2241, 35
2242, 25
2243, 73
2244, 20
2245, 5
2246, 22
2247, 15
2248, 67
2249, 20
2250, 1
2251, 2
2252, 0
2253, 0
2254, 68
2255, 67
2256, 21
2257, 46
2258, 46
2259, 24
2260, 19
2261, 22
2262, 28
2263, 28
2264, 3
2265, 10
2266, 30
2267, 22
2268, 3
2269, 0
2270, 0
2271, 38
2272, 19
2273, 25
2274, 17
2275, 25
2276, 28
2277, 5
2278, 22
2279, 39
2280, 0
2281, 90
2282, 87
2283, 62
2284, 0
2285, 38
2286, 16
2287, 19
2288, 35
2289, 34
2290, 0
2291, 18
2292, 13
2293, 19
2294, 20
2295, 11
2296, 59
2297, 35
2298, 47
2299, 43
2300, 24
2301, 14
2302, 9
2303, 60
2304, 37
2305, 51
2306, 15
2307, 0
2308, 24
2309, 15
2310, 23
2311, 21
2312, 19
2313, 14
2314, 24
2315, 30
2316, 3
2317, 4
2318, 8
2319, 2
2320, 23
2321, 9
2322, 21
2323, 20
2324, 2
2325, 0
2326, 37
2327, 33
2328, 42
2329, 2
2330, 0
2331, 12
2332, 28
2333, 53
2334, 17
2335, 16
2336, 56
2337, 46
2338, 16
2339, 69
2340, 47
2341, 16
2342, 0
2343, 3
2344, 0
2345, 8
2346, 65
2347, 14
2348, 23
2349, 4
2350, 23
2351, 25
2352, 65
2353, 63
2354, 27
2355, 1
2356, 44
2357, 2
2358, 0
2359, 8
2360, 0
2361, 23
2362, 22
2363, 22
2364, 0
2365, 20
2366, 27
2367, 31
2368, 4
2369, 24
2370, 24
2371, 15
2372, 15
2373, 25
2374, 24
2375, 37
2376, 29
2377, 0
2378, 12
2379, 21
2380, 4
2381, 24
2382, 24
2383, 18
2384, 40
2385, 33
2386, 0
2387, 7
2388, 30
2389, 34
2390, 23
2391, 38
2392, 2
2393, 66
2394, 36
2395, 15
2396, 2
2397, 0
2398, 20
2399, 15
2400, 27
2401, 0
2402, 22
2403, 0
2404, 7
2405, 7
2406, 30
2407, 31
2408, 28
2409, 2
2410, 61
2411, 36
2412, 1
2413, 45
2414, 58
2415, 2
2416, 0
2417, 15
2418, 48
2419, 0
2420, 77
2421, 28
2422, 0
2423, 39
2424, 36
2425, 1
2426, 29
2427, 23
2428, 2
2429, 0
2430, 21
2431, 41
2432, 17
2433, 30
2434, 24
2435, 5
2436, 4
2437, 0
2438, 79
2439, 2
2440, 58
2441, 39
2442, 29
2443, 2
2444, 0
2445, 69
2446, 32
2447, 0
2448, 26
2449, 0
2450, 43
2451, 41
2452, 6
2453, 24
2454, 39
2455, 46
2456, 0
2457, 78
2458, 42
2459, 69
2460, 75
2461, 23
2462, 2
2463, 59
2464, 39
2465, 29
2466, 2
2467, 0
2468, 75
2469, 68
2470, 22
2471, 63
2472, 49
2473, 79
2474, 55
2475, 29
2476, 62
2477, 62
2478, 12
2479, 1
2480, 38
2481, 36
2482, 1
2483, 37
2484, 65
2485, 2
2486, 0
2487, 24
2488, 68
2489, 0
2490, 58
2491, 21
2492, 3
2493, 9
2494, 23
2495, 28
2496, 39
2497, 52
2498, 65
2499, 33
2500, 61
2501, 6
2502, 23
2503, 6
2504, 68
2505, 31
2506, 0
2507, 29
2508, 51
2509, 0
2510, 60
2511, 51
2512, 64
2513, 60
2514, 0
2515, 13
2516, 54
2517, 30
2518, 0
2519, 54
2520, 13
2521, 17
2522, 54
2523, 20
2524, 14
2525, 0
2526, 0
2527, 31
2528, 62
2529, 41
2530, 0
2531, 33
2532, 70
2533, 50
2534, 0
2535, 0
2536, 32
2537, 24
2538, 51
2539, 57
2540, 37
2541, 33
2542, 69
2543, 68
2544, 37
2545, 0
2546, 29
2547, 72
2548, 67
2549, 45
2550, 0
2551, 39
2552, 0
2553, 22
2554, 41
2555, 54
2556, 32
2557, 32
2558, 3
2559, 0
2560, 0
2561, 16
2562, 29
2563, 28
2564, 30
2565, 1
2566, 0
2567, 0
2568, 22
2569, 62
2570, 0
2571, 76
2572, 0
2573, 29
2574, 51
2575, 0
2576, 66
2577, 0
2578, 0
2579, 17
2580, 6
2581, 27
2582, 10
2583, 21
2584, 26
2585, 25
2586, 28
2587, 0
2588, 30
2589, 19
2590, 53
2591, 24
2592, 1
2593, 0
2594, 55
2595, 44
2596, 27
2597, 0
2598, 18
2599, 36
2600, 29
2601, 0
2602, 46
2603, 69
2604, 59
2605, 66
2606, 23
2607, 0
2608, 14
2609, 53
2610, 54
2611, 53
2612, 19
2613, 0
2614, 21
2615, 43
2616, 31
2617, 43
2618, 22
2619, 16
2620, 1
2621, 21
2622, 0
2623, 26
2624, 13
2625, 41
2626, 40
2627, 43
2628, 43
2629, 5
2630, 4
2631, 27
2632, 0
2633, 34
2634, 15
2635, 41
2636, 40
2637, 58
2638, 34
2639, 21
2640, 18
2641, 1
2642, 6
2643, 35
2644, 43
2645, 20
2646, 2
2647, 5
2648, 4
2649, 30
2650, 0
2651, 23
2652, 14
2653, 31
2654, 43
2655, 22
2656, 17
2657, 5
2658, 1
2659, 55
2660, 24
2661, 0
2662, 36
2663, 21
2664, 29
2665, 18
2666, 42
2667, 60
2668, 3
2669, 0
2670, 0
2671, 66
2672, 29
2673, 61
2674, 0
2675, 14
2676, 17
2677, 0
2678, 46
2679, 74
2680, 60
2681, 56
2682, 0
2683, 50
2684, 16
2685, 67
2686, 30
2687, 40
2688, 64
2689, 37
2690, 0
2691, 50
2692, 75
2693, 20
2694, 0
2695, 8
2696, 64
2697, 58
2698, 52
2699, 49
2700, 75
2701, 63
2702, 74
2703, 22
2704, 2
2705, 62
2706, 39
2707, 29
2708, 2
2709, 0
2710, 66
2711, 0
2712, 20
2713, 46
2714, 21
2715, 40
2716, 0
2717, 0
2718, 19
2719, 27
2720, 63
2721, 3
2722, 13
2723, 20
2724, 7
2725, 14
2726, 3
2727, 10
2728, 16
2729, 19
2730, 8
2731, 21
2732, 15
2733, 10
2734, 3
2735, 4
2736, 8
2737, 14
2738, 18
2739, 47
2740, 28
2741, 19
2742, 8
2743, 12
2744, 3
2745, 18
2746, 5
2747, 16
2748, 4
2749, 15
2750, 0
2751, 77
2752, 57
2753, 15
2754, 31
2755, 2
2756, 59
2757, 39
2758, 2
2759, 0
2760, 27
2761, 72
2762, 1
2763, 38
2764, 36
2765, 1
2766, 33
2767, 60
2768, 2
2769, 0
2770, 24
2771, 6
2772, 23
2773, 23
2774, 23
2775, 23
2776, 17
2777, 19
2778, 20
2779, 3
2780, 0
2781, 29
2782, 14
2783, 22
2784, 22
2785, 22
2786, 22
2787, 14
2788, 12
2789, 35
2790, 3
2791, 0
2792, 40
2793, 27
2794, 14
2795, 34
2796, 10
2797, 24
2798, 37
2799, 58
2800, 23
2801, 27
2802, 27
2803, 27
2804, 27
2805, 3
2806, 0
2807, 65
2808, 29
2809, 29
2810, 40
2811, 40
2812, 31
2813, 38
2814, 0
2815, 6
2816, 55
2817, 55
2818, 49
2819, 32
2820, 15
2821, 38
2822, 41
2823, 40
2824, 3
2825, 0
2826, 37
2827, 63
2828, 47
2829, 23
2830, 20
2831, 16
2832, 64
2833, 0
2834, 6
2835, 63
2836, 40
2837, 0
2838, 54
2839, 18
2840, 30
2841, 34
2842, 34
2843, 33
2844, 32
2845, 52
2846, 52
2847, 64
2848, 67
2849, 0
2850, 19
2851, 17
2852, 17
2853, 22
2854, 30
2855, 8
2856, 0
2857, 45
2858, 18
2859, 40
2860, 18
2861, 29
2862, 45
2863, 0
2864, 47
2865, 32
2866, 24
2867, 71
2868, 17
2869, 8
2870, 3
2871, 3
2872, 0
2873, 47
2874, 26
2875, 19
2876, 29
2877, 6
2878, 0
2879, 37
2880, 34
2881, 48
2882, 39
2883, 30
2884, 70
2885, 71
2886, 70
2887, 3
2888, 0
2889, 29
2890, 19
2891, 29
2892, 0
2893, 46
2894, 8
2895, 21
2896, 41
2897, 55
2898, 76
2899, 29
2900, 57
2901, 0
2902, 43
2903, 24
2904, 20
2905, 37
2906, 35
2907, 8
2908, 35
2909, 28
2910, 0
2911, 22
2912, 18
2913, 38
2914, 36
2915, 8
2916, 48
2917, 41
2918, 17
2919, 1
2920, 39
2921, 36
2922, 1
2923, 37
2924, 32
2925, 2
2926, 0
2927, 17
2928, 15
2929, 0
2930, 18
2931, 0
2932, 36
2933, 0
2934, 12
2935, 16
2936, 71
2937, 2
2938, 3
2939, 0
2940, 26
2941, 0
2942, 59
2943, 65
2944, 64
2945, 62
2946, 10
2947, 27
2948, 18
2949, 14
2950, 28
2951, 37
2952, 33
2953, 82
2954, 5
2955, 5
2956, 0
2957, 57
2958, 67
2959, 30
2960, 52
2961, 60
2962, 0
2963, 29
2964, 25
2965, 54
2966, 75
2967, 39
2968, 59
2969, 17
2970, 0
2971, 25
2972, 43
2973, 72
2974, 0
2975, 45
2976, 15
2977, 71
2978, 48
2979, 31
2980, 27
2981, 18
2982, 30
2983, 23
2984, 59
2985, 19
2986, 27
2987, 18
2988, 30
2989, 41
2990, 45
2991, 29
2992, 19
2993, 0
2994, 68
2995, 0
2996, 8
2997, 58
2998, 44
2999, 63
3000, 40
3001, 36
3002, 1
3003, 37
3004, 32
3005, 2
3006, 0
3007, 16
3008, 11
3009, 16
3010, 6
3011, 6
3012, 23
3013, 0
3014, 17
3015, 12
3016, 17
3017, 21
3018, 18
3019, 62
3020, 10
3021, 14
3022, 0
3023, 12
3024, 16
3025, 63
3026, 2
3027, 3
3028, 0
3029, 15
3030, 23
3031, 16
3032, 0
3033, 14
3034, 41
3035, 53
3036, 4
3037, 0
3038, 52
3039, 67
3040, 0
3041, 26
3042, 9
3043, 50
3044, 9
3045, 20
3046, 61
3047, 39
3048, 16
3049, 60
3050, 0
3051, 21
3052, 31
3053, 9
3054, 26
3055, 65
3056, 3
3057, 0
3058, 45
3059, 15
3060, 71
3061, 48
3062, 31
3063, 27
3064, 18
3065, 30
3066, 23
3067, 59
3068, 19
3069, 27
3070, 18
3071, 30
3072, 41
3073, 45
3074, 29
3075, 19
3076, 0
3077, 42
3078, 34
3079, 22
3080, 73
3081, 6
3082, 17
3083, 48
3084, 62
3085, 17
3086, 6
3087, 8
3088, 18
3089, 55
3090, 37
3091, 29
3092, 15
3093, 44
3094, 0
3095, 21
3096, 65
3097, 0
3098, 8
3099, 11
3100, 9
3101, 61
3102, 31
3103, 11
3104, 9
3105, 75
3106, 16
3107, 63
3108, 40
3109, 36
3110, 1
3111, 37
3112, 32
3113, 33
3114, 2
3115, 0
3116, 28
3117, 7
3118, 25
3119, 25
3120, 25
3121, 25
3122, 25
3123, 25
3124, 25
3125, 24
3126, 0
3127, 20
3128, 31
3129, 22
3130, 20
3131, 45
3132, 4
3133, 0
3134, 45
3135, 9
3136, 75
3137, 48
3138, 38
3139, 27
3140, 4
3141, 13
3142, 30
3143, 29
3144, 15
3145, 27
3146, 10
3147, 3
3148, 19
3149, 27
3150, 18
3151, 30
3152, 41
3153, 15
3154, 26
3155, 29
3156, 19
3157, 0
3158, 0
3159, 19
3160, 12
3161, 25
3162, 14
3163, 3
3164, 0
3165, 19
3166, 18
3167, 46
3168, 21
3169, 3
3170, 0
3171, 14
3172, 20
3173, 1
3174, 0
3175, 17
3176, 24
3177, 8
3178, 10
3179, 19
3180, 33
3181, 0
3182, 17
3183, 30
3184, 30
3185, 22
3186, 22
3187, 0
3188, 25
3189, 28
3190, 20
3191, 13
3192, 23
3193, 6
3194, 0
3195, 16
3196, 15
3197, 0
3198, 16
3199, 37
3200, 57
3201, 8
3202, 0
3203, 32
3204, 18
3205, 28
3206, 20
3207, 13
3208, 30
3209, 6
3210, 0
3211, 20
3212, 28
3213, 22
3214, 0
3215, 20
3216, 28
3217, 44
3218, 59
3219, 8
3220, 0
3221, 35
3222, 0
3223, 26
3224, 20
3225, 27
3226, 13
3227, 28
3228, 0
3229, 19
3230, 26
3231, 16
3232, 1
3233, 0
3234, 25
3235, 26
3236, 36
3237, 31
3238, 1
3239, 0
3240, 15
3241, 41
3242, 26
3243, 3
3244, 32
3245, 26
3246, 17
3247, 32
3248, 4
3249, 0
3250, 15
3251, 41
3252, 26
3253, 3
3254, 32
3255, 26
3256, 17
3257, 32
3258, 4
3259, 0
3260, 13
3261, 48
3262, 0
3263, 52
3264, 67
3265, 0
3266, 27
3267, 10
3268, 61
3269, 9
3270, 22
3271, 60
3272, 39
3273, 16
3274, 60
3275, 0
3276, 27
3277, 10
3278, 61
3279, 9
3280, 22
3281, 60
3282, 39
3283, 16
3284, 60
3285, 0
3286, 25
3287, 10
3288, 91
3289, 0
3290, 25
3291, 10
3292, 91
3293, 0
3294, 25
3295, 45
3296, 26
3297, 0
3298, 21
3299, 28
3300, 43
3301, 24
3302, 0
3303, 36
3304, 0
3305, 49
3306, 34
3307, 22
3308, 73
3309, 6
3310, 17
3311, 48
3312, 35
3313, 17
3314, 6
3315, 8
3316, 18
3317, 55
3318, 37
3319, 29
3320, 15
3321, 1
3322, 0
3323, 21
3324, 46
3325, 57
3326, 0
3327, 8
3328, 11
3329, 9
3330, 12
3331, 9
3332, 19
3333, 10
3334, 13
3335, 10
3336, 7
3337, 10
3338, 11
3339, 13
3340, 19
3341, 25
3342, 2
3343, 59
3344, 39
3345, 23
3346, 39
3347, 2
3348, 0
3349, 21
3350, 77
3351, 0
3352, 15
3353, 14
3354, 0
3355, 13
3356, 25
3357, 55
3358, 0
3359, 12
3360, 20
3361, 64
3362, 0
3363, 39
3364, 42
3365, 48
3366, 50
3367, 0
3368, 43
3369, 0
3370, 36
3371, 9
3372, 33
3373, 68
3374, 0
3375, 17
3376, 23
3377, 58
3378, 0
3379, 13
3380, 46
3381, 33
3382, 0
3383, 22
3384, 35
3385, 36
3386, 23
3387, 15
3388, 0
3389, 18
3390, 38
3391, 26
3392, 33
3393, 17
3394, 0
3395, 17
3396, 38
3397, 40
3398, 19
3399, 16
3400, 0
3401, 12
3402, 73
3403, 0
3404, 15
3405, 19
3406, 29
3407, 73
3408, 22
3409, 25
3410, 16
3411, 4
3412, 3
3413, 0
3414, 19
3415, 19
3416, 27
3417, 22
3418, 28
3419, 78
3420, 77
3421, 17
3422, 60
3423, 73
3424, 61
3425, 15
3426, 0
3427, 77
3428, 46
3429, 36
3430, 2
3431, 39
3432, 36
3433, 1
3434, 29
3435, 1
3436, 51
3437, 32
3438, 24
3439, 18
3440, 39
3441, 2
3442, 0
3443, 14
3444, 14
3445, 16
3446, 0
3447, 24
3448, 9
3449, 72
3450, 18
3451, 25
3452, 14
3453, 61
3454, 27
3455, 31
3456, 21
3457, 29
3458, 67
3459, 9
3460, 13
3461, 29
3462, 19
3463, 42
3464, 30
3465, 20
3466, 10
3467, 41
3468, 31
3469, 10
3470, 8
3471, 17
3472, 4
3473, 15
3474, 4
3475, 25
3476, 31
3477, 9
3478, 9
3479, 3
3480, 5
3481, 20
3482, 22
3483, 47
3484, 9
3485, 9
3486, 3
3487, 5
3488, 3
3489, 0
3490, 7
3491, 47
3492, 49
3493, 34
3494, 17
3495, 13
3496, 20
3497, 23
3498, 18
3499, 8
3500, 9
3501, 65
3502, 30
3503, 22
3504, 25
3505, 6
3506, 19
3507, 4
3508, 9
3509, 13
3510, 2
3511, 39
3512, 36
3513, 1
3514, 29
3515, 1
3516, 51
3517, 32
3518, 24
3519, 18
3520, 39
3521, 2
3522, 0
3523, 14
3524, 14
3525, 0
3526, 8
3527, 47
3528, 12
3529, 48
3530, 32
3531, 55
3532, 21
3533, 31
3534, 21
3535, 29
3536, 67
3537, 9
3538, 13
3539, 29
3540, 19
3541, 42
3542, 30
3543, 20
3544, 10
3545, 41
3546, 31
3547, 10
3548, 8
3549, 17
3550, 4
3551, 15
3552, 4
3553, 44
3554, 5
3555, 20
3556, 56
3557, 67
3558, 4
3559, 2
3560, 60
3561, 39
3562, 19
3563, 2
3564, 0
3565, 24
3566, 41
3567, 40
3568, 24
3569, 17
3570, 59
3571, 5
3572, 1
3573, 0
3574, 33
3575, 15
3576, 59
3577, 0
3578, 30
3579, 50
3580, 24
3581, 36
3582, 72
3583, 4
3584, 0
3585, 13
3586, 75
3587, 55
3588, 40
3589, 48
3590, 25
3591, 73
3592, 13
3593, 0
3594, 36
3595, 34
3596, 0
3597, 35
3598, 38
3599, 2
3600, 0
3601, 67
3602, 64
3603, 0
3604, 13
3605, 77
3606, 0
3607, 74
3608, 0
3609, 69
3610, 0
3611, 21
3612, 65
3613, 0
3614, 0
3615, 22
3616, 21
3617, 65
3618, 36
3619, 0
3620, 8
3621, 54
3622, 64
3623, 66
3624, 33
3625, 34
3626, 31
3627, 2
3628, 0
3629, 13
3630, 16
3631, 12
3632, 11
3633, 12
3634, 13
3635, 9
3636, 2
3637, 8
3638, 0
3639, 17
3640, 12
3641, 16
3642, 4
3643, 0
3644, 66
3645, 0
3646, 23
3647, 28
3648, 42
3649, 48
3650, 0
3651, 0
3652, 7
3653, 63
3654, 37
3655, 33
3656, 34
3657, 0
3658, 30
3659, 2
3660, 0
3661, 21
3662, 3
3663, 9
3664, 25
3665, 29
3666, 42
3667, 3
3668, 0
3669, 26
3670, 6
3671, 13
3672, 62
3673, 29
3674, 19
3675, 1
3676, 0
3677, 44
3678, 25
3679, 0
3680, 49
3681, 30
3682, 22
3683, 4
3684, 47
3685, 0
3686, 53
3687, 29
3688, 24
3689, 4
3690, 45
3691, 3
3692, 0
3693, 66
3694, 0
3695, 34
3696, 44
3697, 44
3698, 7
3699, 7
3700, 0
3701, 33
3702, 21
3703, 33
3704, 32
3705, 6
3706, 28
3707, 0
3708, 26
3709, 26
3710, 39
3711, 24
3712, 38
3713, 17
3714, 6
3715, 0
3716, 8
3717, 60
3718, 40
3719, 59
3720, 64
3721, 40
3722, 34
3723, 27
3724, 2
3725, 0
3726, 70
3727, 91
3728, 0
3729, 63
3730, 29
3731, 89
3732, 87
3733, 17
3734, 22
3735, 2
3736, 7
3737, 6
3738, 21
3739, 35
3740, 21
3741, 2
3742, 9
3743, 0
3744, 43
3745, 33
3746, 36
3747, 12
3748, 40
3749, 2
3750, 29
3751, 0
3752, 8
3753, 61
3754, 2
3755, 59
3756, 15
3757, 40
3758, 34
3759, 26
3760, 2
3761, 0
3762, 11
3763, 0
3764, 19
3765, 30
3766, 44
3767, 0
3768, 21
3769, 13
3770, 12
3771, 20
3772, 25
3773, 26
3774, 0
3775, 75
3776, 26
3777, 19
3778, 26
3779, 0
3780, 75
3781, 77
3782, 0
3783, 40
3784, 0
3785, 60
3786, 41
3787, 28
3788, 0
3789, 34
3790, 35
3791, 38
3792, 45
3793, 21
3794, 11
3795, 0
3796, 14
3797, 33
3798, 61
3799, 5
3800, 0
3801, 25
3802, 45
3803, 50
3804, 50
3805, 50
3806, 50
3807, 9
3808, 0
3809, 17
3810, 12
3811, 20
3812, 35
3813, 37
3814, 15
3815, 37
3816, 35
3817, 20
3818, 37
3819, 37
3820, 15
3821, 37
3822, 37
3823, 13
3824, 0
3825, 18
3826, 30
3827, 12
3828, 23
3829, 55
3830, 37
3831, 58
3832, 34
3833, 37
3834, 64
3835, 59
3836, 27
3837, 52
3838, 37
3839, 44
3840, 24
3841, 76
3842, 46
3843, 15
3844, 10
3845, 0
3846, 59
3847, 73
3848, 56
3849, 0
3850, 27
3851, 16
3852, 65
3853, 58
3854, 76
3855, 11
3856, 0
3857, 22
3858, 23
3859, 19
3860, 28
3861, 12
3862, 3
3863, 0
3864, 21
3865, 12
3866, 23
3867, 23
3868, 23
3869, 23
3870, 23
3871, 23
3872, 23
3873, 23
3874, 23
3875, 22
3876, 1
3877, 0
3878, 28
3879, 66
3880, 50
3881, 5
3882, 0
3883, 20
3884, 53
3885, 0
3886, 22
3887, 42
3888, 40
3889, 40
3890, 40
3891, 19
3892, 0
3893, 27
3894, 51
3895, 51
3896, 51
3897, 51
3898, 60
3899, 0
3900, 23
3901, 51
3902, 36
3903, 36
3904, 36
3905, 36
3906, 36
3907, 1
3908, 5
3909, 0
3910, 18
3911, 70
3912, 55
3913, 33
3914, 21
3915, 44
3916, 17
3917, 24
3918, 34
3919, 35
3920, 33
3921, 34
3922, 35
3923, 27
3924, 46
3925, 48
3926, 4
3927, 2
3928, 33
3929, 12
3930, 25
3931, 2
3932, 71
3933, 52
3934, 12
3935, 0
3936, 24
3937, 23
3938, 50
3939, 31
3940, 38
3941, 5
3942, 41
3943, 49
3944, 53
3945, 0
3946, 22
3947, 32
3948, 36
3949, 5
3950, 33
3951, 0
3952, 18
3953, 5
3954, 68
3955, 59
3956, 3
3957, 4
3958, 62
3959, 0
3960, 18
3961, 3
3962, 12
3963, 4
3964, 5
3965, 38
3966, 0
3967, 3
3968, 7
3969, 60
3970, 25
3971, 30
3972, 56
3973, 60
3974, 63
3975, 0
3976, 40
3977, 5
3978, 42
3979, 74
3980, 4
3981, 0
3982, 2
3983, 62
3984, 39
3985, 24
3986, 38
3987, 2
3988, 0
3989, 40
3990, 31
3991, 0
3992, 20
3993, 42
3994, 3
3995, 0
3996, 56
3997, 26
3998, 0
3999, 27
4000, 23
4001, 0
4002, 17
4003, 23
4004, 72
4005, 4
4006, 3
4007, 0
4008, 75
4009, 27
4010, 49
4011, 40
4012, 35
4013, 50
4014, 40
4015, 13
4016, 1
4017, 38
4018, 36
4019, 1
4020, 37
4021, 73
4022, 36
4023, 2
4024, 0
4025, 54
4026, 60
4027, 24
4028, 32
4029, 0
4030, 77
4031, 24
4032, 24
4033, 11
4034, 27
4035, 68
4036, 46
4037, 28
4038, 36
4039, 0
4040, 0
4041, 8
4042, 62
4043, 28
4044, 65
4045, 57
4046, 35
4047, 74
4048, 65
4049, 2
4050, 69
4051, 36
4052, 29
4053, 2
4054, 0
4055, 7
4056, 13
4057, 17
4058, 17
4059, 18
4060, 31
4061, 32
4062, 22
4063, 18
4064, 22
4065, 23
4066, 22
4067, 45
4068, 0
4069, 3
4070, 13
4071, 21
4072, 22
4073, 20
4074, 7
4075, 24
4076, 58
4077, 17
4078, 3
4079, 4
4080, 23
4081, 0
4082, 33
4083, 32
4084, 0
4085, 32
4086, 24
4087, 0
4088, 22
4089, 31
4090, 64
4091, 38
4092, 30
4093, 32
4094, 22
4095, 32
4096, 30
4097, 5
4098, 0
4099, 51
4100, 47
4101, 37
4102, 0
4103, 29
4104, 61
4105, 66
4106, 4
4107, 0
4108, 31
4109, 0
4110, 21
4111, 0
4112, 12
4113, 31
4114, 45
4115, 0
4116, 44
4117, 48
4118, 47
4119, 60
4120, 61
4121, 51
4122, 47
4123, 50
4124, 2
4125, 68
4126, 39
4127, 29
4128, 2
4129, 0
4130, 7
4131, 13
4132, 17
4133, 17
4134, 18
4135, 31
4136, 32
4137, 22
4138, 18
4139, 22
4140, 23
4141, 22
4142, 45
4143, 0
4144, 3
4145, 13
4146, 21
4147, 22
4148, 20
4149, 7
4150, 24
4151, 58
4152, 17
4153, 3
4154, 4
4155, 23
4156, 0
4157, 33
4158, 32
4159, 0
4160, 32
4161, 24
4162, 0
4163, 22
4164, 31
4165, 64
4166, 38
4167, 30
4168, 32
4169, 22
4170, 32
4171, 30
4172, 5
4173, 0
4174, 51
4175, 47
4176, 37
4177, 0
4178, 29
4179, 61
4180, 66
4181, 4
4182, 0
4183, 31
4184, 0
4185, 21
4186, 0
4187, 12
4188, 31
4189, 45
4190, 0
4191, 44
4192, 48
4193, 47
4194, 60
4195, 61
4196, 51
4197, 47
4198, 50
4199, 2
4200, 61
4201, 39
4202, 19
4203, 2
4204, 0
4205, 14
4206, 0
4207, 80
4208, 40
4209, 59
4210, 62
4211, 28
4212, 22
4213, 14
4214, 18
4215, 48
4216, 48
4217, 14
4218, 14
4219, 18
4220, 50
4221, 46
4222, 6
4223, 58
4224, 35
4225, 23
4226, 55
4227, 38
4228, 25
4229, 7
4230, 5
4231, 17
4232, 7
4233, 38
4234, 62
4235, 19
4236, 20
4237, 42
4238, 34
4239, 54
4240, 6
4241, 51
4242, 19
4243, 20
4244, 31
4245, 17
4246, 18
4247, 23
4248, 3
4249, 0
4250, 63
4251, 49
4252, 0
4253, 3
4254, 13
4255, 47
4256, 26
4257, 27
4258, 11
4259, 23
4260, 27
4261, 28
4262, 21
4263, 41
4264, 37
4265, 18
4266, 3
4267, 4
4268, 23
4269, 0
4270, 38
4271, 24
4272, 30
4273, 73
4274, 48
4275, 0
4276, 21
4277, 29
4278, 45
4279, 24
4280, 28
4281, 25
4282, 30
4283, 36
4284, 5
4285, 0
4286, 76
4287, 25
4288, 0
4289, 23
4290, 51
4291, 53
4292, 4
4293, 0
4294, 19
4295, 0
4296, 12
4297, 20
4298, 30
4299, 45
4300, 0
4301, 43
4302, 48
4303, 46
4304, 49
4305, 49
4306, 45
4307, 51
4308, 50
4309, 11
4310, 1
4311, 38
4312, 36
4313, 1
4314, 37
4315, 2
4316, 0
4317, 0
4318, 26
4319, 31
4320, 26
4321, 0
4322, 74
4323, 58
4324, 14
4325, 0
4326, 23
4327, 34
4328, 39
4329, 21
4330, 41
4331, 22
4332, 67
4333, 47
4334, 41
4335, 0
4336, 37
4337, 37
4338, 37
4339, 0
4340, 38
4341, 38
4342, 38
4343, 4
4344, 5
4345, 17
4346, 21
4347, 25
4348, 25
4349, 25
4350, 4
4351, 0
4352, 0
4353, 19
4354, 17
4355, 39
4356, 21
4357, 75
4358, 41
4359, 22
4360, 67
4361, 56
4362, 42
4363, 4
4364, 5
4365, 2
4366, 0
4367, 0
4368, 28
4369, 50
4370, 39
4371, 46
4372, 46
4373, 46
4374, 5
4375, 38
4376, 38
4377, 37
4378, 0
4379, 0
4380, 44
4381, 29
4382, 29
4383, 46
4384, 46
4385, 47
4386, 50
4387, 0
4388, 43
4389, 28
4390, 29
4391, 47
4392, 46
4393, 46
4394, 51
4395, 0
4396, 43
4397, 29
4398, 29
4399, 46
4400, 46
4401, 47
4402, 51
4403, 0
4404, 44
4405, 29
4406, 28
4407, 46
4408, 46
4409, 47
4410, 49
4411, 0
4412, 66
4413, 20
4414, 0
4415, 56
4416, 0
4417, 8
4418, 38
4419, 23
4420, 39
4421, 43
4422, 38
4423, 2
4424, 71
4425, 39
4426, 2
4427, 0
4428, 7
4429, 7
4430, 30
4431, 31
4432, 16
4433, 17
4434, 17
4435, 17
4436, 17
4437, 17
4438, 17
4439, 6
4440, 5
4441, 5
4442, 5
4443, 5
4444, 5
4445, 5
4446, 23
4447, 2
4448, 64
4449, 39
4450, 50
4451, 2
4452, 0
4453, 75
4454, 58
4455, 64
4456, 64
4457, 64
4458, 64
4459, 66
4460, 32
4461, 40
4462, 36
4463, 1
4464, 37
4465, 30
4466, 31
4467, 2
4468, 0
4469, 13
4470, 0
4471, 14
4472, 67
4473, 16
4474, 20
4475, 21
4476, 19
4477, 11
4478, 23
4479, 15
4480, 12
4481, 9
4482, 5
4483, 1
4484, 5
4485, 47
4486, 0
4487, 0
4488, 8
4489, 77
4490, 63
4491, 46
4492, 0
4493, 43
4494, 1
4495, 38
4496, 36
4497, 1
4498, 37
4499, 30
4500, 2
4501, 0
4502, 38
4503, 0
4504, 23
4505, 95
4506, 0
4507, 21
4508, 61
4509, 69
4510, 0
4511, 25
4512, 64
4513, 0
4514, 0
4515, 14
4516, 28
4517, 20
4518, 21
4519, 17
4520, 11
4521, 68
4522, 1
4523, 5
4524, 47
4525, 0
4526, 0
4527, 8
4528, 77
4529, 63
4530, 46
4531, 40
4532, 36
4533, 1
4534, 37
4535, 27
4536, 30
4537, 25
4538, 2
4539, 0
4540, 9
4541, 0
4542, 19
4543, 19
4544, 22
4545, 44
4546, 41
4547, 0
4548, 14
4549, 45
4550, 20
4551, 21
4552, 56
4553, 11
4554, 19
4555, 47
4556, 1
4557, 5
4558, 6
4559, 0
4560, 12
4561, 22
4562, 51
4563, 0
4564, 8
4565, 7
4566, 39
4567, 65
4568, 7
4569, 25
4570, 24
4571, 0
4572, 40
4573, 36
4574, 1
4575, 37
4576, 27
4577, 30
4578, 49
4579, 2
4580, 0
4581, 22
4582, 0
4583, 11
4584, 0
4585, 53
4586, 63
4587, 71
4588, 46
4589, 75
4590, 56
4591, 0
4592, 51
4593, 43
4594, 0
4595, 14
4596, 43
4597, 23
4598, 24
4599, 1
4600, 0
4601, 17
4602, 59
4603, 51
4604, 2
4605, 0
4606, 15
4607, 59
4608, 64
4609, 0
4610, 16
4611, 59
4612, 47
4613, 0
4614, 3
4615, 0
4616, 14
4617, 26
4618, 20
4619, 21
4620, 25
4621, 20
4622, 53
4623, 11
4624, 5
4625, 6
4626, 0
4627, 0
4628, 12
4629, 22
4630, 51
4631, 0
4632, 8
4633, 7
4634, 39
4635, 65
4636, 7
4637, 25
4638, 24
4639, 33
4640, 36
4641, 1
4642, 37
4643, 27
4644, 30
4645, 2
4646, 0
4647, 13
4648, 0
4649, 65
4650, 19
4651, 17
4652, 44
4653, 30
4654, 0
4655, 14
4656, 64
4657, 19
4658, 20
4659, 21
4660, 49
4661, 20
4662, 50
4663, 11
4664, 5
4665, 6
4666, 0
4667, 0
4668, 12
4669, 22
4670, 51
4671, 0
4672, 8
4673, 7
4674, 39
4675, 65
4676, 7
4677, 25
4678, 24
4679, 2
4680, 61
4681, 39
4682, 24
4683, 38
4684, 2
4685, 0
4686, 40
4687, 31
4688, 0
4689, 20
4690, 42
4691, 3
4692, 0
4693, 56
4694, 26
4695, 0
4696, 27
4697, 23
4698, 0
4699, 17
4700, 23
4701, 34
4702, 19
4703, 12
4704, 4
4705, 4
4706, 3
4707, 0
4708, 75
4709, 27
4710, 63
4711, 48
4712, 17
4713, 35
4714, 64
4715, 53
4716, 13
4717, 1
4718, 38
4719, 36
4720, 1
4721, 37
4722, 62
4723, 36
4724, 2
4725, 0
4726, 54
4727, 60
4728, 24
4729, 32
4730, 0
4731, 77
4732, 24
4733, 24
4734, 11
4735, 27
4736, 68
4737, 46
4738, 28
4739, 36
4740, 0
4741, 0
4742, 8
4743, 62
4744, 28
4745, 17
4746, 56
4747, 5
4748, 47
4749, 16
4750, 35
4751, 17
4752, 65
4753, 5
4754, 52
4755, 0
4756, 17
4757, 1
4758, 38
4759, 36
4760, 1
4761, 37
4762, 2
4763, 0
4764, 64
4765, 0
4766, 8
4767, 20
4768, 60
4769, 37
4770, 0
4771, 11
4772, 58
4773, 36
4774, 0
4775, 11
4776, 76
4777, 38
4778, 0
4779, 11
4780, 17
4781, 38
4782, 47
4783, 5
4784, 41
4785, 0
4786, 11
4787, 17
4788, 37
4789, 47
4790, 5
4791, 43
4792, 0
4793, 11
4794, 52
4795, 38
4796, 0
4797, 11
4798, 72
4799, 42
4800, 0
4801, 33
4802, 64
4803, 50
4804, 0
4805, 23
4806, 78
4807, 36
4808, 17
4809, 1
4810, 39
4811, 36
4812, 1
4813, 37
4814, 45
4815, 45
4816, 2
4817, 0
4818, 64
4819, 0
4820, 69
4821, 56
4822, 56
4823, 19
4824, 0
4825, 81
4826, 0
4827, 8
4828, 22
4829, 17
4830, 19
4831, 21
4832, 22
4833, 0
4834, 17
4835, 20
4836, 0
4837, 29
4838, 34
4839, 38
4840, 48
4841, 48
4842, 29
4843, 30
4844, 34
4845, 50
4846, 0
4847, 25
4848, 5
4849, 0
4850, 39
4851, 38
4852, 40
4853, 43
4854, 45
4855, 40
4856, 44
4857, 52
4858, 38
4859, 2
4860, 39
4861, 36
4862, 1
4863, 37
4864, 34
4865, 31
4866, 2
4867, 11
4868, 11
4869, 18
4870, 0
4871, 27
4872, 26
4873, 31
4874, 31
4875, 32
4876, 35
4877, 0
4878, 22
4879, 22
4880, 22
4881, 22
4882, 0
4883, 53
4884, 0
4885, 35
4886, 0
4887, 62
4888, 24
4889, 10
4890, 10
4891, 10
4892, 10
4893, 15
4894, 0
4895, 38
4896, 55
4897, 16
4898, 15
4899, 23
4900, 10
4901, 10
4902, 15
4903, 16
4904, 7
4905, 30
4906, 38
4907, 34
4908, 12
4909, 13
4910, 10
4911, 12
4912, 13
4913, 10
4914, 14
4915, 13
4916, 0
4917, 14
4918, 17
4919, 8
4920, 22
4921, 11
4922, 8
4923, 5
4924, 11
4925, 37
4926, 20
4927, 19
4928, 5
4929, 21
4930, 39
4931, 0
4932, 71
4933, 2
4934, 32
4935, 36
4936, 1
4937, 37
4938, 31
4939, 2
4940, 11
4941, 12
4942, 0
4943, 24
4944, 29
4945, 24
4946, 0
4947, 62
4948, 69
4949, 0
4950, 76
4951, 33
4952, 44
4953, 43
4954, 0
4955, 77
4956, 33
4957, 44
4958, 43
4959, 0
4960, 64
4961, 0
4962, 22
4963, 27
4964, 38
4965, 14
4966, 20
4967, 24
4968, 0
4969, 29
4970, 61
4971, 17
4972, 16
4973, 22
4974, 21
4975, 25
4976, 30
4977, 14
4978, 12
4979, 36
4980, 3
4981, 37
4982, 0
4983, 33
4984, 0
4985, 71
4986, 2
4987, 32
4988, 36
4989, 1
4990, 37
4991, 31
4992, 25
4993, 2
4994, 0
4995, 12
4996, 0
4997, 48
4998, 37
4999, 0
5000, 71
5001, 0
5002, 64
5003, 52
5004, 0
5005, 16
5006, 13
5007, 12
5008, 18
5009, 1
5010, 18
5011, 15
5012, 4
5013, 20
5014, 0
5015, 16
5016, 33
5017, 1
5018, 38
5019, 1
5020, 4
5021, 15
5022, 0
5023, 16
5024, 22
5025, 12
5026, 27
5027, 12
5028, 4
5029, 15
5030, 0
5031, 25
5032, 47
5033, 0
5034, 63
5035, 17
5036, 17
5037, 17
5038, 16
5039, 0
5040, 64
5041, 17
5042, 17
5043, 17
5044, 16
5045, 0
5046, 50
5047, 36
5048, 18
5049, 30
5050, 18
5051, 9
5052, 28
5053, 51
5054, 28
5055, 23
5056, 46
5057, 9
5058, 35
5059, 28
5060, 16
5061, 17
5062, 22
5063, 23
5064, 19
5065, 28
5066, 14
5067, 41
5068, 3
5069, 2
5070, 22
5071, 23
5072, 52
5073, 10
5074, 4
5075, 35
5076, 13
5077, 0
5078, 12
5079, 18
5080, 51
5081, 24
5082, 32
5083, 46
5084, 28
5085, 42
5086, 0
5087, 13
5088, 9
5089, 33
5090, 2
5091, 4
5092, 43
5093, 2
5094, 6
5095, 0
5096, 15
5097, 39
5098, 34
5099, 0
5100, 53
5101, 2
5102, 0
5103, 39
5104, 72
5105, 0
5106, 26
5107, 22
5108, 33
5109, 49
5110, 21
5111, 0
5112, 8
5113, 59
5114, 42
5115, 49
5116, 39
5117, 49
5118, 2
5119, 62
5120, 39
5121, 1
5122, 65
5123, 5
5124, 61
5125, 2
5126, 0
5127, 17
5128, 16
5129, 20
5130, 20
5131, 23
5132, 27
5133, 0
5134, 16
5135, 17
5136, 13
5137, 44
5138, 10
5139, 11
5140, 19
5141, 15
5142, 13
5143, 4
5144, 0
5145, 16
5146, 16
5147, 16
5148, 13
5149, 44
5150, 11
5151, 11
5152, 19
5153, 15
5154, 13
5155, 4
5156, 0
5157, 75
5158, 67
5159, 29
5160, 43
5161, 12
5162, 1
5163, 65
5164, 39
5165, 29
5166, 2
5167, 0
5168, 15
5169, 13
5170, 14
5171, 0
5172, 43
5173, 23
5174, 41
5175, 70
5176, 0
5177, 8
5178, 65
5179, 67
5180, 2
5181, 38
5182, 36
5183, 1
5184, 33
5185, 72
5186, 2
5187, 0
5188, 53
5189, 0
5190, 38
5191, 59
5192, 65
5193, 65
5194, 52
5195, 43
5196, 0
5197, 34
5198, 0
5199, 71
5200, 0
5201, 34
5202, 29
5203, 24
5204, 51
5205, 31
5206, 23
5207, 40
5208, 65
5209, 0
5210, 25
5211, 45
5212, 26
5213, 40
5214, 26
5215, 49
5216, 35
5217, 40
5218, 67
5219, 45
5220, 0
5221, 35
5222, 38
5223, 33
5224, 25
5225, 23
5226, 69
5227, 46
5228, 37
5229, 0
5230, 34
5231, 40
5232, 26
5233, 24
5234, 63
5235, 42
5236, 25
5237, 61
5238, 52
5239, 0
5240, 8
5241, 27
5242, 71
5243, 44
5244, 0
5245, 37
5246, 25
5247, 21
5248, 17
5249, 23
5250, 23
5251, 70
5252, 9
5253, 29
5254, 50
5255, 35
5256, 12
5257, 64
5258, 5
5259, 5
5260, 45
5261, 50
5262, 5
5263, 5
5264, 2
5265, 38
5266, 36
5267, 1
5268, 47
5269, 72
5270, 2
5271, 0
5272, 30
5273, 43
5274, 59
5275, 65
5276, 65
5277, 52
5278, 43
5279, 70
5280, 39
5281, 25
5282, 20
5283, 51
5284, 31
5285, 23
5286, 40
5287, 65
5288, 24
5289, 40
5290, 26
5291, 45
5292, 68
5293, 35
5294, 45
5295, 61
5296, 34
5297, 40
5298, 48
5299, 33
5300, 27
5301, 23
5302, 51
5303, 70
5304, 26
5305, 26
5306, 26
5307, 30
5308, 73
5309, 75
5310, 8
5311, 51
5312, 58
5313, 56
5314, 37
5315, 25
5316, 21
5317, 17
5318, 23
5319, 23
5320, 64
5321, 63
5322, 57
5323, 4
5324, 5
5325, 45
5326, 49
5327, 4
5328, 4
5329, 2
5330, 38
5331, 36
5332, 1
5333, 47
5334, 72
5335, 2
5336, 0
5337, 30
5338, 38
5339, 59
5340, 65
5341, 65
5342, 52
5343, 72
5344, 70
5345, 39
5346, 25
5347, 20
5348, 51
5349, 31
5350, 23
5351, 40
5352, 65
5353, 40
5354, 25
5355, 20
5356, 51
5357, 49
5358, 24
5359, 40
5360, 26
5361, 45
5362, 68
5363, 35
5364, 45
5365, 61
5366, 34
5367, 25
5368, 22
5369, 61
5370, 35
5371, 63
5372, 3
5373, 40
5374, 48
5375, 33
5376, 27
5377, 23
5378, 51
5379, 54
5380, 26
5381, 26
5382, 26
5383, 30
5384, 31
5385, 54
5386, 53
5387, 73
5388, 68
5389, 65
5390, 15
5391, 8
5392, 51
5393, 58
5394, 56
5395, 37
5396, 25
5397, 21
5398, 17
5399, 23
5400, 23
5401, 64
5402, 63
5403, 57
5404, 4
5405, 5
5406, 45
5407, 49
5408, 4
5409, 4
5410, 15
5411, 1
5412, 38
5413, 36
5414, 1
5415, 37
5416, 2
5417, 0
5418, 17
5419, 19
5420, 30
5421, 28
5422, 0
5423, 56
5424, 0
5425, 18
5426, 67
5427, 0
5428, 19
5429, 72
5430, 0
5431, 22
5432, 21
5433, 75
5434, 0
5435, 0
5436, 8
5437, 50
5438, 52
5439, 77
5440, 70
5441, 37
5442, 61
5443, 14
5444, 1
5445, 39
5446, 36
5447, 1
5448, 37
5449, 28
5450, 32
5451, 2
5452, 0
5453, 11
5454, 0
5455, 58
5456, 42
5457, 34
5458, 22
5459, 73
5460, 6
5461, 17
5462, 48
5463, 62
5464, 17
5465, 6
5466, 8
5467, 18
5468, 55
5469, 37
5470, 29
5471, 15
5472, 44
5473, 0
5474, 74
5475, 79
5476, 37
5477, 12
5478, 6
5479, 11
5480, 0
5481, 41
5482, 3
5483, 43
5484, 45
5485, 14
5486, 40
5487, 17
5488, 4
5489, 0
5490, 33
5491, 60
5492, 0
5493, 42
5494, 43
5495, 61
5496, 37
5497, 35
5498, 4
5499, 48
5500, 9
5501, 35
5502, 13
5503, 32
5504, 32
5505, 64
5506, 23
5507, 2
5508, 48
5509, 0
5510, 35
5511, 54
5512, 34
5513, 53
5514, 3
5515, 0
5516, 78
5517, 62
5518, 62
5519, 62
5520, 30
5521, 0
5522, 56
5523, 34
5524, 43
5525, 0
5526, 76
5527, 63
5528, 47
5529, 0
5530, 60
5531, 28
5532, 73
5533, 15
5534, 59
5535, 5
5536, 34
5537, 0
5538, 70
5539, 67
5540, 35
5541, 0
5542, 28
5543, 16
5544, 63
5545, 3
5546, 76
5547, 20
5548, 0
5549, 0
5550, 8
5551, 39
5552, 9
5553, 7
5554, 58
5555, 10
5556, 18
5557, 25
5558, 62
5559, 66
5560, 14
5561, 1
5562, 38
5563, 36
5564, 1
5565, 37
5566, 2
5567, 0
5568, 11
5569, 0
5570, 78
5571, 62
5572, 62
5573, 62
5574, 30
5575, 0
5576, 56
5577, 34
5578, 43
5579, 0
5580, 76
5581, 63
5582, 47
5583, 0
5584, 60
5585, 28
5586, 73
5587, 15
5588, 59
5589, 5
5590, 34
5591, 0
5592, 70
5593, 67
5594, 35
5595, 0
5596, 28
5597, 16
5598, 63
5599, 3
5600, 76
5601, 20
5602, 0
5603, 0
5604, 8
5605, 78
5606, 18
5607, 25
5608, 62
5609, 66
5610, 40
5611, 36
5612, 1
5613, 37
5614, 28
5615, 32
5616, 2
5617, 0
5618, 11
5619, 0
5620, 58
5621, 42
5622, 34
5623, 22
5624, 73
5625, 6
5626, 17
5627, 48
5628, 62
5629, 17
5630, 6
5631, 8
5632, 18
5633, 55
5634, 37
5635, 29
5636, 15
5637, 44
5638, 0
5639, 78
5640, 62
5641, 62
5642, 62
5643, 30
5644, 0
5645, 56
5646, 34
5647, 43
5648, 0
5649, 76
5650, 63
5651, 47
5652, 0
5653, 60
5654, 28
5655, 73
5656, 15
5657, 59
5658, 5
5659, 34
5660, 0
5661, 70
5662, 67
5663, 35
5664, 0
5665, 28
5666, 16
5667, 63
5668, 3
5669, 76
5670, 20
5671, 0
5672, 0
5673, 8
5674, 39
5675, 9
5676, 7
5677, 58
5678, 10
5679, 18
5680, 25
5681, 62
5682, 66
5683, 16
5684, 1
5685, 38
5686, 36
5687, 1
5688, 37
5689, 65
5690, 15
5691, 2
5692, 0
5693, 11
5694, 0
5695, 21
5696, 46
5697, 69
5698, 70
5699, 72
5700, 1
5701, 0
5702, 35
5703, 12
5704, 21
5705, 76
5706, 35
5707, 0
5708, 39
5709, 36
5710, 35
5711, 37
5712, 40
5713, 52
5714, 48
5715, 61
5716, 1
5717, 0
5718, 8
5719, 62
5720, 44
5721, 67
5722, 0
5723, 2
5724, 39
5725, 36
5726, 1
5727, 29
5728, 2
5729, 0
5730, 23
5731, 22
5732, 24
5733, 14
5734, 14
5735, 19
5736, 0
5737, 37
5738, 7
5739, 65
5740, 65
5741, 65
5742, 65
5743, 65
5744, 65
5745, 65
5746, 65
5747, 65
5748, 65
5749, 65
5750, 65
5751, 65
5752, 65
5753, 65
5754, 65
5755, 64
5756, 0
5757, 7
5758, 69
5759, 21
5760, 40
5761, 23
5762, 20
5763, 16
5764, 38
5765, 26
5766, 50
5767, 61
5768, 25
5769, 19
5770, 17
5771, 16
5772, 12
5773, 62
5774, 23
5775, 32
5776, 38
5777, 30
5778, 25
5779, 41
5780, 41
5781, 36
5782, 5
5783, 3
5784, 31
5785, 46
5786, 21
5787, 26
5788, 41
5789, 16
5790, 19
5791, 4
5792, 37
5793, 50
5794, 16
5795, 28
5796, 5
5797, 23
5798, 21
5799, 39
5800, 11
5801, 15
5802, 4
5803, 13
5804, 11
5805, 1
5806, 4
5807, 6
5808, 3
5809, 32
5810, 26
5811, 28
5812, 23
5813, 22
5814, 6
5815, 11
5816, 14
5817, 56
5818, 13
5819, 11
5820, 8
5821, 4
5822, 26
5823, 5
5824, 23
5825, 22
5826, 8
5827, 30
5828, 30
5829, 24
5830, 61
5831, 13
5832, 11
5833, 8
5834, 19
5835, 19
5836, 11
5837, 15
5838, 14
5839, 56
5840, 13
5841, 11
5842, 11
5843, 23
5844, 6
5845, 11
5846, 25
5847, 6
5848, 15
5849, 11
5850, 6
5851, 33
5852, 34
5853, 0
5854, 46
5855, 2
5856, 0
5857, 13
5858, 0
5859, 50
5860, 63
5861, 0
5862, 15
5863, 60
5864, 42
5865, 6
5866, 21
5867, 8
5868, 33
5869, 32
5870, 55
5871, 5
5872, 5
5873, 7
5874, 36
5875, 8
5876, 6
5877, 48
5878, 10
5879, 4
5880, 5
5881, 2
5882, 39
5883, 36
5884, 1
5885, 29
5886, 2
5887, 0
5888, 23
5889, 22
5890, 24
5891, 14
5892, 14
5893, 19
5894, 0
5895, 37
5896, 7
5897, 65
5898, 65
5899, 65
5900, 65
5901, 65
5902, 65
5903, 65
5904, 65
5905, 65
5906, 65
5907, 65
5908, 65
5909, 65
5910, 65
5911, 65
5912, 65
5913, 64
5914, 0
5915, 7
5916, 43
5917, 69
5918, 21
5919, 40
5920, 23
5921, 20
5922, 16
5923, 38
5924, 26
5925, 50
5926, 61
5927, 29
5928, 19
5929, 17
5930, 16
5931, 12
5932, 63
5933, 36
5934, 29
5935, 23
5936, 25
5937, 30
5938, 25
5939, 41
5940, 41
5941, 36
5942, 4
5943, 27
5944, 33
5945, 21
5946, 35
5947, 29
5948, 24
5949, 19
5950, 4
5951, 37
5952, 38
5953, 24
5954, 28
5955, 5
5956, 23
5957, 21
5958, 27
5959, 11
5960, 23
5961, 4
5962, 13
5963, 11
5964, 1
5965, 4
5966, 6
5967, 3
5968, 32
5969, 47
5970, 44
5971, 56
5972, 26
5973, 8
5974, 5
5975, 21
5976, 68
5977, 36
5978, 55
5979, 19
5980, 13
5981, 8
5982, 8
5983, 9
5984, 46
5985, 8
5986, 5
5987, 23
5988, 6
5989, 25
5990, 23
5991, 5
5992, 15
5993, 48
5994, 7
5995, 4
5996, 25
5997, 5
5998, 41
5999, 61
6000, 4
6001, 6
6002, 11
6003, 14
6004, 18
6005, 34
6006, 13
6007, 11
6008, 8
6009, 4
6010, 15
6011, 5
6012, 23
6013, 25
6014, 8
6015, 18
6016, 30
6017, 24
6018, 55
6019, 13
6020, 11
6021, 8
6022, 19
6023, 19
6024, 27
6025, 8
6026, 5
6027, 11
6028, 15
6029, 14
6030, 18
6031, 34
6032, 13
6033, 11
6034, 11
6035, 23
6036, 6
6037, 11
6038, 28
6039, 6
6040, 15
6041, 11
6042, 6
6043, 33
6044, 34
6045, 0
6046, 27
6047, 30
6048, 2
6049, 0
6050, 19
6051, 0
6052, 25
6053, 15
6054, 8
6055, 14
6056, 30
6057, 15
6058, 0
6059, 21
6060, 21
6061, 33
6062, 16
6063, 28
6064, 3
6065, 0
6066, 12
6067, 24
6068, 11
6069, 12
6070, 19
6071, 0
6072, 0
6073, 23
6074, 0
6075, 30
6076, 10
6077, 31
6078, 30
6079, 54
6080, 0
6081, 12
6082, 0
6083, 28
6084, 31
6085, 0
6086, 28
6087, 29
6088, 29
6089, 28
6090, 32
6091, 10
6092, 8
6093, 41
6094, 36
6095, 28
6096, 27
6097, 0
6098, 33
6099, 21
6100, 22
6101, 4
6102, 18
6103, 14
6104, 23
6105, 38
6106, 29
6107, 6
6108, 31
6109, 0
6110, 2
6111, 8
6112, 0
6113, 3
6114, 0
6115, 27
6116, 27
6117, 14
6118, 7
6119, 51
6120, 24
6121, 2
6122, 0
6123, 7
6124, 31
6125, 19
6126, 14
6127, 5
6128, 1
6129, 2
6130, 0
6131, 18
6132, 0
6133, 24
6134, 24
6135, 40
6136, 0
6137, 12
6138, 0
6139, 19
6140, 0
6141, 27
6142, 14
6143, 38
6144, 12
6145, 0
6146, 25
6147, 22
6148, 23
6149, 24
6150, 27
6151, 8
6152, 15
6153, 5
6154, 24
6155, 14
6156, 3
6157, 0
6158, 21
6159, 31
6160, 28
6161, 24
6162, 25
6163, 14
6164, 29
6165, 24
6166, 13
6167, 42
6168, 3
6169, 0
6170, 3
6171, 0
6172, 29
6173, 23
6174, 12
6175, 0
6176, 25
6177, 0
6178, 24
6179, 24
6180, 38
6181, 56
6182, 31
6183, 0
6184, 12
6185, 0
6186, 39
6187, 40
6188, 0
6189, 0
6190, 26
6191, 0
6192, 69
6193, 49
6194, 23
6195, 0
6196, 14
6197, 17
6198, 19
6199, 29
6200, 4
6201, 0
6202, 15
6203, 68
6204, 0
6205, 43
6206, 21
6207, 43
6208, 45
6209, 3
6210, 0
6211, 36
6212, 31
6213, 33
6214, 0
6215, 23
6216, 15
6217, 33
6218, 39
6219, 24
6220, 27
6221, 29
6222, 36
6223, 14
6224, 24
6225, 31
6226, 17
6227, 31
6228, 3
6229, 0
6230, 2
6231, 0
6232, 12
6233, 30
6234, 29
6235, 28
6236, 24
6237, 3
6238, 4
6239, 37
6240, 46
6241, 2
6242, 21
6243, 0
6244, 16
6245, 18
6246, 20
6247, 28
6248, 12
6249, 3
6250, 2
6251, 38
6252, 48
6253, 23
6254, 2
6255, 0
6256, 20
6257, 16
6258, 20
6259, 38
6260, 10
6261, 3
6262, 2
6263, 38
6264, 24
6265, 58
6266, 21
6267, 0
6268, 3
6269, 0
6270, 16
6271, 40
6272, 15
6273, 29
6274, 22
6275, 14
6276, 3
6277, 0
6278, 13
6279, 3
6280, 36
6281, 17
6282, 27
6283, 11
6284, 24
6285, 24
6286, 8
6287, 26
6288, 1
6289, 30
6290, 6
6291, 64
6292, 6
6293, 0
6294, 3
6295, 0
6296, 29
6297, 0
6298, 23
6299, 0
6300, 12
6301, 0
6302, 28
6303, 0
6304, 60
6305, 31
6306, 0
6307, 23
6308, 0
6309, 16
6310, 5
6311, 20
6312, 10
6313, 12
6314, 26
6315, 27
6316, 4
6317, 37
6318, 21
6319, 15
6320, 35
6321, 15
6322, 25
6323, 3
6324, 0
6325, 23
6326, 32
6327, 0
6328, 32
6329, 29
6330, 30
6331, 28
6332, 40
6333, 14
6334, 8
6335, 53
6336, 36
6337, 28
6338, 27
6339, 0
6340, 33
6341, 21
6342, 26
6343, 4
6344, 22
6345, 7
6346, 29
6347, 8
6348, 31
6349, 6
6350, 26
6351, 16
6352, 26
6353, 31
6354, 0
6355, 28
6356, 29
6357, 29
6358, 28
6359, 40
6360, 14
6361, 8
6362, 53
6363, 36
6364, 28
6365, 27
6366, 0
6367, 33
6368, 21
6369, 26
6370, 4
6371, 22
6372, 14
6373, 29
6374, 38
6375, 30
6376, 23
6377, 20
6378, 6
6379, 11
6380, 48
6381, 24
6382, 31
6383, 14
6384, 7
6385, 6
6386, 20
6387, 25
6388, 14
6389, 48
6390, 24
6391, 13
6392, 3
6393, 4
6394, 29
6395, 6
6396, 31
6397, 0
6398, 13
6399, 12
6400, 0
6401, 13
6402, 18
6403, 3
6404, 7
6405, 30
6406, 6
6407, 64
6408, 6
6409, 0
6410, 3
6411, 0
6412, 7
6413, 14
6414, 24
6415, 4
6416, 24
6417, 2
6418, 73
6419, 39
6420, 2
6421, 0
6422, 7
6423, 21
6424, 16
6425, 24
6426, 9
6427, 65
6428, 2
6429, 73
6430, 39
6431, 19
6432, 2
6433, 0
6434, 22
6435, 59
6436, 37
6437, 13
6438, 0
6439, 45
6440, 2
6441, 73
6442, 39
6443, 24
6444, 2
6445, 0
6446, 28
6447, 40
6448, 5
6449, 26
6450, 24
6451, 4
6452, 53
6453, 17
6454, 30
6455, 0
6456, 51
6457, 8
6458, 2
6459, 73
6460, 39
6461, 18
6462, 2
6463, 0
6464, 7
6465, 13
6466, 23
6467, 42
6468, 0
6469, 16
6470, 26
6471, 26
6472, 22
6473, 35
6474, 4
6475, 19
6476, 7
6477, 15
6478, 0
6479, 15
6480, 16
6481, 56
6482, 2
6483, 65
6484, 39
6485, 29
6486, 36
6487, 31
6488, 53
6489, 2
6490, 0
6491, 16
6492, 0
6493, 33
6494, 37
6495, 63
6496, 71
6497, 44
6498, 0
6499, 51
6500, 0
6501, 42
6502, 15
6503, 16
6504, 58
6505, 20
6506, 36
6507, 57
6508, 33
6509, 5
6510, 34
6511, 26
6512, 36
6513, 3
6514, 45
6515, 0
6516, 62
6517, 36
6518, 2
6519, 59
6520, 39
6521, 33
6522, 66
6523, 2
6524, 0
6525, 37
6526, 32
6527, 0
6528, 26
6529, 63
6530, 0
6531, 29
6532, 16
6533, 25
6534, 23
6535, 35
6536, 30
6537, 8
6538, 0
6539, 77
6540, 20
6541, 38
6542, 31
6543, 5
6544, 51
6545, 40
6546, 36
6547, 1
6548, 33
6549, 33
6550, 32
6551, 2
6552, 0
6553, 49
6554, 0
6555, 24
6556, 29
6557, 18
6558, 18
6559, 56
6560, 12
6561, 4
6562, 0
6563, 25
6564, 28
6565, 17
6566, 18
6567, 56
6568, 12
6569, 4
6570, 0
6571, 26
6572, 42
6573, 39
6574, 0
6575, 0
6576, 8
6577, 66
6578, 54
6579, 17
6580, 42
6581, 5
6582, 0
6583, 39
6584, 17
6585, 28
6586, 29
6587, 5
6588, 43
6589, 40
6590, 36
6591, 1
6592, 33
6593, 33
6594, 36
6595, 2
6596, 0
6597, 13
6598, 48
6599, 0
6600, 19
6601, 0
6602, 25
6603, 38
6604, 20
6605, 14
6606, 56
6607, 8
6608, 14
6609, 0
6610, 39
6611, 0
6612, 44
6613, 42
6614, 34
6615, 22
6616, 73
6617, 6
6618, 17
6619, 48
6620, 62
6621, 17
6622, 6
6623, 8
6624, 18
6625, 55
6626, 37
6627, 29
6628, 15
6629, 44
6630, 0
6631, 49
6632, 0
6633, 36
6634, 27
6635, 20
6636, 17
6637, 18
6638, 56
6639, 12
6640, 4
6641, 45
6642, 0
6643, 37
6644, 27
6645, 20
6646, 17
6647, 18
6648, 56
6649, 12
6650, 4
6651, 45
6652, 0
6653, 20
6654, 23
6655, 47
6656, 26
6657, 38
6658, 1
6659, 0
6660, 26
6661, 40
6662, 39
6663, 0
6664, 8
6665, 66
6666, 54
6667, 17
6668, 42
6669, 5
6670, 0
6671, 39
6672, 17
6673, 28
6674, 29
6675, 5
6676, 43
6677, 0
6678, 2
6679, 72
6680, 39
6681, 2
6682, 0
6683, 13
6684, 7
6685, 30
6686, 31
6687, 30
6688, 0
6689, 36
6690, 21
6691, 38
6692, 14
6693, 15
6694, 32
6695, 0
6696, 22
6697, 25
6698, 3
6699, 44
6700, 17
6701, 44
6702, 16
6703, 30
6704, 8
6705, 0
6706, 9
6707, 2
6708, 64
6709, 39
6710, 29
6711, 2
6712, 0
6713, 68
6714, 60
6715, 32
6716, 17
6717, 30
6718, 55
6719, 10
6720, 34
6721, 2
6722, 60
6723, 39
6724, 24
6725, 2
6726, 0
6727, 75
6728, 27
6729, 55
6730, 55
6731, 2
6732, 68
6733, 36
6734, 2
6735, 0
6736, 7
6737, 7
6738, 30
6739, 31
6740, 19
6741, 17
6742, 23
6743, 5
6744, 41
6745, 0
6746, 2
6747, 60
6748, 39
6749, 19
6750, 2
6751, 0
6752, 15
6753, 75
6754, 57
6755, 72
6756, 1
6757, 38
6758, 36
6759, 1
6760, 40
6761, 2
6762, 0
6763, 19
6764, 16
6765, 68
6766, 0
6767, 8
6768, 65
6769, 50
6770, 53
6771, 1
6772, 38
6773, 36
6774, 1
6775, 37
6776, 2
6777, 0
6778, 48
6779, 0
6780, 21
6781, 23
6782, 17
6783, 0
6784, 38
6785, 40
6786, 0
6787, 35
6788, 42
6789, 0
6790, 38
6791, 25
6792, 62
6793, 31
6794, 0
6795, 17
6796, 36
6797, 32
6798, 76
6799, 13
6800, 15
6801, 0
6802, 14
6803, 33
6804, 75
6805, 57
6806, 66
6807, 17
6808, 47
6809, 31
6810, 29
6811, 12
6812, 5
6813, 16
6814, 70
6815, 0
6816, 0
6817, 8
6818, 60
6819, 57
6820, 44
6821, 58
6822, 19
6823, 22
6824, 20
6825, 38
6826, 0
6827, 53
6828, 1
6829, 38
6830, 36
6831, 1
6832, 37
6833, 2
6834, 0
6835, 57
6836, 0
6837, 21
6838, 23
6839, 17
6840, 0
6841, 38
6842, 40
6843, 0
6844, 35
6845, 42
6846, 0
6847, 38
6848, 25
6849, 62
6850, 31
6851, 0
6852, 17
6853, 36
6854, 32
6855, 76
6856, 13
6857, 15
6858, 0
6859, 14
6860, 33
6861, 75
6862, 57
6863, 66
6864, 17
6865, 47
6866, 31
6867, 29
6868, 12
6869, 5
6870, 16
6871, 70
6872, 0
6873, 0
6874, 8
6875, 60
6876, 57
6877, 44
6878, 58
6879, 19
6880, 22
6881, 20
6882, 38
6883, 0
6884, 53
6885, 1
6886, 38
6887, 36
6888, 1
6889, 37
6890, 2
6891, 0
6892, 50
6893, 0
6894, 21
6895, 23
6896, 17
6897, 0
6898, 38
6899, 40
6900, 0
6901, 35
6902, 42
6903, 0
6904, 38
6905, 25
6906, 62
6907, 31
6908, 0
6909, 17
6910, 36
6911, 32
6912, 76
6913, 13
6914, 15
6915, 0
6916, 14
6917, 33
6918, 75
6919, 57
6920, 66
6921, 17
6922, 47
6923, 31
6924, 29
6925, 12
6926, 5
6927, 16
6928, 70
6929, 0
6930, 0
6931, 8
6932, 60
6933, 57
6934, 44
6935, 58
6936, 19
6937, 22
6938, 20
6939, 38
6940, 0
6941, 40
6942, 34
6943, 33
6944, 0
6945, 14
6946, 0
6947, 34
6948, 0
6949, 24
6950, 17
6951, 47
6952, 58
6953, 57
6954, 24
6955, 0
6956, 8
6957, 14
6958, 15
6959, 34
6960, 13
6961, 15
6962, 66
6963, 39
6964, 23
6965, 40
6966, 34
6967, 36
6968, 0
6969, 14
6970, 34
6971, 0
6972, 43
6973, 16
6974, 42
6975, 20
6976, 0
6977, 30
6978, 19
6979, 15
6980, 20
6981, 48
6982, 2
6983, 39
6984, 17
6985, 9
6986, 2
6987, 16
6988, 50
6989, 36
6990, 27
6991, 2
6992, 9
6993, 0
6994, 7
6995, 39
6996, 20
6997, 55
6998, 40
6999, 34
7000, 36
7001, 0
7002, 45
7003, 11
7004, 55
7005, 17
7006, 30
7007, 0
7008, 24
7009, 17
7010, 25
7011, 26
7012, 39
7013, 8
7014, 33
7015, 27
7016, 8
7017, 1
7018, 24
7019, 0
7020, 7
7021, 12
7022, 15
7023, 46
7024, 23
7025, 22
7026, 0
7027, 0
7028, 0
7029, 2
7030, 56
7031, 39
7032, 55
7033, 2
7034, 0
7035, 59
7036, 27
7037, 0
7038, 23
7039, 36
7040, 20
7041, 49
7042, 0
7043, 30
7044, 13
7045, 18
7046, 45
7047, 42
7048, 36
7049, 31
7050, 0
7051, 22
7052, 13
7053, 18
7054, 45
7055, 40
7056, 29
7057, 29
7058, 0
7059, 21
7060, 38
7061, 2
7062, 69
7063, 39
7064, 2
7065, 0
7066, 14
7067, 27
7068, 29
7069, 27
7070, 0
7071, 0
7072, 19
7073, 36
7074, 35
7075, 10
7076, 0
7077, 0
7078, 16
7079, 18
7080, 34
7081, 23
7082, 4
7083, 3
7084, 4
7085, 34
7086, 57
7087, 4
7088, 3
7089, 4
7090, 5
7091, 0
7092, 0
7093, 23
7094, 13
7095, 36
7096, 10
7097, 34
7098, 37
7099, 50
7100, 18
7101, 21
7102, 3
7103, 4
7104, 27
7105, 0
7106, 23
7107, 13
7108, 36
7109, 26
7110, 4
7111, 31
7112, 0
7113, 0
7114, 33
7115, 28
7116, 31
7117, 10
7118, 0
7119, 48
7120, 57
7121, 0
7122, 7
7123, 27
7124, 27
7125, 23
7126, 35
7127, 46
7128, 2
7129, 69
7130, 39
7131, 2
7132, 0
7133, 14
7134, 27
7135, 29
7136, 27
7137, 0
7138, 29
7139, 0
7140, 19
7141, 36
7142, 35
7143, 10
7144, 0
7145, 0
7146, 26
7147, 13
7148, 18
7149, 12
7150, 106
7151, 5
7152, 23
7153, 25
7154, 3
7155, 0
7156, 106
7157, 5
7158, 57
7159, 25
7160, 3
7161, 0
7162, 4
7163, 5
7164, 18
7165, 5
7166, 34
7167, 37
7168, 50
7169, 17
7170, 3
7171, 26
7172, 3
7173, 4
7174, 30
7175, 0
7176, 33
7177, 28
7178, 31
7179, 10
7180, 0
7181, 48
7182, 57
7183, 0
7184, 7
7185, 27
7186, 27
7187, 23
7188, 35
7189, 46
7190, 2
7191, 69
7192, 39
7193, 2
7194, 0
7195, 14
7196, 27
7197, 32
7198, 27
7199, 0
7200, 29
7201, 0
7202, 26
7203, 13
7204, 18
7205, 34
7206, 23
7207, 25
7208, 3
7209, 39
7210, 57
7211, 25
7212, 3
7213, 29
7214, 34
7215, 40
7216, 53
7217, 18
7218, 26
7219, 8
7220, 26
7221, 4
7222, 32
7223, 26
7224, 31
7225, 0
7226, 19
7227, 42
7228, 0
7229, 7
7230, 32
7231, 27
7232, 26
7233, 40
7234, 34
7235, 24
7236, 12
7237, 2
7238, 69
7239, 39
7240, 2
7241, 0
7242, 14
7243, 27
7244, 32
7245, 27
7246, 15
7247, 0
7248, 23
7249, 36
7250, 41
7251, 0
7252, 0
7253, 27
7254, 13
7255, 18
7256, 34
7257, 23
7258, 20
7259, 3
7260, 39
7261, 57
7262, 20
7263, 3
7264, 4
7265, 21
7266, 4
7267, 23
7268, 0
7269, 22
7270, 13
7271, 18
7272, 34
7273, 23
7274, 20
7275, 3
7276, 39
7277, 57
7278, 20
7279, 3
7280, 10
7281, 34
7282, 40
7283, 63
7284, 18
7285, 21
7286, 3
7287, 4
7288, 22
7289, 0
7290, 7
7291, 18
7292, 39
7293, 16
7294, 21
7295, 42
7296, 9
7297, 43
7298, 55
7299, 35
7300, 2
7301, 62
7302, 36
7303, 29
7304, 2
7305, 0
7306, 14
7307, 27
7308, 60
7309, 53
7310, 0
7311, 31
7312, 13
7313, 18
7314, 34
7315, 23
7316, 25
7317, 3
7318, 39
7319, 58
7320, 25
7321, 3
7322, 25
7323, 34
7324, 40
7325, 53
7326, 18
7327, 26
7328, 3
7329, 31
7330, 4
7331, 36
7332, 46
7333, 0
7334, 21
7335, 0
7336, 68
7337, 54
7338, 36
7339, 24
7340, 16
7341, 37
7342, 0
