1, 3
2, 24
3, 35
4, 54
5, 27
6, 3
7, 1
8, 17
9, 22
10, 1
11, 14
12, 22
13, 34
14, 1
15, 37
16, 9
17, 25
18, 53
19, 4
20, 80
21, 41
22, 44
23, 33
24, 2
25, 38
26, 3
27, 1
28, 11
29, 62
30, 1
31, 63
32, 9
33, 28
34, 12
35, 17
36, 31
37, 1
38, 52
39, 18
40, 21
41, 48
42, 1
43, 13
44, 30
45, 53
46, 20
47, 1
48, 26
49, 31
50, 1
51, 34
52, 39
53, 2
54, 44
55, 35
56, 3
57, 1
58, 19
59, 32
60, 1
61, 12
62, 39
63, 30
64, 33
65, 94
66, 37
67, 44
68, 97
69, 37
70, 27
71, 1
72, 17
73, 9
74, 23
75, 35
76, 63
77, 17
78, 23
79, 57
80, 114
81, 33
82, 17
83, 17
84, 65
85, 10
86, 27
87, 33
88, 1
89, 41
90, 16
91, 67
92, 18
93, 10
94, 36
95, 53
96, 1
97, 1
98, 40
99, 1
100, 30
101, 13
102, 33
103, 71
104, 1
105, 18
106, 115
107, 34
108, 39
109, 2
110, 44
111, 35
112, 3
113, 1
114, 19
115, 32
116, 1
117, 12
118, 39
119, 30
120, 33
121, 94
122, 37
123, 44
124, 97
125, 37
126, 27
127, 1
128, 17
129, 9
130, 23
131, 35
132, 63
133, 17
134, 23
135, 57
136, 114
137, 33
138, 17
139, 17
140, 65
141, 10
142, 27
143, 33
144, 1
145, 41
146, 16
147, 67
148, 18
149, 10
150, 36
151, 53
152, 1
153, 1
154, 42
155, 1
156, 30
157, 13
158, 33
159, 71
160, 1
161, 18
162, 115
163, 35
164, 39
165, 2
166, 81
167, 4
168, 18
169, 2
170, 33
171, 2
172, 38
173, 2
174, 31
175, 54
176, 54
177, 36
178, 35
179, 47
180, 54
181, 2
182, 2
183, 13
184, 87
185, 8
186, 49
187, 50
188, 2
189, 2
190, 22
191, 35
192, 57
193, 95
194, 29
195, 29
196, 46
197, 2
198, 2
199, 22
200, 71
201, 44
202, 60
203, 31
204, 29
205, 45
206, 22
207, 53
208, 50
209, 61
210, 16
211, 32
212, 78
213, 53
214, 21
215, 28
216, 26
217, 34
218, 45
219, 59
220, 67
221, 2
222, 2
223, 38
224, 33
225, 35
226, 32
227, 32
228, 33
229, 35
230, 35
231, 32
232, 33
233, 45
234, 3
235, 39
236, 43
237, 42
238, 3
239, 1
240, 16
241, 1
242, 31
243, 1
244, 66
245, 20
246, 19
247, 29
248, 27
249, 43
250, 47
251, 27
252, 1
253, 62
254, 16
255, 16
256, 27
257, 50
258, 25
259, 1
260, 75
261, 1
262, 54
263, 25
264, 15
265, 33
266, 34
267, 22
268, 50
269, 56
270, 30
271, 1
272, 60
273, 24
274, 32
275, 55
276, 56
277, 1
278, 13
279, 24
280, 29
281, 40
282, 28
283, 1
284, 76
285, 39
286, 25
287, 39
288, 39
289, 43
290, 19
291, 62
292, 46
293, 30
294, 22
295, 57
296, 39
297, 1
298, 27
299, 22
300, 1
301, 80
302, 65
303, 20
304, 37
305, 68
306, 75
307, 71
308, 74
309, 30
310, 95
311, 95
312, 80
313, 87
314, 1
315, 65
316, 52
317, 67
318, 29
319, 74
320, 30
321, 78
322, 36
323, 74
324, 30
325, 76
326, 34
327, 1
328, 12
329, 17
330, 34
331, 35
332, 37
333, 80
334, 28
335, 34
336, 38
337, 1
338, 29
339, 55
340, 3
341, 1
342, 21
343, 1
344, 31
345, 1
346, 25
347, 31
348, 37
349, 43
350, 49
351, 55
352, 1
353, 26
354, 29
355, 27
356, 47
357, 9
358, 16
359, 41
360, 1
361, 39
362, 23
363, 43
364, 9
365, 13
366, 22
367, 27
368, 34
369, 15
370, 26
371, 16
372, 22
373, 23
374, 43
375, 44
376, 71
377, 17
378, 12
379, 15
380, 41
381, 70
382, 39
383, 16
384, 34
385, 85
386, 1
387, 42
388, 39
389, 5
390, 53
391, 46
392, 42
393, 4
394, 2
395, 22
396, 2
397, 32
398, 18
399, 92
400, 2
401, 69
402, 14
403, 31
404, 66
405, 24
406, 8
407, 10
408, 8
409, 19
410, 15
411, 23
412, 43
413, 19
414, 14
415, 34
416, 78
417, 64
418, 39
419, 41
420, 29
421, 47
422, 32
423, 8
424, 13
425, 8
426, 41
427, 14
428, 16
429, 15
430, 43
431, 23
432, 32
433, 63
434, 19
435, 16
436, 62
437, 76
438, 12
439, 11
440, 5
441, 39
442, 18
443, 67
444, 55
445, 2
446, 19
447, 27
448, 28
449, 38
450, 54
451, 2
452, 90
453, 45
454, 63
455, 23
456, 48
457, 67
458, 27
459, 18
460, 18
461, 13
462, 64
463, 2
464, 36
465, 96
466, 2
467, 10
468, 5
469, 13
470, 24
471, 78
472, 40
473, 39
474, 3
475, 37
476, 1
477, 13
478, 1
479, 67
480, 1
481, 12
482, 50
483, 42
484, 62
485, 88
486, 97
487, 110
488, 47
489, 16
490, 1
491, 7
492, 58
493, 58
494, 58
495, 58
496, 58
497, 58
498, 46
499, 1
500, 9
501, 36
502, 36
503, 10
504, 1
505, 27
506, 1
507, 36
508, 21
509, 36
510, 36
511, 6
512, 35
513, 28
514, 32
515, 50
516, 54
517, 67
518, 49
519, 1
520, 6
521, 31
522, 31
523, 31
524, 31
525, 31
526, 31
527, 31
528, 31
529, 31
530, 31
531, 31
532, 31
533, 31
534, 31
535, 31
536, 10
537, 1
538, 14
539, 42
540, 42
541, 42
542, 42
543, 10
544, 1
545, 56
546, 29
547, 66
548, 24
549, 6
550, 27
551, 37
552, 1
553, 44
554, 25
555, 28
556, 29
557, 61
558, 49
559, 46
560, 9
561, 56
562, 23
563, 25
564, 42
565, 26
566, 41
567, 45
568, 41
569, 1
570, 77
571, 39
572, 66
573, 46
574, 32
575, 6
576, 27
577, 1
578, 59
579, 33
580, 28
581, 35
582, 77
583, 70
584, 63
585, 54
586, 14
587, 68
588, 32
589, 33
590, 66
591, 64
592, 73
593, 52
594, 1
595, 43
596, 28
597, 49
598, 39
599, 50
600, 32
601, 1
602, 31
603, 10
604, 25
605, 1
606, 39
607, 17
608, 30
609, 32
610, 30
611, 6
612, 56
613, 27
614, 20
615, 30
616, 50
617, 1
618, 34
619, 1
620, 22
621, 1
622, 35
623, 25
624, 15
625, 1
626, 40
627, 19
628, 27
629, 6
630, 42
631, 45
632, 1
633, 14
634, 12
635, 13
636, 18
637, 41
638, 44
639, 3
640, 1
641, 12
642, 32
643, 1
644, 6
645, 13
646, 28
647, 1
648, 37
649, 34
650, 38
651, 1
652, 42
653, 44
654, 3
655, 1
656, 16
657, 32
658, 1
659, 57
660, 1
661, 11
662, 47
663, 22
664, 41
665, 38
666, 2
667, 44
668, 3
669, 1
670, 12
671, 52
672, 1
673, 40
674, 1
675, 10
676, 25
677, 56
678, 38
679, 9
680, 1
681, 22
682, 18
683, 25
684, 28
685, 44
686, 1
687, 32
688, 29
689, 39
690, 48
691, 46
692, 1
693, 43
694, 36
695, 47
696, 1
697, 27
698, 23
699, 9
700, 1
701, 34
702, 29
703, 16
704, 52
705, 39
706, 1
707, 33
708, 1
709, 53
710, 1
711, 1
712, 56
713, 1
714, 12
715, 54
716, 56
717, 57
718, 59
719, 59
720, 5
721, 1
722, 27
723, 22
724, 14
725, 1
726, 33
727, 42
728, 19
729, 1
730, 41
731, 24
732, 54
733, 9
734, 1
735, 14
736, 58
737, 19
738, 1
739, 30
740, 46
741, 10
742, 12
743, 55
744, 1
745, 60
746, 54
747, 1
748, 22
749, 20
750, 34
751, 21
752, 59
753, 58
754, 1
755, 21
756, 53
757, 1
758, 26
759, 27
760, 22
761, 37
762, 38
763, 40
764, 38
765, 1
766, 25
767, 3
768, 1
769, 13
770, 1
771, 32
772, 25
773, 1
774, 21
775, 1
776, 10
777, 30
778, 30
779, 39
780, 70
781, 54
782, 60
783, 54
784, 60
785, 38
786, 41
787, 38
788, 39
789, 8
790, 17
791, 18
792, 18
793, 64
794, 1
795, 93
796, 43
797, 14
798, 77
799, 57
800, 38
801, 1
802, 38
803, 76
804, 1
805, 56
806, 3
807, 12
808, 54
809, 56
810, 57
811, 59
812, 59
813, 5
814, 1
815, 27
816, 22
817, 14
818, 1
819, 35
820, 43
821, 19
822, 1
823, 33
824, 1
825, 30
826, 18
827, 54
828, 9
829, 37
830, 14
831, 13
832, 53
833, 14
834, 1
835, 30
836, 46
837, 10
838, 12
839, 55
840, 1
841, 74
842, 30
843, 45
844, 39
845, 10
846, 26
847, 28
848, 26
849, 31
850, 1
851, 77
852, 36
853, 27
854, 39
855, 29
856, 39
857, 6
858, 83
859, 32
860, 23
861, 47
862, 30
863, 25
864, 29
865, 1
866, 54
867, 31
868, 27
869, 39
870, 24
871, 39
872, 6
873, 74
874, 27
875, 23
876, 42
877, 38
878, 20
879, 27
880, 1
881, 76
882, 32
883, 45
884, 29
885, 10
886, 28
887, 18
888, 43
889, 41
890, 42
891, 28
892, 1
893, 30
894, 25
895, 31
896, 27
897, 16
898, 1
899, 1
900, 41
901, 38
902, 2
903, 44
904, 3
905, 1
906, 16
907, 60
908, 1
909, 54
910, 9
911, 15
912, 68
913, 43
914, 1
915, 41
916, 3
917, 62
918, 28
919, 54
920, 41
921, 54
922, 1
923, 24
924, 32
925, 1
926, 38
927, 12
928, 13
929, 45
930, 1
931, 9
932, 20
933, 1
934, 23
935, 27
936, 57
937, 1
938, 35
939, 36
940, 51
941, 28
942, 22
943, 1
944, 26
945, 16
946, 20
947, 27
948, 24
949, 39
950, 31
951, 14
952, 34
953, 1
954, 36
955, 17
956, 22
957, 15
958, 23
959, 60
960, 25
961, 19
962, 54
963, 25
964, 1
965, 36
966, 14
967, 12
968, 13
969, 18
970, 1
971, 59
972, 24
973, 21
974, 53
975, 9
976, 40
977, 44
978, 3
979, 39
980, 4
981, 4
982, 1
983, 13
984, 14
985, 1
986, 24
987, 3
988, 39
989, 43
990, 73
991, 97
992, 72
993, 42
994, 3
995, 1
996, 19
997, 1
998, 49
999, 1
1000, 12
1001, 37
1002, 47
1003, 9
1004, 52
1005, 64
1006, 1
1007, 90
1008, 97
1009, 1
1010, 89
1011, 96
1012, 1
1013, 16
1014, 39
1015, 47
1016, 23
1017, 34
1018, 1
1019, 16
1020, 39
1021, 29
1022, 42
1023, 29
1024, 35
1025, 43
1026, 50
1027, 1
1028, 25
1029, 25
1030, 23
1031, 58
1032, 1
1033, 57
1034, 21
1035, 73
1036, 36
1037, 1
1038, 86
1039, 1
1040, 16
1041, 30
1042, 65
1043, 55
1044, 1
1045, 31
1046, 24
1047, 33
1048, 85
1049, 1
1050, 14
1051, 1
1052, 31
1053, 18
1054, 39
1055, 15
1056, 53
1057, 42
1058, 1
1059, 42
1060, 68
1061, 1
1062, 42
1063, 1
1064, 39
1065, 1
1066, 60
1067, 1
1068, 28
1069, 59
1070, 1
1071, 48
1072, 1
1073, 60
1074, 62
1075, 63
1076, 65
1077, 67
1078, 1
1079, 41
1080, 62
1081, 1
1082, 67
1083, 40
1084, 43
1085, 1
1086, 66
1087, 37
1088, 1
1089, 32
1090, 41
1091, 30
1092, 33
1093, 69
1094, 1
1095, 58
1096, 61
1097, 51
1098, 55
1099, 69
1100, 71
1101, 1
1102, 61
1103, 49
1104, 54
1105, 69
1106, 50
1107, 1
1108, 34
1109, 45
1110, 1
1111, 46
1112, 81
1113, 1
1114, 63
1115, 67
1116, 71
1117, 1
1118, 67
1119, 56
1120, 41
1121, 38
1122, 2
1123, 44
1124, 39
1125, 3
1126, 1
1127, 13
1128, 32
1129, 1
1130, 52
1131, 13
1132, 21
1133, 24
1134, 22
1135, 37
1136, 37
1137, 24
1138, 38
1139, 22
1140, 31
1141, 8
1142, 71
1143, 23
1144, 30
1145, 43
1146, 40
1147, 43
1148, 1
1149, 71
1150, 23
1151, 28
1152, 40
1153, 38
1154, 41
1155, 1
1156, 70
1157, 1
1158, 28
1159, 8
1160, 14
1161, 54
1162, 1
1163, 27
1164, 7
1165, 18
1166, 59
1167, 1
1168, 30
1169, 40
1170, 1
1171, 30
1172, 50
1173, 1
1174, 56
1175, 1
1176, 42
1177, 29
1178, 20
1179, 25
1180, 24
1181, 22
1182, 56
1183, 52
1184, 34
1185, 1
1186, 41
1187, 28
1188, 20
1189, 17
1190, 28
1191, 28
1192, 56
1193, 28
1194, 28
1195, 56
1196, 33
1197, 1
1198, 38
1199, 33
1200, 19
1201, 20
1202, 25
1203, 73
1204, 41
1205, 21
1206, 69
1207, 41
1208, 1
1209, 27
1210, 28
1211, 20
1212, 20
1213, 34
1214, 1
1215, 44
1216, 25
1217, 14
1218, 89
1219, 15
1220, 57
1221, 86
1222, 8
1223, 74
1224, 25
1225, 14
1226, 24
1227, 49
1228, 22
1229, 1
1230, 36
1231, 30
1232, 40
1233, 63
1234, 44
1235, 10
1236, 57
1237, 33
1238, 19
1239, 20
1240, 33
1241, 30
1242, 39
1243, 22
1244, 22
1245, 44
1246, 40
1247, 43
1248, 1
1249, 53
1250, 30
1251, 20
1252, 34
1253, 34
1254, 68
1255, 20
1256, 1
1257, 49
1258, 90
1259, 46
1260, 46
1261, 65
1262, 6
1263, 70
1264, 32
1265, 15
1266, 19
1267, 27
1268, 27
1269, 38
1270, 22
1271, 22
1272, 40
1273, 40
1274, 46
1275, 20
1276, 1
1277, 61
1278, 28
1279, 16
1280, 66
1281, 19
1282, 3
1283, 45
1284, 43
1285, 61
1286, 62
1287, 42
1288, 3
1289, 1
1290, 18
1291, 1
1292, 31
1293, 1
1294, 12
1295, 48
1296, 54
1297, 99
1298, 72
1299, 37
1300, 1
1301, 16
1302, 1
1303, 41
1304, 27
1305, 18
1306, 79
1307, 23
1308, 1
1309, 56
1310, 44
1311, 19
1312, 31
1313, 83
1314, 63
1315, 75
1316, 63
1317, 91
1318, 30
1319, 66
1320, 31
1321, 1
1322, 53
1323, 30
1324, 30
1325, 25
1326, 92
1327, 44
1328, 20
1329, 41
1330, 38
1331, 2
1332, 44
1333, 3
1334, 1
1335, 14
1336, 32
1337, 1
1338, 12
1339, 1
1340, 54
1341, 9
1342, 46
1343, 52
1344, 24
1345, 1
1346, 38
1347, 66
1348, 1
1349, 34
1350, 65
1351, 45
1352, 13
1353, 1
1354, 23
1355, 39
1356, 39
1357, 39
1358, 36
1359, 1
1360, 30
1361, 14
1362, 38
1363, 56
1364, 1
1365, 25
1366, 81
1367, 9
1368, 54
1369, 22
1370, 53
1371, 13
1372, 1
1373, 49
1374, 78
1375, 1
1376, 35
1377, 39
1378, 3
1379, 32
1380, 3
1381, 2
1382, 16
1383, 2
1384, 41
1385, 2
1386, 2
1387, 46
1388, 7
1389, 59
1390, 2
1391, 2
1392, 39
1393, 32
1394, 2
1395, 17
1396, 45
1397, 28
1398, 26
1399, 2
1400, 41
1401, 38
1402, 20
1403, 32
1404, 41
1405, 38
1406, 2
1407, 2
1408, 2
1409, 2
1410, 35
1411, 39
1412, 2
1413, 33
1414, 5
1415, 73
1416, 43
1417, 4
1418, 2
1419, 2
1420, 15
1421, 2
1422, 57
1423, 2
1424, 2
1425, 8
1426, 58
1427, 36
1428, 38
1429, 7
1430, 56
1431, 7
1432, 2
1433, 36
1434, 2
1435, 21
1436, 80
1437, 2
1438, 58
1439, 9
1440, 72
1441, 40
1442, 60
1443, 43
1444, 37
1445, 24
1446, 69
1447, 34
1448, 44
1449, 21
1450, 97
1451, 13
1452, 52
1453, 30
1454, 96
1455, 42
1456, 23
1457, 36
1458, 41
1459, 26
1460, 16
1461, 2
1462, 2
1463, 23
1464, 6
1465, 25
1466, 6
1467, 28
1468, 45
1469, 9
1470, 39
1471, 23
1472, 25
1473, 41
1474, 51
1475, 74
1476, 37
1477, 2
1478, 28
1479, 9
1480, 37
1481, 52
1482, 90
1483, 45
1484, 28
1485, 38
1486, 38
1487, 38
1488, 65
1489, 84
1490, 82
1491, 30
1492, 35
1493, 44
1494, 67
1495, 28
1496, 46
1497, 7
1498, 37
1499, 14
1500, 24
1501, 66
1502, 2
1503, 2
1504, 22
1505, 14
1506, 13
1507, 14
1508, 16
1509, 18
1510, 19
1511, 2
1512, 29
1513, 40
1514, 60
1515, 2
1516, 2
1517, 29
1518, 2
1519, 36
1520, 38
1521, 2
1522, 20
1523, 2
1524, 19
1525, 27
1526, 29
1527, 28
1528, 29
1529, 33
1530, 27
1531, 29
1532, 29
1533, 29
1534, 29
1535, 13
1536, 2
1537, 37
1538, 9
1539, 48
1540, 32
1541, 23
1542, 23
1543, 22
1544, 23
1545, 23
1546, 22
1547, 30
1548, 22
1549, 23
1550, 23
1551, 22
1552, 23
1553, 23
1554, 2
1555, 2
1556, 29
1557, 2
1558, 51
1559, 37
1560, 38
1561, 44
1562, 44
1563, 56
1564, 32
1565, 39
1566, 43
1567, 2
1568, 24
1569, 15
1570, 59
1571, 2
1572, 23
1573, 57
1574, 2
1575, 2
1576, 33
1577, 6
1578, 18
1579, 57
1580, 10
1581, 43
1582, 27
1583, 27
1584, 37
1585, 39
1586, 37
1587, 39
1588, 2
1589, 24
1590, 33
1591, 2
1592, 2
1593, 82
1594, 9
1595, 67
1596, 45
1597, 34
1598, 79
1599, 2
1600, 2
1601, 18
1602, 58
1603, 33
1604, 28
1605, 24
1606, 24
1607, 57
1608, 35
1609, 24
1610, 24
1611, 120
1612, 120
1613, 9
1614, 47
1615, 27
1616, 55
1617, 58
1618, 2
1619, 2
1620, 53
1621, 46
1622, 40
1623, 6
1624, 6
1625, 41
1626, 53
1627, 9
1628, 39
1629, 14
1630, 30
1631, 72
1632, 72
1633, 20
1634, 54
1635, 35
1636, 43
1637, 44
1638, 76
1639, 49
1640, 70
1641, 2
1642, 2
1643, 35
1644, 12
1645, 25
1646, 101
1647, 9
1648, 50
1649, 27
1650, 64
1651, 14
1652, 41
1653, 77
1654, 45
1655, 61
1656, 60
1657, 13
1658, 26
1659, 116
1660, 2
1661, 6
1662, 2
1663, 32
1664, 6
1665, 36
1666, 39
1667, 38
1668, 38
1669, 24
1670, 25
1671, 9
1672, 25
1673, 30
1674, 29
1675, 56
1676, 53
1677, 53
1678, 6
1679, 51
1680, 11
1681, 35
1682, 25
1683, 27
1684, 55
1685, 33
1686, 53
1687, 68
1688, 40
1689, 19
1690, 35
1691, 35
1692, 26
1693, 50
1694, 71
1695, 2
1696, 35
1697, 39
1698, 2
1699, 33
1700, 5
1701, 73
1702, 43
1703, 4
1704, 2
1705, 15
1706, 2
1707, 57
1708, 2
1709, 8
1710, 58
1711, 36
1712, 38
1713, 7
1714, 51
1715, 7
1716, 2
1717, 36
1718, 2
1719, 2
1720, 52
1721, 2
1722, 2
1723, 70
1724, 9
1725, 44
1726, 60
1727, 42
1728, 17
1729, 51
1730, 72
1731, 78
1732, 44
1733, 44
1734, 39
1735, 72
1736, 22
1737, 44
1738, 73
1739, 40
1740, 14
1741, 57
1742, 37
1743, 59
1744, 97
1745, 71
1746, 72
1747, 62
1748, 34
1749, 45
1750, 33
1751, 56
1752, 50
1753, 2
1754, 2
1755, 23
1756, 6
1757, 25
1758, 21
1759, 6
1760, 28
1761, 45
1762, 9
1763, 39
1764, 23
1765, 25
1766, 41
1767, 51
1768, 74
1769, 37
1770, 2
1771, 30
1772, 2
1773, 28
1774, 9
1775, 38
1776, 53
1777, 53
1778, 17
1779, 27
1780, 32
1781, 39
1782, 72
1783, 34
1784, 30
1785, 32
1786, 84
1787, 70
1788, 37
1789, 52
1790, 75
1791, 36
1792, 44
1793, 2
1794, 7
1795, 34
1796, 14
1797, 24
1798, 66
1799, 2
1800, 2
1801, 22
1802, 2
1803, 14
1804, 13
1805, 15
1806, 15
1807, 14
1808, 16
1809, 18
1810, 20
1811, 21
1812, 2
1813, 29
1814, 40
1815, 60
1816, 2
1817, 2
1818, 29
1819, 2
1820, 36
1821, 38
1822, 2
1823, 20
1824, 2
1825, 19
1826, 27
1827, 29
1828, 28
1829, 29
1830, 33
1831, 27
1832, 29
1833, 29
1834, 29
1835, 29
1836, 13
1837, 2
1838, 37
1839, 9
1840, 48
1841, 32
1842, 23
1843, 23
1844, 22
1845, 23
1846, 23
1847, 22
1848, 30
1849, 22
1850, 23
1851, 23
1852, 22
1853, 23
1854, 23
1855, 2
1856, 2
1857, 29
1858, 2
1859, 51
1860, 37
1861, 38
1862, 44
1863, 44
1864, 56
1865, 32
1866, 39
1867, 43
1868, 2
1869, 24
1870, 15
1871, 45
1872, 2
1873, 23
1874, 10
1875, 28
1876, 47
1877, 38
1878, 7
1879, 2
1880, 33
1881, 6
1882, 18
1883, 57
1884, 10
1885, 43
1886, 27
1887, 27
1888, 37
1889, 39
1890, 37
1891, 39
1892, 2
1893, 24
1894, 33
1895, 2
1896, 20
1897, 21
1898, 2
1899, 79
1900, 53
1901, 54
1902, 71
1903, 89
1904, 17
1905, 16
1906, 82
1907, 9
1908, 67
1909, 45
1910, 34
1911, 79
1912, 2
1913, 18
1914, 58
1915, 33
1916, 28
1917, 24
1918, 24
1919, 57
1920, 35
1921, 24
1922, 24
1923, 107
1924, 107
1925, 9
1926, 47
1927, 27
1928, 55
1929, 58
1930, 67
1931, 13
1932, 42
1933, 34
1934, 45
1935, 71
1936, 73
1937, 75
1938, 87
1939, 13
1940, 53
1941, 46
1942, 40
1943, 4
1944, 37
1945, 46
1946, 9
1947, 39
1948, 14
1949, 31
1950, 83
1951, 83
1952, 19
1953, 27
1954, 49
1955, 54
1956, 2
1957, 18
1958, 31
1959, 2
1960, 25
1961, 107
1962, 9
1963, 65
1964, 34
1965, 56
1966, 25
1967, 22
1968, 92
1969, 96
1970, 56
1971, 77
1972, 6
1973, 2
1974, 32
1975, 6
1976, 36
1977, 39
1978, 38
1979, 38
1980, 24
1981, 25
1982, 9
1983, 25
1984, 30
1985, 29
1986, 56
1987, 53
1988, 53
1989, 6
1990, 52
1991, 11
1992, 35
1993, 25
1994, 27
1995, 55
1996, 33
1997, 53
1998, 68
1999, 40
2000, 19
2001, 35
2002, 35
2003, 26
2004, 35
2005, 71
2006, 2
2007, 44
2008, 44
2009, 6
2010, 43
2011, 29
2012, 29
2013, 27
2014, 43
2015, 89
2016, 91
2017, 92
2018, 91
2019, 75
2020, 79
2021, 25
2022, 11
2023, 32
2024, 23
2025, 85
2026, 24
2027, 20
2028, 45
2029, 2
2030, 2
2031, 40
2032, 2
2033, 21
2034, 111
2035, 2
2036, 21
2037, 80
2038, 2
2039, 20
2040, 80
2041, 81
2042, 81
2043, 81
2044, 81
2045, 81
2046, 81
2047, 81
2048, 81
2049, 81
2050, 81
2051, 81
2052, 81
2053, 81
2054, 81
2055, 81
2056, 81
2057, 81
2058, 81
2059, 81
2060, 81
2061, 81
2062, 81
2063, 81
2064, 81
2065, 81
2066, 81
2067, 81
2068, 81
2069, 81
2070, 85
2071, 2
2072, 41
2073, 38
2074, 2
2075, 44
2076, 47
2077, 1
2078, 48
2079, 56
2080, 50
2081, 3
2082, 1
2083, 16
2084, 32
2085, 1
2086, 6
2087, 30
2088, 42
2089, 34
2090, 52
2091, 41
2092, 38
2093, 1
2094, 18
2095, 40
2096, 14
2097, 19
2098, 23
2099, 20
2100, 23
2101, 1
2102, 15
2103, 19
2104, 16
2105, 1
2106, 14
2107, 21
2108, 32
2109, 32
2110, 10
2111, 1
2112, 39
2113, 62
2114, 1
2115, 15
2116, 15
2117, 38
2118, 31
2119, 5
2120, 1
2121, 61
2122, 1
2123, 20
2124, 51
2125, 39
2126, 26
2127, 42
2128, 39
2129, 31
2130, 5
2131, 1
2132, 41
2133, 51
2134, 2
2135, 38
2136, 3
2137, 1
2138, 15
2139, 61
2140, 1
2141, 14
2142, 36
2143, 44
2144, 32
2145, 34
2146, 62
2147, 64
2148, 1
2149, 18
2150, 63
2151, 23
2152, 29
2153, 35
2154, 40
2155, 1
2156, 35
2157, 41
2158, 1
2159, 65
2160, 12
2161, 29
2162, 24
2163, 39
2164, 16
2165, 1
2166, 13
2167, 41
2168, 24
2169, 38
2170, 1
2171, 83
2172, 36
2173, 12
2174, 33
2175, 22
2176, 28
2177, 27
2178, 28
2179, 88
2180, 1
2181, 37
2182, 16
2183, 32
2184, 50
2185, 39
2186, 10
2187, 60
2188, 28
2189, 29
2190, 38
2191, 20
2192, 1
2193, 28
2194, 19
2195, 20
2196, 38
2197, 25
2198, 29
2199, 55
2200, 14
2201, 38
2202, 36
2203, 52
2204, 57
2205, 1
2206, 47
2207, 34
2208, 61
2209, 22
2210, 35
2211, 35
2212, 74
2213, 26
2214, 65
2215, 35
2216, 72
2217, 1
2218, 36
2219, 27
2220, 62
2221, 65
2222, 1
2223, 42
2224, 60
2225, 71
2226, 80
2227, 69
2228, 68
2229, 67
2230, 68
2231, 64
2232, 1
2233, 53
2234, 20
2235, 24
2236, 22
2237, 30
2238, 33
2239, 1
2240, 4
2241, 41
2242, 39
2243, 2
2244, 38
2245, 35
2246, 4
2247, 2
2248, 14
2249, 2
2250, 32
2251, 2
2252, 13
2253, 20
2254, 41
2255, 43
2256, 36
2257, 38
2258, 50
2259, 65
2260, 65
2261, 2
2262, 26
2263, 37
2264, 32
2265, 2
2266, 87
2267, 2
2268, 53
2269, 31
2270, 27
2271, 51
2272, 49
2273, 45
2274, 7
2275, 62
2276, 62
2277, 30
2278, 31
2279, 38
2280, 64
2281, 92
2282, 41
2283, 41
2284, 33
2285, 59
2286, 45
2287, 53
2288, 34
2289, 64
2290, 48
2291, 48
2292, 48
2293, 42
2294, 64
2295, 40
2296, 40
2297, 40
2298, 76
2299, 2
2300, 57
2301, 60
2302, 63
2303, 53
2304, 55
2305, 44
2306, 44
2307, 44
2308, 74
2309, 2
2310, 32
2311, 104
2312, 29
2313, 100
2314, 64
2315, 2
2316, 23
2317, 80
2318, 62
2319, 54
2320, 2
2321, 46
2322, 77
2323, 77
2324, 77
2325, 81
2326, 2
2327, 31
2328, 12
2329, 22
2330, 68
2331, 73
2332, 38
2333, 92
2334, 92
2335, 53
2336, 38
2337, 92
2338, 92
2339, 52
2340, 38
2341, 92
2342, 92
2343, 52
2344, 38
2345, 92
2346, 92
2347, 53
2348, 34
2349, 2
2350, 69
2351, 63
2352, 89
2353, 91
2354, 42
2355, 38
2356, 2
2357, 44
2358, 3
2359, 1
2360, 18
2361, 32
2362, 1
2363, 46
2364, 1
2365, 13
2366, 49
2367, 23
2368, 1
2369, 12
2370, 49
2371, 23
2372, 1
2373, 12
2374, 49
2375, 23
2376, 1
2377, 12
2378, 49
2379, 23
2380, 1
2381, 12
2382, 47
2383, 23
2384, 1
2385, 10
2386, 39
2387, 23
2388, 34
2389, 38
2390, 5
2391, 37
2392, 1
2393, 14
2394, 1
2395, 32
2396, 1
2397, 12
2398, 50
2399, 42
2400, 49
2401, 53
2402, 53
2403, 47
2404, 16
2405, 1
2406, 11
2407, 46
2408, 46
2409, 44
2410, 74
2411, 1
2412, 12
2413, 33
2414, 58
2415, 1
2416, 40
2417, 15
2418, 17
2419, 20
2420, 30
2421, 13
2422, 49
2423, 41
2424, 29
2425, 6
2426, 46
2427, 22
2428, 25
2429, 60
2430, 44
2431, 22
2432, 40
2433, 38
2434, 4
2435, 37
2436, 1
2437, 18
2438, 1
2439, 32
2440, 1
2441, 12
2442, 50
2443, 42
2444, 49
2445, 53
2446, 53
2447, 47
2448, 16
2449, 1
2450, 28
2451, 31
2452, 1
2453, 11
2454, 46
2455, 62
2456, 44
2457, 74
2458, 1
2459, 12
2460, 33
2461, 58
2462, 1
2463, 39
2464, 15
2465, 17
2466, 20
2467, 56
2468, 49
2469, 41
2470, 29
2471, 6
2472, 44
2473, 22
2474, 25
2475, 47
2476, 51
2477, 98
2478, 44
2479, 22
2480, 41
2481, 38
2482, 2
2483, 44
2484, 1
2485, 48
2486, 56
2487, 50
2488, 1
2489, 54
2490, 40
2491, 3
2492, 1
2493, 15
2494, 32
2495, 1
2496, 6
2497, 52
2498, 35
2499, 34
2500, 57
2501, 39
2502, 19
2503, 1
2504, 10
2505, 22
2506, 19
2507, 47
2508, 1
2509, 23
2510, 19
2511, 51
2512, 1
2513, 20
2514, 20
2515, 23
2516, 52
2517, 1
2518, 13
2519, 18
2520, 24
2521, 21
2522, 1
2523, 19
2524, 16
2525, 25
2526, 25
2527, 5
2528, 1
2529, 39
2530, 62
2531, 1
2532, 15
2533, 15
2534, 38
2535, 31
2536, 5
2537, 1
2538, 20
2539, 37
2540, 39
2541, 26
2542, 56
2543, 35
2544, 5
2545, 34
2546, 38
2547, 44
2548, 36
2549, 4
2550, 19
2551, 1
2552, 32
2553, 1
2554, 91
2555, 1
2556, 75
2557, 1
2558, 105
2559, 52
2560, 35
2561, 62
2562, 54
2563, 61
2564, 64
2565, 64
2566, 47
2567, 48
2568, 47
2569, 61
2570, 52
2571, 75
2572, 95
2573, 101
2574, 6
2575, 21
2576, 19
2577, 20
2578, 1
2579, 16
2580, 40
2581, 38
2582, 2
2583, 37
2584, 3
2585, 2
2586, 16
2587, 1
2588, 40
2589, 1
2590, 12
2591, 24
2592, 31
2593, 82
2594, 35
2595, 11
2596, 1
2597, 70
2598, 23
2599, 77
2600, 23
2601, 14
2602, 18
2603, 27
2604, 64
2605, 46
2606, 34
2607, 51
2608, 44
2609, 6
2610, 14
2611, 76
2612, 1
2613, 59
2614, 48
2615, 101
2616, 84
2617, 48
2618, 33
2619, 1
2620, 40
2621, 94
2622, 41
2623, 38
2624, 2
2625, 44
2626, 3
2627, 1
2628, 16
2629, 38
2630, 1
2631, 52
2632, 4
2633, 26
2634, 12
2635, 20
2636, 73
2637, 44
2638, 12
2639, 23
2640, 1
2641, 77
2642, 43
2643, 54
2644, 60
2645, 29
2646, 1
2647, 45
2648, 50
2649, 27
2650, 37
2651, 75
2652, 1
2653, 20
2654, 19
2655, 18
2656, 26
2657, 1
2658, 1
2659, 49
2660, 17
2661, 18
2662, 46
2663, 58
2664, 24
2665, 44
2666, 80
2667, 31
2668, 1
2669, 1
2670, 1
2671, 4
2672, 15
2673, 33
2674, 2
2675, 7
2676, 40
2677, 83
2678, 7
2679, 10
2680, 48
2681, 18
2682, 37
2683, 68
2684, 11
2685, 2
2686, 11
2687, 28
2688, 27
2689, 28
2690, 28
2691, 32
2692, 22
2693, 11
2694, 55
2695, 41
2696, 14
2697, 32
2698, 40
2699, 31
2700, 28
2701, 28
2702, 20
2703, 10
2704, 17
2705, 19
2706, 47
2707, 47
2708, 30
2709, 41
2710, 38
2711, 4
2712, 44
2713, 3
2714, 1
2715, 14
2716, 32
2717, 1
2718, 59
2719, 1
2720, 14
2721, 12
2722, 13
2723, 18
2724, 1
2725, 40
2726, 20
2727, 43
2728, 7
2729, 9
2730, 40
2731, 43
2732, 7
2733, 35
2734, 38
2735, 47
2736, 3
2737, 17
2738, 32
2739, 1
2740, 9
2741, 72
2742, 72
2743, 72
2744, 72
2745, 70
2746, 1
2747, 10
2748, 12
2749, 11
2750, 23
2751, 4
2752, 85
2753, 27
2754, 52
2755, 1
2756, 1
2757, 8
2758, 23
2759, 34
2760, 45
2761, 1
2762, 40
2763, 6
2764, 21
2765, 42
2766, 23
2767, 4
2768, 10
2769, 73
2770, 19
2771, 35
2772, 38
2773, 47
2774, 3
2775, 17
2776, 32
2777, 1
2778, 9
2779, 72
2780, 72
2781, 72
2782, 72
2783, 70
2784, 1
2785, 10
2786, 12
2787, 11
2788, 23
2789, 4
2790, 85
2791, 27
2792, 51
2793, 1
2794, 8
2795, 22
2796, 33
2797, 44
2798, 6
2799, 17
2800, 32
2801, 4
2802, 7
2803, 21
2804, 38
2805, 1
2806, 4
2807, 10
2808, 65
2809, 20
2810, 14
2811, 11
2812, 75
2813, 17
2814, 18
2815, 1
2816, 21
2817, 44
2818, 6
2819, 28
2820, 1
2821, 12
2822, 48
2823, 57
2824, 40
2825, 54
2826, 51
2827, 61
2828, 46
2829, 59
2830, 85
2831, 84
2832, 65
2833, 64
2834, 54
2835, 36
2836, 46
2837, 50
2838, 55
2839, 90
2840, 67
2841, 49
2842, 45
2843, 56
2844, 47
2845, 56
2846, 9
2847, 9
2848, 91
2849, 55
2850, 16
2851, 1
2852, 50
2853, 35
2854, 53
2855, 48
2856, 37
2857, 44
2858, 138
2859, 19
2860, 1
2861, 150
2862, 71
2863, 36
2864, 85
2865, 114
2866, 84
2867, 1
2868, 148
2869, 76
2870, 91
2871, 18
2872, 44
2873, 58
2874, 52
2875, 52
2876, 52
2877, 52
2878, 54
2879, 54
2880, 52
2881, 61
2882, 38
2883, 38
2884, 36
2885, 36
2886, 36
2887, 71
2888, 59
2889, 59
2890, 60
2891, 20
2892, 44
2893, 57
2894, 38
2895, 1
2896, 3
2897, 38
2898, 18
2899, 35
2900, 39
2901, 41
2902, 25
2903, 1
2904, 54
2905, 25
2906, 35
2907, 39
2908, 41
2909, 47
2910, 14
2911, 6
2912, 64
2913, 32
2914, 25
2915, 30
2916, 71
2917, 1
2918, 63
2919, 21
2920, 40
2921, 17
2922, 9
2923, 20
2924, 45
2925, 22
2926, 38
2927, 34
2928, 1
2929, 9
2930, 42
2931, 44
2932, 11
2933, 61
2934, 56
2935, 54
2936, 11
2937, 56
2938, 11
2939, 11
2940, 56
2941, 15
2942, 61
2943, 16
2944, 8
2945, 1
2946, 12
2947, 76
2948, 81
2949, 72
2950, 80
2951, 73
2952, 69
2953, 76
2954, 67
2955, 70
2956, 1
2957, 1
2958, 26
2959, 31
2960, 24
2961, 94
2962, 34
2963, 39
2964, 10
2965, 73
2966, 28
2967, 35
2968, 10
2969, 70
2970, 33
2971, 39
2972, 10
2973, 97
2974, 37
2975, 39
2976, 10
2977, 1
2978, 17
2979, 30
2980, 26
2981, 9
2982, 3
2983, 40
2984, 45
2985, 38
2986, 6
2987, 29
2988, 9
2989, 40
2990, 44
2991, 44
2992, 18
2993, 43
2994, 29
2995, 6
2996, 29
2997, 25
2998, 32
2999, 58
3000, 18
3001, 41
3002, 17
3003, 28
3004, 6
3005, 42
3006, 42
3007, 75
3008, 38
3009, 39
3010, 18
3011, 50
3012, 30
3013, 42
3014, 10
3015, 3
3016, 1
3017, 12
3018, 45
3019, 12
3020, 41
3021, 52
3022, 19
3023, 6
3024, 58
3025, 29
3026, 37
3027, 18
3028, 43
3029, 29
3030, 6
3031, 29
3032, 25
3033, 32
3034, 58
3035, 18
3036, 41
3037, 17
3038, 28
3039, 6
3040, 42
3041, 42
3042, 75
3043, 38
3044, 39
3045, 18
3046, 1
3047, 50
3048, 30
3049, 32
3050, 10
3051, 8
3052, 3
3053, 45
3054, 12
3055, 41
3056, 52
3057, 19
3058, 6
3059, 58
3060, 29
3061, 37
3062, 18
3063, 43
3064, 12
3065, 30
3066, 6
3067, 33
3068, 40
3069, 77
3070, 18
3071, 41
3072, 17
3073, 29
3074, 6
3075, 40
3076, 47
3077, 84
3078, 80
3079, 18
3080, 3
3081, 40
3082, 38
3083, 4
3084, 37
3085, 1
3086, 15
3087, 1
3088, 32
3089, 1
3090, 12
3091, 42
3092, 49
3093, 47
3094, 16
3095, 1
3096, 27
3097, 11
3098, 37
3099, 25
3100, 21
3101, 26
3102, 50
3103, 32
3104, 21
3105, 1
3106, 38
3107, 14
3108, 37
3109, 24
3110, 34
3111, 68
3112, 58
3113, 40
3114, 34
3115, 40
3116, 39
3117, 32
3118, 1
3119, 10
3120, 24
3121, 36
3122, 18
3123, 1
3124, 37
3125, 15
3126, 25
3127, 32
3128, 25
3129, 6
3130, 24
3131, 49
3132, 9
3133, 55
3134, 28
3135, 27
3136, 53
3137, 33
3138, 1
3139, 9
3140, 56
3141, 52
3142, 52
3143, 42
3144, 41
3145, 28
3146, 16
3147, 25
3148, 33
3149, 34
3150, 1
3151, 1
3152, 29
3153, 10
3154, 35
3155, 40
3156, 6
3157, 55
3158, 38
3159, 25
3160, 30
3161, 39
3162, 39
3163, 73
3164, 73
3165, 56
3166, 3
3167, 24
3168, 6
3169, 47
3170, 22
3171, 25
3172, 30
3173, 39
3174, 39
3175, 60
3176, 60
3177, 40
3178, 1
3179, 28
3180, 13
3181, 36
3182, 3
3183, 35
3184, 6
3185, 34
3186, 24
3187, 59
3188, 50
3189, 32
3190, 23
3191, 27
3192, 42
3193, 50
3194, 60
3195, 60
3196, 28
3197, 29
3198, 27
3199, 35
3200, 35
3201, 35
3202, 35
3203, 35
3204, 26
3205, 1
3206, 11
3207, 23
3208, 6
3209, 26
3210, 1
3211, 46
3212, 21
3213, 25
3214, 29
3215, 60
3216, 82
3217, 36
3218, 41
3219, 51
3220, 2
3221, 38
3222, 3
3223, 1
3224, 19
3225, 14
3226, 1
3227, 13
3228, 36
3229, 45
3230, 29
3231, 20
3232, 1
3233, 21
3234, 29
3235, 18
3236, 15
3237, 33
3238, 1
3239, 64
3240, 21
3241, 1
3242, 41
3243, 38
3244, 44
3245, 33
3246, 3
3247, 1
3248, 13
3249, 32
3250, 1
3251, 69
3252, 43
3253, 1
3254, 13
3255, 16
3256, 1
3257, 42
3258, 25
3259, 15
3260, 28
3261, 83
3262, 66
3263, 50
3264, 1
3265, 9
3266, 21
3267, 56
3268, 29
3269, 41
3270, 38
3271, 2
3272, 37
3273, 35
3274, 3
3275, 1
3276, 20
3277, 51
3278, 1
3279, 6
3280, 26
3281, 41
3282, 41
3283, 52
3284, 36
3285, 1
3286, 1
3287, 34
3288, 15
3289, 44
3290, 33
3291, 1
3292, 25
3293, 7
3294, 28
3295, 24
3296, 6
3297, 22
3298, 38
3299, 46
3300, 1
3301, 32
3302, 26
3303, 25
3304, 25
3305, 37
3306, 1
3307, 10
3308, 59
3309, 53
3310, 51
3311, 6
3312, 18
3313, 1
3314, 37
3315, 14
3316, 78
3317, 26
3318, 45
3319, 60
3320, 25
3321, 1
3322, 56
3323, 26
3324, 63
3325, 21
3326, 1
3327, 43
3328, 14
3329, 64
3330, 26
3331, 70
3332, 24
3333, 18
3334, 57
3335, 27
3336, 64
3337, 21
3338, 1
3339, 12
3340, 57
3341, 35
3342, 42
3343, 17
3344, 41
3345, 39
3346, 51
3347, 3
3348, 1
3349, 18
3350, 30
3351, 1
3352, 13
3353, 35
3354, 65
3355, 44
3356, 1
3357, 26
3358, 73
3359, 62
3360, 33
3361, 21
3362, 1
3363, 14
3364, 19
3365, 42
3366, 25
3367, 29
3368, 64
3369, 1
3370, 26
3371, 36
3372, 45
3373, 1
3374, 34
3375, 34
3376, 24
3377, 13
3378, 42
3379, 38
3380, 52
3381, 67
3382, 14
3383, 22
3384, 59
3385, 1
3386, 12
3387, 54
3388, 56
3389, 57
3390, 59
3391, 59
3392, 5
3393, 1
3394, 27
3395, 22
3396, 14
3397, 1
3398, 34
3399, 43
3400, 19
3401, 1
3402, 30
3403, 18
3404, 54
3405, 9
3406, 14
3407, 13
3408, 53
3409, 14
3410, 1
3411, 1
3412, 30
3413, 46
3414, 10
3415, 12
3416, 55
3417, 1
3418, 1
3419, 47
3420, 66
3421, 6
3422, 55
3423, 25
3424, 1
3425, 54
3426, 31
3427, 27
3428, 39
3429, 24
3430, 39
3431, 6
3432, 73
3433, 27
3434, 23
3435, 42
3436, 38
3437, 20
3438, 27
3439, 9
3440, 35
3441, 38
3442, 44
3443, 33
3444, 3
3445, 1
3446, 14
3447, 32
3448, 1
3449, 62
3450, 1
3451, 16
3452, 54
3453, 8
3454, 1
3455, 65
3456, 1
3457, 35
3458, 1
3459, 34
3460, 1
3461, 20
3462, 27
3463, 52
3464, 34
3465, 10
3466, 27
3467, 1
3468, 53
3469, 65
3470, 1
3471, 19
3472, 31
3473, 47
3474, 54
3475, 1
3476, 43
3477, 1
3478, 22
3479, 1
3480, 35
3481, 37
3482, 44
3483, 3
3484, 1
3485, 14
3486, 14
3487, 1
3488, 14
3489, 36
3490, 43
3491, 4
3492, 15
3493, 25
3494, 19
3495, 24
3496, 4
3497, 41
3498, 38
3499, 44
3500, 3
3501, 1
3502, 1
3503, 13
3504, 32
3505, 1
3506, 62
3507, 25
3508, 1
3509, 10
3510, 71
3511, 17
3512, 1
3513, 36
3514, 38
3515, 51
3516, 3
3517, 1
3518, 1
3519, 10
3520, 14
3521, 1
3522, 12
3523, 41
3524, 56
3525, 79
3526, 1
3527, 60
3528, 29
3529, 32
3530, 19
3531, 15
3532, 31
3533, 45
3534, 79
3535, 78
3536, 51
3537, 1
3538, 61
3539, 20
3540, 14
3541, 22
3542, 32
3543, 44
3544, 22
3545, 46
3546, 49
3547, 32
3548, 1
3549, 62
3550, 21
3551, 14
3552, 24
3553, 45
3554, 22
3555, 32
3556, 44
3557, 26
3558, 48
3559, 45
3560, 31
3561, 35
3562, 38
3563, 4
3564, 20
3565, 3
3566, 1
3567, 16
3568, 29
3569, 1
3570, 35
3571, 12
3572, 36
3573, 22
3574, 52
3575, 33
3576, 42
3577, 27
3578, 5
3579, 73
3580, 25
3581, 28
3582, 16
3583, 17
3584, 38
3585, 38
3586, 5
3587, 88
3588, 31
3589, 38
3590, 38
3591, 5
3592, 88
3593, 32
3594, 64
3595, 14
3596, 35
3597, 9
3598, 29
3599, 15
3600, 71
3601, 43
3602, 40
3603, 9
3604, 81
3605, 30
3606, 28
3607, 16
3608, 70
3609, 38
3610, 12
3611, 71
3612, 42
3613, 64
3614, 15
3615, 40
3616, 87
3617, 43
3618, 46
3619, 9
3620, 81
3621, 47
3622, 15
3623, 19
3624, 27
3625, 65
3626, 27
3627, 93
3628, 20
3629, 16
3630, 9
3631, 57
3632, 23
3633, 15
3634, 19
3635, 46
3636, 41
3637, 20
3638, 16
3639, 9
3640, 28
3641, 44
3642, 21
3643, 24
3644, 24
3645, 17
3646, 33
3647, 23
3648, 70
3649, 60
3650, 18
3651, 9
3652, 5
3653, 56
3654, 12
3655, 54
3656, 56
3657, 57
3658, 59
3659, 59
3660, 5
3661, 4
3662, 27
3663, 22
3664, 14
3665, 13
3666, 35
3667, 43
3668, 19
3669, 1
3670, 33
3671, 1
3672, 30
3673, 18
3674, 54
3675, 9
3676, 37
3677, 14
3678, 13
3679, 52
3680, 14
3681, 11
3682, 30
3683, 46
3684, 10
3685, 12
3686, 55
3687, 4
3688, 78
3689, 36
3690, 27
3691, 39
3692, 29
3693, 39
3694, 6
3695, 83
3696, 32
3697, 23
3698, 47
3699, 30
3700, 25
3701, 29
3702, 9
3703, 39
3704, 30
3705, 37
3706, 10
3707, 31
3708, 18
3709, 43
3710, 47
3711, 45
3712, 20
3713, 17
3714, 63
3715, 37
3716, 42
3717, 33
3718, 16
3719, 13
