1, 15
2, 20
3, 65
4, 39
5, 0
6, 13
7, 14
8, 5
9, 17
10, 13
11, 4
12, 25
13, 3
14, 3
15, 0
16, 30
17, 45
18, 15
19, 42
20, 35
21, 1
22, 33
23, 35
24, 51
25, 0
26, 12
27, 0
28, 20
29, 22
30, 0
31, 45
32, 0
33, 14
34, 0
35, 10
36, 37
37, 3
38, 0
39, 10
40, 37
41, 3
42, 0
43, 24
44, 26
45, 0
46, 22
47, 52
48, 25
49, 3
50, 0
51, 22
52, 52
53, 25
54, 3
55, 0
56, 13
57, 31
58, 21
59, 3
60, 0
61, 16
62, 15
63, 58
64, 21
65, 3
66, 3
67, 0
68, 12
69, 29
70, 0
71, 41
72, 28
73, 45
74, 25
75, 3
76, 0
77, 19
78, 24
79, 3
80, 3
81, 0
82, 21
83, 24
84, 25
85, 25
86, 24
87, 24
88, 25
89, 24
90, 0
91, 20
92, 24
93, 24
94, 25
95, 25
96, 24
97, 24
98, 24
99, 0
100, 20
101, 24
102, 25
103, 25
104, 24
105, 24
106, 25
107, 24
108, 0
109, 21
110, 24
111, 25
112, 24
113, 24
114, 24
115, 25
116, 24
117, 0
118, 37
119, 0
120, 11
121, 13
122, 6
123, 15
124, 26
125, 18
126, 1
127, 1
128, 3
129, 3
130, 0
131, 48
132, 0
133, 15
134, 15
135, 19
136, 19
137, 19
138, 16
139, 0
140, 18
141, 18
142, 0
143, 21
144, 21
145, 21
146, 21
147, 1
148, 0
149, 30
150, 3
151, 0
152, 10
153, 5
154, 52
155, 64
156, 1
157, 3
158, 0
159, 19
160, 23
161, 13
162, 31
163, 27
164, 3
165, 3
166, 0
167, 22
168, 27
169, 47
170, 27
171, 15
172, 20
173, 56
174, 39
175, 46
176, 0
177, 28
178, 0
179, 16
180, 19
181, 0
182, 16
183, 12
184, 3
185, 0
186, 18
187, 23
188, 15
189, 3
190, 3
191, 0
192, 27
193, 43
194, 35
195, 1
196, 31
197, 26
198, 0
199, 0
200, 33
201, 24
202, 45
203, 3
204, 0
205, 31
206, 40
207, 20
208, 10
209, 78
210, 3
211, 0
212, 24
213, 13
214, 0
215, 54
216, 0
217, 29
218, 47
219, 0
220, 83
221, 18
222, 0
223, 46
224, 0
225, 43
226, 47
227, 0
228, 9
229, 0
230, 22
231, 36
232, 31
233, 0
234, 37
235, 31
236, 3
237, 0
238, 68
239, 3
240, 0
241, 85
242, 0
243, 41
244, 41
245, 41
246, 41
247, 41
248, 41
249, 41
250, 0
251, 16
252, 0
253, 29
254, 25
255, 35
256, 28
257, 42
258, 0
259, 47
260, 49
261, 14
262, 1
263, 49
264, 32
265, 45
266, 12
267, 7
268, 10
269, 48
270, 18
271, 0
272, 21
273, 20
274, 17
275, 5
276, 3
277, 0
278, 52
279, 17
280, 29
281, 24
282, 18
283, 16
284, 20
285, 4
286, 23
287, 31
288, 30
289, 3
290, 20
291, 0
292, 8
293, 0
294, 28
295, 8
296, 17
297, 10
298, 31
299, 9
300, 33
301, 12
302, 30
303, 3
304, 3
305, 0
306, 50
307, 27
308, 1
309, 1
310, 0
311, 9
312, 42
313, 10
314, 39
315, 36
316, 0
317, 33
318, 50
319, 29
320, 39
321, 0
322, 16
323, 0
324, 52
325, 14
326, 67
327, 66
328, 68
329, 8
330, 0
331, 16
332, 0
333, 70
334, 0
335, 64
336, 22
337, 8
338, 5
339, 22
340, 9
341, 17
342, 21
343, 3
344, 0
345, 18
346, 18
347, 45
348, 0
349, 24
350, 18
351, 25
352, 3
353, 3
354, 0
355, 14
356, 82
357, 0
358, 28
359, 14
360, 24
361, 0
362, 25
363, 14
364, 16
365, 0
366, 23
367, 7
368, 7
369, 35
370, 0
371, 27
372, 11
373, 4
374, 5
375, 3
376, 3
377, 3
378, 3
379, 0
380, 8
381, 17
382, 0
383, 27
384, 24
385, 29
386, 43
387, 0
388, 42
389, 36
390, 31
391, 0
392, 27
393, 25
394, 4
395, 16
396, 28
397, 3
398, 4
399, 4
400, 5
401, 3
402, 6
403, 19
404, 3
405, 0
406, 10
407, 54
408, 3
409, 3
410, 0
411, 31
412, 35
413, 0
414, 14
415, 22
416, 16
417, 39
418, 3
419, 4
420, 0
421, 23
422, 35
423, 0
424, 9
425, 38
426, 21
427, 13
428, 16
429, 3
430, 0
431, 54
432, 39
433, 3
434, 0
435, 22
436, 35
437, 35
438, 45
439, 3
440, 3
441, 3
442, 0
443, 25
444, 0
445, 0
446, 18
447, 4
448, 0
449, 34
450, 84
451, 15
452, 1
453, 38
454, 35
455, 1
456, 31
457, 0
458, 17
459, 16
460, 25
461, 0
462, 19
463, 10
464, 3
465, 0
466, 37
467, 0
468, 63
469, 0
470, 67
471, 0
472, 16
473, 0
474, 52
475, 0
476, 15
477, 0
478, 53
479, 0
480, 17
481, 0
482, 54
483, 0
484, 30
485, 0
486, 80
487, 0
488, 29
489, 0
490, 81
491, 0
492, 31
493, 0
494, 81
495, 0
496, 29
497, 0
498, 80
499, 3
500, 0
501, 60
502, 12
503, 18
504, 0
505, 18
506, 8
507, 16
508, 3
509, 0
510, 37
511, 0
512, 33
513, 0
514, 32
515, 0
516, 26
517, 25
518, 25
519, 0
520, 39
521, 3
522, 0
523, 32
524, 49
525, 0
526, 31
527, 0
528, 45
529, 3
530, 0
531, 39
532, 48
533, 0
534, 9
535, 0
536, 67
537, 3
538, 0
539, 5
540, 35
541, 0
542, 38
543, 38
544, 38
545, 38
546, 38
547, 0
548, 60
549, 60
550, 60
551, 60
552, 60
553, 0
554, 9
555, 0
556, 13
557, 44
558, 44
559, 0
560, 44
561, 44
562, 3
563, 0
564, 15
565, 15
566, 20
567, 57
568, 39
569, 0
570, 16
571, 0
572, 29
573, 0
574, 24
575, 40
576, 10
577, 16
578, 19
579, 19
580, 49
581, 3
582, 3
583, 10
584, 3
585, 0
586, 0
587, 18
588, 38
589, 20
590, 18
591, 18
592, 20
593, 5
594, 22
595, 21
596, 3
597, 12
598, 39
599, 4
600, 17
601, 20
602, 3
603, 3
604, 0
605, 37
606, 15
607, 20
608, 59
609, 39
610, 0
611, 7
612, 7
613, 27
614, 0
615, 0
616, 30
617, 19
618, 12
619, 11
620, 3
621, 3
622, 0
623, 30
624, 19
625, 12
626, 11
627, 3
628, 3
629, 0
630, 22
631, 5
632, 16
633, 6
634, 57
635, 3
636, 3
637, 0
638, 20
639, 5
640, 16
641, 19
642, 13
643, 3
644, 3
645, 0
646, 20
647, 5
648, 11
649, 19
650, 13
651, 3
652, 3
653, 0
654, 15
655, 15
656, 27
657, 4
658, 27
659, 3
660, 3
661, 0
662, 0
663, 20
664, 19
665, 3
666, 49
667, 15
668, 20
669, 66
670, 36
671, 0
672, 7
673, 7
674, 27
675, 0
676, 0
677, 30
678, 19
679, 12
680, 11
681, 3
682, 3
683, 0
684, 30
685, 19
686, 12
687, 11
688, 3
689, 3
690, 0
691, 22
692, 5
693, 16
694, 6
695, 57
696, 3
697, 3
698, 0
699, 20
700, 5
701, 16
702, 19
703, 13
704, 3
705, 3
706, 0
707, 20
708, 5
709, 11
710, 19
711, 13
712, 3
713, 3
714, 0
715, 15
716, 15
717, 27
718, 4
719, 27
720, 3
721, 3
722, 0
723, 0
724, 20
725, 19
726, 3
727, 49
728, 39
729, 36
730, 29
731, 27
732, 24
733, 30
734, 26
735, 0
736, 0
737, 15
738, 36
739, 19
740, 18
741, 0
742, 10
743, 13
744, 14
745, 10
746, 3
747, 0
748, 12
749, 14
750, 6
751, 3
752, 0
753, 32
754, 24
755, 9
756, 29
757, 30
758, 26
759, 55
760, 10
761, 3
762, 36
763, 3
764, 10
765, 25
766, 25
767, 28
768, 6
769, 3
770, 3
771, 3
772, 0
773, 23
774, 41
775, 0
776, 39
777, 36
778, 29
779, 0
780, 15
781, 29
782, 0
783, 29
784, 9
785, 9
786, 0
787, 11
788, 16
789, 33
790, 10
791, 9
792, 9
793, 11
794, 10
795, 43
796, 24
797, 51
798, 5
799, 3
800, 10
801, 10
802, 16
803, 5
804, 23
805, 9
806, 9
807, 15
808, 3
809, 7
810, 17
811, 3
812, 3
813, 10
814, 12
815, 14
816, 23
817, 9
818, 4
819, 26
820, 23
821, 8
822, 16
823, 44
824, 56
825, 8
826, 21
827, 8
828, 16
829, 13
830, 3
831, 10
832, 3
833, 3
834, 3
835, 3
836, 0
837, 23
838, 24
839, 50
840, 0
841, 39
842, 36
843, 29
844, 27
845, 0
846, 12
847, 9
848, 7
849, 8
850, 20
851, 45
852, 3
853, 0
854, 5
855, 45
856, 45
857, 45
858, 45
859, 45
860, 45
861, 37
862, 0
863, 7
864, 12
865, 12
866, 12
867, 12
868, 0
869, 12
870, 12
871, 12
872, 12
873, 12
874, 12
875, 12
876, 12
877, 12
878, 12
879, 12
880, 1
881, 15
882, 23
883, 23
884, 23
885, 23
886, 1
887, 0
888, 39
889, 21
890, 14
891, 23
892, 14
893, 48
894, 3
895, 0
896, 41
897, 21
898, 17
899, 10
900, 36
901, 11
902, 10
903, 22
904, 17
905, 19
906, 14
907, 5
908, 3
909, 3
910, 3
911, 58
912, 3
913, 0
914, 0
915, 24
916, 0
917, 54
918, 57
919, 70
920, 39
921, 36
922, 29
923, 27
924, 94
925, 0
926, 5
927, 45
928, 45
929, 45
930, 45
931, 45
932, 45
933, 37
934, 0
935, 7
936, 12
937, 12
938, 12
939, 12
940, 0
941, 12
942, 12
943, 12
944, 12
945, 12
946, 12
947, 12
948, 12
949, 12
950, 12
951, 12
952, 1
953, 15
954, 23
955, 23
956, 23
957, 23
958, 1
959, 0
960, 11
961, 9
962, 7
963, 8
964, 38
965, 18
966, 32
967, 3
968, 0
969, 45
970, 64
971, 3
972, 0
973, 39
974, 21
975, 14
976, 69
977, 52
978, 22
979, 3
980, 0
981, 79
982, 61
983, 27
984, 8
985, 8
986, 24
987, 53
988, 8
989, 3
990, 12
991, 3
992, 0
993, 57
994, 21
995, 30
996, 11
997, 77
998, 66
999, 52
1000, 19
1001, 67
1002, 3
1003, 93
1004, 11
1005, 3
1006, 0
1007, 24
1008, 0
1009, 54
1010, 69
1011, 82
1012, 39
1013, 36
1014, 29
1015, 26
1016, 0
1017, 12
1018, 0
1019, 16
1020, 14
1021, 15
1022, 0
1023, 5
1024, 45
1025, 45
1026, 45
1027, 45
1028, 45
1029, 45
1030, 37
1031, 0
1032, 7
1033, 12
1034, 12
1035, 12
1036, 12
1037, 0
1038, 12
1039, 12
1040, 12
1041, 12
1042, 12
1043, 12
1044, 12
1045, 12
1046, 12
1047, 12
1048, 12
1049, 1
1050, 15
1051, 23
1052, 23
1053, 23
1054, 23
1055, 1
1056, 0
1057, 29
1058, 23
1059, 0
1060, 20
1061, 51
1062, 3
1063, 0
1064, 13
1065, 0
1066, 7
1067, 3
1068, 0
1069, 39
1070, 21
1071, 7
1072, 10
1073, 14
1074, 23
1075, 14
1076, 41
1077, 3
1078, 0
1079, 41
1080, 21
1081, 17
1082, 10
1083, 17
1084, 10
1085, 19
1086, 36
1087, 31
1088, 0
1089, 26
1090, 25
1091, 56
1092, 36
1093, 3
1094, 4
1095, 25
1096, 56
1097, 12
1098, 3
1099, 3
1100, 0
1101, 21
1102, 36
1103, 3
1104, 15
1105, 44
1106, 3
1107, 3
1108, 0
1109, 0
1110, 24
1111, 0
1112, 54
1113, 57
1114, 70
1115, 39
1116, 36
1117, 29
1118, 42
1119, 0
1120, 12
1121, 0
1122, 16
1123, 14
1124, 15
1125, 0
1126, 5
1127, 45
1128, 45
1129, 45
1130, 45
1131, 45
1132, 45
1133, 37
1134, 0
1135, 7
1136, 12
1137, 12
1138, 12
1139, 12
1140, 0
1141, 12
1142, 12
1143, 12
1144, 12
1145, 12
1146, 12
1147, 12
1148, 12
1149, 12
1150, 12
1151, 12
1152, 1
1153, 15
1154, 23
1155, 23
1156, 23
1157, 23
1158, 1
1159, 0
1160, 29
1161, 23
1162, 0
1163, 20
1164, 51
1165, 3
1166, 0
1167, 13
1168, 0
1169, 7
1170, 3
1171, 0
1172, 39
1173, 21
1174, 7
1175, 10
1176, 14
1177, 37
1178, 5
1179, 6
1180, 23
1181, 19
1182, 15
1183, 17
1184, 19
1185, 3
1186, 5
1187, 11
1188, 31
1189, 14
1190, 16
1191, 19
1192, 3
1193, 14
1194, 34
1195, 3
1196, 3
1197, 0
1198, 41
1199, 21
1200, 17
1201, 10
1202, 17
1203, 10
1204, 19
1205, 36
1206, 31
1207, 0
1208, 26
1209, 25
1210, 56
1211, 36
1212, 3
1213, 4
1214, 25
1215, 56
1216, 12
1217, 3
1218, 3
1219, 0
1220, 21
1221, 36
1222, 3
1223, 15
1224, 44
1225, 3
1226, 3
1227, 0
1228, 0
1229, 24
1230, 0
1231, 54
1232, 57
1233, 70
1234, 15
1235, 20
1236, 60
1237, 39
1238, 0
1239, 10
1240, 13
1241, 1
1242, 4
1243, 19
1244, 3
1245, 3
1246, 0
1247, 28
1248, 11
1249, 15
1250, 36
1251, 1
1252, 37
1253, 26
1254, 23
1255, 0
1256, 30
1257, 0
1258, 16
1259, 15
1260, 23
1261, 3
1262, 0
1263, 28
1264, 15
1265, 20
1266, 57
1267, 39
1268, 41
1269, 0
1270, 26
1271, 0
1272, 9
1273, 13
1274, 18
1275, 3
1276, 0
1277, 5
1278, 17
1279, 30
1280, 3
1281, 0
1282, 6
1283, 15
1284, 20
1285, 58
1286, 36
1287, 26
1288, 0
1289, 28
1290, 0
1291, 10
1292, 5
1293, 18
1294, 27
1295, 3
1296, 0
1297, 19
1298, 10
1299, 19
1300, 20
1301, 3
1302, 3
1303, 0
1304, 23
1305, 68
1306, 15
1307, 20
1308, 64
1309, 1
1310, 38
1311, 36
1312, 1
1313, 27
1314, 0
1315, 11
1316, 11
1317, 11
1318, 0
1319, 12
1320, 70
1321, 0
1322, 19
1323, 15
1324, 16
1325, 10
1326, 0
1327, 12
1328, 15
1329, 19
1330, 4
1331, 15
1332, 17
1333, 24
1334, 11
1335, 6
1336, 3
1337, 3
1338, 5
1339, 10
1340, 18
1341, 46
1342, 6
1343, 3
1344, 24
1345, 16
1346, 12
1347, 4
1348, 10
1349, 3
1350, 3
1351, 11
1352, 3
1353, 3
1354, 0
1355, 28
1356, 38
1357, 0
1358, 16
1359, 0
1360, 26
1361, 15
1362, 20
1363, 58
1364, 39
1365, 0
1366, 18
1367, 39
1368, 35
1369, 1
1370, 35
1371, 26
1372, 29
1373, 0
1374, 17
1375, 0
1376, 26
1377, 25
1378, 37
1379, 0
1380, 19
1381, 32
1382, 3
1383, 0
1384, 17
1385, 3
1386, 0
1387, 29
1388, 14
1389, 34
1390, 0
1391, 43
1392, 54
1393, 3
1394, 0
1395, 11
1396, 3
1397, 0
1398, 20
1399, 35
1400, 33
1401, 3
1402, 0
1403, 41
1404, 17
1405, 30
1406, 18
1407, 17
1408, 3
1409, 0
1410, 12
1411, 22
1412, 26
1413, 18
1414, 31
1415, 3
1416, 4
1417, 16
1418, 20
1419, 8
1420, 14
1421, 8
1422, 3
1423, 0
1424, 8
1425, 3
1426, 3
1427, 0
1428, 10
1429, 26
1430, 7
1431, 11
1432, 4
1433, 13
1434, 8
1435, 16
1436, 3
1437, 3
1438, 3
1439, 3
1440, 0
1441, 16
1442, 61
1443, 0
1444, 68
1445, 64
1446, 0
1447, 38
1448, 18
1449, 32
1450, 35
1451, 1
1452, 35
1453, 26
1454, 0
1455, 16
1456, 0
1457, 27
1458, 47
1459, 15
1460, 26
1461, 29
1462, 25
1463, 3
1464, 3
1465, 9
1466, 0
1467, 3
1468, 0
1469, 30
1470, 33
1471, 23
1472, 43
1473, 50
1474, 3
1475, 4
1476, 3
1477, 0
1478, 21
1479, 35
1480, 36
1481, 3
1482, 0
1483, 41
1484, 17
1485, 30
1486, 17
1487, 17
1488, 3
1489, 0
1490, 39
1491, 0
1492, 79
1493, 15
1494, 20
1495, 61
1496, 39
1497, 0
1498, 30
1499, 0
1500, 12
1501, 0
1502, 16
1503, 48
1504, 20
1505, 48
1506, 13
1507, 55
1508, 48
1509, 15
1510, 22
1511, 19
1512, 3
1513, 23
1514, 56
1515, 46
1516, 22
1517, 17
1518, 3
1519, 23
1520, 22
1521, 12
1522, 35
1523, 22
1524, 12
1525, 9
1526, 3
1527, 34
1528, 18
1529, 9
1530, 3
1531, 31
1532, 18
1533, 3
1534, 0
1535, 20
1536, 21
1537, 3
1538, 18
1539, 40
1540, 37
1541, 1
1542, 37
1543, 28
1544, 28
1545, 28
1546, 0
1547, 61
1548, 0
1549, 12
1550, 0
1551, 19
1552, 0
1553, 42
1554, 24
1555, 25
1556, 25
1557, 27
1558, 0
1559, 26
1560, 18
1561, 20
1562, 3
1563, 4
1564, 20
1565, 13
1566, 20
1567, 13
1568, 3
1569, 0
1570, 13
1571, 3
1572, 3
1573, 0
1574, 19
1575, 39
1576, 17
1577, 20
1578, 17
1579, 45
1580, 3
1581, 3
1582, 0
1583, 39
1584, 3
1585, 3
1586, 0
1587, 48
1588, 37
1589, 0
1590, 33
1591, 36
1592, 36
1593, 3
1594, 0
1595, 34
1596, 0
1597, 21
1598, 43
1599, 0
1600, 5
1601, 15
1602, 8
1603, 0
1604, 33
1605, 11
1606, 25
1607, 3
1608, 0
1609, 21
1610, 0
1611, 18
1612, 21
1613, 12
1614, 14
1615, 4
1616, 16
1617, 18
1618, 3
1619, 3
1620, 3
1621, 3
1622, 3
1623, 0
1624, 15
1625, 3
1626, 3
1627, 0
1628, 29
1629, 17
1630, 0
1631, 9
1632, 24
1633, 0
1634, 24
1635, 0
1636, 37
1637, 8
1638, 0
1639, 12
1640, 12
1641, 0
1642, 28
1643, 0
1644, 18
1645, 15
1646, 15
1647, 28
1648, 12
1649, 0
1650, 11
1651, 21
1652, 23
1653, 7
1654, 7
1655, 24
1656, 14
1657, 14
1658, 20
1659, 12
1660, 5
1661, 3
1662, 3
1663, 0
1664, 35
1665, 13
1666, 0
1667, 17
1668, 19
1669, 12
1670, 11
1671, 18
1672, 26
1673, 19
1674, 12
1675, 11
1676, 3
1677, 3
1678, 0
1679, 3
1680, 3
1681, 0
1682, 18
1683, 40
1684, 37
1685, 1
1686, 37
1687, 28
1688, 28
1689, 28
1690, 26
1691, 0
1692, 22
1693, 0
1694, 26
1695, 0
1696, 12
1697, 11
1698, 0
1699, 5
1700, 14
1701, 21
1702, 0
1703, 5
1704, 14
1705, 15
1706, 15
1707, 21
1708, 12
1709, 0
1710, 5
1711, 12
1712, 21
1713, 19
1714, 7
1715, 7
1716, 24
1717, 12
1718, 12
1719, 18
1720, 12
1721, 5
1722, 3
1723, 6
1724, 3
1725, 0
1726, 35
1727, 12
1728, 0
1729, 65
1730, 74
1731, 17
1732, 18
1733, 12
1734, 11
1735, 21
1736, 26
1737, 18
1738, 12
1739, 11
1740, 3
1741, 6
1742, 3
1743, 6
1744, 3
1745, 15
1746, 20
1747, 59
1748, 36
1749, 1
1750, 37
1751, 0
1752, 24
1753, 9
1754, 0
1755, 24
1756, 9
1757, 22
1758, 32
1759, 3
1760, 3
1761, 0
1762, 29
1763, 7
1764, 24
1765, 8
1766, 24
1767, 7
1768, 24
1769, 26
1770, 3
1771, 10
1772, 3
1773, 9
1774, 3
1775, 2
1776, 3
1777, 0
1778, 25
1779, 25
1780, 7
1781, 10
1782, 30
1783, 3
1784, 54
1785, 15
1786, 20
1787, 66
1788, 36
1789, 1
1790, 37
1791, 0
1792, 24
1793, 9
1794, 16
1795, 25
1796, 9
1797, 0
1798, 23
1799, 9
1800, 33
1801, 32
1802, 3
1803, 17
1804, 3
1805, 0
1806, 24
1807, 24
1808, 7
1809, 10
1810, 12
1811, 3
1812, 50
1813, 0
1814, 0
1815, 32
1816, 36
1817, 1
1818, 31
1819, 0
1820, 16
1821, 0
1822, 16
1823, 35
1824, 0
1825, 11
1826, 21
1827, 11
1828, 11
1829, 5
1830, 11
1831, 16
1832, 6
1833, 3
1834, 1
1835, 10
1836, 1
1837, 0
1838, 35
1839, 0
1840, 5
1841, 22
1842, 6
1843, 0
1844, 19
1845, 1
1846, 34
1847, 1
1848, 0
1849, 16
1850, 8
1851, 34
1852, 4
1853, 18
1854, 3
1855, 3
1856, 0
1857, 9
1858, 20
1859, 9
1860, 0
1861, 22
1862, 21
1863, 10
1864, 10
1865, 1
1866, 0
1867, 10
1868, 19
1869, 1
1870, 32
1871, 37
1872, 45
1873, 0
1874, 15
1875, 68
1876, 3
1877, 0
1878, 22
1879, 19
1880, 3
1881, 0
1882, 28
1883, 49
1884, 46
1885, 0
1886, 30
1887, 31
1888, 32
1889, 33
1890, 24
1891, 26
1892, 20
1893, 21
1894, 14
1895, 19
1896, 21
1897, 3
1898, 3
1899, 17
1900, 19
1901, 25
1902, 35
1903, 3
1904, 0
1905, 16
1906, 76
1907, 25
1908, 104
1909, 0
1910, 3
1911, 0
1912, 48
1913, 15
1914, 41
1915, 64
1916, 31
1917, 43
1918, 26
1919, 21
1920, 23
1921, 50
1922, 37
1923, 19
1924, 29
1925, 43
1926, 25
1927, 36
1928, 34
1929, 34
1930, 31
1931, 4
1932, 27
1933, 25
1934, 27
1935, 3
1936, 3
1937, 3
1938, 3
1939, 32
1940, 34
1941, 3
1942, 3
1943, 44
1944, 37
1945, 19
1946, 27
1947, 38
1948, 31
1949, 4
1950, 54
1951, 38
1952, 16
1953, 3
1954, 3
1955, 3
1956, 19
1957, 3
1958, 40
1959, 57
1960, 3
1961, 0
1962, 21
1963, 8
1964, 16
1965, 20
1966, 3
1967, 3
1968, 3
1969, 0
1970, 27
1971, 12
1972, 14
1973, 18
1974, 25
1975, 22
1976, 4
1977, 25
1978, 25
1979, 15
1980, 3
1981, 3
1982, 3
1983, 45
1984, 7
1985, 3
1986, 0
1987, 64
1988, 21
1989, 13
1990, 48
1991, 18
1992, 34
1993, 3
1994, 16
1995, 3
1996, 3
1997, 0
1998, 14
1999, 24
2000, 0
2001, 93
2002, 92
2003, 0
2004, 28
2005, 38
2006, 61
2007, 0
2008, 45
2009, 43
2010, 0
2011, 28
2012, 0
2013, 24
2014, 71
2015, 75
2016, 27
2017, 4
2018, 28
2019, 3
2020, 3
2021, 3
2022, 0
2023, 22
2024, 26
2025, 52
2026, 4
2027, 51
2028, 3
2029, 3
2030, 0
2031, 35
2032, 23
2033, 40
2034, 42
2035, 22
2036, 21
2037, 4
2038, 21
2039, 3
2040, 3
2041, 41
2042, 0
2043, 16
2044, 22
2045, 4
2046, 22
2047, 3
2048, 3
2049, 0
2050, 31
2051, 8
2052, 55
2053, 4
2054, 3
2055, 0
2056, 30
2057, 17
2058, 32
2059, 75
2060, 54
2061, 3
2062, 13
2063, 3
2064, 0
2065, 29
2066, 38
2067, 30
2068, 18
2069, 32
2070, 25
2071, 40
2072, 4
2073, 41
2074, 3
2075, 28
2076, 19
2077, 3
2078, 0
2079, 23
2080, 12
2081, 3
2082, 0
2083, 15
2084, 3
2085, 3
2086, 0
2087, 11
2088, 37
2089, 21
2090, 0
2091, 101
2092, 103
2093, 0
2094, 34
2095, 12
2096, 25
2097, 9
2098, 32
2099, 57
2100, 32
2101, 0
2102, 21
2103, 19
2104, 46
2105, 30
2106, 38
2107, 11
2108, 3
2109, 18
2110, 3
2111, 3
2112, 0
2113, 36
2114, 10
2115, 41
2116, 59
2117, 3
2118, 3
2119, 0
2120, 28
2121, 34
2122, 45
2123, 27
2124, 39
2125, 3
2126, 3
2127, 3
2128, 0
2129, 15
2130, 20
2131, 0
2132, 16
2133, 24
2134, 11
2135, 44
2136, 40
2137, 42
2138, 42
2139, 45
2140, 40
2141, 40
2142, 40
2143, 40
2144, 42
2145, 0
2146, 33
2147, 0
2148, 65
2149, 65
2150, 34
2151, 16
2152, 17
2153, 3
2154, 0
2155, 12
2156, 12
2157, 12
2158, 13
2159, 3
2160, 0
2161, 17
2162, 44
2163, 29
2164, 10
2165, 29
2166, 10
2167, 3
2168, 0
2169, 28
2170, 19
2171, 23
2172, 21
2173, 31
2174, 39
2175, 19
2176, 25
2177, 3
2178, 3
2179, 19
2180, 3
2181, 3
2182, 0
2183, 40
2184, 32
2185, 19
2186, 3
2187, 0
2188, 67
2189, 0
2190, 23
2191, 21
2192, 44
2193, 27
2194, 19
2195, 21
2196, 9
2197, 4
2198, 51
2199, 3
2200, 3
2201, 3
2202, 19
2203, 3
2204, 3
2205, 0
2206, 35
2207, 19
2208, 27
2209, 18
2210, 39
2211, 3
2212, 10
2213, 3
2214, 3
2215, 0
2216, 13
2217, 27
2218, 29
2219, 31
2220, 3
2221, 49
2222, 19
2223, 34
2224, 19
2225, 3
2226, 0
2227, 23
2228, 15
2229, 17
2230, 22
2231, 58
2232, 3
2233, 10
2234, 3
2235, 0
2236, 23
2237, 42
2238, 56
2239, 56
2240, 36
2241, 18
2242, 0
2243, 38
2244, 13
2245, 7
2246, 3
2247, 3
2248, 3
2249, 0
2250, 3
2251, 0
2252, 29
2253, 0
2254, 19
2255, 1
2256, 32
2257, 37
2258, 45
2259, 0
2260, 43
2261, 97
2262, 83
2263, 41
2264, 0
2265, 86
2266, 14
2267, 92
2268, 73
2269, 24
2270, 0
2271, 94
2272, 27
2273, 93
2274, 92
2275, 0
2276, 28
2277, 74
2278, 0
2279, 45
2280, 43
2281, 0
2282, 28
2283, 0
2284, 84
2285, 87
2286, 36
2287, 24
2288, 71
2289, 75
2290, 39
2291, 52
2292, 4
2293, 28
2294, 3
2295, 3
2296, 3
2297, 0
2298, 36
2299, 19
2300, 40
2301, 13
2302, 45
2303, 28
2304, 9
2305, 9
2306, 19
2307, 23
2308, 17
2309, 10
2310, 3
2311, 3
2312, 36
2313, 3
2314, 0
2315, 32
2316, 38
2317, 22
2318, 29
2319, 53
2320, 53
2321, 22
2322, 64
2323, 53
2324, 53
2325, 64
2326, 4
2327, 64
2328, 53
2329, 53
2330, 64
2331, 3
2332, 5
2333, 3
2334, 0
2335, 95
2336, 22
2337, 26
2338, 52
2339, 4
2340, 51
2341, 3
2342, 3
2343, 0
2344, 100
2345, 62
2346, 38
2347, 39
2348, 40
2349, 40
2350, 40
2351, 40
2352, 11
2353, 49
2354, 110
2355, 110
2356, 110
2357, 38
2358, 39
2359, 40
2360, 40
2361, 40
2362, 40
2363, 11
2364, 112
2365, 102
2366, 28
2367, 30
2368, 16
2369, 23
2370, 40
2371, 42
2372, 22
2373, 21
2374, 4
2375, 21
2376, 3
2377, 3
2378, 41
2379, 0
2380, 16
2381, 22
2382, 4
2383, 22
2384, 3
2385, 3
2386, 0
2387, 66
2388, 31
2389, 8
2390, 55
2391, 4
2392, 3
2393, 0
2394, 92
2395, 101
2396, 52
2397, 30
2398, 17
2399, 32
2400, 75
2401, 54
2402, 3
2403, 16
2404, 3
2405, 0
2406, 96
2407, 47
2408, 29
2409, 32
2410, 18
2411, 32
2412, 25
2413, 40
2414, 4
2415, 41
2416, 3
2417, 19
2418, 3
2419, 0
2420, 74
2421, 11
2422, 3
2423, 3
2424, 0
2425, 98
2426, 13
2427, 47
2428, 40
2429, 99
2430, 100
2431, 11
2432, 37
2433, 21
2434, 0
2435, 108
2436, 101
2437, 103
2438, 0
2439, 34
2440, 12
2441, 25
2442, 9
2443, 0
2444, 32
2445, 57
2446, 32
2447, 0
2448, 82
2449, 88
2450, 21
2451, 19
2452, 11
2453, 46
2454, 30
2455, 41
2456, 11
2457, 3
2458, 18
2459, 3
2460, 3
2461, 0
2462, 97
2463, 36
2464, 10
2465, 41
2466, 59
2467, 3
2468, 3
2469, 0
2470, 82
2471, 99
2472, 30
2473, 34
2474, 45
2475, 27
2476, 43
2477, 3
2478, 3
2479, 3
2480, 0
2481, 37
2482, 1
2483, 16
2484, 17
2485, 16
2486, 17
2487, 16
2488, 17
2489, 16
2490, 17
2491, 16
2492, 17
2493, 16
2494, 1
2495, 93
2496, 103
2497, 25
2498, 15
2499, 68
2500, 3
2501, 0
2502, 14
2503, 68
2504, 3
2505, 0
2506, 59
2507, 22
2508, 19
2509, 3
2510, 0
2511, 50
2512, 84
2513, 73
2514, 88
2515, 90
2516, 94
2517, 97
2518, 29
2519, 86
2520, 111
2521, 62
2522, 28
2523, 49
2524, 46
2525, 0
2526, 30
2527, 31
2528, 32
2529, 33
2530, 24
2531, 26
2532, 20
2533, 21
2534, 14
2535, 19
2536, 21
2537, 3
2538, 3
2539, 17
2540, 19
2541, 25
2542, 35
2543, 3
2544, 0
2545, 16
2546, 76
2547, 25
2548, 104
2549, 3
2550, 0
2551, 80
2552, 94
2553, 90
2554, 14
2555, 15
2556, 14
2557, 15
2558, 14
2559, 11
2560, 1
2561, 102
2562, 13
2563, 81
2564, 83
2565, 83
2566, 51
2567, 1
2568, 12
2569, 97
2570, 97
2571, 47
2572, 78
2573, 49
2574, 92
2575, 74
2576, 43
2577, 48
2578, 15
2579, 23
2580, 41
2581, 66
2582, 54
2583, 31
2584, 0
2585, 66
2586, 77
2587, 43
2588, 0
2589, 55
2590, 64
2591, 74
2592, 62
2593, 72
2594, 89
2595, 73
2596, 26
2597, 21
2598, 23
2599, 50
2600, 37
2601, 19
2602, 29
2603, 43
2604, 25
2605, 36
2606, 34
2607, 34
2608, 31
2609, 4
2610, 27
2611, 25
2612, 27
2613, 3
2614, 3
2615, 3
2616, 3
2617, 32
2618, 34
2619, 3
2620, 3
2621, 0
2622, 101
2623, 104
2624, 68
2625, 92
2626, 46
2627, 44
2628, 37
2629, 19
2630, 27
2631, 38
2632, 31
2633, 4
2634, 88
2635, 19
2636, 86
2637, 84
2638, 84
2639, 26
2640, 90
2641, 98
2642, 54
2643, 38
2644, 16
2645, 3
2646, 3
2647, 3
2648, 0
2649, 56
2650, 19
2651, 3
2652, 85
2653, 105
2654, 3
2655, 0
2656, 73
2657, 27
2658, 12
2659, 14
2660, 18
2661, 25
2662, 22
2663, 4
2664, 26
2665, 25
2666, 15
2667, 3
2668, 3
2669, 3
2670, 45
2671, 7
2672, 3
2673, 0
2674, 91
2675, 12
2676, 12
2677, 12
2678, 13
2679, 3
2680, 0
2681, 16
2682, 17
2683, 44
2684, 29
2685, 10
2686, 29
2687, 10
2688, 3
2689, 0
2690, 92
2691, 99
2692, 98
2693, 47
2694, 1
2695, 6
2696, 108
2697, 113
2698, 108
2699, 111
2700, 109
2701, 111
2702, 18
2703, 28
2704, 19
2705, 27
2706, 21
2707, 45
2708, 39
2709, 19
2710, 25
2711, 3
2712, 3
2713, 19
2714, 3
2715, 21
2716, 19
2717, 3
2718, 0
2719, 111
2720, 97
2721, 69
2722, 13
2723, 75
2724, 36
2725, 38
2726, 1
2727, 22
2728, 40
2729, 69
2730, 32
2731, 19
2732, 3
2733, 0
2734, 23
2735, 21
2736, 58
2737, 33
2738, 19
2739, 21
2740, 9
2741, 4
2742, 51
2743, 3
2744, 3
2745, 3
2746, 19
2747, 3
2748, 3
2749, 0
2750, 17
2751, 35
2752, 19
2753, 27
2754, 18
2755, 39
2756, 3
2757, 10
2758, 3
2759, 3
2760, 0
2761, 92
2762, 50
2763, 13
2764, 67
2765, 65
2766, 19
2767, 27
2768, 3
2769, 0
2770, 83
2771, 23
2772, 42
2773, 56
2774, 56
2775, 36
2776, 18
2777, 0
2778, 86
2779, 36
2780, 38
2781, 13
2782, 7
2783, 3
2784, 3
2785, 3
2786, 0
2787, 0
2788, 2
2789, 15
2790, 2
2791, 24
2792, 11
2793, 42
2794, 40
2795, 40
2796, 40
2797, 40
2798, 44
2799, 45
2800, 40
2801, 40
2802, 41
2803, 2
2804, 0
2805, 33
2806, 0
2807, 65
2808, 65
2809, 34
2810, 16
2811, 17
2812, 0
2813, 26
2814, 0
2815, 15
2816, 20
2817, 61
2818, 39
2819, 39
2820, 0
2821, 12
2822, 27
2823, 19
2824, 3
2825, 0
2826, 9
2827, 5
2828, 3
2829, 0
2830, 12
2831, 14
2832, 4
2833, 3
2834, 3
2835, 0
2836, 24
2837, 40
2838, 17
2839, 24
2840, 12
2841, 3
2842, 0
2843, 12
2844, 13
2845, 25
2846, 14
2847, 12
2848, 3
2849, 4
2850, 3
2851, 3
2852, 0
2853, 10
2854, 28
2855, 0
2856, 7
2857, 24
2858, 10
2859, 31
2860, 3
2861, 45
2862, 0
2863, 7
2864, 31
2865, 10
2866, 32
2867, 3
2868, 45
2869, 3
2870, 0
2871, 6
2872, 0
2873, 16
2874, 71
2875, 0
2876, 38
2877, 36
2878, 1
2879, 30
2880, 37
2881, 0
2882, 20
2883, 0
2884, 22
2885, 15
2886, 51
2887, 64
2888, 27
2889, 28
2890, 12
2891, 1
2892, 1
2893, 0
2894, 25
2895, 14
2896, 17
2897, 19
2898, 0
2899, 74
2900, 14
2901, 27
2902, 1
2903, 20
2904, 15
2905, 31
2906, 28
2907, 14
2908, 1
2909, 12
2910, 1
2911, 1
2912, 0
2913, 15
2914, 18
2915, 32
2916, 35
2917, 1
2918, 11
2919, 0
2920, 24
2921, 32
2922, 36
2923, 1
2924, 11
2925, 1
2926, 21
2927, 15
2928, 20
2929, 63
2930, 39
2931, 0
2932, 57
2933, 12
2934, 0
2935, 11
2936, 9
2937, 9
2938, 9
2939, 0
2940, 29
2941, 17
2942, 11
2943, 10
2944, 3
2945, 0
2946, 17
2947, 13
2948, 15
2949, 23
2950, 24
2951, 14
2952, 10
2953, 14
2954, 0
2955, 15
2956, 22
2957, 36
2958, 25
2959, 21
2960, 24
2961, 3
2962, 22
2963, 19
2964, 40
2965, 0
2966, 19
2967, 43
2968, 51
2969, 3
2970, 0
2971, 11
2972, 11
2973, 0
2974, 15
2975, 42
2976, 4
2977, 21
2978, 3
2979, 0
2980, 37
2981, 42
2982, 40
2983, 53
2984, 54
2985, 44
2986, 40
2987, 44
2988, 3
2989, 0
2990, 6
2991, 32
2992, 35
2993, 1
2994, 38
2995, 64
2996, 39
2997, 0
2998, 28
2999, 22
3000, 0
3001, 12
3002, 46
3003, 0
3004, 41
3005, 20
3006, 74
3007, 25
3008, 3
3009, 0
3010, 39
3011, 17
3012, 14
3013, 14
3014, 14
3015, 14
3016, 0
3017, 49
3018, 43
3019, 52
3020, 0
3021, 23
3022, 23
3023, 23
3024, 24
3025, 24
3026, 24
3027, 6
3028, 3
3029, 0
3030, 14
3031, 14
3032, 14
3033, 3
3034, 3
3035, 0
3036, 18
3037, 7
3038, 21
3039, 0
3040, 22
3041, 13
3042, 61
3043, 28
3044, 14
3045, 15
3046, 15
3047, 15
3048, 49
3049, 34
3050, 3
3051, 3
3052, 1
3053, 3
3054, 0
3055, 27
3056, 26
3057, 0
3058, 15
3059, 10
3060, 14
3061, 14
3062, 14
3063, 3
3064, 0
3065, 13
3066, 24
3067, 24
3068, 24
3069, 3
3070, 0
3071, 10
3072, 5
3073, 46
3074, 0
3075, 9
3076, 11
3077, 24
3078, 25
3079, 25
3080, 24
3081, 24
3082, 25
3083, 25
3084, 0
3085, 8
3086, 11
3087, 24
3088, 24
3089, 25
3090, 25
3091, 24
3092, 24
3093, 25
3094, 0
3095, 8
3096, 11
3097, 24
3098, 25
3099, 25
3100, 24
3101, 24
3102, 25
3103, 25
3104, 0
3105, 9
3106, 11
3107, 24
3108, 25
3109, 24
3110, 24
3111, 24
3112, 25
3113, 24
3114, 1
3115, 0
3116, 0
3117, 20
3118, 0
3119, 23
3120, 0
3121, 28
3122, 0
3123, 21
3124, 9
3125, 0
3126, 10
3127, 5
3128, 17
3129, 13
3130, 41
3131, 6
3132, 3
3133, 3
3134, 0
3135, 28
3136, 15
3137, 20
3138, 63
3139, 39
3140, 17
3141, 0
3142, 28
3143, 5
3144, 10
3145, 10
3146, 10
3147, 10
3148, 10
3149, 10
3150, 6
3151, 3
3152, 3
3153, 3
3154, 3
3155, 3
3156, 3
3157, 6
3158, 32
3159, 36
3160, 1
3161, 41
3162, 37
3163, 0
3164, 12
3165, 22
3166, 9
3167, 12
3168, 5
3169, 15
3170, 21
3171, 10
3172, 8
3173, 18
3174, 15
3175, 9
3176, 3
3177, 3
3178, 6
3179, 3
3180, 5
3181, 3
3182, 0
3183, 23
3184, 0
3185, 34
3186, 0
3187, 27
3188, 21
3189, 28
3190, 30
3191, 16
3192, 41
3193, 3
3194, 32
3195, 36
3196, 31
3197, 0
3198, 13
3199, 29
3200, 9
3201, 13
3202, 14
3203, 22
3204, 19
3205, 1
3206, 10
3207, 3
3208, 1
3209, 12
3210, 3
3211, 0
3212, 23
3213, 16
3214, 0
3215, 12
3216, 18
3217, 45
3218, 1
3219, 15
3220, 1
3221, 38
3222, 36
3223, 1
3224, 21
3225, 41
3226, 0
3227, 16
3228, 31
3229, 25
3230, 0
3231, 12
3232, 40
3233, 10
3234, 24
3235, 21
3236, 3
3237, 0
3238, 9
3239, 12
3240, 22
3241, 45
3242, 10
3243, 25
3244, 24
3245, 18
3246, 40
3247, 3
3248, 3
3249, 3
3250, 5
3251, 3
3252, 0
3253, 23
3254, 31
3255, 21
3256, 26
3257, 16
3258, 41
3259, 3
3260, 0
3261, 15
3262, 20
3263, 60
3264, 39
3265, 39
3266, 0
3267, 12
3268, 27
3269, 19
3270, 3
3271, 0
3272, 9
3273, 5
3274, 3
3275, 0
3276, 12
3277, 14
3278, 4
3279, 3
3280, 3
3281, 0
3282, 24
3283, 40
3284, 17
3285, 24
3286, 12
3287, 3
3288, 0
3289, 12
3290, 13
3291, 25
3292, 14
3293, 12
3294, 3
3295, 4
3296, 3
3297, 3
3298, 0
3299, 26
3300, 0
3301, 21
3302, 10
3303, 45
3304, 3
3305, 10
3306, 21
3307, 3
3308, 0
3309, 4
3310, 0
3311, 28
3312, 10
3313, 46
3314, 3
3315, 10
3316, 28
3317, 3
3318, 0
3319, 72
3320, 38
3321, 36
3322, 1
3323, 52
3324, 1
3325, 30
3326, 72
3327, 0
3328, 26
3329, 0
3330, 60
3331, 0
3332, 16
3333, 75
3334, 0
3335, 30
3336, 24
3337, 27
3338, 26
3339, 26
3340, 13
3341, 14
3342, 13
3343, 27
3344, 0
3345, 10
3346, 3
3347, 0
3348, 29
3349, 28
3350, 30
3351, 33
3352, 35
3353, 30
3354, 34
3355, 42
3356, 29
3357, 0
3358, 38
3359, 36
3360, 1
3361, 31
3362, 0
3363, 19
3364, 0
3365, 16
3366, 31
3367, 31
3368, 37
3369, 3
3370, 0
3371, 9
3372, 18
3373, 11
3374, 16
3375, 2
3376, 4
3377, 23
3378, 7
3379, 3
3380, 3
3381, 0
3382, 16
3383, 22
3384, 3
3385, 0
3386, 14
3387, 39
3388, 3
3389, 0
3390, 14
3391, 13
3392, 3
3393, 3
3394, 0
3395, 0
3396, 20
3397, 26
3398, 27
3399, 26
3400, 3
3401, 0
3402, 11
3403, 16
3404, 15
3405, 6
3406, 15
3407, 4
3408, 3
3409, 0
3410, 14
3411, 29
3412, 3
3413, 0
3414, 14
3415, 25
3416, 19
3417, 19
3418, 18
3419, 1
3420, 3
3421, 0
3422, 14
3423, 16
3424, 4
3425, 3
3426, 0
3427, 0
3428, 3
3429, 0
3430, 0
3431, 10
3432, 20
3433, 5
3434, 0
3435, 26
3436, 0
3437, 11
3438, 13
3439, 32
3440, 10
3441, 4
3442, 28
3443, 27
3444, 6
3445, 3
3446, 17
3447, 10
3448, 3
3449, 0
3450, 39
3451, 36
3452, 1
3453, 21
3454, 1
3455, 31
3456, 23
3457, 0
3458, 13
3459, 0
3460, 19
3461, 16
3462, 21
3463, 20
3464, 22
3465, 21
3466, 21
3467, 45
3468, 47
3469, 53
3470, 3
3471, 0
3472, 9
3473, 23
3474, 11
3475, 16
3476, 2
3477, 4
3478, 23
3479, 7
3480, 3
3481, 3
3482, 0
3483, 16
3484, 26
3485, 3
3486, 0
3487, 14
3488, 50
3489, 3
3490, 0
3491, 14
3492, 13
3493, 3
3494, 3
3495, 0
3496, 0
3497, 20
3498, 26
3499, 27
3500, 21
3501, 20
3502, 20
3503, 21
3504, 30
3505, 3
3506, 0
3507, 11
3508, 19
3509, 22
3510, 10
3511, 21
3512, 4
3513, 3
3514, 0
3515, 14
3516, 33
3517, 3
3518, 0
3519, 14
3520, 25
3521, 19
3522, 19
3523, 18
3524, 1
3525, 3
3526, 0
3527, 14
3528, 16
3529, 4
3530, 3
3531, 0
3532, 3
3533, 0
3534, 0
3535, 21
3536, 20
3537, 20
3538, 21
3539, 21
3540, 0
3541, 10
3542, 28
3543, 5
3544, 0
3545, 26
3546, 0
3547, 11
3548, 13
3549, 32
3550, 10
3551, 4
3552, 28
3553, 27
3554, 6
3555, 3
3556, 17
3557, 10
3558, 3
3559, 39
3560, 36
3561, 0
3562, 52
3563, 29
3564, 0
3565, 25
3566, 0
3567, 14
3568, 6
3569, 23
3570, 0
3571, 7
3572, 6
3573, 8
3574, 6
3575, 6
3576, 7
3577, 7
3578, 7
3579, 9
3580, 24
3581, 6
3582, 8
3583, 14
3584, 6
3585, 14
3586, 44
3587, 6
3588, 3
3589, 15
3590, 0
3591, 8
3592, 7
3593, 7
3594, 3
3595, 3
3596, 3
3597, 15
3598, 20
3599, 64
3600, 39
3601, 0
3602, 16
3603, 0
3604, 11
3605, 17
3606, 30
3607, 38
3608, 24
3609, 5
3610, 7
3611, 19
3612, 42
3613, 8
3614, 9
3615, 13
3616, 1
3617, 13
3618, 24
3619, 3
3620, 3
3621, 24
3622, 18
3623, 19
3624, 42
3625, 8
3626, 9
3627, 13
3628, 1
3629, 13
3630, 3
3631, 3
3632, 13
3633, 13
3634, 30
3635, 3
3636, 0
3637, 30
3638, 15
3639, 20
3640, 59
3641, 39
3642, 0
3643, 11
3644, 9
3645, 10
3646, 0
3647, 12
3648, 70
3649, 0
3650, 32
3651, 10
3652, 17
3653, 3
3654, 34
3655, 72
3656, 32
3657, 36
3658, 1
3659, 69
3660, 1
3661, 30
3662, 29
3663, 72
3664, 0
3665, 13
3666, 14
3667, 5
3668, 19
3669, 13
3670, 4
3671, 25
3672, 3
3673, 3
3674, 3
3675, 0
3676, 35
3677, 0
3678, 10
3679, 13
3680, 23
3681, 4
3682, 1
3683, 3
3684, 3
3685, 0
3686, 35
3687, 0
3688, 16
3689, 13
3690, 63
3691, 6
3692, 3
3693, 3
3694, 0
3695, 35
3696, 0
3697, 26
3698, 0
3699, 40
3700, 53
3701, 0
3702, 7
3703, 69
3704, 0
3705, 31
3706, 55
3707, 0
3708, 32
3709, 36
3710, 1
3711, 35
3712, 26
3713, 15
3714, 0
3715, 24
3716, 17
3717, 0
3718, 1
3719, 21
3720, 29
3721, 29
3722, 29
3723, 29
3724, 29
3725, 29
3726, 29
3727, 28
3728, 52
3729, 0
3730, 1
3731, 69
3732, 67
3733, 48
3734, 31
3735, 0
3736, 4
3737, 9
3738, 9
3739, 15
3740, 39
3741, 36
3742, 1
3743, 35
3744, 42
3745, 0
3746, 26
3747, 15
3748, 0
3749, 24
3750, 17
3751, 0
3752, 12
3753, 20
3754, 28
3755, 28
3756, 28
3757, 28
3758, 28
3759, 28
3760, 28
3761, 27
3762, 1
3763, 0
3764, 26
3765, 29
3766, 13
3767, 59
3768, 3
3769, 3
3770, 0
3771, 19
3772, 6
3773, 3
3774, 0
3775, 19
3776, 15
3777, 3
3778, 4
3779, 30
3780, 14
3781, 19
3782, 7
3783, 41
3784, 7
3785, 3
3786, 0
3787, 7
3788, 9
3789, 3
3790, 0
3791, 26
3792, 11
3793, 7
3794, 3
3795, 0
3796, 15
3797, 3
3798, 0
3799, 1
3800, 69
3801, 67
3802, 48
3803, 31
3804, 0
3805, 4
3806, 9
3807, 9
3808, 15
3809, 15
3810, 20
3811, 63
3812, 36
3813, 32
3814, 0
3815, 16
3816, 52
3817, 67
3818, 44
3819, 44
3820, 47
3821, 41
3822, 41
3823, 1
3824, 0
3825, 27
3826, 0
3827, 24
3828, 0
3829, 23
3830, 0
3831, 23
3832, 21
3833, 13
3834, 41
3835, 14
3836, 10
3837, 28
3838, 3
3839, 3
3840, 3
3841, 3
3842, 39
3843, 36
3844, 1
3845, 35
3846, 23
3847, 27
3848, 0
3849, 6
3850, 0
3851, 16
3852, 83
3853, 22
3854, 49
3855, 3
3856, 0
3857, 20
3858, 20
3859, 14
3860, 12
3861, 6
3862, 3
3863, 9
3864, 4
3865, 11
3866, 11
3867, 3
3868, 3
3869, 12
3870, 15
3871, 20
3872, 64
3873, 39
3874, 0
3875, 33
3876, 0
3877, 15
3878, 20
3879, 58
3880, 36
3881, 1
3882, 40
3883, 0
3884, 30
3885, 0
3886, 22
3887, 25
3888, 17
3889, 13
3890, 3
3891, 0
3892, 5
3893, 0
3894, 12
3895, 18
3896, 54
3897, 18
3898, 20
3899, 34
3900, 25
3901, 14
3902, 3
3903, 3
3904, 3
3905, 0
3906, 41
3907, 32
3908, 36
3909, 29
3910, 0
3911, 15
3912, 32
3913, 3
3914, 0
3915, 21
3916, 15
3917, 29
3918, 5
3919, 22
3920, 21
3921, 3
3922, 1
3923, 1
3924, 3
3925, 0
3926, 22
3927, 15
3928, 27
3929, 5
3930, 22
3931, 21
3932, 3
3933, 1
3934, 1
3935, 3
3936, 0
3937, 23
3938, 41
3939, 3
3940, 0
3941, 16
3942, 7
3943, 14
3944, 21
3945, 21
3946, 3
3947, 5
3948, 4
3949, 15
3950, 16
3951, 15
3952, 3
3953, 41
3954, 0
3955, 39
3956, 36
3957, 1
3958, 29
3959, 0
3960, 16
3961, 0
3962, 16
3963, 31
3964, 3
3965, 0
3966, 13
3967, 21
3968, 18
3969, 14
3970, 16
3971, 3
3972, 0
3973, 20
3974, 31
3975, 3
3976, 0
3977, 8
3978, 16
3979, 0
3980, 21
3981, 24
3982, 3
3983, 0
3984, 21
3985, 25
3986, 0
3987, 33
3988, 16
3989, 3
3990, 3
3991, 0
3992, 7
3993, 21
3994, 33
3995, 6
3996, 3
3997, 3
3998, 0
3999, 11
4000, 3
4001, 3
4002, 3
4003, 0
4004, 18
4005, 12
4006, 25
4007, 62
4008, 0
4009, 16
4010, 28
4011, 28
4012, 3
4013, 0
4014, 8
4015, 8
4016, 0
4017, 15
4018, 21
4019, 21
4020, 3
4021, 3
4022, 0
4023, 10
4024, 13
4025, 3
4026, 0
4027, 7
4028, 0
4029, 24
4030, 15
4031, 9
4032, 0
4033, 28
4034, 26
4035, 3
4036, 0
4037, 12
4038, 3
4039, 3
4040, 0
4041, 22
4042, 15
4043, 9
4044, 0
4045, 28
4046, 26
4047, 3
4048, 0
4049, 11
4050, 3
4051, 3
4052, 0
4053, 33
4054, 19
4055, 9
4056, 24
4057, 9
4058, 3
4059, 3
4060, 0
4061, 14
4062, 14
4063, 16
4064, 16
4065, 0
4066, 30
4067, 13
4068, 21
4069, 24
4070, 24
4071, 19
4072, 32
4073, 3
4074, 0
4075, 7
4076, 7
4077, 7
4078, 8
4079, 19
4080, 0
4081, 21
4082, 68
4083, 0
4084, 20
4085, 45
4086, 3
4087, 3
4088, 0
4089, 15
4090, 6
4091, 31
4092, 12
4093, 11
4094, 3
4095, 0
4096, 19
4097, 3
4098, 3
4099, 0
4100, 56
4101, 39
4102, 36
4103, 29
4104, 1
4105, 64
4106, 65
4107, 17
4108, 0
4109, 37
4110, 0
4111, 14
4112, 15
4113, 3
4114, 0
4115, 12
4116, 0
4117, 19
4118, 0
4119, 42
4120, 14
4121, 15
4122, 15
4123, 0
4124, 26
4125, 0
4126, 14
4127, 23
4128, 20
4129, 3
4130, 4
4131, 20
4132, 13
4133, 20
4134, 13
4135, 3
4136, 0
4137, 13
4138, 3
4139, 3
4140, 0
4141, 19
4142, 27
4143, 0
4144, 38
4145, 16
4146, 14
4147, 42
4148, 3
4149, 3
4150, 0
4151, 18
4152, 26
4153, 3
4154, 0
4155, 24
4156, 8
4157, 34
4158, 0
4159, 21
4160, 37
4161, 0
4162, 5
4163, 15
4164, 5
4165, 7
4166, 22
4167, 18
4168, 18
4169, 3
4170, 15
4171, 14
4172, 3
4173, 3
4174, 3
4175, 3
4176, 0
4177, 15
4178, 3
4179, 3
4180, 0
4181, 44
4182, 37
4183, 0
4184, 36
4185, 36
4186, 3
4187, 0
4188, 22
4189, 3
4190, 3
4191, 0
4192, 21
4193, 16
4194, 21
4195, 21
4196, 0
4197, 23
4198, 28
4199, 57
4200, 3
4201, 3
4202, 3
4203, 0
4204, 22
4205, 16
4206, 21
4207, 21
4208, 0
4209, 23
4210, 28
4211, 57
4212, 3
4213, 3
4214, 3
4215, 0
4216, 23
4217, 34
4218, 3
4219, 0
4220, 16
4221, 11
4222, 7
4223, 0
4224, 11
4225, 23
4226, 23
4227, 3
4228, 0
4229, 7
4230, 7
4231, 0
4232, 21
4233, 18
4234, 18
4235, 3
4236, 0
4237, 43
4238, 15
4239, 20
4240, 66
4241, 36
4242, 26
4243, 0
4244, 15
4245, 6
4246, 0
4247, 35
4248, 18
4249, 3
4250, 0
4251, 17
4252, 29
4253, 6
4254, 3
4255, 3
4256, 15
4257, 20
4258, 59
4259, 39
4260, 60
4261, 0
4262, 17
4263, 10
4264, 31
4265, 14
4266, 3
4267, 17
4268, 15
4269, 20
4270, 66
4271, 36
4272, 0
4273, 28
4274, 0
4275, 8
4276, 15
4277, 16
4278, 3
4279, 15
4280, 15
4281, 20
4282, 59
4283, 39
4284, 50
4285, 0
4286, 9
4287, 4
4288, 15
4289, 15
4290, 1
4291, 10
4292, 39
4293, 36
4294, 31
4295, 0
4296, 39
4297, 15
4298, 39
4299, 37
4300, 1
4301, 32
4302, 0
4303, 17
4304, 21
4305, 26
4306, 19
4307, 19
4308, 3
4309, 0
4310, 16
4311, 31
4312, 15
4313, 41
4314, 39
4315, 4
4316, 35
4317, 27
4318, 0
4319, 16
4320, 0
4321, 26
4322, 8
4323, 15
4324, 16
4325, 18
4326, 12
4327, 0
4328, 31
4329, 7
4330, 16
4331, 18
4332, 24
4333, 10
4334, 32
4335, 23
4336, 16
4337, 3
4338, 4
4339, 15
4340, 31
4341, 11
4342, 9
4343, 9
4344, 28
4345, 11
4346, 9
4347, 18
4348, 28
4349, 21
4350, 28
4351, 3
4352, 10
4353, 43
4354, 3
4355, 0
4356, 10
4357, 15
4358, 41
4359, 39
4360, 4
4361, 35
4362, 27
4363, 0
4364, 16
4365, 0
4366, 26
4367, 7
4368, 17
4369, 16
4370, 18
4371, 12
4372, 0
4373, 31
4374, 7
4375, 16
4376, 18
4377, 24
4378, 10
4379, 32
4380, 23
4381, 16
4382, 3
4383, 4
4384, 15
4385, 31
4386, 11
4387, 9
4388, 9
4389, 28
4390, 11
4391, 9
4392, 18
4393, 28
4394, 21
4395, 28
4396, 3
4397, 10
4398, 43
4399, 3
4400, 0
4401, 10
4402, 15
4403, 41
4404, 39
4405, 4
4406, 35
4407, 27
4408, 0
4409, 16
4410, 0
4411, 26
4412, 5
4413, 19
4414, 16
4415, 18
4416, 12
4417, 0
4418, 31
4419, 7
4420, 16
4421, 18
4422, 24
4423, 10
4424, 32
4425, 23
4426, 16
4427, 3
4428, 4
4429, 15
4430, 31
4431, 11
4432, 9
4433, 9
4434, 28
4435, 11
4436, 9
4437, 18
4438, 28
4439, 21
4440, 28
4441, 3
4442, 10
4443, 43
4444, 3
4445, 0
4446, 10
4447, 1
4448, 39
4449, 36
4450, 30
4451, 1
4452, 0
4453, 16
4454, 0
4455, 18
4456, 0
4457, 14
4458, 5
4459, 8
4460, 0
4461, 20
4462, 12
4463, 20
4464, 3
4465, 0
4466, 12
4467, 9
4468, 3
4469, 0
4470, 12
4471, 18
4472, 3
4473, 0
4474, 15
4475, 10
4476, 28
4477, 22
4478, 17
4479, 7
4480, 3
4481, 28
4482, 3
4483, 3
4484, 3
4485, 0
4486, 10
4487, 10
4488, 10
4489, 14
4490, 26
4491, 32
4492, 9
4493, 34
4494, 3
4495, 3
4496, 15
4497, 45
4498, 0
4499, 19
4500, 26
4501, 45
4502, 3
4503, 0
4504, 30
4505, 0
4506, 5
4507, 0
4508, 39
4509, 36
4510, 1
4511, 29
4512, 0
4513, 0
4514, 16
4515, 16
4516, 24
4517, 0
4518, 12
4519, 22
4520, 37
4521, 10
4522, 11
4523, 13
4524, 11
4525, 4
4526, 12
4527, 6
4528, 3
4529, 3
4530, 3
4531, 3
4532, 0
4533, 26
4534, 10
4535, 21
4536, 35
4537, 10
4538, 20
4539, 3
4540, 3
4541, 0
4542, 15
4543, 20
4544, 55
4545, 39
4546, 29
4547, 0
4548, 16
4549, 7
4550, 56
4551, 17
4552, 22
4553, 55
4554, 25
4555, 3
4556, 24
4557, 15
4558, 20
4559, 61
4560, 36
4561, 0
4562, 18
4563, 6
4564, 56
4565, 56
4566, 15
4567, 3
4568, 1
4569, 15
4570, 0
4571, 17
4572, 52
4573, 24
