1, 40
2, 40
3, 2
4, 32
5, 1
6, 14
7, 1
8, 16
9, 2
10, 41
11, 32
12, 38
13, 41
14, 5
15, 1
16, 36
17, 17
18, 53
19, 1
20, 58
21, 5
22, 2
23, 41
24, 38
25, 1
26, 30
27, 3
28, 1
29, 14
30, 1
31, 12
32, 1
33, 36
34, 17
35, 53
36, 1
37, 28
38, 28
39, 9
40, 34
41, 23
42, 38
43, 40
44, 26
45, 9
46, 50
47, 5
48, 2
49, 41
50, 39
51, 1
52, 32
53, 3
54, 1
55, 14
56, 1
57, 18
58, 2
59, 27
60, 1
61, 42
62, 5
63, 17
64, 53
65, 1
66, 48
67, 39
68, 1
69, 71
70, 88
71, 1
72, 66
73, 1
74, 59
75, 62
76, 1
77, 20
78, 43
79, 11
80, 67
81, 68
82, 11
83, 1
84, 68
85, 41
86, 8
87, 1
88, 69
89, 47
90, 5
91, 1
92, 1
93, 19
94, 5
95, 17
96, 10
97, 38
98, 8
99, 7
100, 25
101, 24
102, 1
103, 26
104, 27
105, 27
106, 8
107, 1
108, 66
109, 23
110, 33
111, 49
112, 47
113, 22
114, 18
115, 11
116, 16
117, 39
118, 11
119, 8
120, 1
121, 57
122, 35
123, 32
124, 34
125, 27
126, 8
127, 1
128, 32
129, 41
130, 38
131, 76
132, 8
133, 5
134, 2
135, 34
136, 38
137, 1
138, 28
139, 3
140, 1
141, 14
142, 47
143, 1
144, 16
145, 2
146, 38
147, 27
148, 1
149, 37
150, 5
151, 19
152, 1
153, 21
154, 43
155, 39
156, 31
157, 1
158, 24
159, 1
160, 35
161, 25
162, 16
163, 26
164, 32
165, 34
166, 1
167, 27
168, 28
169, 14
170, 1
171, 17
172, 24
173, 1
174, 40
175, 42
176, 34
177, 1
178, 28
179, 1
180, 33
181, 34
182, 31
183, 11
184, 1
185, 27
186, 16
187, 26
188, 34
189, 8
190, 5
191, 1
192, 38
193, 5
194, 18
195, 8
196, 26
197, 66
198, 25
199, 68
200, 28
201, 65
202, 29
203, 8
204, 5
205, 1
206, 42
207, 5
208, 19
209, 44
210, 37
211, 32
212, 5
213, 1
214, 43
215, 1
216, 36
217, 5
218, 33
219, 1
220, 133
221, 1
222, 46
223, 5
224, 2
225, 41
226, 36
227, 1
228, 30
229, 2
230, 43
231, 41
232, 40
233, 37
234, 4
235, 1
236, 14
237, 24
238, 1
239, 1
240, 24
241, 2
242, 51
243, 1
244, 63
245, 6
246, 30
247, 26
248, 42
249, 66
250, 44
251, 65
252, 17
253, 70
254, 10
255, 6
256, 1
257, 27
258, 6
259, 30
260, 40
261, 9
262, 25
263, 18
264, 36
265, 37
266, 18
267, 13
268, 26
269, 14
270, 9
271, 18
272, 27
273, 33
274, 14
275, 10
276, 6
277, 1
278, 54
279, 1
280, 27
281, 6
282, 33
283, 29
284, 25
285, 1
286, 63
287, 10
288, 39
289, 26
290, 26
291, 10
292, 1
293, 27
294, 10
295, 18
296, 31
297, 44
298, 27
299, 18
300, 45
301, 37
302, 14
303, 10
304, 4
305, 33
306, 10
307, 32
308, 10
309, 1
310, 28
311, 10
312, 34
313, 10
314, 6
315, 1
316, 31
317, 6
318, 34
319, 29
320, 39
321, 39
322, 1
323, 44
324, 10
325, 42
326, 10
327, 1
328, 42
329, 10
330, 36
331, 1
332, 26
333, 41
334, 54
335, 25
336, 37
337, 41
338, 41
339, 55
340, 29
341, 78
342, 42
343, 40
344, 22
345, 40
346, 18
347, 14
348, 9
349, 35
350, 10
351, 6
352, 5
353, 47
354, 59
355, 1
356, 29
357, 34
358, 30
359, 1
360, 37
361, 6
362, 46
363, 54
364, 50
365, 6
366, 1
367, 23
368, 6
369, 50
370, 56
371, 54
372, 32
373, 10
374, 1
375, 50
376, 31
377, 10
378, 6
379, 1
380, 32
381, 6
382, 26
383, 9
384, 50
385, 51
386, 10
387, 9
388, 37
389, 6
390, 1
391, 44
392, 6
393, 31
394, 43
395, 17
396, 66
397, 24
398, 32
399, 10
400, 6
401, 2
402, 1
403, 41
404, 38
405, 1
406, 57
407, 36
408, 48
409, 3
410, 1
411, 4
412, 68
413, 3
414, 72
415, 82
416, 80
417, 72
418, 4
419, 1
420, 1
421, 14
422, 24
423, 19
424, 30
425, 1
426, 24
427, 12
428, 11
429, 13
430, 5
431, 1
432, 62
433, 20
434, 24
435, 23
436, 27
437, 32
438, 26
439, 34
440, 29
441, 31
442, 25
443, 11
444, 16
445, 23
446, 23
447, 27
448, 34
449, 26
450, 31
451, 29
452, 32
453, 25
454, 11
455, 16
456, 26
457, 23
458, 27
459, 31
460, 26
461, 32
462, 29
463, 34
464, 25
465, 11
466, 16
467, 22
468, 8
469, 29
470, 5
471, 1
472, 31
473, 1
474, 32
475, 1
476, 42
477, 39
478, 8
479, 1
480, 42
481, 31
482, 22
483, 1
484, 42
485, 25
486, 23
487, 37
488, 48
489, 21
490, 42
491, 35
492, 32
493, 42
494, 24
495, 73
496, 69
497, 38
498, 34
499, 17
500, 34
501, 14
502, 11
503, 30
504, 8
505, 5
506, 1
507, 32
508, 1
509, 23
510, 7
511, 23
512, 8
513, 13
514, 11
515, 30
516, 14
517, 32
518, 14
519, 28
520, 11
521, 35
522, 13
523, 11
524, 23
525, 11
526, 8
527, 5
528, 1
529, 26
530, 1
531, 43
532, 29
533, 33
534, 29
535, 22
536, 1
537, 59
538, 29
539, 39
540, 31
541, 8
542, 1
543, 26
544, 15
545, 1
546, 27
547, 48
548, 34
549, 31
550, 31
551, 17
552, 24
553, 14
554, 1
555, 32
556, 8
557, 1
558, 25
559, 13
560, 11
561, 26
562, 11
563, 8
564, 1
565, 42
566, 57
567, 8
568, 5
569, 1
570, 61
571, 48
572, 59
573, 49
574, 42
575, 57
576, 8
577, 27
578, 48
579, 49
580, 47
581, 24
582, 8
583, 1
584, 33
585, 22
586, 8
587, 1
588, 21
589, 49
590, 38
591, 34
592, 8
593, 43
594, 27
595, 5
596, 1
597, 44
598, 1
599, 19
600, 26
601, 35
602, 1
603, 22
604, 27
605, 54
606, 80
607, 78
608, 5
609, 1
610, 24
611, 35
612, 37
613, 1
614, 43
615, 31
616, 26
617, 8
618, 5
619, 1
620, 39
621, 53
622, 38
623, 6
624, 1
625, 44
626, 46
627, 34
628, 46
629, 25
630, 65
631, 8
632, 1
633, 28
634, 5
635, 1
636, 40
637, 46
638, 45
639, 48
640, 45
641, 44
642, 47
643, 48
644, 47
645, 50
646, 5
647, 1
648, 60
649, 74
650, 5
651, 1
652, 1
653, 2
654, 1
655, 40
656, 38
657, 1
658, 40
659, 4
660, 30
661, 3
662, 1
663, 14
664, 26
665, 1
666, 15
667, 2
668, 1
669, 43
670, 13
671, 17
672, 53
673, 1
674, 14
675, 50
676, 50
677, 49
678, 50
679, 49
680, 1
681, 25
682, 72
683, 72
684, 71
685, 71
686, 71
687, 1
688, 21
689, 32
690, 49
691, 49
692, 1
693, 49
694, 49
695, 8
696, 39
697, 5
698, 1
699, 1
700, 97
701, 66
702, 1
703, 17
704, 32
705, 83
706, 5
707, 1
708, 1
709, 31
710, 5
711, 33
712, 5
713, 1
714, 40
715, 5
716, 59
717, 56
718, 62
719, 1
720, 48
721, 36
722, 70
723, 1
724, 48
725, 68
726, 52
727, 8
728, 1
729, 47
730, 68
731, 54
732, 8
733, 1
734, 49
735, 69
736, 52
737, 8
738, 5
739, 1
740, 1
741, 65
742, 5
743, 98
744, 95
745, 101
746, 95
747, 1
748, 55
749, 37
750, 14
751, 1
752, 72
753, 80
754, 52
755, 8
756, 1
757, 71
758, 82
759, 52
760, 8
761, 1
762, 74
763, 80
764, 52
765, 8
766, 1
767, 72
768, 81
769, 52
770, 8
771, 5
772, 1
773, 1
774, 1
775, 35
776, 5
777, 31
778, 24
779, 1
780, 29
781, 23
782, 29
783, 8
784, 1
785, 54
786, 1
787, 37
788, 34
789, 8
790, 1
791, 51
792, 45
793, 8
794, 1
795, 46
796, 45
797, 45
798, 1
799, 60
800, 5
801, 1
802, 1
803, 36
804, 5
805, 52
806, 1
807, 55
808, 56
809, 8
810, 1
811, 42
812, 1
813, 38
814, 48
815, 8
816, 5
817, 2
818, 41
819, 37
820, 1
821, 32
822, 1
823, 14
824, 18
825, 26
826, 19
827, 24
828, 26
829, 1
830, 11
831, 2
832, 35
833, 5
834, 17
835, 28
836, 35
837, 1
838, 36
839, 43
840, 30
841, 42
842, 36
843, 20
844, 1
845, 26
846, 8
847, 13
848, 27
849, 8
850, 5
851, 2
852, 1
853, 1
854, 23
855, 2
856, 31
857, 5
858, 53
859, 24
860, 7
861, 61
862, 47
863, 1
864, 39
865, 24
866, 24
867, 61
868, 1
869, 32
870, 45
871, 34
872, 14
873, 25
874, 11
875, 65
876, 26
877, 9
878, 5
879, 2
880, 1
881, 1
882, 21
883, 2
884, 55
885, 1
886, 36
887, 5
888, 50
889, 36
890, 1
891, 72
892, 56
893, 1
894, 26
895, 41
896, 61
897, 54
898, 28
899, 48
900, 61
901, 28
902, 1
903, 83
904, 11
905, 9
906, 5
907, 2
908, 41
909, 37
910, 1
911, 32
912, 1
913, 14
914, 18
915, 26
916, 19
917, 24
918, 26
919, 1
920, 11
921, 2
922, 35
923, 5
924, 17
925, 28
926, 35
927, 1
928, 36
929, 43
930, 30
931, 42
932, 36
933, 20
934, 1
935, 30
936, 8
937, 13
938, 31
939, 8
940, 5
941, 2
942, 1
943, 1
944, 27
945, 2
946, 31
947, 5
948, 63
949, 55
950, 67
951, 1
952, 63
953, 48
954, 1
955, 12
956, 39
957, 30
958, 45
959, 1
960, 39
961, 24
962, 1
963, 23
964, 24
965, 48
966, 32
967, 68
968, 34
969, 14
970, 25
971, 11
972, 65
973, 1
974, 48
975, 26
976, 9
977, 27
978, 42
979, 8
980, 5
981, 2
982, 1
983, 1
984, 25
985, 2
986, 55
987, 1
988, 36
989, 5
990, 35
991, 1
992, 12
993, 66
994, 58
995, 65
996, 1
997, 65
998, 48
999, 35
1000, 1
1001, 53
1002, 34
1003, 26
1004, 26
1005, 42
1006, 1
1007, 46
1008, 49
1009, 28
1010, 48
1011, 60
1012, 28
1013, 83
1014, 11
1015, 1
1016, 47
1017, 25
1018, 1
1019, 9
1020, 27
1021, 43
1022, 8
1023, 5
1024, 2
1025, 66
1026, 37
1027, 32
1028, 53
1029, 1
1030, 14
1031, 1
1032, 37
1033, 2
1034, 28
1035, 2
1036, 1
1037, 38
1038, 2
1039, 28
1040, 2
1041, 1
1042, 20
1043, 2
1044, 23
1045, 23
1046, 24
1047, 5
1048, 43
1049, 6
1050, 36
1051, 41
1052, 10
1053, 28
1054, 10
1055, 66
1056, 6
1057, 1
1058, 39
1059, 6
1060, 13
1061, 10
1062, 26
1063, 11
1064, 29
1065, 10
1066, 72
1067, 10
1068, 6
1069, 1
1070, 37
1071, 6
1072, 13
1073, 10
1074, 26
1075, 11
1076, 29
1077, 10
1078, 18
1079, 10
1080, 6
1081, 1
1082, 36
1083, 6
1084, 13
1085, 10
1086, 22
1087, 11
1088, 29
1089, 10
1090, 18
1091, 10
1092, 6
1093, 5
1094, 33
1095, 6
1096, 31
1097, 10
1098, 37
1099, 11
1100, 14
1101, 10
1102, 37
1103, 10
1104, 6
1105, 2
1106, 41
1107, 38
1108, 1
1109, 30
1110, 3
1111, 1
1112, 14
1113, 1
1114, 15
1115, 2
1116, 39
1117, 21
1118, 31
1119, 32
1120, 32
1121, 34
1122, 29
1123, 21
1124, 2
1125, 43
1126, 17
1127, 1
1128, 21
1129, 49
1130, 26
1131, 69
1132, 32
1133, 20
1134, 11
1135, 1
1136, 49
1137, 55
1138, 56
1139, 32
1140, 19
1141, 1
1142, 44
1143, 36
1144, 41
1145, 77
1146, 17
1147, 29
1148, 14
1149, 1
1150, 46
1151, 43
1152, 61
1153, 14
1154, 12
1155, 1
1156, 67
1157, 32
1158, 46
1159, 34
1160, 23
1161, 28
1162, 30
1163, 36
1164, 22
1165, 14
1166, 30
1167, 1
1168, 37
1169, 37
1170, 17
1171, 11
1172, 8
1173, 5
1174, 1
1175, 36
1176, 17
1177, 53
1178, 1
1179, 67
1180, 5
1181, 2
1182, 3
1183, 40
1184, 37
1185, 2
1186, 38
1187, 42
1188, 33
1189, 36
1190, 32
1191, 3
1192, 1
1193, 14
1194, 24
1195, 1
1196, 22
1197, 2
1198, 28
1199, 41
1200, 34
1201, 1
1202, 36
1203, 6
1204, 62
1205, 1
1206, 38
1207, 71
1208, 6
1209, 5
1210, 27
1211, 6
1212, 14
1213, 58
1214, 35
1215, 6
1216, 1
1217, 28
1218, 6
1219, 62
1220, 1
1221, 44
1222, 10
1223, 40
1224, 27
1225, 10
1226, 1
1227, 27
1228, 1
1229, 33
1230, 22
1231, 1
1232, 20
1233, 40
1234, 24
1235, 24
1236, 19
1237, 6
1238, 5
1239, 79
1240, 66
1241, 66
1242, 27
1243, 6
1244, 33
1245, 39
1246, 37
1247, 9
1248, 30
1249, 41
1250, 8
1251, 28
1252, 1
1253, 39
1254, 38
1255, 33
1256, 1
1257, 39
1258, 62
1259, 9
1260, 39
1261, 39
1262, 12
1263, 49
1264, 47
1265, 1
1266, 46
1267, 15
1268, 51
1269, 18
1270, 47
1271, 71
1272, 45
1273, 18
1274, 21
1275, 27
1276, 1
1277, 51
1278, 56
1279, 15
1280, 18
1281, 28
1282, 12
1283, 9
1284, 6
1285, 1
1286, 26
1287, 6
1288, 40
1289, 40
1290, 38
1291, 1
1292, 23
1293, 79
1294, 10
1295, 30
1296, 1
1297, 44
1298, 36
1299, 1
1300, 46
1301, 46
1302, 1
1303, 41
1304, 40
1305, 1
1306, 34
1307, 37
1308, 14
1309, 49
1310, 50
1311, 1
1312, 49
1313, 18
1314, 54
1315, 62
1316, 1
1317, 82
1318, 22
1319, 54
1320, 63
1321, 50
1322, 50
1323, 22
1324, 18
1325, 21
1326, 32
1327, 14
1328, 1
1329, 57
1330, 48
1331, 10
1332, 6
1333, 1
1334, 1
1335, 77
1336, 29
1337, 51
1338, 9
1339, 67
1340, 31
1341, 17
1342, 1
1343, 28
1344, 11
1345, 10
1346, 57
1347, 14
1348, 36
1349, 45
1350, 36
1351, 14
1352, 1
1353, 33
1354, 32
1355, 22
1356, 1
1357, 26
1358, 51
1359, 1
1360, 27
1361, 6
1362, 1
1363, 74
1364, 38
1365, 60
1366, 6
1367, 36
1368, 1
1369, 43
1370, 49
1371, 39
1372, 6
1373, 1
1374, 3
1375, 1
1376, 4
1377, 41
1378, 38
1379, 3
1380, 39
1381, 43
1382, 34
1383, 37
1384, 33
1385, 59
1386, 4
1387, 2
1388, 15
1389, 25
1390, 2
1391, 30
1392, 3
1393, 29
1394, 42
1395, 2
1396, 35
1397, 2
1398, 37
1399, 7
1400, 63
1401, 2
1402, 39
1403, 72
1404, 7
1405, 2
1406, 28
1407, 7
1408, 16
1409, 59
1410, 36
1411, 7
1412, 2
1413, 29
1414, 7
1415, 63
1416, 2
1417, 45
1418, 11
1419, 41
1420, 28
1421, 11
1422, 2
1423, 28
1424, 2
1425, 34
1426, 23
1427, 2
1428, 21
1429, 41
1430, 25
1431, 25
1432, 20
1433, 7
1434, 2
1435, 79
1436, 67
1437, 67
1438, 28
1439, 7
1440, 35
1441, 47
1442, 2
1443, 37
1444, 11
1445, 33
1446, 44
1447, 11
1448, 30
1449, 2
1450, 41
1451, 38
1452, 37
1453, 2
1454, 41
1455, 62
1456, 11
1457, 43
1458, 42
1459, 15
1460, 53
1461, 51
1462, 2
1463, 50
1464, 19
1465, 56
1466, 23
1467, 53
1468, 73
1469, 46
1470, 23
1471, 26
1472, 33
1473, 2
1474, 55
1475, 63
1476, 19
1477, 22
1478, 33
1479, 15
1480, 11
1481, 7
1482, 2
1483, 34
1484, 7
1485, 47
1486, 47
1487, 45
1488, 2
1489, 24
1490, 80
1491, 11
1492, 31
1493, 2
1494, 45
1495, 37
1496, 2
1497, 47
1498, 47
1499, 2
1500, 42
1501, 41
1502, 2
1503, 35
1504, 38
1505, 15
1506, 50
1507, 51
1508, 2
1509, 50
1510, 19
1511, 55
1512, 63
1513, 2
1514, 83
1515, 23
1516, 56
1517, 62
1518, 64
1519, 51
1520, 51
1521, 23
1522, 19
1523, 22
1524, 33
1525, 15
1526, 2
1527, 58
1528, 49
1529, 11
1530, 7
1531, 2
1532, 2
1533, 78
1534, 30
1535, 51
1536, 7
1537, 68
1538, 32
1539, 18
1540, 2
1541, 29
1542, 12
1543, 11
1544, 58
1545, 15
1546, 37
1547, 46
1548, 37
1549, 15
1550, 2
1551, 34
1552, 33
1553, 23
1554, 2
1555, 27
1556, 52
1557, 2
1558, 28
1559, 7
1560, 2
1561, 75
1562, 39
1563, 60
1564, 7
1565, 37
1566, 2
1567, 44
1568, 50
1569, 40
1570, 7
1571, 2
1572, 3
1573, 41
1574, 38
1575, 1
1576, 75
1577, 3
1578, 1
1579, 14
1580, 1
1581, 20
1582, 2
1583, 39
1584, 71
1585, 43
1586, 74
1587, 1
1588, 13
1589, 20
1590, 16
1591, 52
1592, 55
1593, 7
1594, 53
1595, 16
1596, 22
1597, 26
1598, 18
1599, 29
1600, 66
1601, 21
1602, 13
1603, 24
1604, 19
1605, 11
1606, 33
1607, 44
1608, 29
1609, 23
1610, 67
1611, 24
1612, 22
1613, 26
1614, 44
1615, 29
1616, 14
1617, 31
1618, 19
1619, 28
1620, 28
1621, 36
1622, 22
1623, 14
1624, 27
1625, 1
1626, 27
1627, 42
1628, 25
1629, 11
1630, 21
1631, 8
1632, 20
1633, 5
1634, 1
1635, 36
1636, 17
1637, 53
1638, 67
1639, 5
1640, 2
1641, 41
1642, 38
1643, 1
1644, 75
1645, 3
1646, 1
1647, 14
1648, 1
1649, 20
1650, 2
1651, 41
1652, 61
1653, 52
1654, 68
1655, 11
1656, 27
1657, 82
1658, 23
1659, 79
1660, 27
1661, 18
1662, 32
1663, 91
1664, 37
1665, 71
1666, 26
1667, 18
1668, 24
1669, 24
1670, 39
1671, 84
1672, 17
1673, 28
1674, 29
1675, 11
1676, 21
1677, 25
1678, 76
1679, 19
1680, 88
1681, 37
1682, 25
1683, 46
1684, 79
1685, 20
1686, 33
1687, 74
1688, 14
1689, 11
1690, 22
1691, 5
1692, 1
1693, 36
1694, 60
1695, 28
1696, 71
1697, 5
1698, 2
1699, 41
1700, 38
1701, 1
1702, 78
1703, 3
1704, 1
1705, 14
1706, 24
1707, 1
1708, 1
1709, 20
1710, 2
1711, 37
1712, 31
1713, 30
1714, 25
1715, 30
1716, 34
1717, 33
1718, 30
1719, 1
1720, 23
1721, 1
1722, 1
1723, 36
1724, 5
1725, 42
1726, 20
1727, 9
1728, 1
1729, 48
1730, 34
1731, 25
1732, 32
1733, 1
1734, 43
1735, 40
1736, 56
1737, 13
1738, 9
1739, 5
1740, 1
1741, 1
1742, 26
1743, 5
1744, 24
1745, 19
1746, 20
1747, 1
1748, 15
1749, 33
1750, 25
1751, 33
1752, 37
1753, 27
1754, 11
1755, 23
1756, 23
1757, 8
1758, 19
1759, 5
1760, 1
1761, 1
1762, 20
1763, 5
1764, 21
1765, 24
1766, 29
1767, 47
1768, 14
1769, 21
1770, 70
1771, 31
1772, 32
1773, 27
1774, 14
1775, 32
1776, 31
1777, 24
1778, 37
1779, 8
1780, 20
1781, 5
1782, 1
1783, 1
1784, 28
1785, 5
1786, 33
1787, 56
1788, 1
1789, 34
1790, 1
1791, 24
1792, 22
1793, 31
1794, 1
1795, 28
1796, 38
1797, 52
1798, 48
1799, 11
1800, 1
1801, 32
1802, 14
1803, 6
1804, 1
1805, 28
1806, 8
1807, 33
1808, 31
1809, 5
1810, 1
1811, 1
1812, 21
1813, 5
1814, 26
1815, 26
1816, 26
1817, 1
1818, 16
1819, 68
1820, 28
1821, 9
1822, 5
1823, 1
1824, 1
1825, 35
1826, 5
1827, 13
1828, 53
1829, 1
1830, 27
1831, 19
1832, 44
1833, 34
1834, 8
1835, 1
1836, 51
1837, 50
1838, 34
1839, 34
1840, 18
1841, 1
1842, 49
1843, 47
1844, 41
1845, 78
1846, 29
1847, 8
1848, 40
1849, 19
1850, 8
1851, 1
1852, 19
1853, 38
1854, 35
1855, 8
1856, 19
1857, 37
1858, 19
1859, 8
1860, 1
1861, 69
1862, 5
1863, 2
1864, 41
1865, 38
1866, 1
1867, 35
1868, 69
1869, 3
1870, 1
1871, 14
1872, 17
1873, 19
1874, 1
1875, 19
1876, 2
1877, 38
1878, 39
1879, 31
1880, 65
1881, 57
1882, 55
1883, 60
1884, 58
1885, 35
1886, 63
1887, 43
1888, 8
1889, 5
1890, 1
1891, 28
1892, 34
1893, 31
1894, 1
1895, 32
1896, 47
1897, 1
1898, 32
1899, 53
1900, 53
1901, 53
1902, 53
1903, 53
1904, 53
1905, 45
1906, 1
1907, 17
1908, 23
1909, 21
1910, 1
1911, 61
1912, 5
1913, 1
1914, 25
1915, 69
1916, 69
1917, 69
1918, 69
1919, 69
1920, 6
1921, 1
1922, 33
1923, 72
1924, 72
1925, 6
1926, 1
1927, 46
1928, 23
1929, 41
1930, 49
1931, 40
1932, 5
1933, 1
1934, 42
1935, 1
1936, 65
1937, 5
1938, 71
1939, 58
1940, 34
1941, 5
1942, 1
1943, 58
1944, 1
1945, 33
1946, 68
1947, 5
1948, 29
1949, 66
1950, 21
1951, 8
1952, 48
1953, 66
1954, 53
1955, 45
1956, 33
1957, 66
1958, 69
1959, 66
1960, 8
1961, 53
1962, 55
1963, 6
1964, 1
1965, 48
1966, 1
1967, 41
1968, 52
1969, 34
1970, 28
1971, 8
1972, 5
1973, 1
1974, 26
1975, 24
1976, 25
1977, 43
1978, 1
1979, 25
1980, 1
1981, 33
1982, 67
1983, 5
1984, 24
1985, 61
1986, 21
1987, 8
1988, 39
1989, 65
1990, 11
1991, 63
1992, 57
1993, 36
1994, 11
1995, 36
1996, 66
1997, 69
1998, 66
1999, 8
2000, 53
2001, 55
2002, 6
2003, 1
2004, 2
2005, 34
2006, 38
2007, 1
2008, 29
2009, 47
2010, 3
2011, 1
2012, 14
2013, 17
2014, 19
2015, 1
2016, 12
2017, 2
2018, 38
2019, 36
2020, 28
2021, 1
2022, 62
2023, 1
2024, 57
2025, 93
2026, 70
2027, 83
2028, 8
2029, 5
2030, 1
2031, 47
2032, 1
2033, 26
2034, 24
2035, 25
2036, 25
2037, 1
2038, 37
2039, 5
2040, 66
2041, 5
2042, 1
2043, 39
2044, 1
2045, 23
2046, 53
2047, 53
2048, 53
2049, 53
2050, 53
2051, 53
2052, 45
2053, 1
2054, 21
2055, 21
2056, 23
2057, 1
2058, 44
2059, 27
2060, 21
2061, 8
2062, 5
2063, 1
2064, 30
2065, 32
2066, 36
2067, 36
2068, 36
2069, 1
2070, 36
2071, 36
2072, 36
2073, 36
2074, 36
2075, 36
2076, 36
2077, 36
2078, 36
2079, 36
2080, 36
2081, 6
2082, 1
2083, 38
2084, 43
2085, 47
2086, 47
2087, 47
2088, 6
2089, 1
2090, 48
2091, 23
2092, 41
2093, 23
2094, 22
2095, 8
2096, 5
2097, 1
2098, 12
2099, 46
2100, 31
2101, 1
2102, 41
2103, 25
2104, 27
2105, 1
2106, 30
2107, 5
2108, 1
2109, 30
2110, 25
2111, 39
2112, 1
2113, 90
2114, 17
2115, 17
2116, 1
2117, 79
2118, 44
2119, 1
2120, 22
2121, 46
2122, 1
2123, 39
2124, 37
2125, 23
2126, 11
2127, 1
2128, 41
2129, 45
2130, 11
2131, 1
2132, 36
2133, 26
2134, 8
2135, 1
2136, 22
2137, 34
2138, 5
2139, 1
2140, 87
2141, 17
2142, 17
2143, 17
2144, 28
2145, 1
2146, 79
2147, 44
2148, 1
2149, 22
2150, 46
2151, 1
2152, 39
2153, 37
2154, 23
2155, 11
2156, 1
2157, 40
2158, 25
2159, 22
2160, 1
2161, 35
2162, 17
2163, 11
2164, 1
2165, 36
2166, 26
2167, 8
2168, 1
2169, 22
2170, 34
2171, 5
2172, 2
2173, 41
2174, 40
2175, 1
2176, 32
2177, 1
2178, 14
2179, 1
2180, 11
2181, 2
2182, 34
2183, 27
2184, 39
2185, 5
2186, 1
2187, 36
2188, 18
2189, 53
2190, 1
2191, 40
2192, 5
2193, 2
2194, 41
2195, 38
2196, 1
2197, 30
2198, 3
2199, 1
2200, 14
2201, 1
2202, 15
2203, 2
2204, 52
2205, 24
2206, 53
2207, 1
2208, 35
2209, 52
2210, 6
2211, 47
2212, 5
2213, 2
2214, 41
2215, 37
2216, 1
2217, 30
2218, 3
2219, 1
2220, 14
2221, 26
2222, 1
2223, 11
2224, 2
2225, 36
2226, 17
2227, 53
2228, 1
2229, 21
2230, 43
2231, 31
2232, 42
2233, 5
2234, 30
2235, 56
2236, 1
2237, 32
2238, 5
2239, 2
2240, 41
2241, 37
2242, 1
2243, 30
2244, 3
2245, 1
2246, 14
2247, 26
2248, 1
2249, 12
2250, 2
2251, 35
2252, 5
2253, 31
2254, 17
2255, 53
2256, 1
2257, 48
2258, 43
2259, 1
2260, 34
2261, 49
2262, 9
2263, 24
2264, 24
2265, 62
2266, 33
2267, 64
2268, 53
2269, 17
2270, 61
2271, 8
2272, 44
2273, 84
2274, 5
2275, 2
2276, 1
2277, 1
2278, 14
2279, 24
2280, 1
2281, 33
2282, 27
2283, 5
2284, 1
2285, 39
2286, 31
2287, 5
2288, 1
2289, 2
2290, 41
2291, 38
2292, 1
2293, 40
2294, 4
2295, 30
2296, 3
2297, 1
2298, 14
2299, 26
2300, 1
2301, 14
2302, 2
2303, 52
2304, 19
2305, 53
2306, 1
2307, 69
2308, 1
2309, 31
2310, 46
2311, 1
2312, 54
2313, 1
2314, 56
2315, 60
2316, 62
2317, 1
2318, 74
2319, 64
2320, 73
2321, 8
2322, 5
2323, 2
2324, 1
2325, 1
2326, 24
2327, 2
2328, 33
2329, 36
2330, 1
2331, 41
2332, 35
2333, 1
2334, 1
2335, 54
2336, 53
2337, 5
2338, 1
2339, 1
2340, 78
2341, 33
2342, 1
2343, 23
2344, 55
2345, 1
2346, 57
2347, 68
2348, 8
2349, 16
2350, 5
2351, 1
2352, 1
2353, 56
2354, 51
2355, 61
2356, 5
2357, 1
2358, 1
2359, 44
2360, 52
2361, 35
2362, 68
2363, 44
2364, 1
2365, 51
2366, 1
2367, 55
2368, 5
2369, 1
2370, 1
2371, 40
2372, 31
2373, 52
2374, 35
2375, 50
2376, 1
2377, 45
2378, 16
2379, 5
2380, 1
2381, 42
2382, 45
2383, 5
2384, 2
2385, 1
2386, 1
2387, 1
2388, 16
2389, 2
2390, 49
2391, 54
2392, 52
2393, 45
2394, 1
2395, 31
2396, 21
2397, 39
2398, 52
2399, 1
2400, 1
2401, 79
2402, 58
2403, 46
2404, 24
2405, 5
2406, 4
2407, 1
2408, 48
2409, 27
2410, 33
2411, 24
2412, 1
2413, 59
2414, 5
2415, 1
2416, 1
2417, 52
2418, 24
2419, 5
2420, 1
2421, 1
2422, 51
2423, 47
2424, 52
2425, 50
2426, 23
2427, 5
2428, 1
2429, 1
2430, 44
2431, 26
2432, 32
2433, 27
2434, 29
2435, 30
2436, 30
2437, 9
2438, 13
2439, 24
2440, 8
2441, 5
2442, 1
2443, 1
2444, 33
2445, 40
2446, 31
2447, 1
2448, 37
2449, 30
2450, 33
2451, 1
2452, 32
2453, 11
2454, 8
2455, 5
2456, 1
2457, 1
2458, 39
2459, 25
2460, 1
2461, 42
2462, 31
2463, 1
2464, 38
2465, 27
2466, 64
2467, 38
2468, 33
2469, 37
2470, 37
2471, 15
2472, 24
2473, 19
2474, 33
2475, 38
2476, 33
2477, 14
2478, 11
2479, 8
2480, 5
2481, 1
2482, 1
2483, 30
2484, 37
2485, 35
2486, 30
2487, 33
2488, 33
2489, 30
2490, 32
2491, 12
2492, 16
2493, 30
2494, 11
2495, 8
2496, 5
2497, 1
2498, 1
2499, 42
2500, 24
2501, 5
2502, 1
2503, 1
2504, 66
2505, 47
2506, 1
2507, 34
2508, 32
2509, 33
2510, 1
2511, 47
2512, 36
2513, 33
2514, 8
2515, 2
2516, 1
2517, 1
2518, 15
2519, 2
2520, 31
2521, 30
2522, 32
2523, 2
2524, 1
2525, 15
2526, 2
2527, 27
2528, 31
2529, 33
2530, 1
2531, 34
2532, 18
2533, 38
2534, 42
2535, 5
2536, 1
2537, 56
2538, 36
2539, 49
2540, 61
2541, 67
2542, 21
2543, 5
2544, 1
2545, 2
2546, 1
2547, 1
2548, 18
2549, 2
2550, 35
2551, 1
2552, 32
2553, 39
2554, 19
2555, 38
2556, 36
2557, 19
2558, 5
2559, 1
2560, 35
2561, 23
2562, 8
2563, 36
2564, 28
2565, 12
2566, 45
2567, 32
2568, 32
2569, 11
2570, 15
2571, 11
2572, 34
2573, 63
2574, 38
2575, 15
2576, 33
2577, 31
2578, 41
2579, 14
2580, 11
2581, 8
2582, 5
2583, 1
2584, 26
2585, 20
2586, 25
2587, 5
2588, 1
2589, 38
2590, 46
2591, 5
2592, 1
2593, 1
2594, 20
2595, 5
2596, 28
2597, 32
2598, 5
2599, 1
2600, 1
2601, 28
2602, 5
2603, 31
2604, 31
2605, 1
2606, 44
2607, 27
2608, 33
2609, 8
2610, 1
2611, 29
2612, 8
2613, 15
2614, 70
2615, 34
2616, 28
2617, 22
2618, 11
2619, 8
2620, 1
2621, 32
2622, 28
2623, 8
2624, 5
2625, 2
2626, 41
2627, 37
2628, 1
2629, 30
2630, 3
2631, 1
2632, 1
2633, 14
2634, 1
2635, 15
2636, 2
2637, 35
2638, 5
2639, 17
2640, 53
2641, 18
2642, 45
2643, 66
2644, 31
2645, 51
2646, 8
2647, 5
2648, 1
2649, 52
2650, 5
2651, 23
2652, 18
2653, 1
2654, 24
2655, 14
2656, 16
2657, 8
2658, 21
2659, 11
2660, 27
2661, 12
2662, 15
2663, 11
2664, 26
2665, 28
2666, 28
2667, 14
2668, 28
2669, 23
2670, 14
2671, 11
2672, 16
2673, 21
2674, 26
2675, 11
2676, 52
2677, 30
2678, 14
2679, 30
2680, 29
2681, 15
2682, 18
2683, 14
2684, 27
2685, 14
2686, 11
2687, 22
2688, 8
2689, 5
2690, 1
2691, 26
2692, 24
2693, 25
2694, 25
2695, 1
2696, 50
2697, 36
2698, 33
2699, 5
2700, 2
2701, 62
2702, 37
2703, 1
2704, 14
2705, 1
2706, 14
2707, 45
2708, 42
2709, 6
2710, 2
2711, 32
2712, 38
2713, 3
2714, 68
2715, 4
2716, 1
2717, 14
2718, 17
2719, 34
2720, 19
2721, 1
2722, 50
2723, 2
2724, 25
2725, 22
2726, 23
2727, 1
2728, 59
2729, 6
2730, 55
2731, 6
2732, 5
2733, 35
2734, 6
2735, 41
2736, 47
2737, 6
2738, 5
2739, 38
2740, 6
2741, 34
2742, 75
2743, 75
2744, 43
2745, 49
2746, 19
2747, 6
2748, 1
2749, 41
2750, 6
2751, 50
2752, 41
2753, 76
2754, 21
2755, 6
2756, 5
2757, 38
2758, 6
2759, 63
2760, 6
2761, 2
2762, 1
2763, 31
2764, 2
2765, 59
2766, 6
2767, 23
2768, 80
2769, 41
2770, 19
2771, 46
2772, 10
2773, 36
2774, 77
2775, 34
2776, 10
2777, 26
2778, 6
2779, 2
2780, 1
2781, 23
2782, 1
2783, 1
2784, 45
2785, 21
2786, 77
2787, 40
2788, 5
2789, 54
2790, 67
2791, 23
2792, 5
2793, 55
2794, 30
2795, 33
2796, 53
2797, 10
2798, 5
2799, 60
2800, 22
2801, 60
2802, 28
2803, 66
2804, 48
2805, 32
2806, 1
2807, 6
2808, 2
2809, 1
2810, 27
2811, 1
2812, 26
2813, 20
2814, 37
2815, 6
2816, 1
2817, 54
2818, 47
2819, 29
2820, 1
2821, 51
2822, 1
2823, 47
2824, 37
2825, 76
2826, 48
2827, 65
2828, 36
2829, 44
2830, 70
2831, 29
2832, 6
2833, 1
2834, 46
2835, 46
2836, 21
2837, 75
2838, 34
2839, 58
2840, 6
2841, 1
2842, 51
2843, 29
2844, 53
2845, 39
2846, 6
2847, 1
2848, 48
2849, 41
2850, 45
2851, 54
2852, 25
2853, 57
2854, 27
2855, 17
2856, 49
2857, 10
2858, 6
2859, 1
2860, 32
2861, 48
2862, 50
2863, 54
2864, 38
2865, 63
2866, 6
2867, 2
2868, 32
2869, 38
2870, 3
2871, 29
2872, 42
2873, 4
2874, 1
2875, 14
2876, 17
2877, 34
2878, 19
2879, 1
2880, 23
2881, 45
2882, 16
2883, 72
2884, 46
2885, 1
2886, 51
2887, 62
2888, 13
2889, 5
2890, 5
2891, 50
2892, 30
2893, 26
2894, 22
2895, 26
2896, 45
2897, 5
2898, 1
2899, 55
2900, 22
2901, 27
2902, 27
2903, 1
2904, 25
2905, 26
2906, 28
2907, 34
2908, 40
2909, 6
2910, 2
2911, 1
2912, 27
2913, 48
2914, 27
2915, 19
2916, 1
2917, 25
2918, 5
2919, 19
2920, 5
2921, 6
2922, 1
2923, 85
2924, 29
2925, 1
2926, 33
2927, 6
2928, 17
2929, 6
2930, 1
2931, 57
2932, 42
2933, 1
2934, 97
2935, 39
2936, 1
2937, 53
2938, 57
2939, 52
2940, 59
2941, 5
2942, 26
2943, 6
2944, 1
2945, 56
2946, 51
2947, 1
2948, 18
2949, 52
2950, 50
2951, 61
2952, 6
2953, 1
2954, 51
2955, 24
2956, 48
2957, 34
2958, 6
2959, 1
2960, 55
2961, 36
2962, 49
2963, 16
2964, 51
2965, 49
2966, 44
2967, 37
2968, 11
2969, 47
2970, 9
2971, 12
2972, 51
2973, 49
2974, 12
2975, 37
2976, 8
2977, 37
2978, 47
2979, 8
2980, 9
2981, 5
2982, 6
2983, 1
2984, 103
2985, 60
2986, 63
2987, 27
2988, 6
2989, 2
2990, 41
2991, 38
2992, 3
2993, 29
2994, 42
2995, 73
2996, 56
2997, 4
2998, 1
2999, 14
3000, 17
3001, 34
3002, 19
3003, 24
3004, 1
3005, 25
3006, 2
3007, 35
3008, 44
3009, 52
3010, 1
3011, 45
3012, 5
3013, 75
3014, 9
3015, 21
3016, 49
3017, 8
3018, 83
3019, 19
3020, 8
3021, 1
3022, 71
3023, 49
3024, 27
3025, 1
3026, 32
3027, 18
3028, 1
3029, 67
3030, 49
3031, 10
3032, 45
3033, 32
3034, 10
3035, 1
3036, 38
3037, 22
3038, 37
3039, 38
3040, 5
3041, 1
3042, 33
3043, 6
3044, 15
3045, 65
3046, 10
3047, 23
3048, 14
3049, 24
3050, 53
3051, 27
3052, 24
3053, 53
3054, 27
3055, 24
3056, 51
3057, 27
3058, 24
3059, 52
3060, 27
3061, 24
3062, 54
3063, 27
3064, 24
3065, 60
3066, 27
3067, 24
3068, 66
3069, 27
3070, 14
3071, 10
3072, 6
3073, 1
3074, 65
3075, 5
3076, 84
3077, 1
3078, 96
3079, 42
3080, 1
3081, 49
3082, 53
3083, 1
3084, 60
3085, 8
3086, 61
3087, 68
3088, 8
3089, 1
3090, 31
3091, 5
3092, 1
3093, 63
3094, 5
3095, 93
3096, 52
3097, 7
3098, 23
3099, 45
3100, 46
3101, 7
3102, 79
3103, 5
3104, 1
3105, 78
3106, 5
3107, 75
3108, 9
3109, 37
3110, 19
3111, 1
3112, 49
3113, 50
3114, 10
3115, 36
3116, 1
3117, 49
3118, 96
3119, 83
3120, 17
3121, 58
3122, 10
3123, 28
3124, 5
3125, 1
3126, 109
3127, 5
3128, 62
3129, 28
3130, 81
3131, 12
3132, 31
3133, 5
3134, 1
3135, 23
3136, 6
3137, 30
3138, 29
3139, 1
3140, 30
3141, 10
3142, 35
3143, 10
3144, 1
3145, 26
3146, 10
3147, 27
3148, 46
3149, 10
3150, 9
3151, 29
3152, 10
3153, 38
3154, 26
3155, 10
3156, 49
3157, 10
3158, 22
3159, 49
3160, 14
3161, 40
3162, 43
3163, 14
3164, 10
3165, 1
3166, 42
3167, 10
3168, 25
3169, 10
3170, 1
3171, 42
3172, 10
3173, 46
3174, 10
3175, 1
3176, 46
3177, 10
3178, 47
3179, 10
3180, 11
3181, 35
3182, 10
3183, 37
3184, 10
3185, 11
3186, 6
3187, 1
3188, 25
3189, 6
3190, 28
3191, 1
3192, 23
3193, 10
3194, 23
3195, 10
3196, 6
3197, 2
3198, 1
3199, 32
3200, 38
3201, 3
3202, 79
3203, 4
3204, 1
3205, 14
3206, 17
3207, 34
3208, 19
3209, 19
3210, 24
3211, 1
3212, 50
3213, 2
3214, 25
3215, 22
3216, 23
3217, 1
3218, 59
3219, 6
3220, 55
3221, 6
3222, 5
3223, 35
3224, 6
3225, 41
3226, 47
3227, 6
3228, 5
3229, 38
3230, 6
3231, 20
3232, 41
3233, 45
3234, 19
3235, 6
3236, 1
3237, 41
3238, 6
3239, 50
3240, 41
3241, 76
3242, 21
3243, 6
3244, 5
3245, 38
3246, 6
3247, 63
3248, 6
3249, 2
3250, 1
3251, 31
3252, 2
3253, 59
3254, 6
3255, 72
3256, 37
3257, 43
3258, 73
3259, 42
3260, 16
3261, 22
3262, 6
3263, 2
3264, 1
3265, 21
3266, 2
3267, 33
3268, 36
3269, 37
3270, 1
3271, 45
3272, 21
3273, 77
3274, 40
3275, 5
3276, 54
3277, 67
3278, 23
3279, 5
3280, 55
3281, 30
3282, 33
3283, 53
3284, 10
3285, 5
3286, 56
3287, 9
3288, 67
3289, 42
3290, 1
3291, 46
3292, 44
3293, 14
3294, 46
3295, 68
3296, 34
3297, 16
3298, 1
3299, 62
3300, 49
3301, 65
3302, 1
3303, 35
3304, 22
3305, 1
3306, 39
3307, 57
3308, 39
3309, 1
3310, 23
3311, 43
3312, 14
3313, 29
3314, 18
3315, 50
3316, 61
3317, 69
3318, 18
3319, 21
3320, 18
3321, 48
3322, 34
3323, 50
3324, 65
3325, 67
3326, 18
3327, 25
3328, 34
3329, 16
3330, 6
3331, 5
3332, 35
3333, 6
3334, 19
3335, 73
3336, 37
3337, 6
3338, 5
3339, 2
3340, 1
3341, 27
3342, 1
3343, 26
3344, 21
3345, 38
3346, 6
3347, 1
3348, 54
3349, 47
3350, 29
3351, 16
3352, 15
3353, 1
3354, 47
3355, 9
3356, 45
3357, 6
3358, 1
3359, 50
3360, 6
3361, 58
3362, 10
3363, 25
3364, 61
3365, 40
3366, 17
3367, 50
3368, 10
3369, 6
3370, 1
3371, 37
3372, 76
3373, 48
3374, 65
3375, 36
3376, 44
3377, 70
3378, 29
3379, 6
3380, 1
3381, 43
3382, 21
3383, 75
3384, 34
3385, 24
3386, 6
3387, 1
3388, 31
3389, 46
3390, 50
3391, 59
3392, 25
3393, 57
3394, 27
3395, 17
3396, 49
3397, 10
3398, 6
3399, 1
3400, 32
3401, 48
3402, 50
3403, 54
3404, 38
3405, 63
3406, 6
3407, 2
3408, 65
3409, 38
3410, 32
3411, 34
3412, 71
3413, 33
3414, 14
3415, 1
3416, 30
3417, 2
3418, 31
3419, 27
3420, 25
3421, 26
3422, 26
3423, 1
3424, 24
3425, 35
3426, 6
3427, 1
3428, 26
3429, 6
3430, 50
3431, 28
3432, 24
3433, 35
3434, 21
3435, 6
3436, 1
3437, 41
3438, 6
3439, 34
3440, 26
3441, 1
3442, 28
3443, 34
3444, 1
3445, 30
3446, 10
3447, 46
3448, 30
3449, 1
3450, 28
3451, 39
3452, 10
3453, 21
3454, 6
3455, 1
3456, 21
3457, 6
3458, 12
3459, 10
3460, 30
3461, 36
3462, 18
3463, 44
3464, 10
3465, 6
3466, 1
3467, 26
3468, 6
3469, 23
3470, 20
3471, 29
3472, 29
3473, 26
3474, 25
3475, 10
3476, 24
3477, 31
3478, 10
3479, 26
3480, 26
3481, 61
3482, 60
3483, 26
3484, 6
3485, 1
3486, 33
3487, 6
3488, 22
3489, 28
3490, 26
3491, 10
3492, 26
3493, 61
3494, 10
3495, 25
3496, 6
3497, 1
3498, 26
3499, 6
3500, 29
3501, 26
3502, 32
3503, 13
3504, 61
3505, 18
3506, 6
3507, 1
3508, 28
3509, 6
3510, 24
3511, 61
3512, 28
3513, 6
3514, 1
3515, 27
3516, 6
3517, 26
3518, 61
3519, 24
3520, 27
3521, 27
3522, 6
3523, 1
3524, 32
3525, 6
3526, 20
3527, 26
3528, 26
3529, 10
3530, 24
3531, 61
3532, 10
3533, 24
3534, 6
3535, 1
3536, 25
3537, 6
3538, 24
3539, 30
3540, 13
3541, 61
3542, 26
3543, 6
3544, 1
3545, 35
3546, 32
3547, 21
3548, 6
3549, 5
3550, 39
3551, 6
3552, 30
3553, 20
3554, 6
3555, 1
3556, 40
3557, 6
3558, 23
3559, 20
3560, 13
3561, 29
3562, 6
3563, 1
3564, 24
3565, 6
3566, 19
3567, 17
3568, 6
3569, 2
3570, 1
3571, 12
3572, 2
3573, 33
3574, 16
3575, 36
3576, 6
3577, 36
3578, 24
3579, 35
3580, 33
3581, 35
3582, 6
3583, 1
3584, 33
3585, 6
3586, 45
3587, 32
3588, 29
3589, 47
3590, 44
3591, 25
3592, 40
3593, 25
3594, 39
3595, 21
3596, 34
3597, 10
3598, 54
3599, 22
3600, 10
3601, 26
3602, 10
3603, 40
3604, 22
3605, 10
3606, 1
3607, 24
3608, 6
3609, 2
3610, 41
3611, 38
3612, 1
3613, 30
3614, 3
3615, 1
3616, 14
3617, 26
3618, 1
3619, 12
3620, 2
3621, 1
3622, 35
3623, 14
3624, 31
3625, 23
3626, 17
3627, 53
3628, 1
3629, 22
3630, 8
3631, 26
3632, 46
3633, 53
3634, 1
3635, 26
3636, 47
3637, 1
3638, 54
3639, 22
3640, 46
3641, 32
3642, 26
3643, 28
3644, 26
3645, 11
3646, 1
3647, 55
3648, 20
3649, 43
3650, 31
3651, 30
3652, 32
3653, 26
3654, 11
3655, 1
3656, 23
3657, 23
3658, 1
3659, 46
3660, 81
3661, 1
3662, 32
3663, 68
3664, 1
3665, 29
3666, 8
3667, 34
3668, 5
3669, 1
3670, 59
3671, 39
3672, 43
3673, 62
3674, 22
3675, 8
3676, 11
3677, 23
3678, 5
3679, 1
3680, 2
3681, 44
3682, 39
3683, 1
3684, 74
3685, 54
3686, 4
3687, 2
3688, 15
3689, 25
3690, 18
3691, 2
3692, 25
3693, 3
3694, 38
3695, 42
3696, 6
3697, 35
3698, 45
3699, 2
3700, 2
3701, 44
3702, 6
3703, 28
3704, 36
3705, 48
3706, 2
3707, 26
3708, 30
3709, 28
3710, 2
3711, 37
3712, 2
3713, 31
3714, 37
3715, 46
3716, 2
3717, 66
3718, 48
3719, 9
3720, 57
3721, 33
3722, 9
3723, 2
3724, 37
3725, 20
3726, 2
3727, 50
3728, 35
3729, 52
3730, 6
3731, 2
3732, 2
3733, 42
3734, 2
3735, 36
3736, 6
3737, 35
3738, 2
3739, 14
3740, 81
3741, 9
3742, 37
3743, 2
3744, 31
3745, 34
3746, 34
3747, 2
3748, 47
3749, 2
3750, 38
3751, 12
3752, 47
3753, 2
3754, 33
3755, 33
3756, 39
3757, 39
3758, 2
3759, 25
3760, 16
3761, 15
3762, 51
3763, 39
3764, 2
3765, 33
3766, 33
3767, 62
3768, 2
3769, 29
3770, 43
3771, 2
3772, 33
3773, 15
3774, 57
3775, 30
3776, 40
3777, 15
3778, 36
3779, 2
3780, 52
3781, 12
3782, 41
3783, 49
3784, 27
3785, 12
3786, 2
3787, 43
3788, 9
3789, 6
3790, 4
3791, 41
3792, 41
3793, 3
3794, 73
3795, 4
3796, 1
3797, 14
3798, 17
3799, 1
3800, 19
3801, 1
3802, 44
3803, 1
3804, 23
3805, 27
3806, 34
3807, 1
3808, 26
3809, 24
3810, 26
3811, 1
3812, 31
3813, 50
3814, 51
3815, 1
3816, 41
3817, 18
3818, 22
3819, 36
3820, 1
3821, 42
3822, 24
3823, 24
3824, 38
3825, 29
3826, 1
3827, 30
3828, 17
3829, 47
3830, 36
3831, 24
3832, 44
3833, 19
3834, 15
3835, 12
3836, 31
3837, 1
3838, 35
3839, 45
3840, 20
3841, 24
3842, 14
3843, 11
3844, 28
3845, 62
3846, 8
3847, 5
3848, 2
3849, 43
3850, 38
3851, 1
3852, 73
3853, 53
3854, 61
3855, 3
3856, 1
3857, 14
3858, 24
3859, 17
3860, 1
3861, 24
3862, 2
3863, 32
3864, 34
3865, 39
3866, 32
3867, 1
3868, 44
3869, 6
3870, 55
3871, 49
3872, 9
3873, 35
3874, 30
3875, 65
3876, 1
3877, 28
3878, 61
3879, 1
3880, 62
3881, 49
3882, 69
3883, 1
3884, 45
3885, 1
3886, 46
3887, 66
3888, 6
3889, 1
3890, 36
3891, 6
3892, 15
3893, 63
3894, 10
3895, 32
3896, 37
3897, 41
3898, 1
3899, 40
3900, 14
3901, 35
3902, 75
3903, 71
3904, 28
3905, 19
3906, 18
3907, 68
3908, 48
3909, 18
3910, 55
3911, 55
3912, 14
3913, 53
3914, 38
3915, 10
3916, 6
3917, 2
3918, 40
3919, 38
3920, 5
3921, 30
3922, 4
3923, 1
3924, 14
3925, 1
3926, 13
3927, 2
3928, 25
3929, 1
3930, 31
3931, 21
3932, 36
3933, 40
3934, 32
3935, 60
3936, 11
3937, 16
3938, 5
3939, 1
3940, 59
3941, 37
3942, 43
3943, 25
3944, 72
3945, 28
3946, 11
3947, 5
3948, 1
3949, 46
3950, 17
3951, 53
3952, 1
3953, 31
3954, 31
3955, 37
3956, 62
3957, 1
3958, 41
3959, 1
3960, 44
3961, 50
3962, 5
3963, 2
3964, 3
3965, 34
3966, 38
3967, 3
3968, 71
3969, 20
3970, 4
3971, 1
3972, 14
3973, 34
3974, 24
3975, 1
3976, 28
3977, 2
3978, 33
3979, 5
3980, 47
3981, 50
3982, 1
3983, 45
3984, 8
3985, 54
3986, 1
3987, 37
3988, 51
3989, 11
3990, 46
3991, 60
3992, 11
3993, 1
3994, 58
3995, 30
3996, 8
3997, 5
3998, 1
3999, 39
4000, 5
4001, 40
4002, 50
4003, 42
4004, 1
4005, 55
4006, 8
4007, 39
4008, 73
4009, 8
4010, 1
4011, 26
4012, 8
4013, 33
4014, 11
4015, 25
4016, 47
4017, 14
4018, 27
4019, 41
4020, 20
4021, 44
4022, 47
4023, 20
4024, 32
4025, 14
4026, 36
4027, 11
4028, 14
4029, 11
4030, 47
4031, 14
4032, 27
4033, 41
4034, 20
4035, 62
4036, 47
4037, 20
4038, 32
4039, 14
4040, 11
4041, 8
4042, 1
4043, 38
4044, 8
4045, 21
4046, 36
4047, 8
4048, 5
4049, 2
4050, 68
4051, 38
4052, 1
4053, 14
4054, 1
4055, 15
4056, 30
4057, 38
4058, 29
4059, 6
4060, 5
4061, 26
4062, 22
4063, 6
4064, 5
4065, 31
4066, 24
4067, 21
4068, 6
4069, 2
4070, 1
4071, 27
4072, 23
4073, 21
4074, 1
4075, 78
4076, 33
4077, 21
4078, 6
4079, 1
4080, 38
4081, 22
4082, 36
4083, 28
4084, 25
4085, 10
4086, 21
4087, 6
4088, 2
4089, 1
4090, 17
4091, 44
4092, 25
4093, 1
4094, 41
4095, 52
4096, 1
4097, 49
4098, 25
4099, 1
4100, 34
4101, 45
4102, 10
4103, 51
4104, 9
4105, 34
4106, 46
4107, 10
4108, 51
4109, 9
4110, 18
4111, 6
4112, 2
4113, 67
4114, 38
4115, 4
4116, 50
4117, 3
4118, 29
4119, 1
4120, 14
4121, 26
4122, 17
4123, 1
4124, 14
4125, 2
4126, 22
4127, 11
4128, 43
4129, 24
4130, 25
4131, 38
4132, 39
4133, 29
4134, 25
4135, 29
4136, 27
4137, 30
4138, 25
4139, 1
4140, 1
4141, 78
4142, 22
4143, 49
4144, 43
4145, 22
4146, 28
4147, 11
4148, 8
4149, 1
4150, 25
4151, 22
4152, 1
4153, 37
4154, 31
4155, 51
4156, 44
4157, 40
4158, 44
4159, 8
4160, 30
4161, 27
4162, 48
4163, 29
4164, 54
4165, 62
4166, 8
4167, 1
4168, 22
4169, 1
4170, 19
4171, 30
4172, 32
4173, 62
4174, 1
4175, 55
4176, 63
4177, 61
4178, 74
4179, 75
4180, 65
4181, 61
4182, 65
4183, 5
4184, 2
4185, 41
4186, 38
4187, 1
4188, 30
4189, 3
4190, 1
4191, 14
4192, 1
4193, 14
4194, 52
4195, 21
4196, 53
4197, 1
4198, 46
4199, 1
4200, 51
4201, 31
4202, 31
4203, 51
4204, 5
4205, 2
4206, 1
4207, 1
4208, 20
4209, 26
4210, 15
4211, 35
4212, 27
4213, 27
4214, 25
4215, 24
4216, 24
4217, 60
4218, 9
4219, 7
4220, 23
4221, 26
4222, 35
4223, 80
4224, 36
4225, 42
4226, 48
4227, 14
4228, 42
4229, 5
4230, 25
4231, 36
4232, 43
4233, 4
4234, 46
4235, 54
4236, 44
4237, 44
4238, 44
4239, 13
4240, 72
4241, 57
4242, 13
4243, 55
4244, 55
4245, 55
4246, 33
4247, 55
4248, 55
4249, 55
4250, 11
4251, 14
4252, 7
4253, 38
4254, 33
4255, 33
4256, 33
4257, 14
4258, 14
4259, 4
4260, 34
4261, 38
4262, 31
4263, 7
4264, 46
4265, 38
4266, 43
4267, 43
4268, 45
4269, 13
4270, 51
4271, 44
4272, 44
4273, 44
4274, 33
4275, 57
4276, 63
4277, 11
4278, 8
4279, 16
4280, 112
4281, 2
4282, 1
4283, 1
4284, 13
4285, 43
4286, 42
4287, 40
4288, 1
4289, 44
4290, 4
4291, 22
4292, 4
4293, 36
4294, 27
4295, 37
4296, 38
4297, 38
4298, 54
4299, 54
4300, 55
4301, 71
4302, 16
4303, 8
4304, 4
4305, 35
4306, 27
4307, 37
4308, 37
4309, 38
4310, 55
4311, 54
4312, 54
4313, 71
4314, 16
4315, 8
4316, 4
4317, 35
4318, 27
4319, 37
4320, 38
4321, 38
4322, 54
4323, 54
4324, 55
4325, 74
4326, 16
4327, 11
4328, 1
4329, 36
4330, 27
4331, 37
4332, 38
4333, 37
4334, 54
4335, 54
4336, 55
4337, 71
4338, 16
4339, 5
4340, 4
4341, 32
4342, 27
4343, 45
4344, 16
4345, 14
4346, 4
4347, 67
4348, 29
4349, 29
4350, 35
4351, 22
4352, 34
4353, 2
4354, 1
4355, 1
4356, 41
4357, 38
4358, 1
4359, 30
4360, 3
4361, 1
4362, 14
4363, 1
4364, 14
4365, 52
4366, 21
4367, 53
4368, 1
4369, 46
4370, 1
4371, 51
4372, 31
4373, 31
4374, 51
4375, 5
4376, 2
4377, 1
4378, 1
4379, 20
4380, 26
4381, 15
4382, 35
4383, 27
4384, 27
4385, 25
4386, 24
4387, 24
4388, 60
4389, 9
4390, 7
4391, 23
4392, 26
4393, 35
4394, 80
4395, 36
4396, 42
4397, 48
4398, 14
4399, 42
4400, 5
4401, 25
4402, 36
4403, 43
4404, 4
4405, 46
4406, 33
4407, 54
4408, 36
4409, 1
4410, 36
4411, 36
4412, 36
4413, 13
4414, 72
4415, 57
4416, 13
4417, 47
4418, 47
4419, 47
4420, 13
4421, 47
4422, 47
4423, 47
4424, 11
4425, 14
4426, 7
4427, 38
4428, 33
4429, 33
4430, 33
4431, 14
4432, 14
4433, 4
4434, 34
4435, 38
4436, 31
4437, 7
4438, 46
4439, 33
4440, 1
4441, 34
4442, 35
4443, 35
4444, 37
4445, 13
4446, 51
4447, 36
4448, 1
4449, 36
4450, 36
4451, 36
4452, 13
4453, 57
4454, 55
4455, 11
4456, 8
4457, 16
4458, 112
4459, 2
4460, 1
4461, 1
4462, 13
4463, 43
4464, 42
4465, 40
4466, 1
4467, 44
4468, 4
4469, 22
4470, 4
4471, 36
4472, 27
4473, 37
4474, 38
4475, 38
4476, 54
4477, 54
4478, 55
4479, 71
4480, 16
4481, 8
4482, 4
4483, 35
4484, 27
4485, 37
4486, 37
4487, 38
4488, 55
4489, 54
4490, 54
4491, 71
4492, 16
4493, 8
4494, 4
4495, 35
4496, 27
4497, 37
4498, 38
4499, 38
4500, 54
4501, 54
4502, 55
4503, 74
4504, 16
4505, 11
4506, 1
4507, 36
4508, 27
4509, 37
4510, 38
4511, 37
4512, 54
4513, 54
4514, 55
4515, 71
4516, 16
4517, 5
4518, 4
4519, 32
4520, 27
4521, 45
4522, 16
4523, 14
4524, 4
4525, 67
4526, 29
4527, 29
4528, 35
4529, 22
4530, 34
4531, 2
4532, 1
4533, 1
4534, 41
4535, 38
4536, 1
4537, 89
4538, 3
4539, 1
4540, 14
4541, 1
4542, 14
4543, 45
4544, 64
4545, 48
4546, 54
4547, 58
4548, 54
4549, 6
4550, 2
4551, 1
4552, 56
4553, 35
4554, 1
4555, 20
4556, 27
4557, 26
4558, 1
4559, 41
4560, 42
4561, 39
4562, 1
4563, 27
4564, 30
4565, 32
4566, 34
4567, 15
4568, 36
4569, 45
4570, 46
4571, 46
4572, 60
4573, 60
4574, 61
4575, 60
4576, 15
4577, 35
4578, 45
4579, 45
4580, 46
4581, 61
4582, 60
4583, 60
4584, 60
4585, 15
4586, 35
4587, 45
4588, 46
4589, 46
4590, 60
4591, 60
4592, 61
4593, 60
4594, 15
4595, 36
4596, 45
4597, 46
4598, 45
4599, 60
4600, 60
4601, 61
4602, 60
4603, 15
4604, 11
4605, 9
4606, 71
4607, 20
4608, 50
4609, 54
4610, 85
4611, 1
4612, 45
4613, 36
4614, 75
4615, 10
4616, 29
4617, 80
4618, 6
4619, 1
4620, 37
4621, 35
4622, 39
4623, 73
4624, 53
4625, 52
4626, 70
4627, 70
4628, 70
4629, 10
4630, 36
4631, 66
4632, 10
4633, 6
4634, 1
4635, 29
4636, 24
4637, 50
4638, 32
4639, 76
4640, 56
4641, 36
4642, 77
4643, 77
4644, 14
4645, 10
4646, 18
4647, 6
4648, 2
4649, 41
4650, 38
4651, 1
4652, 89
4653, 63
4654, 3
4655, 14
4656, 17
4657, 1
4658, 16
4659, 2
4660, 15
4661, 5
4662, 45
4663, 8
4664, 65
4665, 41
4666, 40
4667, 55
4668, 63
4669, 55
4670, 8
4671, 5
4672, 1
4673, 14
4674, 5
4675, 27
4676, 27
4677, 27
4678, 27
4679, 32
4680, 1
4681, 5
4682, 1
4683, 14
4684, 5
4685, 26
4686, 5
4687, 1
4688, 21
4689, 5
4690, 38
4691, 37
4692, 1
4693, 43
4694, 44
4695, 41
4696, 1
4697, 27
4698, 8
4699, 26
4700, 33
4701, 36
4702, 76
4703, 30
4704, 33
4705, 40
4706, 101
4707, 80
4708, 129
4709, 93
4710, 91
4711, 30
4712, 33
4713, 39
4714, 100
4715, 79
4716, 129
4717, 92
4718, 91
4719, 30
4720, 33
4721, 39
4722, 101
4723, 79
4724, 128
4725, 93
4726, 91
4727, 30
4728, 33
4729, 40
4730, 101
4731, 78
4732, 128
4733, 93
4734, 91
4735, 30
4736, 24
4737, 1
4738, 68
4739, 21
4740, 53
4741, 11
4742, 56
4743, 14
4744, 74
4745, 14
4746, 11
4747, 1
4748, 36
4749, 36
4750, 50
4751, 11
4752, 31
4753, 39
4754, 39
4755, 11
4756, 30
4757, 42
4758, 50
4759, 47
4760, 47
4761, 8
4762, 1
4763, 45
4764, 8
4765, 34
4766, 11
4767, 27
4768, 27
4769, 40
4770, 40
4771, 68
4772, 53
4773, 47
4774, 48
4775, 48
4776, 48
4777, 48
4778, 11
4779, 34
4780, 11
4781, 35
4782, 35
4783, 11
4784, 10
4785, 8
4786, 1
4787, 29
4788, 8
4789, 39
4790, 36
4791, 49
4792, 11
4793, 32
4794, 67
4795, 60
4796, 56
4797, 14
4798, 35
4799, 43
4800, 43
4801, 69
4802, 87
4803, 14
4804, 11
4805, 21
4806, 8
4807, 5
4808, 2
4809, 70
4810, 38
4811, 34
4812, 1
4813, 14
4814, 1
4815, 17
4816, 2
4817, 42
4818, 6
4819, 35
4820, 49
4821, 25
4822, 1
4823, 30
4824, 29
4825, 33
4826, 32
4827, 36
4828, 35
4829, 22
4830, 15
4831, 11
4832, 12
4833, 8
4834, 9
4835, 5
4836, 1
4837, 30
4838, 13
4839, 6
4840, 2
4841, 41
4842, 38
4843, 2
4844, 30
4845, 3
4846, 1
4847, 14
4848, 1
4849, 13
4850, 2
4851, 46
4852, 52
4853, 21
4854, 1
4855, 35
4856, 26
4857, 62
4858, 21
4859, 11
4860, 8
4861, 20
4862, 5
4863, 1
4864, 43
4865, 13
4866, 17
4867, 53
4868, 24
4869, 1
4870, 29
4871, 43
4872, 77
4873, 1
4874, 31
4875, 77
4876, 1
4877, 31
4878, 77
4879, 5
4880, 2
4881, 1
4882, 3
4883, 18
4884, 4
4885, 2
4886, 41
4887, 38
4888, 1
4889, 30
4890, 3
4891, 1
4892, 14
4893, 26
4894, 1
4895, 17
4896, 2
4897, 48
4898, 28
4899, 21
4900, 1
4901, 35
4902, 30
4903, 64
4904, 21
4905, 11
4906, 8
4907, 20
4908, 5
4909, 1
4910, 43
4911, 13
4912, 17
4913, 53
4914, 24
4915, 1
4916, 29
4917, 49
4918, 77
4919, 1
4920, 31
4921, 77
4922, 1
4923, 31
4924, 77
4925, 5
4926, 2
4927, 64
4928, 38
4929, 1
4930, 14
4931, 1
4932, 15
4933, 30
4934, 38
4935, 29
4936, 6
4937, 5
4938, 26
4939, 22
4940, 6
4941, 5
4942, 31
4943, 24
4944, 21
4945, 6
4946, 2
4947, 1
4948, 27
4949, 23
4950, 21
4951, 1
4952, 78
4953, 33
4954, 21
4955, 6
4956, 1
4957, 38
4958, 22
4959, 36
4960, 28
4961, 25
4962, 10
4963, 21
4964, 6
4965, 2
4966, 1
4967, 16
4968, 45
4969, 1
4970, 49
4971, 25
4972, 1
4973, 43
4974, 38
4975, 80
4976, 10
4977, 1
4978, 38
4979, 46
4980, 10
4981, 29
4982, 9
4983, 9
4984, 53
4985, 38
4986, 81
4987, 10
4988, 38
4989, 55
4990, 10
4991, 6
4992, 2
4993, 36
4994, 40
4995, 31
4996, 1
4997, 14
4998, 1
4999, 20
5000, 37
5001, 1
5002, 36
5003, 36
5004, 1
5005, 63
5006, 65
5007, 1
5008, 32
5009, 47
5010, 52
5011, 21
5012, 1
5013, 40
5014, 33
5015, 32
5016, 33
5017, 33
5018, 22
5019, 23
5020, 22
5021, 33
5022, 8
5023, 48
5024, 47
5025, 56
5026, 52
5027, 54
5028, 49
5029, 59
5030, 61
5031, 48
5032, 5
5033, 2
5034, 41
5035, 41
5036, 3
5037, 45
5038, 47
5039, 4
5040, 1
5041, 14
5042, 42
5043, 1
5044, 22
5045, 2
5046, 22
5047, 1
5048, 44
5049, 6
5050, 25
5051, 15
5052, 1
5053, 33
5054, 14
5055, 1
5056, 44
5057, 19
5058, 27
5059, 51
5060, 28
5061, 66
5062, 5
5063, 6
5064, 2
5065, 1
5066, 20
5067, 2
5068, 47
5069, 23
5070, 1
5071, 40
5072, 6
5073, 47
5074, 6
5075, 1
5076, 34
5077, 6
5078, 23
5079, 31
5080, 12
5081, 13
5082, 6
5083, 1
5084, 34
5085, 6
5086, 32
5087, 13
5088, 6
5089, 1
5090, 22
5091, 6
5092, 10
5093, 64
5094, 23
5095, 17
5096, 13
5097, 6
5098, 2
5099, 1
5100, 17
5101, 2
5102, 28
5103, 26
5104, 49
5105, 1
5106, 29
5107, 1
5108, 54
5109, 6
5110, 29
5111, 6
5112, 1
5113, 33
5114, 6
5115, 19
5116, 17
5117, 25
5118, 18
5119, 23
5120, 5
5121, 32
5122, 6
5123, 1
5124, 26
5125, 6
5126, 35
5127, 6
5128, 1
5129, 39
5130, 6
5131, 52
5132, 6
5133, 1
5134, 73
5135, 6
5136, 38
5137, 29
5138, 35
5139, 15
5140, 6
5141, 1
5142, 73
5143, 6
5144, 38
5145, 29
5146, 35
5147, 15
5148, 6
5149, 1
5150, 73
5151, 6
5152, 22
5153, 19
5154, 1
5155, 22
5156, 19
5157, 4
5158, 31
5159, 42
5160, 33
5161, 28
5162, 19
5163, 5
5164, 4
5165, 4
5166, 25
5167, 20
5168, 1
5169, 26
5170, 42
5171, 33
5172, 28
5173, 19
5174, 12
5175, 42
5176, 33
5177, 33
5178, 19
5179, 5
5180, 6
5181, 2
5182, 4
5183, 41
5184, 38
5185, 3
5186, 72
5187, 72
5188, 31
5189, 33
5190, 3
5191, 14
5192, 19
5193, 38
5194, 1
5195, 24
5196, 1
5197, 102
5198, 80
5199, 1
5200, 10
5201, 50
5202, 10
5203, 1
5204, 20
5205, 5
5206, 16
5207, 5
5208, 1
5209, 58
5210, 5
5211, 19
5212, 19
5213, 19
5214, 18
5215, 19
5216, 18
5217, 19
5218, 19
5219, 18
5220, 19
5221, 5
5222, 1
5223, 50
5224, 58
5225, 5
5226, 19
5227, 19
5228, 18
5229, 19
5230, 19
5231, 19
5232, 18
5233, 19
5234, 18
5235, 19
5236, 5
5237, 1
5238, 28
5239, 30
5240, 5
5241, 18
5242, 18
5243, 18
5244, 18
5245, 18
5246, 26
5247, 5
5248, 1
5249, 56
5250, 31
5251, 5
5252, 24
5253, 37
5254, 76
5255, 31
5256, 27
5257, 36
5258, 41
5259, 8
5260, 21
5261, 5
5262, 1
5263, 43
5264, 14
5265, 5
5266, 16
5267, 12
5268, 15
5269, 15
5270, 15
5271, 15
5272, 16
5273, 27
5274, 30
5275, 33
5276, 37
5277, 16
5278, 40
5279, 14
5280, 9
5281, 7
5282, 5
5283, 1
5284, 44
5285, 57
5286, 16
5287, 5
5288, 2
5289, 1
5290, 39
5291, 15
5292, 26
5293, 25
5294, 23
5295, 2
5296, 1
5297, 19
5298, 1
5299, 21
5300, 1
5301, 25
5302, 29
5303, 5
5304, 1
5305, 34
5306, 38
5307, 5
5308, 1
5309, 66
5310, 1
5311, 95
5312, 1
5313, 111
5314, 1
5315, 114
5316, 1
5317, 61
5318, 1
5319, 66
5320, 1
5321, 23
5322, 1
5323, 18
5324, 1
5325, 50
5326, 50
5327, 1
5328, 52
5329, 75
5330, 1
5331, 49
5332, 79
5333, 1
5334, 52
5335, 82
5336, 1
5337, 52
5338, 61
5339, 1
5340, 52
5341, 49
5342, 1
5343, 51
5344, 51
5345, 2
5346, 3
5347, 40
5348, 38
5349, 29
5350, 3
5351, 1
5352, 14
5353, 24
5354, 1
5355, 15
5356, 2
5357, 25
5358, 5
5359, 35
5360, 40
5361, 1
5362, 24
5363, 20
5364, 11
5365, 50
5366, 33
5367, 33
5368, 11
5369, 28
5370, 8
5371, 1
5372, 34
5373, 20
5374, 11
5375, 49
5376, 32
5377, 32
5378, 33
5379, 11
5380, 8
5381, 5
5382, 1
5383, 1
5384, 58
5385, 60
5386, 21
5387, 22
5388, 50
5389, 1
5390, 55
5391, 24
5392, 18
5393, 5
5394, 1
5395, 28
5396, 35
5397, 19
5398, 21
5399, 8
5400, 5
5401, 1
5402, 28
5403, 35
5404, 18
5405, 21
5406, 8
5407, 5
5408, 1
5409, 1
5410, 35
5411, 5
5412, 38
5413, 17
5414, 54
5415, 1
5416, 42
5417, 37
5418, 57
5419, 57
5420, 1
5421, 44
5422, 74
5423, 74
5424, 25
5425, 25
5426, 1
5427, 30
5428, 24
5429, 24
5430, 1
5431, 76
5432, 5
5433, 2
5434, 40
5435, 38
5436, 5
5437, 30
5438, 4
5439, 1
5440, 14
5441, 1
5442, 13
5443, 2
5444, 26
5445, 24
5446, 25
5447, 25
5448, 1
5449, 57
5450, 36
5451, 33
5452, 5
5453, 1
5454, 44
5455, 17
5456, 53
5457, 1
5458, 41
5459, 54
5460, 5
5461, 2
5462, 41
5463, 38
5464, 4
5465, 29
5466, 3
5467, 1
5468, 14
5469, 26
5470, 17
5471, 1
5472, 1
5473, 16
5474, 2
5475, 33
5476, 75
5477, 1
5478, 51
5479, 17
5480, 53
5481, 1
5482, 80
5483, 1
5484, 31
5485, 41
5486, 32
5487, 1
5488, 56
5489, 33
5490, 1
5491, 34
5492, 34
5493, 1
5494, 36
5495, 41
5496, 44
5497, 1
5498, 41
5499, 49
5500, 49
5501, 27
5502, 1
5503, 81
5504, 1
5505, 52
5506, 65
5507, 17
5508, 14
5509, 1
5510, 61
5511, 36
5512, 11
5513, 8
5514, 5
5515, 1
5516, 1
5517, 24
5518, 10
5519, 83
5520, 1
5521, 82
5522, 53
5523, 27
5524, 27
5525, 11
5526, 16
5527, 69
5528, 31
5529, 54
5530, 1
5531, 43
5532, 46
5533, 1
5534, 42
5535, 40
5536, 37
5537, 40
5538, 24
5539, 1
5540, 69
5541, 17
5542, 14
5543, 26
5544, 11
5545, 8
5546, 1
5547, 1
5548, 56
5549, 46
5550, 35
5551, 72
5552, 18
5553, 56
5554, 1
5555, 49
5556, 43
5557, 1
5558, 34
5559, 65
5560, 13
5561, 72
5562, 58
5563, 72
5564, 1
5565, 71
5566, 8
5567, 5
5568, 1
5569, 1
5570, 36
5571, 25
5572, 5
5573, 29
5574, 29
5575, 1
5576, 54
5577, 54
5578, 8
5579, 1
5580, 41
5581, 41
5582, 39
5583, 59
5584, 74
5585, 1
5586, 37
5587, 28
5588, 53
5589, 1
5590, 28
5591, 34
5592, 8
5593, 1
5594, 81
5595, 33
5596, 31
5597, 64
5598, 58
5599, 11
5600, 19
5601, 8
5602, 5
5603, 1
5604, 1
5605, 38
5606, 24
5607, 5
5608, 28
5609, 50
5610, 1
5611, 36
5612, 29
5613, 8
5614, 1
5615, 81
5616, 47
5617, 43
5618, 41
5619, 11
5620, 19
5621, 8
5622, 1
5623, 34
5624, 29
5625, 8
5626, 5
5627, 2
5628, 1
5629, 1
5630, 14
5631, 7
5632, 30
5633, 1
5634, 50
5635, 30
5636, 5
5637, 1
5638, 56
5639, 64
5640, 5
5641, 1
5642, 56
5643, 64
5644, 5
5645, 1
5646, 56
5647, 60
5648, 5
5649, 1
5650, 56
5651, 55
5652, 5
5653, 1
5654, 56
5655, 55
5656, 5
5657, 1
5658, 33
5659, 52
5660, 5
5661, 1
5662, 23
5663, 25
5664, 5
5665, 1
5666, 23
5667, 25
5668, 5
5669, 1
5670, 23
5671, 25
5672, 5
5673, 2
5674, 1
5675, 1
5676, 11
5677, 7
5678, 40
5679, 1
5680, 50
5681, 48
5682, 5
5683, 1
5684, 28
5685, 30
5686, 5
5687, 1
5688, 31
5689, 33
5690, 5
5691, 2
5692, 1
5693, 1
5694, 25
5695, 7
5696, 30
5697, 28
5698, 1
5699, 63
5700, 46
5701, 5
5702, 1
5703, 30
5704, 32
5705, 5
5706, 1
5707, 28
5708, 30
5709, 5
5710, 2
5711, 41
5712, 38
5713, 4
5714, 30
5715, 3
5716, 1
5717, 14
5718, 26
5719, 17
5720, 1
5721, 1
5722, 16
5723, 2
5724, 33
5725, 75
5726, 1
5727, 51
5728, 17
5729, 53
5730, 1
5731, 80
5732, 1
5733, 31
5734, 41
5735, 32
5736, 1
5737, 56
5738, 33
5739, 1
5740, 34
5741, 34
5742, 1
5743, 36
5744, 41
5745, 44
5746, 1
5747, 41
5748, 49
5749, 49
5750, 27
5751, 1
5752, 81
5753, 1
5754, 52
5755, 65
5756, 17
5757, 14
5758, 1
5759, 61
5760, 36
5761, 11
5762, 8
5763, 5
5764, 1
5765, 1
5766, 24
5767, 10
5768, 83
5769, 1
5770, 82
5771, 53
5772, 27
5773, 27
5774, 11
5775, 16
5776, 69
5777, 31
5778, 54
5779, 1
5780, 43
5781, 46
5782, 1
5783, 42
5784, 40
5785, 37
5786, 40
5787, 24
5788, 1
5789, 69
5790, 17
5791, 14
5792, 26
5793, 11
5794, 8
5795, 1
5796, 1
5797, 56
5798, 46
5799, 35
5800, 72
5801, 18
5802, 56
5803, 1
5804, 49
5805, 43
5806, 1
5807, 34
5808, 65
5809, 13
5810, 72
5811, 58
5812, 72
5813, 1
5814, 71
5815, 8
5816, 5
5817, 1
5818, 1
5819, 36
5820, 25
5821, 5
5822, 29
5823, 29
5824, 1
5825, 54
5826, 54
5827, 8
5828, 1
5829, 41
5830, 41
5831, 39
5832, 59
5833, 74
5834, 1
5835, 37
5836, 28
5837, 53
5838, 1
5839, 28
5840, 34
5841, 8
5842, 1
5843, 81
5844, 33
5845, 31
5846, 64
5847, 58
5848, 11
5849, 19
5850, 8
5851, 5
5852, 1
5853, 1
5854, 38
5855, 24
5856, 5
5857, 28
5858, 50
5859, 1
5860, 36
5861, 29
5862, 8
5863, 1
5864, 81
5865, 47
5866, 43
5867, 41
5868, 11
5869, 19
5870, 8
5871, 1
5872, 34
5873, 29
5874, 8
5875, 5
5876, 2
5877, 1
5878, 1
5879, 13
5880, 7
5881, 30
5882, 1
5883, 50
5884, 30
5885, 5
5886, 1
5887, 56
5888, 64
5889, 5
5890, 1
5891, 56
5892, 64
5893, 5
5894, 1
5895, 56
5896, 60
5897, 5
5898, 1
5899, 56
5900, 55
5901, 5
5902, 1
5903, 56
5904, 55
5905, 5
5906, 1
5907, 33
5908, 52
5909, 5
5910, 1
5911, 23
5912, 25
5913, 5
5914, 1
5915, 23
5916, 25
5917, 5
5918, 1
5919, 23
5920, 25
5921, 5
5922, 2
5923, 1
5924, 1
5925, 10
5926, 7
5927, 40
5928, 1
5929, 50
5930, 48
5931, 5
5932, 1
5933, 28
5934, 30
5935, 5
5936, 1
5937, 31
5938, 33
5939, 5
5940, 2
5941, 1
5942, 1
5943, 24
5944, 7
5945, 30
5946, 28
5947, 1
5948, 63
5949, 46
5950, 5
5951, 1
5952, 30
5953, 32
5954, 5
5955, 1
5956, 28
5957, 30
5958, 5
5959, 2
5960, 35
5961, 38
5962, 30
5963, 3
5964, 1
5965, 14
5966, 1
5967, 16
5968, 2
5969, 36
5970, 36
5971, 58
5972, 69
5973, 83
5974, 1
5975, 48
5976, 70
5977, 5
5978, 1
5979, 1
5980, 41
5981, 32
5982, 38
5983, 41
5984, 5
5985, 1
5986, 34
5987, 27
5988, 39
5989, 5
5990, 1
5991, 48
5992, 71
5993, 21
5994, 5
5995, 1
5996, 40
5997, 31
5998, 43
5999, 5
6000, 1
6001, 60
6002, 77
6003, 21
6004, 5
6005, 2
6006, 41
6007, 38
6008, 4
6009, 32
6010, 1
6011, 14
6012, 38
6013, 1
6014, 15
6015, 2
6016, 36
6017, 20
6018, 29
6019, 48
6020, 43
6021, 1
6022, 58
6023, 62
6024, 41
6025, 40
6026, 1
6027, 1
6028, 21
6029, 28
6030, 29
6031, 38
6032, 38
6033, 38
6034, 38
6035, 38
6036, 38
6037, 38
6038, 38
6039, 10
6040, 1
6041, 17
6042, 38
6043, 20
6044, 50
6045, 1
6046, 82
6047, 49
6048, 8
6049, 1
6050, 1
6051, 28
6052, 22
6053, 34
6054, 34
6055, 34
6056, 32
6057, 32
6058, 36
6059, 32
6060, 32
6061, 34
6062, 32
6063, 32
6064, 10
6065, 1
6066, 35
6067, 57
6068, 58
6069, 8
6070, 44
6071, 54
6072, 5
6073, 1
6074, 1
6075, 15
6076, 5
6077, 26
6078, 34
6079, 1
6080, 53
6081, 27
6082, 43
6083, 8
6084, 5
6085, 2
6086, 1
6087, 41
6088, 38
6089, 3
6090, 29
6091, 4
6092, 1
6093, 15
6094, 20
6095, 25
6096, 35
6097, 39
6098, 2
6099, 18
6100, 26
6101, 2
6102, 51
6103, 46
6104, 18
6105, 61
6106, 43
6107, 2
6108, 31
6109, 32
6110, 40
6111, 40
6112, 40
6113, 40
6114, 40
6115, 40
6116, 40
6117, 40
6118, 12
6119, 2
6120, 49
6121, 53
6122, 49
6123, 72
6124, 29
6125, 17
6126, 26
6127, 13
6128, 46
6129, 57
6130, 2
6131, 53
6132, 85
6133, 85
6134, 67
6135, 12
6136, 86
6137, 91
6138, 7
6139, 2
6140, 41
6141, 38
6142, 1
6143, 30
6144, 27
6145, 3
6146, 1
6147, 14
6148, 38
6149, 1
6150, 17
6151, 2
6152, 36
6153, 38
6154, 17
6155, 53
6156, 1
6157, 27
6158, 68
6159, 70
6160, 67
6161, 69
6162, 66
6163, 64
6164, 66
6165, 59
6166, 64
6167, 98
6168, 1
6169, 52
6170, 21
6171, 15
6172, 10
6173, 22
6174, 73
6175, 65
6176, 55
6177, 85
6178, 11
6179, 5
6180, 2
6181, 1
6182, 41
6183, 38
6184, 1
6185, 74
6186, 3
6187, 1
6188, 14
6189, 17
6190, 34
6191, 1
6192, 21
6193, 2
6194, 18
6195, 44
6196, 40
6197, 65
6198, 8
6199, 44
6200, 78
6201, 8
6202, 5
6203, 1
6204, 18
6205, 40
6206, 78
6207, 64
6208, 5
6209, 1
6210, 30
6211, 31
6212, 1
6213, 37
6214, 25
6215, 36
6216, 40
6217, 69
6218, 70
6219, 56
6220, 36
6221, 32
6222, 58
6223, 39
6224, 39
6225, 63
6226, 49
6227, 42
6228, 68
6229, 45
6230, 23
6231, 64
6232, 20
6233, 37
6234, 76
6235, 45
6236, 20
6237, 54
6238, 72
6239, 68
6240, 17
6241, 14
6242, 47
6243, 68
6244, 11
6245, 8
6246, 5
6247, 1
6248, 50
6249, 50
6250, 39
6251, 1
6252, 35
6253, 50
6254, 43
6255, 44
6256, 42
6257, 5
6258, 1
6259, 27
6260, 38
6261, 42
6262, 1
6263, 73
6264, 38
6265, 49
6266, 53
6267, 77
6268, 58
6269, 30
6270, 48
6271, 36
6272, 72
6273, 17
6274, 14
6275, 11
6276, 8
6277, 20
6278, 68
6279, 8
6280, 5
6281, 2
6282, 41
6283, 38
6284, 1
6285, 29
6286, 78
6287, 78
6288, 3
6289, 1
6290, 14
6291, 17
6292, 19
6293, 34
6294, 1
6295, 14
6296, 2
6297, 40
6298, 5
6299, 44
6300, 44
6301, 35
6302, 20
6303, 5
6304, 1
6305, 30
6306, 1
6307, 36
6308, 31
6309, 1
6310, 49
6311, 19
6312, 40
6313, 1
6314, 79
6315, 83
6316, 52
6317, 40
6318, 34
6319, 30
6320, 41
6321, 58
6322, 38
6323, 20
6324, 32
6325, 17
6326, 36
6327, 38
6328, 17
6329, 14
6330, 37
6331, 52
6332, 14
6333, 11
6334, 8
6335, 5
6336, 1
6337, 42
6338, 40
6339, 53
6340, 11
6341, 70
6342, 70
6343, 70
6344, 70
6345, 70
6346, 70
6347, 70
6348, 70
6349, 70
6350, 70
6351, 70
6352, 70
6353, 5
6354, 1
6355, 31
6356, 30
6357, 57
6358, 48
6359, 1
6360, 80
6361, 34
6362, 18
6363, 36
6364, 51
6365, 31
6366, 58
6367, 47
6368, 33
6369, 57
6370, 39
6371, 69
6372, 17
6373, 14
6374, 11
6375, 8
6376, 20
6377, 53
6378, 34
6379, 8
6380, 5
6381, 2
6382, 41
6383, 38
6384, 1
6385, 30
6386, 3
6387, 1
6388, 14
6389, 17
6390, 26
6391, 1
6392, 18
6393, 2
6394, 35
6395, 5
6396, 33
6397, 78
6398, 22
6399, 65
6400, 8
6401, 1
6402, 78
6403, 59
6404, 5
6405, 2
6406, 41
6407, 37
6408, 1
6409, 30
6410, 3
6411, 1
6412, 14
6413, 1
6414, 12
6415, 2
6416, 43
6417, 13
6418, 27
6419, 29
6420, 30
6421, 33
6422, 40
6423, 21
6424, 9
6425, 17
6426, 53
6427, 23
6428, 20
6429, 41
6430, 43
6431, 39
6432, 51
6433, 71
6434, 24
6435, 14
6436, 8
6437, 46
6438, 5
6439, 2
6440, 41
6441, 38
6442, 2
6443, 30
6444, 3
6445, 1
6446, 14
6447, 1
6448, 19
6449, 2
6450, 52
6451, 19
6452, 53
6453, 1
6454, 70
6455, 5
6456, 1
6457, 31
6458, 28
6459, 41
6460, 41
6461, 1
6462, 38
6463, 36
6464, 40
6465, 1
6466, 33
6467, 30
6468, 30
6469, 8
6470, 1
6471, 52
6472, 40
6473, 30
6474, 32
6475, 27
6476, 27
6477, 8
6478, 1
6479, 32
6480, 5
6481, 1
6482, 1
6483, 49
6484, 27
6485, 42
6486, 5
6487, 1
6488, 39
6489, 52
6490, 31
6491, 20
6492, 55
6493, 8
6494, 5
6495, 1
6496, 50
6497, 54
6498, 29
6499, 21
6500, 56
6501, 8
6502, 5
6503, 1
6504, 71
6505, 56
6506, 34
6507, 25
6508, 29
6509, 5
6510, 2
6511, 44
6512, 41
6513, 2
6514, 32
6515, 31
6516, 31
6517, 6
6518, 2
6519, 15
6520, 25
6521, 2
6522, 20
6523, 3
6524, 62
6525, 7
6526, 22
6527, 22
6528, 65
6529, 2
6530, 44
6531, 11
6532, 32
6533, 37
6534, 11
6535, 2
6536, 39
6537, 11
6538, 42
6539, 60
6540, 31
6541, 15
6542, 20
6543, 56
6544, 62
6545, 27
6546, 29
6547, 15
6548, 2
6549, 25
6550, 11
6551, 7
6552, 5
6553, 44
6554, 7
6555, 23
6556, 30
6557, 39
6558, 2
6559, 50
6560, 7
6561, 5
6562, 42
6563, 7
6564, 31
6565, 37
6566, 39
6567, 37
6568, 2
6569, 37
6570, 25
6571, 2
6572, 51
6573, 2
6574, 60
6575, 50
6576, 55
6577, 2
6578, 46
6579, 49
6580, 2
6581, 45
6582, 34
6583, 43
6584, 11
6585, 33
6586, 60
6587, 2
6588, 58
6589, 36
6590, 72
6591, 33
6592, 11
6593, 2
6594, 28
6595, 33
6596, 43
6597, 11
6598, 32
6599, 2
6600, 34
6601, 32
6602, 11
6603, 2
6604, 37
6605, 7
6606, 2
6607, 31
6608, 7
6609, 41
6610, 31
6611, 31
6612, 33
6613, 49
6614, 2
6615, 44
6616, 2
6617, 88
6618, 11
6619, 22
6620, 22
6621, 26
6622, 2
6623, 37
6624, 33
6625, 11
6626, 2
6627, 32
6628, 11
6629, 42
6630, 15
6631, 48
6632, 48
6633, 15
6634, 2
6635, 63
6636, 15
6637, 43
6638, 42
6639, 15
6640, 11
6641, 2
6642, 55
6643, 52
6644, 11
6645, 63
6646, 31
6647, 11
6648, 2
6649, 45
6650, 58
6651, 11
6652, 63
6653, 15
6654, 35
6655, 52
6656, 49
6657, 30
6658, 15
6659, 11
6660, 2
6661, 56
6662, 60
6663, 11
6664, 63
6665, 15
6666, 35
6667, 52
6668, 49
6669, 31
6670, 15
6671, 11
6672, 2
6673, 77
6674, 76
6675, 11
6676, 33
6677, 33
6678, 2
6679, 37
6680, 33
6681, 11
6682, 7
6683, 3
6684, 1
6685, 41
6686, 38
6687, 1
6688, 32
6689, 1
6690, 14
6691, 26
6692, 17
6693, 1
6694, 17
6695, 2
6696, 35
6697, 8
6698, 19
6699, 1
6700, 47
6701, 68
6702, 75
6703, 8
6704, 1
6705, 79
6706, 47
6707, 72
6708, 8
6709, 8
6710, 2
6711, 66
6712, 38
6713, 3
6714, 39
6715, 35
6716, 1
6717, 14
6718, 1
6719, 15
6720, 1
6721, 43
6722, 6
6723, 36
6724, 25
6725, 1
6726, 74
6727, 1
6728, 38
6729, 34
6730, 10
6731, 1
6732, 38
6733, 6
6734, 2
6735, 41
6736, 38
6737, 1
6738, 30
6739, 3
6740, 1
6741, 14
6742, 17
6743, 1
6744, 14
6745, 2
6746, 23
6747, 19
6748, 1
6749, 78
6750, 22
6751, 73
6752, 8
6753, 30
6754, 5
6755, 2
6756, 1
6757, 41
6758, 38
6759, 35
6760, 3
6761, 1
6762, 14
6763, 17
6764, 1
6765, 15
6766, 40
6767, 5
6768, 36
6769, 27
6770, 27
6771, 25
6772, 19
6773, 14
6774, 7
6775, 11
6776, 56
6777, 19
6778, 10
6779, 35
6780, 16
6781, 10
6782, 14
6783, 25
6784, 43
6785, 33
6786, 33
6787, 23
6788, 49
6789, 33
6790, 14
6791, 13
6792, 44
6793, 34
6794, 41
6795, 73
6796, 42
6797, 17
6798, 16
6799, 39
6800, 20
6801, 14
6802, 13
6803, 28
6804, 22
6805, 13
6806, 24
6807, 25
6808, 17
6809, 25
6810, 13
6811, 28
6812, 26
6813, 19
6814, 13
6815, 17
6816, 25
6817, 22
6818, 7
6819, 18
6820, 19
6821, 11
6822, 19
6823, 7
6824, 18
6825, 5
6826, 4
6827, 23
6828, 5
6829, 51
6830, 15
6831, 7
6832, 12
6833, 34
6834, 34
6835, 16
6836, 46
6837, 8
6838, 5
6839, 2
6840, 41
6841, 38
6842, 1
6843, 30
6844, 3
6845, 1
6846, 14
6847, 1
6848, 12
6849, 2
6850, 56
6851, 28
6852, 70
6853, 5
6854, 1
6855, 36
6856, 17
6857, 53
6858, 64
6859, 5
6860, 2
6861, 41
6862, 37
6863, 1
6864, 32
6865, 1
6866, 14
6867, 26
6868, 26
6869, 1
6870, 14
6871, 2
6872, 37
6873, 30
6874, 32
6875, 33
6876, 1
6877, 47
6878, 51
6879, 1
6880, 1
6881, 36
6882, 17
6883, 28
6884, 39
6885, 1
6886, 36
6887, 43
6888, 30
6889, 45
6890, 36
6891, 20
6892, 1
6893, 26
6894, 8
6895, 13
6896, 27
6897, 8
6898, 5
6899, 1
6900, 1
6901, 19
6902, 5
6903, 35
6904, 56
6905, 27
6906, 7
6907, 64
6908, 50
6909, 51
6910, 1
6911, 56
6912, 46
6913, 12
6914, 26
6915, 8
6916, 5
6917, 1
6918, 1
6919, 17
6920, 5
6921, 40
6922, 48
6923, 37
6924, 1
6925, 75
6926, 31
6927, 59
6928, 1
6929, 29
6930, 52
6931, 86
6932, 1
6933, 35
6934, 30
6935, 26
6936, 14
6937, 12
6938, 72
6939, 8
6940, 5
6941, 2
6942, 41
6943, 37
6944, 2
6945, 32
6946, 1
6947, 14
6948, 26
6949, 26
6950, 1
6951, 17
6952, 2
6953, 36
6954, 32
6955, 32
6956, 33
6957, 1
6958, 47
6959, 51
6960, 1
6961, 1
6962, 36
6963, 17
6964, 28
6965, 39
6966, 1
6967, 36
6968, 43
6969, 30
6970, 48
6971, 36
6972, 20
6973, 1
6974, 26
6975, 8
6976, 13
6977, 27
6978, 8
6979, 5
6980, 1
6981, 1
6982, 19
6983, 5
6984, 35
6985, 56
6986, 27
6987, 7
6988, 64
6989, 50
6990, 51
6991, 1
6992, 56
6993, 46
6994, 12
6995, 26
6996, 8
6997, 5
6998, 1
6999, 1
7000, 17
7001, 5
7002, 40
7003, 48
7004, 37
7005, 1
7006, 75
7007, 31
7008, 59
7009, 1
7010, 29
7011, 52
7012, 86
7013, 1
7014, 35
7015, 30
7016, 26
7017, 14
7018, 12
7019, 72
7020, 8
7021, 5
7022, 2
7023, 41
7024, 37
7025, 2
7026, 32
7027, 1
7028, 14
7029, 26
7030, 1
7031, 16
7032, 2
7033, 36
7034, 66
7035, 1
7036, 32
7037, 24
7038, 26
7039, 29
7040, 10
7041, 1
7042, 1
7043, 36
7044, 36
7045, 17
7046, 26
7047, 12
7048, 29
7049, 5
7050, 1
7051, 1
7052, 37
7053, 98
7054, 50
7055, 34
7056, 1
7057, 55
7058, 28
7059, 1
7060, 37
7061, 54
7062, 1
7063, 46
7064, 49
7065, 36
7066, 68
7067, 96
7068, 1
7069, 35
7070, 30
7071, 26
7072, 14
7073, 82
7074, 11
7075, 25
7076, 1
7077, 72
7078, 9
7079, 5
7080, 1
7081, 1
7082, 40
7083, 52
7084, 1
7085, 52
7086, 24
7087, 1
7088, 62
7089, 47
7090, 1
7091, 45
7092, 11
7093, 51
7094, 49
7095, 1
7096, 83
7097, 55
7098, 11
7099, 9
7100, 1
7101, 23
7102, 5
7103, 1
7104, 1
7105, 18
7106, 37
7107, 32
7108, 4
7109, 48
7110, 39
7111, 27
7112, 8
7113, 5
7114, 2
7115, 40
7116, 37
7117, 1
7118, 32
7119, 1
7120, 14
7121, 26
7122, 26
7123, 1
7124, 17
7125, 2
7126, 34
7127, 34
7128, 32
7129, 33
7130, 1
7131, 47
7132, 51
7133, 1
7134, 1
7135, 36
7136, 17
7137, 28
7138, 39
7139, 1
7140, 36
7141, 43
7142, 30
7143, 47
7144, 36
7145, 20
7146, 1
7147, 26
7148, 8
7149, 13
7150, 27
7151, 8
7152, 5
7153, 1
7154, 1
7155, 19
7156, 5
7157, 35
7158, 56
7159, 27
7160, 7
7161, 64
7162, 50
7163, 51
7164, 1
7165, 56
7166, 46
7167, 12
7168, 26
7169, 8
7170, 5
7171, 1
7172, 1
7173, 17
7174, 5
7175, 40
7176, 48
7177, 37
7178, 1
7179, 75
7180, 31
7181, 59
7182, 1
7183, 29
7184, 52
7185, 86
7186, 1
7187, 35
7188, 30
7189, 26
7190, 14
7191, 12
7192, 72
7193, 8
7194, 5
7195, 2
7196, 34
7197, 38
7198, 29
7199, 4
7200, 1
7201, 14
7202, 24
7203, 1
7204, 1
7205, 27
7206, 2
7207, 21
7208, 62
7209, 26
7210, 1
7211, 36
7212, 24
7213, 5
7214, 1
7215, 25
7216, 30
7217, 42
7218, 1
7219, 47
7220, 34
7221, 5
7222, 1
7223, 33
7224, 24
7225, 24
7226, 5
7227, 1
7228, 39
7229, 73
7230, 5
7231, 1
7232, 36
7233, 17
7234, 20
7235, 5
7236, 2
7237, 1
7238, 1
7239, 24
7240, 2
7241, 45
7242, 68
7243, 1
7244, 44
7245, 50
7246, 47
7247, 8
7248, 1
7249, 45
7250, 54
7251, 1
7252, 53
7253, 5
7254, 2
7255, 41
7256, 37
7257, 4
7258, 33
7259, 1
7260, 14
7261, 17
7262, 19
7263, 1
7264, 9
7265, 2
7266, 35
7267, 5
7268, 35
7269, 1
7270, 88
7271, 34
7272, 41
7273, 33
7274, 10
7275, 62
7276, 29
7277, 50
7278, 41
7279, 1
7280, 36
7281, 56
7282, 38
7283, 39
7284, 37
7285, 24
7286, 17
7287, 14
7288, 11
7289, 8
7290, 52
7291, 5
7292, 2
7293, 40
7294, 41
7295, 3
7296, 30
7297, 34
7298, 1
7299, 14
7300, 28
7301, 17
7302, 26
7303, 1
7304, 15
7305, 2
7306, 22
7307, 5
7308, 29
7309, 50
7310, 58
7311, 1
7312, 81
7313, 8
7314, 41
7315, 24
7316, 1
7317, 34
7318, 31
7319, 1
7320, 59
7321, 23
7322, 45
7323, 46
7324, 36
7325, 40
7326, 28
7327, 20
7328, 17
7329, 37
7330, 38
7331, 57
7332, 1
7333, 39
7334, 50
7335, 36
7336, 20
7337, 42
7338, 1
7339, 31
7340, 54
7341, 43
7342, 23
7343, 56
7344, 17
7345, 14
7346, 73
7347, 11
7348, 8
7349, 1
7350, 57
7351, 42
7352, 1
7353, 56
7354, 1
7355, 41
7356, 58
7357, 58
7358, 8
7359, 5
7360, 1
7361, 1
7362, 26
7363, 5
7364, 25
7365, 22
7366, 1
7367, 43
7368, 21
7369, 21
7370, 8
7371, 5
7372, 1
7373, 1
7374, 52
7375, 5
7376, 71
7377, 7
7378, 41
7379, 1
7380, 57
7381, 52
7382, 40
7383, 40
7384, 1
7385, 54
7386, 97
7387, 33
7388, 8
7389, 5
7390, 2
7391, 1
