1, 14
2, 54
3, 47
4, 2
5, 16
6, 20
7, 20
8, 25
9, 23
10, 10
11, 10
12, 25
13, 18
14, 31
15, 12
16, 18
17, 12
18, 12
19, 10
20, 12
21, 4
22, 20
23, 35
24, 18
25, 20
26, 38
27, 17
28, 17
29, 17
30, 45
31, 14
32, 5
33, 1
34, 9
35, 17
36, 17
37, 17
38, 13
39, 15
40, 4
41, 17
42, 13
43, 9
44, 23
45, 5
46, 16
47, 22
48, 16
49, 26
50, 5
51, 1
52, 21
53, 2
54, 50
55, 46
56, 15
57, 17
58, 22
59, 23
60, 16
61, 15
62, 23
63, 15
64, 14
65, 6
66, 17
67, 22
68, 15
69, 22
70, 12
71, 15
72, 12
73, 7
74, 14
75, 5
76, 1
77, 18
78, 17
79, 16
80, 30
81, 25
82, 26
83, 18
84, 17
85, 9
86, 31
87, 34
88, 12
89, 6
90, 11
91, 12
92, 7
93, 27
94, 10
95, 16
96, 17
97, 16
98, 15
99, 5
100, 1
101, 16
102, 17
103, 53
104, 48
105, 15
106, 9
107, 14
108, 24
109, 25
110, 12
111, 6
112, 14
113, 7
114, 29
115, 9
116, 47
117, 30
118, 1
119, 32
120, 20
121, 20
122, 12
123, 12
124, 1
125, 18
126, 9
127, 45
128, 1
129, 16
130, 12
131, 1
132, 33
133, 1
134, 22
135, 17
136, 9
137, 20
138, 18
139, 2
140, 11
141, 1
142, 7
143, 13
144, 12
145, 1
146, 34
147, 28
148, 16
149, 15
150, 36
151, 28
152, 16
153, 3
154, 7
155, 36
156, 22
157, 12
158, 28
159, 11
160, 21
161, 13
162, 12
163, 1
164, 1
165, 10
166, 36
167, 1
168, 32
169, 35
170, 16
171, 20
172, 12
173, 12
174, 1
175, 5
176, 21
177, 29
178, 14
179, 14
180, 31
181, 32
182, 32
183, 32
184, 44
185, 15
186, 8
187, 8
188, 2
189, 23
190, 12
191, 9
192, 11
193, 11
194, 11
195, 7
196, 7
197, 14
198, 7
199, 21
200, 7
201, 11
202, 14
203, 14
204, 32
205, 9
206, 9
207, 18
208, 11
209, 13
210, 8
211, 22
212, 13
213, 12
214, 11
215, 8
216, 30
217, 15
218, 18
219, 8
220, 13
221, 11
222, 16
223, 19
224, 17
225, 20
226, 19
227, 21
228, 13
229, 22
230, 16
231, 13
232, 16
233, 9
234, 13
235, 10
236, 30
237, 18
238, 18
239, 18
240, 18
241, 9
242, 9
243, 14
244, 13
245, 13
246, 15
247, 15
248, 9
249, 22
250, 39
251, 20
252, 11
253, 9
254, 9
255, 28
256, 20
257, 10
258, 18
259, 18
260, 7
261, 15
262, 31
263, 12
264, 17
265, 17
266, 8
267, 19
268, 13
269, 18
270, 16
271, 9
272, 16
273, 30
274, 7
275, 14
276, 5
277, 1
278, 16
279, 17
280, 17
281, 15
282, 11
283, 21
284, 22
285, 11
286, 14
287, 11
288, 12
289, 8
290, 5
291, 14
292, 2
293, 49
294, 17
295, 1
296, 34
297, 1
298, 20
299, 21
300, 18
301, 17
302, 14
303, 10
304, 8
305, 10
306, 30
307, 21
308, 11
309, 20
310, 8
311, 15
312, 8
313, 5
314, 1
315, 18
316, 21
317, 18
318, 16
319, 21
320, 22
321, 1
322, 21
323, 27
324, 21
325, 14
326, 7
327, 8
328, 16
329, 12
330, 14
331, 31
332, 13
333, 8
334, 21
335, 28
336, 8
337, 14
338, 8
339, 8
340, 9
341, 17
342, 10
343, 22
344, 14
345, 5
346, 1
347, 28
348, 1
349, 21
350, 18
351, 20
352, 21
353, 18
354, 14
355, 23
356, 10
357, 1
358, 11
359, 10
360, 11
361, 12
362, 12
363, 2
364, 20
365, 10
366, 29
367, 1
368, 37
369, 11
370, 12
371, 7
372, 18
373, 8
374, 2
375, 7
376, 12
377, 28
378, 37
379, 13
380, 7
381, 17
382, 10
383, 12
384, 12
385, 11
386, 1
387, 21
388, 15
389, 8
390, 5
391, 1
392, 21
393, 18
394, 20
395, 17
396, 14
397, 27
398, 10
399, 7
400, 15
401, 1
402, 11
403, 10
404, 11
405, 12
406, 12
407, 2
408, 10
409, 29
410, 1
411, 37
412, 11
413, 12
414, 7
415, 18
416, 8
417, 1
418, 12
419, 14
420, 31
421, 19
422, 11
423, 14
424, 10
425, 7
426, 17
427, 10
428, 1
429, 22
430, 11
431, 12
432, 8
433, 1
434, 21
435, 15
436, 8
437, 5
438, 1
439, 38
440, 26
441, 9
442, 16
443, 20
444, 19
445, 6
446, 1
447, 16
448, 17
449, 19
450, 14
451, 63
452, 20
453, 24
454, 12
455, 28
456, 10
457, 15
458, 8
459, 15
460, 9
461, 10
462, 32
463, 1
464, 16
465, 26
466, 10
467, 32
468, 32
469, 32
470, 32
471, 1
472, 32
473, 32
474, 32
475, 32
476, 32
477, 32
478, 33
479, 33
480, 33
481, 33
482, 33
483, 1
484, 24
485, 34
486, 17
487, 51
488, 51
489, 51
490, 51
491, 1
492, 19
493, 297
494, 1
495, 25
496, 32
497, 2
498, 13
499, 54
500, 13
501, 62
502, 13
503, 74
504, 5
505, 1
506, 12
507, 1
508, 64
509, 1
510, 16
511, 1
512, 58
513, 1
514, 19
515, 1
516, 49
517, 39
518, 1
519, 18
520, 40
521, 38
522, 1
523, 5
524, 1
525, 18
526, 17
527, 17
528, 14
529, 19
530, 7
531, 9
532, 13
533, 14
534, 25
535, 15
536, 9
537, 19
538, 12
539, 7
540, 7
541, 17
542, 1
543, 34
544, 9
545, 14
546, 29
547, 18
548, 5
549, 5
550, 69
551, 11
552, 23
553, 5
554, 5
555, 14
556, 39
557, 37
558, 3
559, 29
560, 1
561, 16
562, 18
563, 20
564, 18
565, 23
566, 14
567, 23
568, 22
569, 38
570, 11
571, 19
572, 14
573, 15
574, 13
575, 23
576, 19
577, 28
578, 22
579, 33
580, 12
581, 12
582, 18
583, 18
584, 22
585, 23
586, 25
587, 31
588, 37
589, 5
590, 1
591, 14
592, 19
593, 16
594, 22
595, 18
596, 19
597, 7
598, 21
599, 10
600, 31
601, 26
602, 18
603, 26
604, 18
605, 9
606, 18
607, 7
608, 15
609, 8
610, 24
611, 12
612, 5
613, 1
614, 25
615, 18
616, 18
617, 19
618, 14
619, 1
620, 18
621, 28
622, 22
623, 13
624, 2
625, 17
626, 32
627, 31
628, 7
629, 13
630, 29
631, 18
632, 18
633, 26
634, 9
635, 16
636, 18
637, 18
638, 7
639, 18
640, 12
641, 1
642, 21
643, 19
644, 2
645, 13
646, 7
647, 10
648, 28
649, 18
650, 18
651, 11
652, 11
653, 28
654, 9
655, 14
656, 12
657, 12
658, 14
659, 29
660, 11
661, 7
662, 15
663, 8
664, 5
665, 1
666, 10
667, 14
668, 14
669, 12
670, 12
671, 20
672, 14
673, 5
674, 1
675, 14
676, 19
677, 17
678, 14
679, 7
680, 9
681, 12
682, 15
683, 25
684, 28
685, 7
686, 17
687, 10
688, 9
689, 12
690, 9
691, 12
692, 5
693, 1
694, 12
695, 1
696, 60
697, 1
698, 16
699, 1
700, 65
701, 1
702, 19
703, 1
704, 68
705, 1
706, 49
707, 39
708, 1
709, 18
710, 40
711, 38
712, 1
713, 5
714, 1
715, 18
716, 17
717, 34
718, 24
719, 23
720, 25
721, 36
722, 54
723, 45
724, 15
725, 13
726, 14
727, 11
728, 13
729, 81
730, 23
731, 13
732, 9
733, 25
734, 21
735, 15
736, 9
737, 8
738, 13
739, 29
740, 14
741, 9
742, 11
743, 9
744, 12
745, 7
746, 7
747, 14
748, 7
749, 28
750, 10
751, 10
752, 36
753, 8
754, 9
755, 10
756, 11
757, 26
758, 8
759, 9
760, 9
761, 9
762, 1
763, 7
764, 7
765, 27
766, 22
767, 22
768, 23
769, 17
770, 27
771, 15
772, 10
773, 17
774, 17
775, 20
776, 9
777, 9
778, 40
779, 15
780, 15
781, 19
782, 33
783, 7
784, 31
785, 7
786, 16
787, 33
788, 15
789, 10
790, 19
791, 17
792, 28
793, 25
794, 11
795, 14
796, 13
797, 12
798, 15
799, 9
800, 12
801, 24
802, 9
803, 10
804, 15
805, 18
806, 12
807, 7
808, 7
809, 28
810, 1
811, 14
812, 28
813, 5
814, 5
815, 14
816, 33
817, 37
818, 3
819, 29
820, 1
821, 29
822, 72
823, 22
824, 22
825, 22
826, 34
827, 28
828, 9
829, 19
830, 23
831, 23
832, 23
833, 21
834, 21
835, 21
836, 21
837, 6
838, 1
839, 16
840, 17
841, 29
842, 13
843, 13
844, 29
845, 15
846, 9
847, 8
848, 19
849, 29
850, 12
851, 7
852, 45
853, 11
854, 24
855, 27
856, 27
857, 27
858, 27
859, 27
860, 27
861, 27
862, 10
863, 24
864, 27
865, 27
866, 27
867, 27
868, 27
869, 27
870, 27
871, 10
872, 24
873, 27
874, 27
875, 27
876, 27
877, 27
878, 27
879, 27
880, 11
881, 24
882, 27
883, 27
884, 27
885, 27
886, 27
887, 27
888, 27
889, 1
890, 18
891, 34
892, 31
893, 16
894, 28
895, 9
896, 14
897, 29
898, 11
899, 14
900, 7
901, 10
902, 26
903, 33
904, 7
905, 15
906, 8
907, 2
908, 31
909, 14
910, 29
911, 11
912, 8
913, 5
914, 1
915, 21
916, 20
917, 19
918, 25
919, 10
920, 10
921, 10
922, 14
923, 7
924, 10
925, 32
926, 19
927, 19
928, 12
929, 11
930, 19
931, 19
932, 12
933, 11
934, 19
935, 19
936, 12
937, 11
938, 7
939, 15
940, 8
941, 37
942, 27
943, 18
944, 27
945, 18
946, 27
947, 18
948, 5
949, 1
950, 12
951, 20
952, 19
953, 21
954, 17
955, 9
956, 7
957, 12
958, 34
959, 1
960, 73
961, 26
962, 12
963, 1
964, 24
965, 20
966, 2
967, 24
968, 20
969, 12
970, 2
971, 24
972, 20
973, 12
974, 1
975, 12
976, 2
977, 10
978, 2
979, 11
980, 12
981, 34
982, 35
983, 1
984, 22
985, 19
986, 19
987, 16
988, 1
989, 22
990, 19
991, 19
992, 16
993, 1
994, 22
995, 19
996, 19
997, 16
998, 1
999, 49
1000, 19
1001, 19
1002, 19
1003, 12
1004, 12
1005, 21
1006, 2
1007, 41
1008, 19
1009, 19
1010, 12
1011, 17
1012, 10
1013, 2
1014, 7
1015, 17
1016, 10
1017, 1
1018, 7
1019, 17
1020, 10
1021, 12
1022, 5
1023, 1
1024, 13
1025, 20
1026, 19
1027, 17
1028, 17
1029, 40
1030, 7
1031, 12
1032, 34
1033, 2
1034, 11
1035, 13
1036, 35
1037, 1
1038, 23
1039, 20
1040, 20
1041, 17
1042, 23
1043, 20
1044, 20
1045, 17
1046, 23
1047, 20
1048, 20
1049, 17
1050, 1
1051, 50
1052, 20
1053, 20
1054, 13
1055, 20
1056, 13
1057, 22
1058, 1
1059, 49
1060, 26
1061, 17
1062, 1
1063, 34
1064, 20
1065, 12
1066, 13
1067, 20
1068, 13
1069, 20
1070, 1
1071, 34
1072, 20
1073, 12
1074, 13
1075, 20
1076, 13
1077, 20
1078, 1
1079, 34
1080, 20
1081, 12
1082, 13
1083, 20
1084, 13
1085, 20
1086, 1
1087, 34
1088, 20
1089, 12
1090, 13
1091, 20
1092, 13
1093, 20
1094, 1
1095, 34
1096, 20
1097, 12
1098, 13
1099, 20
1100, 13
1101, 20
1102, 1
1103, 34
1104, 20
1105, 12
1106, 13
1107, 20
1108, 13
1109, 20
1110, 1
1111, 8
1112, 18
1113, 11
1114, 1
1115, 7
1116, 17
1117, 10
1118, 1
1119, 7
1120, 12
1121, 34
1122, 23
1123, 19
1124, 16
1125, 19
1126, 12
1127, 19
1128, 1
1129, 23
1130, 19
1131, 16
1132, 19
1133, 12
1134, 19
1135, 1
1136, 23
1137, 19
1138, 16
1139, 19
1140, 12
1141, 19
1142, 1
1143, 7
1144, 17
1145, 10
1146, 2
1147, 5
1148, 14
1149, 33
1150, 37
1151, 3
1152, 29
1153, 47
1154, 1
1155, 17
1156, 17
1157, 17
1158, 18
1159, 18
1160, 18
1161, 17
1162, 1
1163, 29
1164, 72
1165, 22
1166, 22
1167, 22
1168, 34
1169, 28
1170, 9
1171, 19
1172, 24
1173, 24
1174, 24
1175, 23
1176, 23
1177, 23
1178, 22
1179, 6
1180, 1
1181, 16
1182, 17
1183, 29
1184, 13
1185, 13
1186, 29
1187, 15
1188, 9
1189, 8
1190, 19
1191, 29
1192, 12
1193, 7
1194, 45
1195, 11
1196, 24
1197, 27
1198, 27
1199, 27
1200, 27
1201, 27
1202, 27
1203, 27
1204, 10
1205, 24
1206, 27
1207, 27
1208, 27
1209, 27
1210, 27
1211, 27
1212, 27
1213, 10
1214, 24
1215, 27
1216, 27
1217, 27
1218, 27
1219, 27
1220, 27
1221, 27
1222, 11
1223, 24
1224, 27
1225, 27
1226, 27
1227, 27
1228, 27
1229, 27
1230, 27
1231, 1
1232, 18
1233, 34
1234, 31
1235, 16
1236, 28
1237, 9
1238, 14
1239, 29
1240, 11
1241, 14
1242, 7
1243, 10
1244, 26
1245, 33
1246, 7
1247, 15
1248, 8
1249, 2
1250, 31
1251, 14
1252, 29
1253, 11
1254, 8
1255, 5
1256, 1
1257, 21
1258, 20
1259, 19
1260, 25
1261, 10
1262, 10
1263, 10
1264, 14
1265, 7
1266, 10
1267, 32
1268, 21
1269, 20
1270, 12
1271, 11
1272, 21
1273, 20
1274, 12
1275, 11
1276, 21
1277, 20
1278, 12
1279, 11
1280, 7
1281, 15
1282, 8
1283, 37
1284, 27
1285, 20
1286, 27
1287, 20
1288, 27
1289, 20
1290, 5
1291, 1
1292, 12
1293, 20
1294, 19
1295, 21
1296, 17
1297, 9
1298, 7
1299, 12
1300, 34
1301, 1
1302, 73
1303, 27
1304, 12
1305, 1
1306, 26
1307, 20
1308, 2
1309, 26
1310, 20
1311, 12
1312, 2
1313, 26
1314, 20
1315, 12
1316, 1
1317, 12
1318, 2
1319, 10
1320, 2
1321, 11
1322, 12
1323, 34
1324, 35
1325, 1
1326, 22
1327, 20
1328, 20
1329, 16
1330, 1
1331, 22
1332, 20
1333, 20
1334, 16
1335, 1
1336, 22
1337, 20
1338, 20
1339, 16
1340, 1
1341, 49
1342, 15
1343, 15
1344, 15
1345, 12
1346, 12
1347, 21
1348, 2
1349, 41
1350, 20
1351, 20
1352, 12
1353, 17
1354, 10
1355, 2
1356, 7
1357, 17
1358, 10
1359, 1
1360, 7
1361, 17
1362, 10
1363, 12
1364, 5
1365, 1
1366, 13
1367, 20
1368, 19
1369, 17
1370, 17
1371, 40
1372, 44
1373, 33
1374, 19
1375, 7
1376, 12
1377, 34
1378, 16
1379, 12
1380, 12
1381, 12
1382, 12
1383, 14
1384, 14
1385, 14
1386, 2
1387, 11
1388, 13
1389, 35
1390, 17
1391, 14
1392, 14
1393, 14
1394, 14
1395, 1
1396, 23
1397, 16
1398, 23
1399, 16
1400, 23
1401, 16
1402, 1
1403, 50
1404, 16
1405, 16
1406, 13
1407, 16
1408, 13
1409, 22
1410, 1
1411, 49
1412, 28
1413, 18
1414, 17
1415, 1
1416, 34
1417, 17
1418, 13
1419, 13
1420, 1
1421, 34
1422, 17
1423, 13
1424, 13
1425, 1
1426, 34
1427, 17
1428, 13
1429, 13
1430, 1
1431, 34
1432, 16
1433, 13
1434, 15
1435, 13
1436, 15
1437, 1
1438, 34
1439, 16
1440, 13
1441, 15
1442, 13
1443, 15
1444, 1
1445, 34
1446, 16
1447, 13
1448, 15
1449, 13
1450, 15
1451, 1
1452, 8
1453, 18
1454, 11
1455, 14
1456, 14
1457, 14
1458, 1
1459, 7
1460, 17
1461, 10
1462, 1
1463, 7
1464, 12
1465, 34
1466, 16
1467, 23
1468, 14
1469, 16
1470, 13
1471, 12
1472, 13
1473, 1
1474, 23
1475, 14
1476, 16
1477, 13
1478, 12
1479, 13
1480, 1
1481, 23
1482, 14
1483, 16
1484, 13
1485, 12
1486, 13
1487, 1
1488, 7
1489, 17
1490, 10
1491, 2
1492, 5
1493, 14
1494, 2
1495, 33
1496, 21
1497, 13
1498, 1
1499, 21
1500, 17
1501, 21
1502, 24
1503, 35
1504, 14
1505, 10
1506, 5
1507, 17
1508, 10
1509, 22
1510, 10
1511, 14
1512, 5
1513, 20
1514, 27
1515, 18
1516, 15
1517, 25
1518, 5
1519, 18
1520, 12
1521, 23
1522, 6
1523, 15
1524, 7
1525, 11
1526, 23
1527, 20
1528, 5
1529, 16
1530, 20
1531, 18
1532, 33
1533, 12
1534, 11
1535, 11
1536, 6
1537, 16
1538, 10
1539, 19
1540, 20
1541, 31
1542, 33
1543, 12
1544, 15
1545, 19
1546, 48
1547, 14
1548, 10
1549, 23
1550, 5
1551, 5
1552, 21
1553, 2
1554, 37
1555, 21
1556, 13
1557, 1
1558, 21
1559, 17
1560, 21
1561, 24
1562, 34
1563, 14
1564, 10
1565, 5
1566, 17
1567, 10
1568, 22
1569, 10
1570, 14
1571, 5
1572, 20
1573, 27
1574, 18
1575, 15
1576, 25
1577, 5
1578, 18
1579, 12
1580, 23
1581, 6
1582, 15
1583, 7
1584, 11
1585, 23
1586, 20
1587, 5
1588, 16
1589, 20
1590, 18
1591, 33
1592, 12
1593, 11
1594, 11
1595, 6
1596, 16
1597, 10
1598, 19
1599, 20
1600, 31
1601, 33
1602, 12
1603, 15
1604, 19
1605, 48
1606, 14
1607, 10
1608, 23
1609, 5
1610, 5
1611, 21
1612, 2
1613, 37
1614, 21
1615, 1
1616, 70
1617, 1
1618, 21
1619, 17
1620, 21
1621, 30
1622, 34
1623, 14
1624, 10
1625, 14
1626, 5
1627, 20
1628, 23
1629, 18
1630, 15
1631, 25
1632, 5
1633, 18
1634, 12
1635, 23
1636, 6
1637, 15
1638, 7
1639, 11
1640, 23
1641, 20
1642, 5
1643, 16
1644, 20
1645, 18
1646, 33
1647, 12
1648, 11
1649, 11
1650, 6
1651, 16
1652, 10
1653, 19
1654, 20
1655, 31
1656, 33
1657, 12
1658, 15
1659, 19
1660, 48
1661, 14
1662, 10
1663, 23
1664, 5
1665, 5
1666, 14
1667, 2
1668, 44
1669, 2
1670, 17
1671, 1
1672, 16
1673, 17
1674, 17
1675, 68
1676, 19
1677, 22
1678, 31
1679, 12
1680, 12
1681, 13
1682, 28
1683, 15
1684, 9
1685, 7
1686, 1
1687, 12
1688, 12
1689, 12
1690, 12
1691, 12
1692, 12
1693, 12
1694, 12
1695, 12
1696, 10
1697, 17
1698, 9
1699, 7
1700, 10
1701, 45
1702, 14
1703, 17
1704, 13
1705, 15
1706, 10
1707, 17
1708, 13
1709, 13
1710, 17
1711, 13
1712, 10
1713, 13
1714, 12
1715, 12
1716, 17
1717, 13
1718, 13
1719, 12
1720, 12
1721, 17
1722, 13
1723, 15
1724, 13
1725, 7
1726, 13
1727, 13
1728, 15
1729, 9
1730, 15
1731, 13
1732, 9
1733, 13
1734, 20
1735, 13
1736, 7
1737, 25
1738, 9
1739, 21
1740, 1
1741, 18
1742, 18
1743, 18
1744, 18
1745, 18
1746, 19
1747, 18
1748, 18
1749, 18
1750, 1
1751, 34
1752, 14
1753, 13
1754, 15
1755, 18
1756, 20
1757, 15
1758, 19
1759, 27
1760, 14
1761, 4
1762, 14
1763, 1
1764, 5
1765, 1
1766, 14
1767, 2
1768, 38
1769, 2
1770, 44
1771, 2
1772, 21
1773, 27
1774, 1
1775, 14
1776, 63
1777, 1
1778, 22
1779, 1
1780, 11
1781, 21
1782, 6
1783, 18
1784, 14
1785, 14
1786, 5
1787, 3
1788, 11
1789, 21
1790, 17
1791, 6
1792, 21
1793, 16
1794, 16
1795, 12
1796, 12
1797, 23
1798, 16
1799, 12
1800, 32
1801, 14
1802, 5
1803, 1
1804, 51
1805, 22
1806, 32
1807, 33
1808, 33
1809, 1
1810, 15
1811, 18
1812, 18
1813, 18
1814, 18
1815, 18
1816, 18
1817, 18
1818, 18
1819, 18
1820, 18
1821, 19
1822, 21
1823, 18
1824, 19
1825, 21
1826, 18
1827, 19
1828, 22
1829, 33
1830, 5
1831, 1
1832, 31
1833, 35
1834, 1
1835, 13
1836, 17
1837, 17
1838, 17
1839, 17
1840, 17
1841, 16
1842, 18
1843, 16
1844, 18
1845, 21
1846, 18
1847, 5
1848, 1
1849, 18
1850, 2
1851, 22
1852, 17
1853, 1
1854, 15
1855, 61
1856, 22
1857, 11
1858, 22
1859, 22
1860, 22
1861, 11
1862, 23
1863, 12
1864, 25
1865, 14
1866, 24
1867, 13
1868, 14
1869, 27
1870, 7
1871, 36
1872, 2
1873, 35
1874, 7
1875, 41
1876, 32
1877, 2
1878, 38
1879, 39
1880, 70
1881, 2
1882, 31
1883, 40
1884, 12
1885, 11
1886, 43
1887, 17
1888, 20
1889, 10
1890, 20
1891, 11
1892, 15
1893, 20
1894, 20
1895, 9
1896, 66
1897, 12
1898, 15
1899, 5
1900, 1
1901, 13
1902, 26
1903, 26
1904, 16
1905, 41
1906, 74
1907, 23
1908, 91
1909, 2
1910, 8
1911, 1
1912, 16
1913, 20
1914, 18
1915, 27
1916, 15
1917, 12
1918, 11
1919, 6
1920, 22
1921, 14
1922, 10
1923, 20
1924, 18
1925, 16
1926, 12
1927, 16
1928, 3
1929, 23
1930, 20
1931, 25
1932, 22
1933, 6
1934, 18
1935, 16
1936, 25
1937, 16
1938, 12
1939, 16
1940, 6
1941, 5
1942, 5
1943, 16
1944, 17
1945, 15
1946, 11
1947, 32
1948, 27
1949, 9
1950, 12
1951, 9
1952, 25
1953, 18
1954, 28
1955, 9
1956, 14
1957, 29
1958, 11
1959, 12
1960, 5
1961, 1
1962, 27
1963, 25
1964, 26
1965, 1
1966, 16
1967, 18
1968, 17
1969, 32
1970, 38
1971, 22
1972, 25
1973, 19
1974, 13
1975, 22
1976, 8
1977, 12
1978, 11
1979, 11
1980, 11
1981, 11
1982, 12
1983, 11
1984, 12
1985, 14
1986, 5
1987, 1
1988, 14
1989, 33
1990, 37
1991, 3
1992, 29
1993, 1
1994, 12
1995, 74
1996, 36
1997, 35
1998, 6
1999, 22
2000, 17
2001, 19
2002, 16
2003, 17
2004, 9
2005, 15
2006, 12
2007, 10
2008, 12
2009, 8
2010, 9
2011, 15
2012, 16
2013, 9
2014, 17
2015, 16
2016, 26
2017, 12
2018, 15
2019, 27
2020, 11
2021, 5
2022, 1
2023, 20
2024, 18
2025, 19
2026, 1
2027, 12
2028, 13
2029, 13
2030, 13
2031, 12
2032, 16
2033, 13
2034, 5
2035, 1
2036, 14
2037, 2
2038, 49
2039, 17
2040, 1
2041, 16
2042, 17
2043, 15
2044, 11
2045, 9
2046, 19
2047, 9
2048, 25
2049, 25
2050, 28
2051, 9
2052, 14
2053, 29
2054, 11
2055, 12
2056, 5
2057, 1
2058, 27
2059, 25
2060, 26
2061, 1
2062, 16
2063, 18
2064, 19
2065, 13
2066, 6
2067, 12
2068, 11
2069, 11
2070, 11
2071, 11
2072, 12
2073, 11
2074, 12
2075, 13
2076, 23
2077, 11
2078, 5
2079, 1
2080, 19
2081, 2
2082, 25
2083, 29
2084, 1
2085, 28
2086, 43
2087, 30
2088, 1
2089, 16
2090, 20
2091, 23
2092, 16
2093, 10
2094, 33
2095, 18
2096, 12
2097, 8
2098, 20
2099, 34
2100, 1
2101, 21
2102, 33
2103, 15
2104, 1
2105, 10
2106, 1
2107, 16
2108, 22
2109, 19
2110, 19
2111, 1
2112, 19
2113, 19
2114, 22
2115, 19
2116, 1
2117, 16
2118, 16
2119, 19
2120, 19
2121, 17
2122, 30
2123, 19
2124, 1
2125, 20
2126, 19
2127, 1
2128, 32
2129, 19
2130, 1
2131, 33
2132, 14
2133, 16
2134, 18
2135, 11
2136, 23
2137, 4
2138, 14
2139, 5
2140, 1
2141, 9
2142, 17
2143, 17
2144, 21
2145, 21
2146, 10
2147, 18
2148, 10
2149, 22
2150, 4
2151, 10
2152, 16
2153, 4
2154, 10
2155, 22
2156, 5
2157, 1
2158, 12
2159, 17
2160, 28
2161, 15
2162, 7
2163, 19
2164, 16
2165, 22
2166, 16
2167, 22
2168, 15
2169, 17
2170, 5
2171, 1
2172, 12
2173, 17
2174, 30
2175, 17
2176, 7
2177, 19
2178, 18
2179, 22
2180, 10
2181, 18
2182, 13
2183, 17
2184, 5
2185, 1
2186, 12
2187, 19
2188, 19
2189, 19
2190, 29
2191, 15
2192, 7
2193, 21
2194, 16
2195, 28
2196, 16
2197, 28
2198, 10
2199, 24
2200, 32
2201, 5
2202, 1
2203, 12
2204, 17
2205, 17
2206, 17
2207, 29
2208, 15
2209, 7
2210, 19
2211, 16
2212, 28
2213, 16
2214, 28
2215, 10
2216, 26
2217, 32
2218, 5
2219, 1
2220, 11
2221, 17
2222, 1
2223, 16
2224, 25
2225, 92
2226, 53
2227, 66
2228, 41
2229, 2
2230, 32
2231, 34
2232, 14
2233, 47
2234, 47
2235, 47
2236, 47
2237, 47
2238, 47
2239, 47
2240, 47
2241, 47
2242, 44
2243, 25
2244, 68
2245, 76
2246, 76
2247, 76
2248, 76
2249, 76
2250, 76
2251, 76
2252, 76
2253, 1
2254, 17
2255, 22
2256, 22
2257, 22
2258, 20
2259, 20
2260, 24
2261, 20
2262, 20
2263, 22
2264, 20
2265, 20
2266, 2
2267, 46
2268, 20
2269, 12
2270, 20
2271, 25
2272, 31
2273, 55
2274, 16
2275, 14
2276, 17
2277, 10
2278, 22
2279, 1
2280, 47
2281, 19
2282, 46
2283, 35
2284, 22
2285, 1
2286, 17
2287, 11
2288, 31
2289, 16
2290, 20
2291, 18
2292, 12
2293, 26
2294, 16
2295, 14
2296, 21
2297, 2
2298, 45
2299, 21
2300, 28
2301, 7
2302, 10
2303, 11
2304, 31
2305, 1
2306, 23
2307, 60
2308, 28
2309, 11
2310, 11
2311, 41
2312, 35
2313, 22
2314, 1
2315, 12
2316, 24
2317, 11
2318, 16
2319, 17
2320, 6
2321, 7
2322, 13
2323, 12
2324, 15
2325, 8
2326, 1
2327, 55
2328, 55
2329, 26
2330, 27
2331, 31
2332, 34
2333, 11
2334, 27
2335, 18
2336, 24
2337, 77
2338, 29
2339, 31
2340, 22
2341, 1
2342, 43
2343, 8
2344, 29
2345, 22
2346, 20
2347, 12
2348, 30
2349, 9
2350, 14
2351, 14
2352, 19
2353, 16
2354, 13
2355, 11
2356, 1
2357, 12
2358, 35
2359, 19
2360, 14
2361, 14
2362, 35
2363, 17
2364, 15
2365, 46
2366, 16
2367, 10
2368, 23
2369, 1
2370, 12
2371, 15
2372, 12
2373, 14
2374, 12
2375, 16
2376, 12
2377, 5
2378, 21
2379, 58
2380, 24
2381, 1
2382, 31
2383, 1
2384, 61
2385, 1
2386, 34
2387, 37
2388, 47
2389, 1
2390, 27
2391, 24
2392, 58
2393, 59
2394, 27
2395, 44
2396, 44
2397, 29
2398, 22
2399, 11
2400, 6
2401, 21
2402, 21
2403, 21
2404, 10
2405, 25
2406, 22
2407, 5
2408, 1
2409, 16
2410, 26
2411, 25
2412, 18
2413, 20
2414, 63
2415, 23
2416, 1
2417, 10
2418, 1
2419, 12
2420, 23
2421, 27
2422, 16
2423, 37
2424, 27
2425, 21
2426, 11
2427, 9
2428, 13
2429, 13
2430, 7
2431, 16
2432, 14
2433, 8
2434, 17
2435, 10
2436, 24
2437, 20
2438, 6
2439, 5
2440, 1
2441, 19
2442, 20
2443, 27
2444, 23
2445, 1
2446, 14
2447, 1
2448, 34
2449, 19
2450, 1
2451, 7
2452, 11
2453, 13
2454, 28
2455, 11
2456, 12
2457, 9
2458, 27
2459, 17
2460, 6
2461, 10
2462, 5
2463, 1
2464, 14
2465, 2
2466, 52
2467, 19
2468, 1
2469, 12
2470, 14
2471, 14
2472, 1
2473, 37
2474, 13
2475, 15
2476, 12
2477, 10
2478, 10
2479, 10
2480, 15
2481, 15
2482, 5
2483, 1
2484, 1
2485, 20
2486, 14
2487, 14
2488, 15
2489, 1
2490, 17
2491, 1
2492, 7
2493, 12
2494, 28
2495, 12
2496, 8
2497, 13
2498, 29
2499, 29
2500, 21
2501, 14
2502, 14
2503, 15
2504, 14
2505, 15
2506, 1
2507, 8
2508, 18
2509, 11
2510, 1
2511, 7
2512, 17
2513, 10
2514, 5
2515, 1
2516, 1
2517, 21
2518, 14
2519, 14
2520, 15
2521, 1
2522, 17
2523, 1
2524, 7
2525, 12
2526, 28
2527, 12
2528, 8
2529, 13
2530, 29
2531, 29
2532, 21
2533, 14
2534, 14
2535, 15
2536, 14
2537, 15
2538, 1
2539, 8
2540, 18
2541, 11
2542, 1
2543, 7
2544, 17
2545, 10
2546, 6
2547, 1
2548, 1
2549, 22
2550, 14
2551, 14
2552, 17
2553, 1
2554, 14
2555, 26
2556, 7
2557, 1
2558, 23
2559, 27
2560, 5
2561, 1
2562, 1
2563, 16
2564, 17
2565, 15
2566, 14
2567, 9
2568, 1
2569, 17
2570, 26
2571, 7
2572, 26
2573, 7
2574, 1
2575, 14
2576, 1
2577, 7
2578, 15
2579, 31
2580, 11
2581, 7
2582, 20
2583, 13
2584, 1
2585, 1
2586, 7
2587, 15
2588, 32
2589, 29
2590, 29
2591, 7
2592, 20
2593, 13
2594, 1
2595, 22
2596, 13
2597, 12
2598, 1
2599, 7
2600, 15
2601, 31
2602, 35
2603, 13
2604, 13
2605, 13
2606, 13
2607, 12
2608, 13
2609, 12
2610, 7
2611, 20
2612, 13
2613, 4
2614, 34
2615, 16
2616, 16
2617, 16
2618, 28
2619, 9
2620, 14
2621, 29
2622, 11
2623, 8
2624, 5
2625, 1
2626, 21
2627, 2
2628, 17
2629, 16
2630, 18
2631, 20
2632, 32
2633, 11
2634, 18
2635, 12
2636, 23
2637, 23
2638, 30
2639, 12
2640, 14
2641, 17
2642, 10
2643, 13
2644, 12
2645, 5
2646, 1
2647, 21
2648, 17
2649, 16
2650, 17
2651, 20
2652, 13
2653, 7
2654, 30
2655, 15
2656, 9
2657, 8
2658, 16
2659, 9
2660, 10
2661, 9
2662, 10
2663, 9
2664, 10
2665, 24
2666, 28
2667, 9
2668, 12
2669, 29
2670, 11
2671, 5
2672, 1
2673, 9
2674, 16
2675, 16
2676, 16
2677, 26
2678, 12
2679, 7
2680, 18
2681, 13
2682, 22
2683, 13
2684, 22
2685, 13
2686, 22
2687, 28
2688, 5
2689, 1
