1, 53
2, 0
3, 15
4, 7
5, 11
6, 12
7, 11
8, 0
9, 23
10, 29
11, 28
12, 13
13, 0
14, 22
15, 27
16, 13
17, 0
18, 21
19, 26
20, 25
21, 25
22, 25
23, 13
24, 0
25, 21
26, 26
27, 25
28, 25
29, 13
30, 0
31, 21
32, 26
33, 25
34, 25
35, 25
36, 13
37, 0
38, 21
39, 25
40, 26
41, 13
42, 0
43, 8
44, 33
45, 27
46, 29
47, 13
48, 15
49, 27
50, 0
51, 32
52, 27
53, 27
54, 11
55, 13
56, 26
57, 0
58, 33
59, 23
60, 28
61, 33
62, 22
63, 0
64, 32
65, 23
66, 25
67, 25
68, 25
69, 21
70, 0
71, 32
72, 23
73, 25
74, 25
75, 25
76, 21
77, 0
78, 32
79, 23
80, 25
81, 25
82, 25
83, 21
84, 0
85, 33
86, 28
87, 28
88, 33
89, 22
90, 0
91, 32
92, 28
93, 25
94, 25
95, 26
96, 21
97, 0
98, 32
99, 28
100, 25
101, 25
102, 25
103, 21
104, 0
105, 32
106, 20
107, 25
108, 25
109, 27
110, 21
111, 0
112, 32
113, 20
114, 25
115, 25
116, 27
117, 21
118, 0
119, 32
120, 20
121, 25
122, 25
123, 27
124, 21
125, 0
126, 33
127, 70
128, 31
129, 28
130, 45
131, 22
132, 0
133, 33
134, 44
135, 39
136, 28
137, 57
138, 22
139, 0
140, 32
141, 20
142, 25
143, 25
144, 40
145, 21
146, 0
147, 34
148, 25
149, 25
150, 40
151, 23
152, 0
153, 21
154, 35
155, 25
156, 40
157, 17
158, 0
159, 19
160, 22
161, 54
162, 0
163, 61
164, 10
165, 60
166, 57
167, 14
168, 0
169, 26
170, 1
171, 38
172, 36
173, 1
174, 33
175, 1
176, 49
177, 1
178, 68
179, 14
180, 63
181, 57
182, 69
183, 10
184, 1
185, 73
186, 76
187, 26
188, 11
189, 75
190, 34
191, 39
192, 1
193, 73
194, 71
195, 73
196, 68
197, 77
198, 73
199, 14
200, 1
201, 71
202, 69
203, 17
204, 1
205, 21
206, 1
207, 38
208, 41
209, 71
210, 78
211, 39
212, 0
213, 19
214, 19
215, 12
216, 13
217, 0
218, 41
219, 18
220, 22
221, 22
222, 24
223, 37
224, 15
225, 17
226, 21
227, 0
228, 19
229, 30
230, 6
231, 4
232, 14
233, 6
234, 0
235, 23
236, 71
237, 0
238, 17
239, 45
240, 46
241, 42
242, 18
243, 41
244, 0
245, 1
246, 36
247, 1
248, 40
249, 1
250, 28
251, 1
252, 35
253, 1
254, 54
255, 50
256, 59
257, 43
258, 47
259, 36
260, 0
261, 9
262, 11
263, 16
264, 37
265, 0
266, 8
267, 0
268, 42
269, 25
270, 25
271, 25
272, 24
273, 44
274, 17
275, 41
276, 17
277, 34
278, 0
279, 53
280, 30
281, 34
282, 29
283, 29
284, 29
285, 35
286, 28
287, 0
288, 31
289, 43
290, 33
291, 34
292, 31
293, 29
294, 57
295, 6
296, 15
297, 14
298, 12
299, 9
300, 56
301, 22
302, 6
303, 8
304, 6
305, 5
306, 26
307, 0
308, 36
309, 38
310, 38
311, 43
312, 38
313, 12
314, 15
315, 20
316, 6
317, 4
318, 7
319, 6
320, 12
321, 9
322, 22
323, 30
324, 6
325, 19
326, 0
327, 47
328, 0
329, 20
330, 15
331, 37
332, 22
333, 5
334, 0
335, 11
336, 0
337, 26
338, 0
339, 53
340, 49
341, 22
342, 0
343, 23
344, 0
345, 32
346, 19
347, 12
348, 0
349, 25
350, 43
351, 0
352, 73
353, 16
354, 0
355, 35
356, 19
357, 12
358, 0
359, 28
360, 43
361, 23
362, 19
363, 0
364, 35
365, 19
366, 12
367, 0
368, 28
369, 43
370, 0
371, 16
372, 19
373, 1
374, 38
375, 36
376, 1
377, 33
378, 1
379, 68
380, 14
381, 63
382, 57
383, 69
384, 10
385, 1
386, 73
387, 76
388, 26
389, 11
390, 75
391, 34
392, 39
393, 1
394, 74
395, 1
396, 21
397, 1
398, 41
399, 71
400, 78
401, 39
402, 0
403, 19
404, 19
405, 13
406, 0
407, 40
408, 24
409, 28
410, 28
411, 24
412, 47
413, 27
414, 25
415, 0
416, 19
417, 30
418, 6
419, 4
420, 14
421, 6
422, 15
423, 19
424, 64
425, 0
426, 17
427, 35
428, 46
429, 32
430, 12
431, 41
432, 1
433, 79
434, 1
435, 40
436, 1
437, 28
438, 1
439, 35
440, 1
441, 54
442, 50
443, 59
444, 43
445, 47
446, 36
447, 39
448, 36
449, 0
450, 9
451, 11
452, 16
453, 40
454, 0
455, 8
456, 0
457, 42
458, 25
459, 25
460, 25
461, 24
462, 44
463, 21
464, 36
465, 20
466, 41
467, 17
468, 34
469, 0
470, 53
471, 26
472, 42
473, 27
474, 27
475, 27
476, 43
477, 26
478, 0
479, 30
480, 39
481, 27
482, 57
483, 6
484, 15
485, 14
486, 6
487, 9
488, 99
489, 6
490, 6
491, 6
492, 5
493, 26
494, 0
495, 45
496, 26
497, 42
498, 27
499, 27
500, 27
501, 43
502, 26
503, 0
504, 30
505, 39
506, 27
507, 39
508, 1
509, 43
510, 1
511, 25
512, 1
513, 30
514, 1
515, 30
516, 1
517, 28
518, 1
519, 6
520, 15
521, 14
522, 20
523, 29
524, 29
525, 23
526, 34
527, 6
528, 6
529, 5
530, 0
531, 18
532, 0
533, 46
534, 22
535, 28
536, 34
537, 29
538, 29
539, 29
540, 35
541, 28
542, 0
543, 32
544, 31
545, 29
546, 57
547, 28
548, 38
549, 1
550, 31
551, 1
552, 36
553, 1
554, 47
555, 21
556, 80
557, 6
558, 15
559, 14
560, 9
561, 0
562, 6
563, 28
564, 6
565, 6
566, 5
567, 0
568, 19
569, 0
570, 36
571, 38
572, 38
573, 43
574, 38
575, 12
576, 20
577, 6
578, 4
579, 7
580, 6
581, 10
582, 9
583, 53
584, 6
585, 19
586, 0
587, 34
588, 57
589, 38
590, 38
591, 43
592, 41
593, 51
594, 42
595, 23
596, 12
597, 4
598, 13
599, 6
600, 62
601, 14
602, 0
603, 23
604, 0
605, 0
606, 30
607, 19
608, 0
609, 23
610, 43
611, 0
612, 73
613, 0
614, 16
615, 0
616, 33
617, 19
618, 0
619, 26
620, 43
621, 23
622, 19
623, 0
624, 33
625, 19
626, 0
627, 26
628, 43
629, 0
630, 16
631, 19
632, 67
633, 67
634, 67
635, 67
636, 67
637, 67
638, 67
639, 67
640, 67
641, 67
642, 67
643, 67
644, 67
645, 67
646, 67
647, 67
648, 67
649, 67
650, 67
651, 67
652, 67
653, 67
654, 67
655, 67
656, 1
657, 49
658, 68
659, 70
660, 38
661, 76
662, 72
663, 67
664, 68
665, 70
666, 30
667, 17
668, 72
669, 71
670, 70
671, 55
672, 0
673, 25
674, 0
675, 20
676, 0
677, 13
678, 0
679, 23
680, 0
681, 42
682, 0
683, 18
684, 0
685, 19
686, 7
687, 52
688, 23
689, 0
690, 18
691, 0
692, 23
693, 32
694, 32
695, 27
696, 0
697, 22
698, 32
699, 32
700, 32
701, 26
702, 0
703, 22
704, 28
705, 28
706, 28
707, 26
708, 0
709, 22
710, 28
711, 28
712, 28
713, 27
714, 0
715, 21
716, 28
717, 28
718, 28
719, 26
720, 0
721, 22
722, 28
723, 28
724, 28
725, 27
726, 0
727, 22
728, 28
729, 28
730, 28
731, 27
732, 0
733, 21
734, 28
735, 28
736, 28
737, 26
738, 0
739, 17
740, 25
741, 21
742, 0
743, 17
744, 25
745, 21
746, 0
747, 14
748, 26
749, 27
750, 18
751, 0
752, 16
753, 24
754, 20
755, 0
756, 15
757, 23
758, 19
759, 0
760, 15
761, 28
762, 28
763, 28
764, 19
765, 0
766, 13
767, 21
768, 17
769, 0
770, 18
771, 26
772, 22
773, 0
774, 13
775, 26
776, 26
777, 26
778, 17
779, 0
780, 13
781, 26
782, 26
783, 26
784, 17
785, 0
786, 13
787, 26
788, 26
789, 26
790, 17
791, 0
792, 13
793, 26
794, 26
795, 26
796, 17
797, 0
798, 16
799, 24
800, 20
801, 0
802, 14
803, 27
804, 27
805, 27
806, 18
807, 0
808, 14
809, 22
810, 18
811, 0
812, 16
813, 29
814, 29
815, 29
816, 20
817, 0
818, 17
819, 25
820, 21
821, 0
822, 13
823, 21
824, 25
825, 27
826, 27
827, 32
828, 32
829, 17
830, 0
831, 13
832, 23
833, 23
834, 28
835, 28
836, 17
837, 0
838, 18
839, 28
840, 28
841, 33
842, 33
843, 22
844, 0
845, 17
846, 27
847, 27
848, 21
849, 0
850, 16
851, 29
852, 29
853, 29
854, 29
855, 20
856, 0
857, 16
858, 26
859, 26
860, 20
861, 0
862, 17
863, 35
864, 35
865, 35
866, 35
867, 36
868, 36
869, 36
870, 36
871, 40
872, 40
873, 40
874, 40
875, 40
876, 40
877, 40
878, 40
879, 13
880, 0
881, 15
882, 25
883, 25
884, 19
885, 0
886, 19
887, 0
888, 7
889, 0
890, 24
891, 23
892, 22
893, 22
894, 22
895, 21
896, 22
897, 22
898, 21
899, 17
900, 17
901, 14
902, 16
903, 15
904, 15
905, 13
906, 18
907, 13
908, 13
909, 13
910, 13
911, 16
912, 14
913, 14
914, 16
915, 17
916, 13
917, 13
918, 18
919, 17
920, 16
921, 16
922, 17
923, 15
924, 0
925, 12
926, 0
927, 8
928, 0
929, 5
930, 0
931, 47
932, 0
933, 39
934, 39
935, 0
936, 47
937, 0
938, 15
939, 0
940, 8
941, 0
942, 6
943, 0
944, 30
945, 0
946, 5
947, 0
948, 47
949, 0
950, 40
951, 40
952, 0
953, 47
954, 0
955, 18
956, 0
957, 8
958, 0
959, 6
960, 0
961, 30
962, 0
963, 5
964, 0
965, 78
966, 0
967, 44
968, 44
969, 49
970, 0
971, 48
972, 0
973, 33
974, 0
975, 28
976, 0
977, 57
978, 0
979, 51
980, 53
981, 0
982, 8
983, 0
984, 6
985, 0
986, 28
987, 0
988, 5
989, 0
990, 78
991, 0
992, 44
993, 44
994, 49
995, 0
996, 46
997, 8
998, 0
999, 60
1000, 0
1001, 8
1002, 0
1003, 6
1004, 0
1005, 28
1006, 0
1007, 5
1008, 0
1009, 78
1010, 0
1011, 44
1012, 44
1013, 49
1014, 0
1015, 46
1016, 8
1017, 0
1018, 60
1019, 0
1020, 8
1021, 0
1022, 6
1023, 0
1024, 28
1025, 0
1026, 5
1027, 0
1028, 66
1029, 0
1030, 44
1031, 44
1032, 41
1033, 0
1034, 34
1035, 0
1036, 40
1037, 0
1038, 8
1039, 0
1040, 6
1041, 0
1042, 24
1043, 0
1044, 5
1045, 0
1046, 66
1047, 0
1048, 44
1049, 44
1050, 41
1051, 0
1052, 47
1053, 8
1054, 0
1055, 34
1056, 0
1057, 8
1058, 0
1059, 6
1060, 0
1061, 24
1062, 0
1063, 5
1064, 0
1065, 66
1066, 0
1067, 44
1068, 44
1069, 41
1070, 0
1071, 47
1072, 8
1073, 0
1074, 34
1075, 0
1076, 8
1077, 0
1078, 6
1079, 0
1080, 24
1081, 0
1082, 5
1083, 0
1084, 66
1085, 0
1086, 44
1087, 44
1088, 41
1089, 0
1090, 34
1091, 0
1092, 40
1093, 0
1094, 8
1095, 0
1096, 6
1097, 0
1098, 24
1099, 0
1100, 5
1101, 0
1102, 66
1103, 0
1104, 44
1105, 44
1106, 41
1107, 0
1108, 47
1109, 8
1110, 0
1111, 34
1112, 0
1113, 8
1114, 0
1115, 6
1116, 0
1117, 24
1118, 0
1119, 5
1120, 0
1121, 66
1122, 0
1123, 44
1124, 44
1125, 41
1126, 0
1127, 47
1128, 8
1129, 0
1130, 34
1131, 0
1132, 8
1133, 0
1134, 6
1135, 0
1136, 24
1137, 0
1138, 5
1139, 0
1140, 66
1141, 0
1142, 44
1143, 44
1144, 41
1145, 0
1146, 33
1147, 0
1148, 39
1149, 0
1150, 8
1151, 0
1152, 6
1153, 0
1154, 24
1155, 0
1156, 5
1157, 0
1158, 66
1159, 0
1160, 44
1161, 44
1162, 41
1163, 0
1164, 46
1165, 8
1166, 0
1167, 33
1168, 0
1169, 8
1170, 0
1171, 6
1172, 0
1173, 24
1174, 0
1175, 5
1176, 0
1177, 66
1178, 0
1179, 44
1180, 44
1181, 41
1182, 0
1183, 46
1184, 8
1185, 0
1186, 33
1187, 0
1188, 8
1189, 0
1190, 6
1191, 0
1192, 24
1193, 0
1194, 5
1195, 0
1196, 66
1197, 0
1198, 44
1199, 44
1200, 41
1201, 0
1202, 34
1203, 0
1204, 40
1205, 0
1206, 8
1207, 0
1208, 6
1209, 0
1210, 24
1211, 0
1212, 5
1213, 0
1214, 66
1215, 0
1216, 44
1217, 44
1218, 41
1219, 0
1220, 47
1221, 8
1222, 0
1223, 34
1224, 0
1225, 8
1226, 0
1227, 6
1228, 0
1229, 24
1230, 0
1231, 5
1232, 0
1233, 66
1234, 0
1235, 44
1236, 44
1237, 41
1238, 0
1239, 47
1240, 8
1241, 0
1242, 34
1243, 0
1244, 8
1245, 0
1246, 6
1247, 0
1248, 24
1249, 0
1250, 5
1251, 0
1252, 66
1253, 0
1254, 44
1255, 44
1256, 41
1257, 0
1258, 34
1259, 0
1260, 40
1261, 0
1262, 8
1263, 0
1264, 6
1265, 0
1266, 24
1267, 0
1268, 5
1269, 0
1270, 66
1271, 0
1272, 44
1273, 44
1274, 41
1275, 0
1276, 47
1277, 8
1278, 0
1279, 34
1280, 0
1281, 8
1282, 0
1283, 6
1284, 0
1285, 24
1286, 0
1287, 5
1288, 0
1289, 66
1290, 0
1291, 44
1292, 44
1293, 41
1294, 0
1295, 47
1296, 8
1297, 0
1298, 34
1299, 0
1300, 8
1301, 0
1302, 6
1303, 0
1304, 24
1305, 0
1306, 5
1307, 0
1308, 66
1309, 0
1310, 44
1311, 44
1312, 41
1313, 0
1314, 33
1315, 0
1316, 39
1317, 0
1318, 8
1319, 0
1320, 6
1321, 0
1322, 24
1323, 0
1324, 5
1325, 0
1326, 66
1327, 0
1328, 44
1329, 44
1330, 41
1331, 0
1332, 46
1333, 8
1334, 0
1335, 33
1336, 0
1337, 8
1338, 0
1339, 6
1340, 0
1341, 24
1342, 0
1343, 5
1344, 0
1345, 66
1346, 0
1347, 44
1348, 44
1349, 41
1350, 0
1351, 46
1352, 8
1353, 0
1354, 33
1355, 0
1356, 8
1357, 0
1358, 6
1359, 0
1360, 24
1361, 0
1362, 5
1363, 0
1364, 60
1365, 0
1366, 42
1367, 50
1368, 0
1369, 39
1370, 0
1371, 38
1372, 0
1373, 8
1374, 0
1375, 6
1376, 0
1377, 21
1378, 0
1379, 5
1380, 0
1381, 60
1382, 0
1383, 42
1384, 50
1385, 0
1386, 40
1387, 0
1388, 38
1389, 0
1390, 8
1391, 0
1392, 6
1393, 0
1394, 21
1395, 0
1396, 5
1397, 0
1398, 53
1399, 0
1400, 42
1401, 47
1402, 0
1403, 42
1404, 0
1405, 50
1406, 20
1407, 0
1408, 30
1409, 49
1410, 10
1411, 0
1412, 8
1413, 0
1414, 6
1415, 0
1416, 22
1417, 0
1418, 5
1419, 0
1420, 62
1421, 0
1422, 42
1423, 42
1424, 47
1425, 0
1426, 50
1427, 16
1428, 0
1429, 26
1430, 0
1431, 8
1432, 0
1433, 6
1434, 0
1435, 23
1436, 0
1437, 5
1438, 0
1439, 41
1440, 0
1441, 37
1442, 37
1443, 0
1444, 52
1445, 31
1446, 0
1447, 19
1448, 0
1449, 8
1450, 0
1451, 6
1452, 0
1453, 20
1454, 0
1455, 5
1456, 0
1457, 40
1458, 0
1459, 37
1460, 37
1461, 0
1462, 45
1463, 40
1464, 0
1465, 18
1466, 0
1467, 8
1468, 0
1469, 6
1470, 0
1471, 19
1472, 0
1473, 5
1474, 0
1475, 77
1476, 0
1477, 42
1478, 45
1479, 40
1480, 47
1481, 0
1482, 47
1483, 16
1484, 0
1485, 56
1486, 0
1487, 8
1488, 0
1489, 6
1490, 0
1491, 24
1492, 0
1493, 5
1494, 0
1495, 77
1496, 0
1497, 42
1498, 45
1499, 40
1500, 47
1501, 0
1502, 47
1503, 18
1504, 0
1505, 50
1506, 0
1507, 8
1508, 0
1509, 6
1510, 0
1511, 24
1512, 0
1513, 5
1514, 0
1515, 77
1516, 0
1517, 42
1518, 45
1519, 40
1520, 47
1521, 0
1522, 49
1523, 16
1524, 0
1525, 50
1526, 0
1527, 8
1528, 0
1529, 6
1530, 0
1531, 24
1532, 0
1533, 5
1534, 0
1535, 48
1536, 0
1537, 42
1538, 42
1539, 0
1540, 36
1541, 0
1542, 32
1543, 27
1544, 4
1545, 10
1546, 5
1547, 0
1548, 8
1549, 0
1550, 6
1551, 0
1552, 17
1553, 0
1554, 5
1555, 0
1556, 53
1557, 0
1558, 42
1559, 42
1560, 0
1561, 44
1562, 0
1563, 32
1564, 31
1565, 4
1566, 10
1567, 5
1568, 0
1569, 8
1570, 0
1571, 6
1572, 0
1573, 22
1574, 0
1575, 5
1576, 0
1577, 63
1578, 0
1579, 44
1580, 44
1581, 40
1582, 0
1583, 35
1584, 0
1585, 42
1586, 0
1587, 8
1588, 0
1589, 6
1590, 0
1591, 22
1592, 0
1593, 5
1594, 0
1595, 63
1596, 0
1597, 44
1598, 44
1599, 40
1600, 0
1601, 48
1602, 8
1603, 0
1604, 36
1605, 0
1606, 8
1607, 0
1608, 6
1609, 0
1610, 22
1611, 0
1612, 5
1613, 0
1614, 63
1615, 0
1616, 44
1617, 44
1618, 40
1619, 0
1620, 48
1621, 8
1622, 0
1623, 36
1624, 0
1625, 8
1626, 0
1627, 6
1628, 0
1629, 22
1630, 0
1631, 5
1632, 0
1633, 63
1634, 0
1635, 44
1636, 44
1637, 40
1638, 0
1639, 35
1640, 0
1641, 42
1642, 0
1643, 8
1644, 0
1645, 6
1646, 0
1647, 22
1648, 0
1649, 5
1650, 0
1651, 63
1652, 0
1653, 44
1654, 44
1655, 40
1656, 0
1657, 48
1658, 8
1659, 0
1660, 36
1661, 0
1662, 8
1663, 0
1664, 6
1665, 0
1666, 22
1667, 0
1668, 5
1669, 0
1670, 63
1671, 0
1672, 44
1673, 44
1674, 40
1675, 0
1676, 48
1677, 8
1678, 0
1679, 36
1680, 0
1681, 8
1682, 0
1683, 6
1684, 0
1685, 22
1686, 0
1687, 5
1688, 0
1689, 63
1690, 0
1691, 44
1692, 44
1693, 40
1694, 0
1695, 35
1696, 0
1697, 42
1698, 0
1699, 8
1700, 0
1701, 6
1702, 0
1703, 22
1704, 0
1705, 5
1706, 0
1707, 63
1708, 0
1709, 44
1710, 44
1711, 40
1712, 0
1713, 48
1714, 8
1715, 0
1716, 36
1717, 0
1718, 8
1719, 0
1720, 6
1721, 0
1722, 22
1723, 0
1724, 5
1725, 0
1726, 63
1727, 0
1728, 44
1729, 44
1730, 40
1731, 0
1732, 48
1733, 8
1734, 0
1735, 36
1736, 0
1737, 8
1738, 0
1739, 6
1740, 0
1741, 22
1742, 0
1743, 5
1744, 0
1745, 63
1746, 0
1747, 44
1748, 44
1749, 40
1750, 0
1751, 35
1752, 0
1753, 42
1754, 0
1755, 8
1756, 0
1757, 6
1758, 0
1759, 22
1760, 0
1761, 5
1762, 0
1763, 63
1764, 0
1765, 44
1766, 44
1767, 40
1768, 0
1769, 48
1770, 8
1771, 0
1772, 36
1773, 0
1774, 8
1775, 0
1776, 6
1777, 0
1778, 22
1779, 0
1780, 5
1781, 0
1782, 63
1783, 0
1784, 44
1785, 44
1786, 40
1787, 0
1788, 48
1789, 8
1790, 0
1791, 36
1792, 0
1793, 8
1794, 0
1795, 6
1796, 0
1797, 22
1798, 0
1799, 5
1800, 0
1801, 67
1802, 0
1803, 42
1804, 43
1805, 49
1806, 0
1807, 48
1808, 0
1809, 54
1810, 0
1811, 8
1812, 0
1813, 6
1814, 0
1815, 20
1816, 0
1817, 5
1818, 0
1819, 60
1820, 0
1821, 42
1822, 39
1823, 40
1824, 37
1825, 0
1826, 42
1827, 36
1828, 0
1829, 39
1830, 0
1831, 8
1832, 0
1833, 6
1834, 0
1835, 23
1836, 0
1837, 5
1838, 0
1839, 60
1840, 0
1841, 42
1842, 39
1843, 40
1844, 37
1845, 0
1846, 44
1847, 36
1848, 0
1849, 33
1850, 0
1851, 8
1852, 0
1853, 6
1854, 0
1855, 23
1856, 0
1857, 5
1858, 0
1859, 60
1860, 0
1861, 42
1862, 39
1863, 40
1864, 37
1865, 0
1866, 42
1867, 38
1868, 0
1869, 33
1870, 0
1871, 8
1872, 0
1873, 6
1874, 0
1875, 23
1876, 0
1877, 5
1878, 0
1879, 54
1880, 0
1881, 42
1882, 47
1883, 0
1884, 46
1885, 0
1886, 32
1887, 0
1888, 8
1889, 0
1890, 6
1891, 0
1892, 18
1893, 0
1894, 5
1895, 0
1896, 62
1897, 0
1898, 42
1899, 39
1900, 40
1901, 37
1902, 0
1903, 44
1904, 36
1905, 0
1906, 41
1907, 0
1908, 8
1909, 0
1910, 6
1911, 0
1912, 25
1913, 0
1914, 5
1915, 0
1916, 62
1917, 0
1918, 42
1919, 39
1920, 40
1921, 37
1922, 0
1923, 46
1924, 36
1925, 0
1926, 35
1927, 0
1928, 8
1929, 0
1930, 6
1931, 0
1932, 25
1933, 0
1934, 5
1935, 0
1936, 62
1937, 0
1938, 42
1939, 39
1940, 40
1941, 37
1942, 0
1943, 44
1944, 38
1945, 0
1946, 35
1947, 0
1948, 8
1949, 0
1950, 6
1951, 0
1952, 25
1953, 0
1954, 5
1955, 0
1956, 50
1957, 0
1958, 36
1959, 38
1960, 0
1961, 38
1962, 38
1963, 0
1964, 48
1965, 0
1966, 18
1967, 0
1968, 30
1969, 0
1970, 25
1971, 42
1972, 10
1973, 0
1974, 8
1975, 0
1976, 6
1977, 0
1978, 21
1979, 0
1980, 5
1981, 0
1982, 40
1983, 0
1984, 43
1985, 43
1986, 43
1987, 0
1988, 51
1989, 49
1990, 43
1991, 0
1992, 50
1993, 0
1994, 11
1995, 0
1996, 24
1997, 23
1998, 4
1999, 24
2000, 5
2001, 0
2002, 14
2003, 0
2004, 30
2005, 0
2006, 50
2007, 0
2008, 24
2009, 88
2010, 29
2011, 21
2012, 4
2013, 82
2014, 5
2015, 0
2016, 38
2017, 46
2018, 0
2019, 16
2020, 0
2021, 12
2022, 0
2023, 38
2024, 0
2025, 24
2026, 0
2027, 6
2028, 0
2029, 19
2030, 0
2031, 5
2032, 0
2033, 50
2034, 0
2035, 41
2036, 43
2037, 43
2038, 43
2039, 0
2040, 51
2041, 49
2042, 43
2043, 0
2044, 52
2045, 0
2046, 11
2047, 0
2048, 24
2049, 23
2050, 4
2051, 24
2052, 5
2053, 0
2054, 14
2055, 0
2056, 30
2057, 0
2058, 50
2059, 0
2060, 24
2061, 91
2062, 29
2063, 21
2064, 4
2065, 85
2066, 5
2067, 0
2068, 38
2069, 46
2070, 0
2071, 16
2072, 0
2073, 12
2074, 0
2075, 38
2076, 0
2077, 24
2078, 0
2079, 6
2080, 0
2081, 23
2082, 0
2083, 5
2084, 0
2085, 62
2086, 0
2087, 53
2088, 50
2089, 56
2090, 53
2091, 53
2092, 0
2093, 51
2094, 40
2095, 0
2096, 54
2097, 0
2098, 8
2099, 0
2100, 6
2101, 0
2102, 25
2103, 0
2104, 5
2105, 0
2106, 62
2107, 0
2108, 53
2109, 50
2110, 56
2111, 53
2112, 53
2113, 0
2114, 61
2115, 53
2116, 52
2117, 0
2118, 51
2119, 42
2120, 0
2121, 11
2122, 0
2123, 24
2124, 23
2125, 4
2126, 24
2127, 5
2128, 0
2129, 37
2130, 0
2131, 14
2132, 0
2133, 30
2134, 0
2135, 24
2136, 55
2137, 30
2138, 4
2139, 49
2140, 5
2141, 0
2142, 25
2143, 0
2144, 19
2145, 41
2146, 14
2147, 5
2148, 0
2149, 23
2150, 35
2151, 0
2152, 16
2153, 0
2154, 12
2155, 0
2156, 8
2157, 0
2158, 6
2159, 0
2160, 25
2161, 0
2162, 5
2163, 0
2164, 73
2165, 0
2166, 51
2167, 53
2168, 50
2169, 56
2170, 53
2171, 53
2172, 0
2173, 53
2174, 40
2175, 0
2176, 60
2177, 0
2178, 8
2179, 0
2180, 6
2181, 0
2182, 30
2183, 0
2184, 5
2185, 0
2186, 73
2187, 0
2188, 51
2189, 53
2190, 50
2191, 56
2192, 53
2193, 53
2194, 0
2195, 61
2196, 53
2197, 52
2198, 0
2199, 51
2200, 42
2201, 0
2202, 11
2203, 0
2204, 24
2205, 23
2206, 4
2207, 24
2208, 5
2209, 0
2210, 37
2211, 0
2212, 14
2213, 0
2214, 30
2215, 0
2216, 24
2217, 58
2218, 30
2219, 4
2220, 52
2221, 5
2222, 0
2223, 25
2224, 0
2225, 19
2226, 41
2227, 14
2228, 5
2229, 0
2230, 23
2231, 35
2232, 0
2233, 16
2234, 0
2235, 12
2236, 0
2237, 8
2238, 0
2239, 6
2240, 0
2241, 30
2242, 0
2243, 5
2244, 0
2245, 34
2246, 0
2247, 42
2248, 42
2249, 0
2250, 50
2251, 18
2252, 0
2253, 30
2254, 0
2255, 8
2256, 0
2257, 21
2258, 0
2259, 5
2260, 0
2261, 34
2262, 0
2263, 40
2264, 40
2265, 0
2266, 52
2267, 18
2268, 0
2269, 24
2270, 55
2271, 4
2272, 40
2273, 5
2274, 0
2275, 8
2276, 0
2277, 21
2278, 0
2279, 5
2280, 0
2281, 45
2282, 0
2283, 40
2284, 42
2285, 42
2286, 0
2287, 50
2288, 20
2289, 0
2290, 36
2291, 0
2292, 8
2293, 0
2294, 6
2295, 0
2296, 26
2297, 0
2298, 5
2299, 0
2300, 45
2301, 0
2302, 38
2303, 40
2304, 40
2305, 0
2306, 52
2307, 20
2308, 0
2309, 24
2310, 58
2311, 4
2312, 43
2313, 5
2314, 0
2315, 8
2316, 0
2317, 6
2318, 0
2319, 26
2320, 0
2321, 5
2322, 0
2323, 39
2324, 0
2325, 42
2326, 42
2327, 0
2328, 50
2329, 42
2330, 0
2331, 35
2332, 0
2333, 8
2334, 0
2335, 6
2336, 0
2337, 26
2338, 0
2339, 5
2340, 0
2341, 39
2342, 0
2343, 40
2344, 40
2345, 0
2346, 50
2347, 42
2348, 0
2349, 24
2350, 57
2351, 4
2352, 42
2353, 5
2354, 0
2355, 8
2356, 0
2357, 6
2358, 0
2359, 26
2360, 0
2361, 5
2362, 0
2363, 50
2364, 0
2365, 40
2366, 42
2367, 42
2368, 0
2369, 50
2370, 44
2371, 0
2372, 41
2373, 0
2374, 8
2375, 0
2376, 6
2377, 0
2378, 31
2379, 0
2380, 5
2381, 0
2382, 50
2383, 0
2384, 38
2385, 40
2386, 40
2387, 0
2388, 50
2389, 44
2390, 0
2391, 24
2392, 60
2393, 4
2394, 45
2395, 5
2396, 0
2397, 8
2398, 0
2399, 6
2400, 0
2401, 31
2402, 0
2403, 5
2404, 0
2405, 73
2406, 0
2407, 42
2408, 41
2409, 42
2410, 46
2411, 0
2412, 51
2413, 0
2414, 49
2415, 0
2416, 8
2417, 0
2418, 6
2419, 0
2420, 23
2421, 0
2422, 5
2423, 0
2424, 73
2425, 0
2426, 39
2427, 38
2428, 39
2429, 43
2430, 0
2431, 39
2432, 40
2433, 0
2434, 53
2435, 0
2436, 23
2437, 22
2438, 4
2439, 10
2440, 5
2441, 0
2442, 24
2443, 34
2444, 4
2445, 21
2446, 5
2447, 0
2448, 44
2449, 0
2450, 8
2451, 0
2452, 6
2453, 0
2454, 23
2455, 0
2456, 5
2457, 0
2458, 78
2459, 0
2460, 42
2461, 41
2462, 45
2463, 46
2464, 0
2465, 50
2466, 0
2467, 57
2468, 0
2469, 8
2470, 0
2471, 6
2472, 0
2473, 25
2474, 0
2475, 5
2476, 0
2477, 78
2478, 0
2479, 42
2480, 41
2481, 45
2482, 46
2483, 0
2484, 52
2485, 0
2486, 51
2487, 0
2488, 8
2489, 0
2490, 6
2491, 0
2492, 25
2493, 0
2494, 5
2495, 0
2496, 78
2497, 0
2498, 42
2499, 41
2500, 45
2501, 46
2502, 0
2503, 52
2504, 0
2505, 51
2506, 0
2507, 8
2508, 0
2509, 6
2510, 0
2511, 25
2512, 0
2513, 5
2514, 0
2515, 78
2516, 0
2517, 38
2518, 37
2519, 41
2520, 42
2521, 0
2522, 38
2523, 0
2524, 47
2525, 8
2526, 0
2527, 42
2528, 0
2529, 67
2530, 0
2531, 8
2532, 0
2533, 6
2534, 0
2535, 25
2536, 0
2537, 5
2538, 0
2539, 72
2540, 0
2541, 42
2542, 41
2543, 42
2544, 46
2545, 0
2546, 42
2547, 0
2548, 48
2549, 0
2550, 8
2551, 0
2552, 6
2553, 0
2554, 22
2555, 0
2556, 5
2557, 0
2558, 72
2559, 0
2560, 39
2561, 38
2562, 39
2563, 43
2564, 0
2565, 39
2566, 40
2567, 0
2568, 44
2569, 0
2570, 23
2571, 22
2572, 4
2573, 10
2574, 5
2575, 0
2576, 24
2577, 34
2578, 4
2579, 21
2580, 5
2581, 0
2582, 26
2583, 59
2584, 4
2585, 19
2586, 5
2587, 0
2588, 8
2589, 0
2590, 6
2591, 0
2592, 22
2593, 0
2594, 5
2595, 0
2596, 84
2597, 0
2598, 42
2599, 41
2600, 45
2601, 46
2602, 0
2603, 49
2604, 11
2605, 0
2606, 90
2607, 0
2608, 8
2609, 0
2610, 6
2611, 0
2612, 31
2613, 0
2614, 5
2615, 0
2616, 84
2617, 0
2618, 42
2619, 41
2620, 45
2621, 46
2622, 0
2623, 51
2624, 11
2625, 0
2626, 84
2627, 0
2628, 8
2629, 0
2630, 6
2631, 0
2632, 31
2633, 0
2634, 5
2635, 0
2636, 84
2637, 0
2638, 42
2639, 41
2640, 45
2641, 46
2642, 0
2643, 51
2644, 11
2645, 0
2646, 84
2647, 0
2648, 8
2649, 0
2650, 6
2651, 0
2652, 31
2653, 0
2654, 5
2655, 0
2656, 84
2657, 0
2658, 38
2659, 37
2660, 41
2661, 42
2662, 0
2663, 53
2664, 11
2665, 0
2666, 78
2667, 0
2668, 8
2669, 0
2670, 6
2671, 0
2672, 31
2673, 0
2674, 5
2675, 0
2676, 93
2677, 0
2678, 42
2679, 41
2680, 42
2681, 45
2682, 46
2683, 0
2684, 49
2685, 11
2686, 0
2687, 66
2688, 0
2689, 8
2690, 0
2691, 6
2692, 0
2693, 32
2694, 0
2695, 5
2696, 0
2697, 5
2698, 0
2699, 93
2700, 0
2701, 42
2702, 41
2703, 42
2704, 45
2705, 46
2706, 0
2707, 51
2708, 11
2709, 0
2710, 60
2711, 0
2712, 8
2713, 0
2714, 6
2715, 0
2716, 32
2717, 0
2718, 5
2719, 0
2720, 93
2721, 0
2722, 42
2723, 41
2724, 42
2725, 45
2726, 46
2727, 0
2728, 51
2729, 11
2730, 0
2731, 60
2732, 0
2733, 8
2734, 0
2735, 6
2736, 0
2737, 32
2738, 0
2739, 5
2740, 0
2741, 93
2742, 0
2743, 38
2744, 37
2745, 38
2746, 41
2747, 42
2748, 0
2749, 38
2750, 39
2751, 0
2752, 53
2753, 11
2754, 0
2755, 22
2756, 34
2757, 0
2758, 25
2759, 46
2760, 4
2761, 70
2762, 5
2763, 0
2764, 8
2765, 0
2766, 6
2767, 0
2768, 32
2769, 0
2770, 5
2771, 0
2772, 103
2773, 0
2774, 42
2775, 42
2776, 45
2777, 41
2778, 40
2779, 46
2780, 0
2781, 49
2782, 46
2783, 15
2784, 0
2785, 78
2786, 0
2787, 8
2788, 0
2789, 6
2790, 0
2791, 36
2792, 0
2793, 5
2794, 0
2795, 103
2796, 0
2797, 42
2798, 42
2799, 45
2800, 41
2801, 40
2802, 46
2803, 0
2804, 51
2805, 46
2806, 15
2807, 0
2808, 72
2809, 0
2810, 8
2811, 0
2812, 6
2813, 0
2814, 36
2815, 0
2816, 5
2817, 0
2818, 103
2819, 0
2820, 42
2821, 42
2822, 45
2823, 41
2824, 40
2825, 46
2826, 0
2827, 51
2828, 48
2829, 15
2830, 0
2831, 72
2832, 0
2833, 8
2834, 0
2835, 6
2836, 0
2837, 36
2838, 0
2839, 5
2840, 0
2841, 103
2842, 0
2843, 42
2844, 42
2845, 45
2846, 41
2847, 40
2848, 46
2849, 0
2850, 51
2851, 48
2852, 15
2853, 0
2854, 66
2855, 0
2856, 8
2857, 0
2858, 6
2859, 0
2860, 36
2861, 0
2862, 5
2863, 0
2864, 103
2865, 0
2866, 42
2867, 42
2868, 45
2869, 41
2870, 40
2871, 46
2872, 0
2873, 51
2874, 46
2875, 15
2876, 0
2877, 72
2878, 0
2879, 8
2880, 0
2881, 6
2882, 0
2883, 36
2884, 0
2885, 5
2886, 0
2887, 103
2888, 0
2889, 42
2890, 42
2891, 45
2892, 41
2893, 40
2894, 46
2895, 0
2896, 53
2897, 46
2898, 15
2899, 0
2900, 66
2901, 0
2902, 8
2903, 0
2904, 6
2905, 0
2906, 36
2907, 0
2908, 5
2909, 0
2910, 103
2911, 0
2912, 42
2913, 42
2914, 45
2915, 41
2916, 40
2917, 46
2918, 0
2919, 51
2920, 48
2921, 15
2922, 0
2923, 66
2924, 0
2925, 8
2926, 0
2927, 6
2928, 0
2929, 36
2930, 0
2931, 5
2932, 0
2933, 103
2934, 0
2935, 39
2936, 39
2937, 42
2938, 38
2939, 37
2940, 43
2941, 0
2942, 39
2943, 38
2944, 44
2945, 46
2946, 41
2947, 0
2948, 50
2949, 47
2950, 51
2951, 50
2952, 22
2953, 0
2954, 25
2955, 25
2956, 19
2957, 4
2958, 22
2959, 5
2960, 6
2961, 6
2962, 0
2963, 53
2964, 48
2965, 15
2966, 0
2967, 23
2968, 14
2969, 4
2970, 16
2971, 5
2972, 0
2973, 22
2974, 12
2975, 4
2976, 15
2977, 5
2978, 0
2979, 15
2980, 0
2981, 20
2982, 0
2983, 27
2984, 0
2985, 17
2986, 0
2987, 44
2988, 0
2989, 35
2990, 0
2991, 14
2992, 86
2993, 53
2994, 4
2995, 75
2996, 64
2997, 5
2998, 0
2999, 34
3000, 0
3001, 19
3002, 0
3003, 14
3004, 36
3005, 4
3006, 36
3007, 5
3008, 0
3009, 8
3010, 0
3011, 6
3012, 0
3013, 36
3014, 0
3015, 5
3016, 0
3017, 66
3018, 0
3019, 53
3020, 51
3021, 50
3022, 56
3023, 51
3024, 0
3025, 49
3026, 0
3027, 55
3028, 0
3029, 8
3030, 0
3031, 6
3032, 0
3033, 23
3034, 0
3035, 5
3036, 0
3037, 66
3038, 0
3039, 53
3040, 51
3041, 50
3042, 56
3043, 51
3044, 0
3045, 52
3046, 58
3047, 0
3048, 49
3049, 0
3050, 22
3051, 12
3052, 4
3053, 15
3054, 5
3055, 0
3056, 38
3057, 0
3058, 25
3059, 0
3060, 14
3061, 43
3062, 89
3063, 46
3064, 4
3065, 44
3066, 89
3067, 45
3068, 5
3069, 0
3070, 4
3071, 0
3072, 13
3073, 37
3074, 11
3075, 0
3076, 5
3077, 0
3078, 8
3079, 0
3080, 6
3081, 0
3082, 23
3083, 0
3084, 29
3085, 38
3086, 36
3087, 1
3088, 40
3089, 1
3090, 68
3091, 69
3092, 37
3093, 1
3094, 70
3095, 1
3096, 13
3097, 0
3098, 41
3099, 8
3100, 7
3101, 47
3102, 52
3103, 80
3104, 41
3105, 12
3106, 0
3107, 23
3108, 31
3109, 13
3110, 0
3111, 8
3112, 0
3113, 35
3114, 28
3115, 30
3116, 28
3117, 13
3118, 25
3119, 23
3120, 29
3121, 0
3122, 32
3123, 27
3124, 38
3125, 0
3126, 29
3127, 32
3128, 0
3129, 19
3130, 25
3131, 37
3132, 38
3133, 0
3134, 0
3135, 15
3136, 6
3137, 17
3138, 0
3139, 25
3140, 22
3141, 20
3142, 12
3143, 6
3144, 6
3145, 18
3146, 16
3147, 23
3148, 28
3149, 0
3150, 84
3151, 11
3152, 14
3153, 0
3154, 43
3155, 15
3156, 0
3157, 6
3158, 6
3159, 20
3160, 22
3161, 17
3162, 6
3163, 6
3164, 0
3165, 24
3166, 14
3167, 18
3168, 16
3169, 23
3170, 28
3171, 0
3172, 83
3173, 11
3174, 14
3175, 0
3176, 43
3177, 15
3178, 6
3179, 6
3180, 6
3181, 0
3182, 19
3183, 21
3184, 22
3185, 23
3186, 28
3187, 0
3188, 83
3189, 11
3190, 14
3191, 0
3192, 44
3193, 15
3194, 6
3195, 6
3196, 17
3197, 0
3198, 8
3199, 31
3200, 26
3201, 47
3202, 19
3203, 0
3204, 21
3205, 0
3206, 42
3207, 36
3208, 29
3209, 22
3210, 21
3211, 0
3212, 40
3213, 22
3214, 29
3215, 12
3216, 47
3217, 21
3218, 37
3219, 6
3220, 49
3221, 20
3222, 0
3223, 32
3224, 35
3225, 77
3226, 73
3227, 0
3228, 31
3229, 30
3230, 33
3231, 0
3232, 78
3233, 17
3234, 16
3235, 12
3236, 31
3237, 64
3238, 39
3239, 16
3240, 6
3241, 41
3242, 35
3243, 15
3244, 12
3245, 39
3246, 16
3247, 6
3248, 35
3249, 20
3250, 33
3251, 4
3252, 41
3253, 6
3254, 18
3255, 6
3256, 12
3257, 17
3258, 6
3259, 0
3260, 8
3261, 0
3262, 22
3263, 46
3264, 31
3265, 12
3266, 19
3267, 33
3268, 12
3269, 18
3270, 26
3271, 22
3272, 0
3273, 17
3274, 0
