1, 32
2, 36
3, 1
4, 62
5, 46
6, 0
7, 29
8, 0
9, 13
10, 21
11, 22
12, 15
13, 8
14, 0
15, 51
16, 31
17, 38
18, 0
19, 24
20, 0
21, 33
22, 0
23, 19
24, 21
25, 17
26, 0
27, 11
28, 0
29, 12
30, 0
31, 57
32, 0
33, 26
34, 17
35, 4
36, 68
37, 6
38, 0
39, 12
40, 0
41, 43
42, 40
43, 0
44, 19
45, 59
46, 36
47, 5
48, 4
49, 30
50, 6
51, 0
52, 12
53, 0
54, 42
55, 0
56, 27
57, 23
58, 24
59, 6
60, 0
61, 16
62, 0
63, 7
64, 0
65, 58
66, 56
67, 35
68, 0
69, 21
70, 0
71, 12
72, 0
73, 26
74, 23
75, 4
76, 12
77, 6
78, 0
79, 27
80, 43
81, 103
82, 0
83, 23
84, 0
85, 41
86, 0
87, 39
88, 46
89, 9
90, 23
91, 33
92, 28
93, 20
94, 0
95, 34
96, 28
97, 20
98, 6
99, 104
100, 10
101, 0
102, 103
103, 0
104, 34
105, 38
106, 30
107, 0
108, 17
109, 0
110, 45
111, 74
112, 0
113, 17
114, 19
115, 0
116, 9
117, 38
118, 5
119, 2
120, 20
121, 14
122, 26
123, 6
124, 16
125, 12
126, 6
127, 12
128, 14
129, 6
130, 4
131, 42
132, 14
133, 18
134, 6
135, 9
136, 11
137, 2
138, 3
139, 5
140, 9
141, 14
142, 16
143, 13
144, 6
145, 6
146, 4
147, 10
148, 9
149, 9
150, 3
151, 16
152, 43
153, 6
154, 2
155, 13
156, 50
157, 3
158, 4
159, 16
160, 5
161, 3
162, 11
163, 19
164, 5
165, 4
166, 4
167, 16
168, 13
169, 28
170, 6
171, 6
172, 4
173, 12
174, 0
175, 31
176, 35
177, 27
178, 0
179, 17
180, 0
181, 15
182, 12
183, 11
184, 8
185, 0
186, 21
187, 1
188, 63
189, 50
190, 17
191, 16
192, 17
193, 16
194, 24
195, 30
196, 22
197, 12
198, 1
199, 65
200, 92
201, 23
202, 35
203, 15
204, 33
205, 53
206, 18
207, 3
208, 24
209, 4
210, 4
211, 22
212, 4
213, 10
214, 10
215, 4
216, 7
217, 1
218, 66
219, 62
220, 25
221, 16
222, 10
223, 29
224, 32
225, 48
226, 18
227, 7
228, 3
229, 4
230, 11
231, 10
232, 9
233, 10
234, 4
235, 4
236, 7
237, 1
238, 65
239, 18
240, 44
241, 17
242, 17
243, 17
244, 17
245, 17
246, 17
247, 17
248, 17
249, 17
250, 17
251, 17
252, 17
253, 17
254, 16
255, 0
256, 25
257, 62
258, 28
259, 28
260, 27
261, 0
262, 28
263, 45
264, 45
265, 45
266, 45
267, 45
268, 45
269, 37
270, 0
271, 18
272, 16
273, 17
274, 22
275, 0
276, 4
277, 22
278, 14
279, 13
280, 6
281, 0
282, 4
283, 30
284, 22
285, 21
286, 6
287, 0
288, 30
289, 26
290, 0
291, 33
292, 38
293, 0
294, 38
295, 54
296, 32
297, 36
298, 27
299, 0
300, 19
301, 31
302, 35
303, 27
304, 0
305, 17
306, 0
307, 12
308, 18
309, 15
310, 20
311, 8
312, 1
313, 10
314, 15
315, 22
316, 21
317, 24
318, 16
319, 17
320, 8
321, 1
322, 11
323, 22
324, 14
325, 8
326, 1
327, 51
328, 80
329, 24
330, 11
331, 22
332, 6
333, 4
334, 26
335, 12
336, 1
337, 53
338, 65
339, 25
340, 24
341, 33
342, 47
343, 29
344, 30
345, 43
346, 34
347, 18
348, 14
349, 18
350, 11
351, 12
352, 1
353, 54
354, 60
355, 20
356, 25
357, 49
358, 61
359, 63
360, 64
361, 66
362, 67
363, 41
364, 0
365, 44
366, 0
367, 20
368, 42
369, 27
370, 51
371, 18
372, 17
373, 13
374, 12
375, 10
376, 12
377, 1
378, 55
379, 46
380, 29
381, 16
382, 21
383, 18
384, 13
385, 11
386, 20
387, 20
388, 15
389, 4
390, 4
391, 20
392, 14
393, 7
394, 1
395, 52
396, 84
397, 47
398, 54
399, 7
400, 12
401, 45
402, 11
403, 18
404, 4
405, 15
406, 12
407, 19
408, 14
409, 33
410, 18
411, 21
412, 4
413, 40
414, 25
415, 6
416, 12
417, 1
418, 37
419, 56
420, 59
421, 21
422, 39
423, 17
424, 14
425, 27
426, 12
427, 4
428, 27
429, 31
430, 22
431, 17
432, 22
433, 37
434, 21
435, 6
436, 4
437, 6
438, 11
439, 12
440, 1
441, 54
442, 61
443, 18
444, 40
445, 18
446, 12
447, 1
448, 54
449, 82
450, 33
451, 22
452, 12
453, 5
454, 38
455, 23
456, 5
457, 4
458, 45
459, 15
460, 12
461, 1
462, 54
463, 53
464, 30
465, 37
466, 21
467, 25
468, 16
469, 19
470, 0
471, 33
472, 45
473, 0
474, 24
475, 19
476, 19
477, 14
478, 32
479, 13
480, 19
481, 4
482, 9
483, 12
484, 1
485, 53
486, 45
487, 30
488, 24
489, 0
490, 20
491, 32
492, 22
493, 19
494, 17
495, 0
496, 46
497, 0
498, 9
499, 8
500, 17
501, 16
502, 24
503, 9
504, 16
505, 4
506, 0
507, 37
508, 5
509, 0
510, 37
511, 18
512, 0
513, 16
514, 22
515, 19
516, 4
517, 17
518, 4
519, 0
520, 12
521, 22
522, 23
523, 27
524, 14
525, 6
526, 4
527, 4
528, 0
529, 21
530, 67
531, 4
532, 17
533, 15
534, 0
535, 14
536, 7
537, 1
538, 53
539, 50
540, 30
541, 24
542, 19
543, 24
544, 61
545, 0
546, 71
547, 15
548, 7
549, 1
550, 53
551, 14
552, 37
553, 34
554, 29
555, 20
556, 0
557, 24
558, 22
559, 23
560, 12
561, 2
562, 2
563, 2
564, 66
565, 30
566, 30
567, 30
568, 15
569, 18
570, 0
571, 15
572, 0
573, 31
574, 28
575, 0
576, 10
577, 10
578, 32
579, 17
580, 34
581, 25
582, 32
583, 25
584, 37
585, 28
586, 12
587, 19
588, 4
589, 15
590, 6
591, 4
592, 8
593, 0
594, 24
595, 37
596, 37
597, 35
598, 36
599, 38
600, 44
601, 50
602, 19
603, 5
604, 32
605, 36
606, 28
607, 0
608, 17
609, 15
610, 0
611, 25
612, 25
613, 69
614, 44
615, 17
616, 41
617, 20
618, 19
619, 17
620, 19
621, 30
622, 4
623, 9
624, 12
625, 0
626, 33
627, 17
628, 17
629, 21
630, 5
631, 6
632, 34
633, 1
634, 16
635, 22
636, 11
637, 22
638, 15
639, 28
640, 8
641, 4
642, 9
643, 4
644, 4
645, 3
646, 0
647, 0
648, 32
649, 35
650, 45
651, 38
652, 0
653, 17
654, 0
655, 21
656, 30
657, 11
658, 0
659, 11
660, 9
661, 16
662, 8
663, 0
664, 50
665, 15
666, 0
667, 20
668, 21
669, 42
670, 0
671, 18
672, 20
673, 29
674, 21
675, 56
676, 0
677, 23
678, 0
679, 8
680, 19
681, 15
682, 16
683, 8
684, 0
685, 35
686, 18
687, 17
688, 33
689, 8
690, 0
691, 15
692, 35
693, 8
694, 0
695, 15
696, 44
697, 8
698, 0
699, 27
700, 14
701, 17
702, 22
703, 19
704, 8
705, 0
706, 35
707, 18
708, 17
709, 33
710, 17
711, 14
712, 8
713, 0
714, 20
715, 35
716, 8
717, 38
718, 15
719, 104
720, 8
721, 0
722, 10
723, 39
724, 37
725, 20
726, 19
727, 8
728, 0
729, 16
730, 33
731, 8
732, 0
733, 34
734, 25
735, 44
736, 26
737, 46
738, 26
739, 30
740, 34
741, 31
742, 30
743, 0
744, 16
745, 15
746, 17
747, 17
748, 0
749, 22
750, 52
751, 23
752, 45
753, 20
754, 6
755, 28
756, 21
757, 57
758, 6
759, 36
760, 29
761, 13
762, 12
763, 0
764, 19
765, 16
766, 24
767, 25
768, 17
769, 6
770, 14
771, 6
772, 15
773, 13
774, 12
775, 7
776, 0
777, 47
778, 57
779, 16
780, 51
781, 16
782, 21
783, 17
784, 19
785, 6
786, 7
787, 38
788, 42
789, 94
790, 97
791, 43
792, 47
793, 0
794, 13
795, 0
796, 44
797, 37
798, 40
799, 37
800, 41
801, 45
802, 59
803, 0
804, 73
805, 23
806, 26
807, 43
808, 12
809, 9
810, 22
811, 22
812, 27
813, 31
814, 50
815, 6
816, 6
817, 6
818, 4
819, 9
820, 6
821, 12
822, 12
823, 0
824, 40
825, 21
826, 18
827, 25
828, 18
829, 0
830, 17
831, 23
832, 17
833, 0
834, 18
835, 25
836, 18
837, 7
838, 0
839, 42
840, 21
841, 17
842, 24
843, 25
844, 24
845, 24
846, 25
847, 18
848, 7
849, 0
850, 57
851, 24
852, 24
853, 24
854, 24
855, 24
856, 24
857, 25
858, 25
859, 7
860, 0
861, 57
862, 25
863, 25
864, 25
865, 25
866, 24
867, 24
868, 25
869, 25
870, 7
871, 0
872, 57
873, 24
874, 24
875, 25
876, 25
877, 25
878, 25
879, 25
880, 25
881, 7
882, 0
883, 57
884, 25
885, 25
886, 24
887, 24
888, 25
889, 25
890, 25
891, 25
892, 25
893, 25
894, 7
895, 0
896, 57
897, 25
898, 25
899, 25
900, 25
901, 24
902, 24
903, 25
904, 25
905, 7
906, 0
907, 57
908, 25
909, 25
910, 25
911, 25
912, 25
913, 25
914, 25
915, 25
916, 25
917, 25
918, 7
919, 0
920, 57
921, 25
922, 25
923, 25
924, 25
925, 25
926, 25
927, 25
928, 25
929, 7
930, 0
931, 57
932, 25
933, 25
934, 25
935, 25
936, 25
937, 25
938, 25
939, 25
940, 7
941, 0
942, 57
943, 24
944, 24
945, 24
946, 24
947, 25
948, 25
949, 24
950, 24
951, 7
952, 0
953, 57
954, 24
955, 24
956, 24
957, 24
958, 25
959, 25
960, 24
961, 24
962, 25
963, 25
964, 7
965, 0
966, 59
967, 22
968, 18
969, 18
970, 13
971, 0
972, 35
973, 27
974, 36
975, 18
976, 22
977, 6
978, 0
979, 22
980, 6
981, 31
982, 6
983, 31
984, 6
985, 31
986, 6
987, 31
988, 6
989, 31
990, 6
991, 31
992, 6
993, 31
994, 6
995, 31
996, 6
997, 31
998, 6
999, 31
1000, 10
1001, 0
1002, 18
1003, 35
1004, 27
1005, 34
1006, 6
1007, 4
1008, 27
1009, 36
1010, 6
1011, 6
1012, 6
1013, 6
1014, 7
1015, 0
1016, 146
1017, 0
1018, 58
1019, 60
1020, 8
1021, 12
1022, 0
1023, 71
1024, 38
1025, 12
1026, 0
1027, 39
1028, 24
1029, 18
1030, 30
1031, 0
1032, 15
1033, 0
1034, 27
1035, 36
1036, 17
1037, 14
1038, 6
1039, 0
1040, 33
1041, 0
1042, 27
1043, 20
1044, 32
1045, 37
1046, 14
1047, 0
1048, 16
1049, 18
1050, 43
1051, 6
1052, 37
1053, 0
1054, 16
1055, 18
1056, 41
1057, 6
1058, 37
1059, 6
1060, 4
1061, 16
1062, 19
1063, 43
1064, 6
1065, 37
1066, 6
1067, 0
1068, 16
1069, 19
1070, 43
1071, 6
1072, 37
1073, 6
1074, 6
1075, 47
1076, 46
1077, 6
1078, 7
1079, 0
1080, 34
1081, 16
1082, 27
1083, 23
1084, 6
1085, 7
1086, 0
1087, 64
1088, 16
1089, 27
1090, 41
1091, 6
1092, 9
1093, 12
1094, 0
1095, 53
1096, 16
1097, 27
1098, 29
1099, 24
1100, 6
1101, 6
1102, 7
1103, 0
1104, 77
1105, 16
1106, 19
1107, 39
1108, 39
1109, 16
1110, 12
1111, 22
1112, 37
1113, 6
1114, 6
1115, 6
1116, 7
1117, 0
1118, 39
1119, 30
1120, 30
1121, 28
1122, 16
1123, 19
1124, 64
1125, 0
1126, 15
1127, 15
1128, 0
1129, 16
1130, 62
1131, 0
1132, 33
1133, 68
1134, 12
1135, 6
1136, 0
1137, 38
1138, 27
1139, 35
1140, 6
1141, 64
1142, 4
1143, 30
1144, 6
1145, 27
1146, 45
1147, 6
1148, 0
1149, 27
1150, 18
1151, 6
1152, 11
1153, 12
1154, 0
1155, 17
1156, 16
1157, 14
1158, 23
1159, 27
1160, 32
1161, 22
1162, 13
1163, 6
1164, 35
1165, 11
1166, 42
1167, 7
1168, 0
1169, 34
1170, 16
1171, 27
1172, 21
1173, 6
1174, 7
1175, 0
1176, 22
1177, 19
1178, 55
1179, 12
1180, 27
1181, 33
1182, 14
1183, 13
1184, 6
1185, 12
1186, 4
1187, 17
1188, 17
1189, 16
1190, 16
1191, 27
1192, 33
1193, 0
1194, 64
1195, 16
1196, 28
1197, 16
1198, 6
1199, 61
1200, 15
1201, 27
1202, 15
1203, 6
1204, 16
1205, 6
1206, 31
1207, 29
1208, 6
1209, 7
1210, 0
1211, 39
1212, 21
1213, 19
1214, 14
1215, 5
1216, 27
1217, 25
1218, 27
1219, 19
1220, 6
1221, 6
1222, 5
1223, 19
1224, 4
1225, 5
1226, 7
1227, 0
1228, 21
1229, 29
1230, 5
1231, 5
1232, 17
1233, 16
1234, 7
1235, 0
1236, 19
1237, 17
1238, 14
1239, 7
1240, 0
1241, 34
1242, 16
1243, 21
1244, 19
1245, 27
1246, 76
1247, 36
1248, 6
1249, 17
1250, 12
1251, 0
1252, 20
1253, 38
1254, 18
1255, 21
1256, 30
1257, 49
1258, 0
1259, 27
1260, 27
1261, 23
1262, 0
1263, 35
1264, 40
1265, 27
1266, 50
1267, 41
1268, 26
1269, 6
1270, 6
1271, 6
1272, 20
1273, 6
1274, 6
1275, 4
1276, 14
1277, 6
1278, 6
1279, 7
1280, 0
1281, 5
1282, 0
1283, 19
1284, 13
1285, 12
1286, 0
1287, 15
1288, 16
1289, 0
1290, 15
1291, 32
1292, 36
1293, 30
1294, 25
1295, 57
1296, 36
1297, 50
1298, 46
1299, 0
1300, 17
1301, 0
1302, 11
1303, 35
1304, 8
1305, 0
1306, 53
1307, 24
1308, 24
1309, 22
1310, 0
1311, 35
1312, 7
1313, 17
1314, 17
1315, 17
1316, 18
1317, 18
1318, 18
1319, 27
1320, 0
1321, 11
1322, 37
1323, 38
1324, 38
1325, 54
1326, 54
1327, 55
1328, 53
1329, 0
1330, 10
1331, 37
1332, 37
1333, 38
1334, 55
1335, 54
1336, 54
1337, 53
1338, 0
1339, 10
1340, 37
1341, 38
1342, 38
1343, 54
1344, 54
1345, 55
1346, 53
1347, 0
1348, 11
1349, 37
1350, 38
1351, 37
1352, 54
1353, 54
1354, 55
1355, 53
1356, 7
1357, 0
1358, 65
1359, 24
1360, 16
1361, 22
1362, 35
1363, 35
1364, 35
1365, 6
1366, 35
1367, 35
1368, 35
1369, 7
1370, 0
1371, 66
1372, 37
1373, 19
1374, 22
1375, 68
1376, 28
1377, 20
1378, 20
1379, 20
1380, 43
1381, 39
1382, 6
1383, 6
1384, 8
1385, 12
1386, 0
1387, 39
1388, 84
1389, 44
1390, 19
1391, 23
1392, 24
1393, 13
1394, 26
1395, 13
1396, 18
1397, 18
1398, 18
1399, 43
1400, 43
1401, 19
1402, 17
1403, 17
1404, 17
1405, 19
1406, 17
1407, 17
1408, 17
1409, 6
1410, 6
1411, 24
1412, 13
1413, 20
1414, 20
1415, 20
1416, 6
1417, 7
1418, 0
1419, 17
1420, 10
1421, 19
1422, 17
1423, 23
1424, 31
1425, 22
1426, 35
1427, 48
1428, 0
1429, 14
1430, 34
1431, 6
1432, 48
1433, 7
1434, 0
1435, 6
1436, 0
1437, 34
1438, 38
1439, 32
1440, 40
1441, 0
1442, 24
1443, 54
1444, 26
1445, 9
1446, 5
1447, 11
1448, 20
1449, 10
1450, 11
1451, 11
1452, 12
1453, 6
1454, 4
1455, 6
1456, 6
1457, 4
1458, 52
1459, 7
1460, 0
1461, 21
1462, 0
1463, 19
1464, 14
1465, 27
1466, 6
1467, 32
1468, 36
1469, 35
1470, 1
1471, 17
1472, 15
1473, 13
1474, 28
1475, 1
1476, 47
1477, 14
1478, 20
1479, 19
1480, 3
1481, 14
1482, 14
1483, 11
1484, 33
1485, 6
1486, 4
1487, 55
1488, 4
1489, 7
1490, 1
1491, 48
1492, 32
1493, 18
1494, 65
1495, 49
1496, 12
1497, 1
1498, 48
1499, 19
1500, 34
1501, 40
1502, 9
1503, 19
1504, 15
1505, 22
1506, 4
1507, 48
1508, 0
1509, 9
1510, 19
1511, 16
1512, 22
1513, 4
1514, 49
1515, 0
1516, 15
1517, 18
1518, 22
1519, 4
1520, 79
1521, 43
1522, 43
1523, 7
1524, 1
1525, 49
1526, 16
1527, 56
1528, 14
1529, 17
1530, 29
1531, 16
1532, 47
1533, 27
1534, 10
1535, 15
1536, 12
1537, 3
1538, 31
1539, 35
1540, 27
1541, 0
1542, 17
1543, 15
1544, 13
1545, 28
1546, 1
1547, 47
1548, 31
1549, 23
1550, 7
1551, 5
1552, 3
1553, 11
1554, 41
1555, 6
1556, 11
1557, 11
1558, 31
1559, 6
1560, 4
1561, 6
1562, 4
1563, 4
1564, 10
1565, 12
1566, 1
1567, 49
1568, 8
1569, 17
1570, 56
1571, 14
1572, 17
1573, 29
1574, 16
1575, 47
1576, 51
1577, 51
1578, 12
1579, 3
1580, 31
1581, 35
1582, 27
1583, 0
1584, 17
1585, 13
1586, 20
1587, 35
1588, 21
1589, 23
1590, 9
1591, 10
1592, 0
1593, 16
1594, 10
1595, 11
1596, 11
1597, 11
1598, 0
1599, 22
1600, 20
1601, 27
1602, 28
1603, 28
1604, 15
1605, 16
1606, 17
1607, 27
1608, 9
1609, 6
1610, 0
1611, 33
1612, 32
1613, 33
1614, 37
1615, 39
1616, 34
1617, 38
1618, 46
1619, 33
1620, 32
1621, 36
1622, 38
1623, 60
1624, 0
1625, 17
1626, 17
1627, 0
1628, 13
1629, 0
1630, 10
1631, 58
1632, 43
1633, 34
1634, 57
1635, 8
1636, 1
1637, 43
1638, 89
1639, 28
1640, 28
1641, 28
1642, 31
1643, 28
1644, 31
1645, 28
1646, 28
1647, 31
1648, 28
1649, 7
1650, 0
1651, 42
1652, 89
1653, 28
1654, 28
1655, 31
1656, 28
1657, 28
1658, 28
1659, 31
1660, 28
1661, 31
1662, 28
1663, 7
1664, 0
1665, 20
1666, 58
1667, 27
1668, 31
1669, 27
1670, 31
1671, 31
1672, 24
1673, 12
1674, 0
1675, 48
1676, 57
1677, 30
1678, 9
1679, 9
1680, 42
1681, 19
1682, 39
1683, 8
1684, 6
1685, 18
1686, 12
1687, 0
1688, 35
1689, 28
1690, 20
1691, 16
1692, 8
1693, 8
1694, 25
1695, 25
1696, 25
1697, 25
1698, 15
1699, 15
1700, 15
1701, 2
1702, 17
1703, 25
1704, 30
1705, 29
1706, 4
1707, 32
1708, 4
1709, 6
1710, 4
1711, 7
1712, 0
1713, 14
1714, 23
1715, 24
1716, 12
1717, 0
1718, 0
1719, 32
1720, 36
1721, 30
1722, 47
1723, 0
1724, 17
1725, 0
1726, 13
1727, 0
1728, 63
1729, 28
1730, 34
1731, 30
1732, 12
1733, 0
1734, 43
1735, 22
1736, 26
1737, 12
1738, 0
1739, 43
1740, 26
1741, 34
1742, 12
1743, 0
1744, 83
1745, 74
1746, 8
1747, 12
1748, 0
1749, 81
1750, 88
1751, 8
1752, 12
1753, 0
1754, 16
1755, 0
1756, 27
1757, 19
1758, 43
1759, 50
1760, 60
1761, 30
1762, 56
1763, 32
1764, 36
1765, 38
1766, 47
1767, 0
1768, 17
1769, 23
1770, 29
1771, 0
1772, 11
1773, 18
1774, 19
1775, 8
1776, 0
1777, 76
1778, 14
1779, 22
1780, 19
1781, 14
1782, 4
1783, 20
1784, 18
1785, 4
1786, 6
1787, 33
1788, 27
1789, 6
1790, 20
1791, 12
1792, 0
1793, 30
1794, 0
1795, 44
1796, 76
1797, 21
1798, 16
1799, 29
1800, 2
1801, 40
1802, 21
1803, 13
1804, 29
1805, 4
1806, 29
1807, 15
1808, 12
1809, 0
1810, 74
1811, 69
1812, 57
1813, 18
1814, 27
1815, 23
1816, 21
1817, 49
1818, 56
1819, 20
1820, 32
1821, 16
1822, 12
1823, 2
1824, 79
1825, 16
1826, 28
1827, 21
1828, 31
1829, 24
1830, 11
1831, 4
1832, 20
1833, 23
1834, 16
1835, 31
1836, 15
1837, 12
1838, 0
1839, 49
1840, 84
1841, 18
1842, 27
1843, 23
1844, 44
1845, 56
1846, 20
1847, 32
1848, 2
1849, 79
1850, 10
1851, 11
1852, 4
1853, 12
1854, 12
1855, 0
1856, 48
1857, 61
1858, 61
1859, 61
1860, 61
1861, 36
1862, 1
1863, 0
1864, 46
1865, 73
1866, 73
1867, 62
1868, 1
1869, 0
1870, 0
1871, 25
1872, 25
1873, 30
1874, 20
1875, 0
1876, 33
1877, 55
1878, 0
1879, 17
1880, 9
1881, 57
1882, 7
1883, 4
1884, 0
1885, 9
1886, 14
1887, 2
1888, 23
1889, 55
1890, 7
1891, 15
1892, 4
1893, 61
1894, 0
1895, 32
1896, 36
1897, 28
1898, 1
1899, 15
1900, 13
1901, 17
1902, 21
1903, 23
1904, 41
1905, 19
1906, 19
1907, 19
1908, 19
1909, 19
1910, 18
1911, 0
1912, 30
1913, 1
1914, 46
1915, 11
1916, 5
1917, 45
1918, 20
1919, 32
1920, 32
1921, 30
1922, 30
1923, 4
1924, 7
1925, 1
1926, 47
1927, 41
1928, 16
1929, 25
1930, 20
1931, 4
1932, 8
1933, 12
1934, 12
1935, 14
1936, 5
1937, 5
1938, 5
1939, 4
1940, 7
1941, 1
1942, 47
1943, 44
1944, 17
1945, 5
1946, 19
1947, 4
1948, 7
1949, 33
1950, 5
1951, 11
1952, 7
1953, 11
1954, 4
1955, 4
1956, 4
1957, 7
1958, 1
1959, 48
1960, 23
1961, 13
1962, 11
1963, 30
1964, 7
1965, 26
1966, 3
1967, 6
1968, 2
1969, 21
1970, 5
1971, 12
1972, 35
1973, 5
1974, 6
1975, 17
1976, 22
1977, 15
1978, 13
1979, 6
1980, 3
1981, 6
1982, 11
1983, 6
1984, 10
1985, 17
1986, 16
1987, 14
1988, 5
1989, 12
1990, 3
1991, 32
1992, 36
1993, 30
1994, 44
1995, 25
1996, 0
1997, 51
1998, 0
1999, 53
2000, 36
2001, 12
2002, 0
2003, 69
2004, 19
2005, 18
2006, 9
2007, 18
2008, 25
2009, 6
2010, 6
2011, 7
2012, 0
2013, 70
2014, 19
2015, 16
2016, 9
2017, 16
2018, 27
2019, 6
2020, 6
2021, 7
2022, 0
2023, 73
2024, 18
2025, 25
2026, 30
2027, 7
2028, 0
2029, 22
2030, 0
2031, 20
2032, 21
2033, 33
2034, 16
2035, 8
2036, 6
2037, 14
2038, 28
2039, 28
2040, 6
2041, 12
2042, 18
2043, 34
2044, 6
2045, 0
2046, 20
2047, 20
2048, 57
2049, 21
2050, 19
2051, 42
2052, 17
2053, 0
2054, 17
2055, 13
2056, 21
2057, 7
2058, 26
2059, 16
2060, 4
2061, 21
2062, 0
