1, 44
2, 36
3, 2
4, 32
5, 27
6, 1
7, 1
8, 34
9, 27
10, 48
11, 4
12, 1
13, 32
14, 43
15, 23
16, 13
17, 81
18, 4
19, 1
20, 25
21, 14
22, 1
23, 55
24, 1
25, 30
26, 48
27, 1
28, 84
29, 19
30, 1
31, 47
32, 1
33, 44
34, 50
35, 1
36, 12
37, 1
38, 25
39, 41
40, 36
41, 1
42, 42
43, 36
44, 6
45, 1
46, 71
47, 4
48, 1
49, 86
50, 1
51, 40
52, 36
53, 2
54, 32
55, 45
56, 1
57, 1
58, 34
59, 27
60, 48
61, 4
62, 1
63, 32
64, 40
65, 23
66, 13
67, 81
68, 4
69, 1
70, 25
71, 14
72, 1
73, 43
74, 1
75, 30
76, 48
77, 1
78, 84
79, 19
80, 1
81, 47
82, 1
83, 35
84, 44
85, 41
86, 1
87, 12
88, 1
89, 25
90, 41
91, 36
92, 1
93, 42
94, 36
95, 6
96, 1
97, 71
98, 4
99, 1
100, 86
101, 1
102, 1
103, 42
104, 42
105, 42
106, 42
107, 42
108, 42
109, 42
110, 1
111, 17
112, 1
113, 30
114, 26
115, 36
116, 29
117, 43
118, 1
119, 48
120, 50
121, 15
122, 2
123, 50
124, 33
125, 46
126, 15
127, 12
128, 15
129, 55
130, 25
131, 1
132, 28
133, 29
134, 19
135, 8
136, 10
137, 1
138, 59
139, 24
140, 38
141, 33
142, 27
143, 25
144, 29
145, 11
146, 32
147, 40
148, 39
149, 10
150, 27
151, 1
152, 15
153, 1
154, 35
155, 16
156, 26
157, 21
158, 43
159, 20
160, 45
161, 23
162, 42
163, 12
164, 8
165, 1
166, 55
167, 32
168, 4
169, 2
170, 1
171, 10
172, 43
173, 11
174, 40
175, 37
176, 1
177, 34
178, 51
179, 30
180, 40
181, 1
182, 18
183, 1
184, 53
185, 15
186, 70
187, 69
188, 71
189, 9
190, 1
191, 17
192, 1
193, 71
194, 1
195, 65
196, 23
197, 11
198, 8
199, 27
200, 14
201, 20
202, 24
203, 4
204, 1
205, 19
206, 21
207, 48
208, 1
209, 27
210, 23
211, 30
212, 6
213, 4
214, 1
215, 15
216, 85
217, 1
218, 31
219, 19
220, 29
221, 1
222, 30
223, 19
224, 21
225, 1
226, 28
227, 14
228, 16
229, 46
230, 1
231, 38
232, 22
233, 13
234, 16
235, 12
236, 10
237, 8
238, 6
239, 1
240, 11
241, 22
242, 1
243, 32
244, 31
245, 38
246, 52
247, 1
248, 51
249, 45
250, 40
251, 1
252, 36
253, 34
254, 11
255, 25
256, 37
257, 10
258, 11
259, 9
260, 12
261, 8
262, 9
263, 24
264, 6
265, 1
266, 13
267, 59
268, 6
269, 4
270, 1
271, 32
272, 38
273, 1
274, 17
275, 25
276, 21
277, 44
278, 6
279, 7
280, 1
281, 26
282, 38
283, 1
284, 12
285, 41
286, 24
287, 18
288, 21
289, 6
290, 1
291, 57
292, 42
293, 4
294, 1
295, 23
296, 38
297, 40
298, 52
299, 8
300, 6
301, 4
302, 1
303, 26
304, 1
305, 1
306, 19
307, 5
308, 1
309, 35
310, 85
311, 40
312, 37
313, 30
314, 28
315, 25
316, 31
317, 27
318, 1
319, 1
320, 16
321, 40
322, 23
323, 22
324, 1
325, 14
326, 20
327, 24
328, 20
329, 10
330, 1
331, 19
332, 24
333, 16
334, 10
335, 1
336, 39
337, 34
338, 19
339, 39
340, 42
341, 38
342, 56
343, 22
344, 13
345, 46
346, 10
347, 17
348, 34
349, 34
350, 37
351, 15
352, 10
353, 7
354, 4
355, 1
356, 24
357, 42
358, 1
359, 40
360, 37
361, 30
362, 28
363, 25
364, 31
365, 27
366, 25
367, 1
368, 1
369, 16
370, 40
371, 23
372, 22
373, 1
374, 14
375, 20
376, 29
377, 20
378, 10
379, 1
380, 19
381, 24
382, 16
383, 10
384, 1
385, 39
386, 28
387, 19
388, 39
389, 42
390, 38
391, 22
392, 13
393, 46
394, 10
395, 17
396, 34
397, 34
398, 37
399, 15
400, 10
401, 7
402, 4
403, 1
404, 24
405, 42
406, 1
407, 40
408, 37
409, 30
410, 1
411, 16
412, 32
413, 1
414, 32
415, 12
416, 12
417, 1
418, 14
419, 21
420, 38
421, 15
422, 16
423, 16
424, 18
425, 18
426, 51
427, 34
428, 61
429, 15
430, 11
431, 18
432, 18
433, 26
434, 15
435, 36
436, 22
437, 22
438, 26
439, 11
440, 15
441, 26
442, 10
443, 8
444, 15
445, 17
446, 21
447, 30
448, 17
449, 9
450, 33
451, 30
452, 15
453, 23
454, 53
455, 64
456, 16
457, 30
458, 16
459, 25
460, 24
461, 12
462, 19
463, 10
464, 8
465, 6
466, 4
467, 1
468, 24
469, 25
470, 51
471, 1
472, 40
473, 37
474, 30
475, 28
476, 1
477, 13
478, 10
479, 8
480, 9
481, 21
482, 50
483, 4
484, 1
485, 6
486, 49
487, 49
488, 49
489, 49
490, 49
491, 49
492, 41
493, 1
494, 8
495, 17
496, 17
497, 17
498, 17
499, 1
500, 17
501, 17
502, 17
503, 17
504, 17
505, 17
506, 17
507, 17
508, 17
509, 17
510, 17
511, 2
512, 16
513, 28
514, 28
515, 28
516, 28
517, 2
518, 1
519, 40
520, 26
521, 19
522, 28
523, 19
524, 53
525, 4
526, 1
527, 42
528, 26
529, 22
530, 15
531, 41
532, 16
533, 15
534, 29
535, 24
536, 21
537, 18
538, 9
539, 5
540, 10
541, 8
542, 63
543, 4
544, 1
545, 1
546, 25
547, 1
548, 55
549, 58
550, 71
551, 40
552, 37
553, 30
554, 27
555, 1
556, 13
557, 1
558, 17
559, 15
560, 16
561, 1
562, 6
563, 49
564, 49
565, 49
566, 49
567, 49
568, 49
569, 41
570, 1
571, 8
572, 17
573, 17
574, 17
575, 17
576, 1
577, 17
578, 17
579, 17
580, 17
581, 17
582, 17
583, 17
584, 17
585, 17
586, 17
587, 17
588, 2
589, 16
590, 28
591, 28
592, 28
593, 28
594, 2
595, 1
596, 30
597, 26
598, 3
599, 23
600, 56
601, 6
602, 3
603, 16
604, 3
605, 10
606, 4
607, 1
608, 40
609, 26
610, 12
611, 15
612, 19
613, 28
614, 19
615, 46
616, 4
617, 1
618, 42
619, 26
620, 22
621, 15
622, 22
623, 15
624, 24
625, 41
626, 36
627, 5
628, 32
629, 32
630, 65
631, 45
632, 10
633, 9
634, 32
635, 65
636, 21
637, 10
638, 8
639, 5
640, 26
641, 43
642, 8
643, 20
644, 51
645, 8
646, 4
647, 1
648, 1
649, 25
650, 1
651, 55
652, 58
653, 71
654, 40
655, 37
656, 30
657, 43
658, 1
659, 13
660, 1
661, 17
662, 15
663, 16
664, 1
665, 6
666, 49
667, 49
668, 49
669, 49
670, 49
671, 49
672, 41
673, 1
674, 8
675, 17
676, 17
677, 17
678, 17
679, 1
680, 17
681, 17
682, 17
683, 17
684, 17
685, 17
686, 17
687, 17
688, 17
689, 17
690, 17
691, 2
692, 16
693, 28
694, 28
695, 28
696, 28
697, 2
698, 1
699, 30
700, 26
701, 1
702, 23
703, 56
704, 6
705, 1
706, 16
707, 1
708, 10
709, 4
710, 1
711, 40
712, 26
713, 12
714, 15
715, 19
716, 42
717, 10
718, 11
719, 28
720, 24
721, 20
722, 24
723, 26
724, 8
725, 10
726, 16
727, 36
728, 21
729, 23
730, 26
731, 8
732, 19
733, 41
734, 8
735, 4
736, 1
737, 42
738, 26
739, 22
740, 15
741, 22
742, 15
743, 24
744, 41
745, 36
746, 1
747, 31
748, 32
749, 65
750, 45
751, 10
752, 9
753, 32
754, 65
755, 21
756, 10
757, 8
758, 1
759, 26
760, 43
761, 8
762, 20
763, 51
764, 8
765, 4
766, 1
767, 1
768, 25
769, 1
770, 55
771, 58
772, 71
773, 40
774, 37
775, 30
776, 27
777, 27
778, 1
779, 13
780, 1
781, 17
782, 15
783, 16
784, 1
785, 6
786, 49
787, 49
788, 49
789, 49
790, 49
791, 49
792, 41
793, 1
794, 8
795, 17
796, 17
797, 17
798, 17
799, 1
800, 17
801, 17
802, 17
803, 17
804, 17
805, 17
806, 17
807, 17
808, 17
809, 17
810, 17
811, 2
812, 1
813, 16
814, 28
815, 28
816, 28
817, 28
818, 2
819, 1
820, 30
821, 12
822, 15
823, 19
824, 28
825, 19
826, 46
827, 4
828, 1
829, 32
830, 15
831, 15
832, 22
833, 15
834, 24
835, 41
836, 1
837, 77
838, 27
839, 66
840, 8
841, 1
842, 16
843, 33
844, 47
845, 10
846, 22
847, 55
848, 10
849, 8
850, 4
851, 1
852, 25
853, 1
854, 29
855, 28
856, 1
857, 32
858, 28
859, 1
860, 37
861, 36
862, 1
863, 16
864, 21
865, 62
866, 40
867, 1
868, 19
869, 40
870, 36
871, 2
872, 36
873, 27
874, 30
875, 1
876, 18
877, 1
878, 27
879, 28
880, 40
881, 3
882, 22
883, 37
884, 6
885, 3
886, 20
887, 4
888, 1
889, 30
890, 17
891, 37
892, 1
893, 46
894, 61
895, 6
896, 3
897, 14
898, 4
899, 1
900, 21
901, 38
902, 36
903, 4
904, 1
905, 42
906, 18
907, 31
908, 23
909, 22
910, 4
911, 1
912, 13
913, 25
914, 31
915, 25
916, 40
917, 10
918, 9
919, 23
920, 27
921, 17
922, 23
923, 17
924, 10
925, 7
926, 15
927, 8
928, 6
929, 3
930, 13
931, 31
932, 14
933, 18
934, 9
935, 20
936, 15
937, 23
938, 10
939, 8
940, 6
941, 4
942, 1
943, 17
944, 62
945, 1
946, 69
947, 65
948, 3
949, 39
950, 19
951, 33
952, 36
953, 2
954, 36
955, 27
956, 1
957, 17
958, 1
959, 28
960, 52
961, 20
962, 31
963, 38
964, 38
965, 12
966, 8
967, 14
968, 1
969, 4
970, 1
971, 31
972, 38
973, 28
974, 48
975, 59
976, 8
977, 9
978, 4
979, 1
980, 22
981, 40
982, 41
983, 4
984, 1
985, 42
986, 18
987, 31
988, 22
989, 22
990, 4
991, 1
992, 40
993, 1
994, 80
995, 41
996, 38
997, 2
998, 38
999, 29
1000, 29
1001, 29
1002, 1
1003, 23
1004, 1
1005, 27
1006, 1
1007, 13
1008, 12
1009, 1
1010, 80
1011, 22
1012, 1
1013, 61
1014, 36
1015, 15
1016, 24
1017, 17
1018, 20
1019, 20
1020, 26
1021, 17
1022, 1
1023, 16
1024, 28
1025, 26
1026, 14
1027, 14
1028, 31
1029, 19
1030, 19
1031, 25
1032, 21
1033, 14
1034, 10
1035, 8
1036, 1
1037, 40
1038, 17
1039, 1
1040, 70
1041, 79
1042, 22
1043, 25
1044, 19
1045, 18
1046, 28
1047, 33
1048, 25
1049, 19
1050, 18
1051, 8
1052, 6
1053, 4
1054, 41
1055, 38
1056, 2
1057, 38
1058, 29
1059, 29
1060, 29
1061, 1
1062, 62
1063, 1
1064, 13
1065, 3
1066, 22
1067, 3
1068, 45
1069, 29
1070, 30
1071, 30
1072, 32
1073, 5
1074, 31
1075, 25
1076, 29
1077, 10
1078, 9
1079, 27
1080, 22
1081, 29
1082, 22
1083, 10
1084, 7
1085, 20
1086, 8
1087, 6
1088, 3
1089, 22
1090, 44
1091, 24
1092, 27
1093, 26
1094, 54
1095, 10
1096, 8
1097, 5
1098, 44
1099, 6
1100, 4
1101, 1
1102, 49
1103, 40
1104, 3
1105, 38
1106, 41
1107, 43
1108, 8
1109, 3
1110, 39
1111, 1
1112, 26
1113, 50
1114, 1
1115, 12
1116, 24
1117, 19
1118, 11
1119, 44
1120, 24
1121, 38
1122, 14
1123, 11
1124, 32
1125, 11
1126, 29
1127, 34
1128, 25
1129, 29
1130, 17
1131, 31
1132, 33
1133, 16
1134, 14
1135, 12
1136, 16
1137, 8
1138, 5
1139, 20
1140, 6
1141, 4
1142, 1
1143, 30
1144, 18
1145, 1
1146, 10
1147, 25
1148, 1
1149, 25
1150, 1
1151, 38
1152, 11
1153, 3
1154, 15
1155, 15
1156, 3
1157, 31
1158, 1
1159, 21
1160, 20
1161, 20
1162, 33
1163, 17
1164, 3
1165, 16
1166, 28
1167, 30
1168, 14
1169, 14
1170, 31
1171, 21
1172, 21
1173, 27
1174, 21
1175, 14
1176, 10
1177, 8
1178, 3
1179, 40
1180, 18
1181, 5
1182, 22
1183, 26
1184, 19
1185, 18
1186, 23
1187, 33
1188, 26
1189, 19
1190, 18
1191, 8
1192, 6
1193, 1
1194, 6
1195, 4
1196, 1
1197, 19
1198, 41
1199, 38
1200, 2
1201, 38
1202, 29
1203, 29
1204, 29
1205, 27
1206, 1
1207, 23
1208, 1
1209, 27
1210, 1
1211, 13
1212, 12
1213, 1
1214, 6
1215, 15
1216, 24
1217, 1
1218, 8
1219, 17
1220, 20
1221, 20
1222, 26
1223, 17
1224, 1
1225, 10
1226, 17
1227, 28
1228, 26
1229, 14
1230, 14
1231, 31
1232, 19
1233, 19
1234, 25
1235, 21
1236, 14
1237, 10
1238, 13
1239, 8
1240, 1
1241, 40
1242, 17
1243, 1
1244, 70
1245, 79
1246, 22
1247, 25
1248, 19
1249, 18
1250, 26
1251, 33
1252, 25
1253, 19
1254, 18
1255, 8
1256, 11
1257, 6
1258, 9
1259, 4
1260, 33
1261, 37
1262, 2
1263, 32
1264, 1
1265, 17
1266, 1
1267, 17
1268, 36
1269, 1
1270, 12
1271, 23
1272, 13
1273, 13
1274, 8
1275, 14
1276, 20
1277, 10
1278, 6
1279, 3
1280, 12
1281, 2
1282, 1
1283, 36
1284, 1
1285, 6
1286, 23
1287, 7
1288, 1
1289, 20
1290, 2
1291, 33
1292, 38
1293, 46
1294, 1
1295, 16
1296, 71
1297, 4
1298, 1
1299, 23
1300, 22
1301, 4
1302, 1
1303, 29
1304, 55
1305, 52
1306, 5
1307, 35
1308, 36
1309, 37
1310, 38
1311, 29
1312, 33
1313, 27
1314, 30
1315, 25
1316, 30
1317, 32
1318, 12
1319, 10
1320, 24
1321, 26
1322, 32
1323, 42
1324, 8
1325, 1
1326, 21
1327, 81
1328, 30
1329, 109
1330, 1
1331, 6
1332, 3
1333, 49
1334, 18
1335, 45
1336, 69
1337, 36
1338, 48
1339, 31
1340, 28
1341, 30
1342, 57
1343, 46
1344, 28
1345, 40
1346, 54
1347, 38
1348, 51
1349, 49
1350, 49
1351, 46
1352, 17
1353, 42
1354, 40
1355, 42
1356, 16
1357, 14
1358, 12
1359, 10
1360, 39
1361, 43
1362, 10
1363, 8
1364, 49
1365, 44
1366, 26
1367, 36
1368, 49
1369, 42
1370, 13
1371, 65
1372, 49
1373, 27
1374, 12
1375, 10
1376, 8
1377, 24
1378, 6
1379, 44
1380, 60
1381, 4
1382, 3
1383, 22
1384, 11
1385, 19
1386, 25
1387, 6
1388, 6
1389, 4
1390, 3
1391, 28
1392, 15
1393, 17
1394, 21
1395, 30
1396, 29
1397, 9
1398, 32
1399, 34
1400, 24
1401, 10
1402, 8
1403, 6
1404, 48
1405, 10
1406, 4
1407, 1
1408, 65
1409, 24
1410, 18
1411, 54
1412, 24
1413, 42
1414, 8
1415, 21
1416, 6
1417, 6
1418, 1
1419, 15
1420, 27
1421, 3
1422, 96
1423, 95
1424, 3
1425, 31
1426, 43
1427, 66
1428, 7
1429, 50
1430, 48
1431, 1
1432, 33
1433, 5
1434, 29
1435, 78
1436, 82
1437, 36
1438, 11
1439, 38
1440, 10
1441, 8
1442, 6
1443, 3
1444, 25
1445, 31
1446, 59
1447, 9
1448, 58
1449, 8
1450, 6
1451, 3
1452, 38
1453, 28
1454, 45
1455, 48
1456, 30
1457, 31
1458, 12
1459, 31
1460, 10
1461, 8
1462, 46
1463, 5
1464, 21
1465, 29
1466, 9
1467, 29
1468, 8
1469, 6
1470, 3
1471, 34
1472, 13
1473, 60
1474, 9
1475, 6
1476, 1
1477, 33
1478, 22
1479, 37
1480, 82
1481, 64
1482, 8
1483, 18
1484, 6
1485, 1
1486, 32
1487, 43
1488, 35
1489, 23
1490, 37
1491, 33
1492, 49
1493, 12
1494, 50
1495, 10
1496, 35
1497, 26
1498, 8
1499, 5
1500, 28
1501, 19
1502, 8
1503, 5
1504, 20
1505, 6
1506, 4
1507, 1
1508, 12
1509, 40
1510, 24
1511, 3
1512, 104
1513, 106
1514, 3
1515, 37
1516, 17
1517, 30
1518, 14
1519, 37
1520, 62
1521, 37
1522, 5
1523, 26
1524, 24
1525, 54
1526, 39
1527, 48
1528, 20
1529, 10
1530, 25
1531, 8
1532, 6
1533, 3
1534, 40
1535, 15
1536, 48
1537, 66
1538, 8
1539, 6
1540, 3
1541, 31
1542, 39
1543, 50
1544, 34
1545, 46
1546, 8
1547, 6
1548, 4
1549, 1
1550, 17
1551, 23
1552, 3
1553, 20
1554, 29
1555, 17
1556, 51
1557, 47
1558, 49
1559, 49
1560, 52
1561, 47
1562, 47
1563, 47
1564, 47
1565, 49
1566, 7
1567, 38
1568, 1
1569, 70
1570, 70
1571, 39
1572, 21
1573, 22
1574, 6
1575, 3
1576, 15
1577, 17
1578, 17
1579, 18
1580, 6
1581, 1
1582, 20
1583, 49
1584, 34
1585, 15
1586, 34
1587, 15
1588, 6
1589, 1
1590, 32
1591, 24
1592, 28
1593, 28
1594, 38
1595, 48
1596, 30
1597, 37
1598, 12
1599, 10
1600, 26
1601, 8
1602, 6
1603, 1
1604, 44
1605, 37
1606, 27
1607, 8
1608, 1
1609, 72
1610, 5
1611, 28
1612, 28
1613, 51
1614, 36
1615, 30
1616, 32
1617, 22
1618, 15
1619, 65
1620, 14
1621, 12
1622, 10
1623, 26
1624, 8
1625, 6
1626, 3
1627, 38
1628, 24
1629, 35
1630, 25
1631, 48
1632, 10
1633, 17
1634, 8
1635, 6
1636, 3
1637, 16
1638, 32
1639, 34
1640, 38
1641, 8
1642, 54
1643, 24
1644, 39
1645, 24
1646, 6
1647, 1
1648, 26
1649, 20
1650, 22
1651, 29
1652, 65
1653, 8
1654, 15
1655, 6
1656, 7
1657, 26
1658, 47
1659, 63
1660, 63
1661, 43
1662, 25
1663, 1
1664, 45
1665, 22
1666, 16
1667, 10
1668, 8
1669, 6
1670, 3
1671, 4
1672, 1
1673, 30
1674, 1
1675, 20
1676, 2
1677, 33
1678, 38
1679, 46
1680, 1
1681, 46
1682, 98
1683, 84
1684, 42
1685, 1
1686, 87
1687, 15
1688, 95
1689, 76
1690, 27
1691, 3
1692, 97
1693, 30
1694, 96
1695, 95
1696, 3
1697, 31
1698, 79
1699, 7
1700, 50
1701, 48
1702, 1
1703, 33
1704, 5
1705, 89
1706, 92
1707, 41
1708, 29
1709, 78
1710, 82
1711, 48
1712, 61
1713, 11
1714, 38
1715, 10
1716, 8
1717, 6
1718, 3
1719, 39
1720, 24
1721, 45
1722, 18
1723, 50
1724, 33
1725, 14
1726, 14
1727, 24
1728, 30
1729, 27
1730, 19
1731, 10
1732, 8
1733, 41
1734, 6
1735, 3
1736, 35
1737, 43
1738, 27
1739, 34
1740, 58
1741, 58
1742, 27
1743, 71
1744, 60
1745, 60
1746, 71
1747, 9
1748, 71
1749, 60
1750, 60
1751, 71
1752, 8
1753, 10
1754, 6
1755, 3
1756, 98
1757, 25
1758, 31
1759, 59
1760, 9
1761, 58
1762, 8
1763, 6
1764, 3
1765, 103
1766, 65
1767, 41
1768, 42
1769, 43
1770, 43
1771, 43
1772, 43
1773, 14
1774, 52
1775, 113
1776, 114
1777, 113
1778, 41
1779, 42
1780, 43
1781, 43
1782, 43
1783, 43
1784, 14
1785, 116
1786, 105
1787, 31
1788, 33
1789, 21
1790, 28
1791, 45
1792, 48
1793, 30
1794, 31
1795, 12
1796, 31
1797, 10
1798, 8
1799, 46
1800, 5
1801, 21
1802, 29
1803, 9
1804, 29
1805, 8
1806, 6
1807, 3
1808, 69
1809, 34
1810, 13
1811, 60
1812, 9
1813, 6
1814, 1
1815, 95
1816, 104
1817, 55
1818, 33
1819, 22
1820, 37
1821, 82
1822, 64
1823, 8
1824, 21
1825, 6
1826, 1
1827, 100
1828, 50
1829, 32
1830, 37
1831, 23
1832, 37
1833, 33
1834, 49
1835, 12
1836, 50
1837, 10
1838, 26
1839, 8
1840, 5
1841, 79
1842, 16
1843, 6
1844, 4
1845, 1
1846, 99
1847, 14
1848, 48
1849, 41
1850, 100
1851, 101
1852, 12
1853, 41
1854, 25
1855, 3
1856, 111
1857, 104
1858, 106
1859, 3
1860, 37
1861, 17
1862, 30
1863, 14
1864, 5
1865, 37
1866, 62
1867, 37
1868, 5
1869, 87
1870, 93
1871, 26
1872, 24
1873, 18
1874, 54
1875, 39
1876, 51
1877, 20
1878, 10
1879, 25
1880, 8
1881, 6
1882, 3
1883, 100
1884, 40
1885, 15
1886, 48
1887, 66
1888, 8
1889, 6
1890, 3
1891, 85
1892, 102
1893, 33
1894, 39
1895, 50
1896, 34
1897, 50
1898, 8
1899, 6
1900, 4
1901, 1
1902, 38
1903, 2
1904, 17
1905, 18
1906, 17
1907, 18
1908, 17
1909, 18
1910, 17
1911, 18
1912, 17
1913, 18
1914, 17
1915, 2
1916, 95
1917, 105
1918, 26
1919, 16
1920, 71
1921, 4
1922, 1
1923, 15
1924, 71
1925, 4
1926, 1
1927, 60
1928, 23
1929, 22
1930, 4
1931, 1
1932, 51
1933, 86
1934, 74
1935, 89
1936, 91
1937, 96
1938, 98
1939, 30
1940, 87
1941, 112
1942, 63
1943, 29
1944, 53
1945, 50
1946, 3
1947, 33
1948, 34
1949, 35
1950, 36
1951, 27
1952, 31
1953, 25
1954, 28
1955, 23
1956, 28
1957, 30
1958, 10
1959, 8
1960, 22
1961, 24
1962, 30
1963, 40
1964, 6
1965, 1
1966, 19
1967, 79
1968, 28
1969, 107
1970, 4
1971, 2
1972, 82
1973, 95
1974, 91
1975, 15
1976, 16
1977, 15
1978, 16
1979, 15
1980, 12
1981, 2
1982, 103
1983, 14
1984, 82
1985, 84
1986, 84
1987, 52
1988, 2
1989, 13
1990, 98
1991, 98
1992, 49
1993, 79
1994, 50
1995, 93
1996, 75
1997, 45
1998, 49
1999, 18
2000, 26
2001, 45
2002, 73
2003, 59
2004, 36
2005, 5
2006, 71
2007, 82
2008, 48
2009, 5
2010, 60
2011, 69
2012, 80
2013, 67
2014, 77
2015, 95
2016, 78
2017, 31
2018, 28
2019, 30
2020, 57
2021, 46
2022, 28
2023, 40
2024, 54
2025, 38
2026, 51
2027, 49
2028, 49
2029, 46
2030, 17
2031, 42
2032, 40
2033, 42
2034, 16
2035, 14
2036, 12
2037, 10
2038, 39
2039, 43
2040, 10
2041, 8
2042, 5
2043, 106
2044, 109
2045, 73
2046, 98
2047, 51
2048, 49
2049, 44
2050, 26
2051, 36
2052, 49
2053, 42
2054, 13
2055, 100
2056, 30
2057, 97
2058, 95
2059, 95
2060, 37
2061, 101
2062, 109
2063, 65
2064, 49
2065, 27
2066, 12
2067, 10
2068, 8
2069, 5
2070, 61
2071, 24
2072, 6
2073, 88
2074, 108
2075, 4
2076, 3
2077, 74
2078, 28
2079, 15
2080, 17
2081, 21
2082, 30
2083, 29
2084, 9
2085, 33
2086, 34
2087, 24
2088, 10
2089, 8
2090, 6
2091, 48
2092, 10
2093, 4
2094, 1
2095, 92
2096, 13
2097, 15
2098, 15
2099, 16
2100, 4
2101, 1
2102, 17
2103, 18
2104, 47
2105, 32
2106, 13
2107, 32
2108, 13
2109, 4
2110, 1
2111, 93
2112, 100
2113, 100
2114, 48
2115, 3
2116, 7
2117, 110
2118, 115
2119, 110
2120, 112
2121, 110
2122, 113
2123, 20
2124, 30
2125, 22
2126, 30
2127, 26
2128, 50
2129, 46
2130, 28
2131, 35
2132, 10
2133, 8
2134, 24
2135, 6
2136, 24
2137, 22
2138, 4
2139, 1
2140, 112
2141, 99
2142, 70
2143, 14
2144, 76
2145, 37
2146, 39
2147, 2
2148, 23
2149, 42
2150, 72
2151, 35
2152, 25
2153, 6
2154, 3
2155, 26
2156, 26
2157, 63
2158, 40
2159, 28
2160, 30
2161, 20
2162, 13
2163, 63
2164, 12
2165, 10
2166, 8
2167, 24
2168, 6
2169, 4
2170, 1
2171, 18
2172, 36
2173, 22
2174, 33
2175, 23
2176, 46
2177, 8
2178, 15
2179, 6
2180, 4
2181, 1
2182, 93
2183, 53
2184, 14
2185, 70
2186, 68
2187, 22
2188, 30
2189, 4
2190, 1
2191, 84
2192, 24
2193, 45
2194, 61
2195, 61
2196, 41
2197, 23
2198, 1
2199, 91
2200, 41
2201, 43
2202, 20
2203, 14
2204, 8
2205, 6
2206, 4
2207, 1
2208, 1
2209, 3
2210, 16
2211, 3
2212, 25
2213, 13
2214, 45
2215, 43
2216, 43
2217, 43
2218, 43
2219, 47
2220, 48
2221, 44
2222, 43
2223, 44
2224, 5
2225, 3
2226, 34
2227, 1
2228, 66
2229, 66
2230, 35
2231, 17
2232, 18
2233, 1
2234, 27
2235, 1
2236, 33
2237, 36
2238, 2
2239, 39
2240, 66
2241, 41
2242, 1
2243, 29
2244, 23
2245, 1
2246, 13
2247, 48
2248, 1
2249, 43
2250, 23
2251, 78
2252, 28
2253, 5
2254, 1
2255, 41
2256, 20
2257, 18
2258, 18
2259, 18
2260, 18
2261, 1
2262, 53
2263, 47
2264, 56
2265, 1
2266, 27
2267, 27
2268, 27
2269, 28
2270, 28
2271, 28
2272, 11
2273, 6
2274, 1
2275, 17
2276, 17
2277, 17
2278, 5
2279, 4
2280, 1
2281, 19
2282, 10
2283, 24
2284, 2
2285, 26
2286, 18
2287, 66
2288, 33
2289, 21
2290, 22
2291, 22
2292, 22
2293, 56
2294, 41
2295, 8
2296, 6
2297, 4
2298, 4
2299, 1
2300, 28
2301, 29
2302, 1
2303, 18
2304, 15
2305, 19
2306, 19
2307, 19
2308, 6
2309, 1
2310, 16
2311, 27
2312, 27
2313, 27
2314, 4
2315, 1
2316, 11
2317, 8
2318, 49
2319, 1
2320, 12
2321, 14
2322, 29
2323, 30
2324, 30
2325, 29
2326, 29
2327, 30
2328, 30
2329, 1
2330, 11
2331, 14
2332, 29
2333, 29
2334, 30
2335, 30
2336, 29
2337, 29
2338, 30
2339, 1
2340, 11
2341, 14
2342, 29
2343, 30
2344, 30
2345, 29
2346, 29
2347, 30
2348, 30
2349, 1
2350, 12
2351, 14
2352, 29
2353, 30
2354, 29
2355, 29
2356, 29
2357, 30
2358, 29
2359, 2
2360, 1
2361, 1
2362, 21
2363, 1
2364, 24
2365, 1
2366, 29
2367, 1
2368, 22
2369, 10
2370, 1
2371, 11
2372, 8
2373, 20
2374, 18
2375, 46
2376, 11
2377, 6
2378, 4
2379, 1
2380, 29
2381, 33
2382, 37
2383, 2
2384, 42
2385, 38
2386, 1
2387, 13
2388, 25
2389, 12
2390, 15
2391, 8
2392, 18
2393, 26
2394, 17
2395, 15
2396, 25
2397, 24
2398, 18
2399, 10
2400, 8
2401, 11
2402, 6
2403, 8
2404, 4
2405, 1
2406, 24
2407, 1
2408, 35
2409, 1
2410, 28
2411, 24
2412, 31
2413, 33
2414, 19
2415, 44
2416, 4
2417, 33
2418, 37
2419, 32
2420, 2
2421, 15
2422, 33
2423, 13
2424, 17
2425, 20
2426, 30
2427, 29
2428, 9
2429, 18
2430, 9
2431, 5
2432, 16
2433, 5
2434, 2
2435, 25
2436, 18
2437, 2
2438, 14
2439, 22
2440, 51
2441, 2
2442, 16
2443, 2
2444, 40
2445, 37
2446, 2
2447, 22
2448, 42
2449, 1
2450, 17
2451, 32
2452, 26
2453, 1
2454, 13
2455, 43
2456, 13
2457, 27
2458, 26
2459, 6
2460, 1
2461, 12
2462, 15
2463, 25
2464, 50
2465, 17
2466, 32
2467, 26
2468, 20
2469, 42
2470, 10
2471, 8
2472, 6
2473, 8
2474, 4
2475, 1
2476, 24
2477, 32
2478, 24
2479, 29
2480, 19
2481, 44
2482, 4
2483, 1
2484, 73
2485, 39
2486, 37
2487, 2
2488, 53
2489, 2
2490, 31
2491, 73
2492, 1
2493, 27
2494, 1
2495, 61
2496, 1
2497, 17
2498, 78
2499, 1
2500, 33
2501, 27
2502, 30
2503, 29
2504, 29
2505, 16
2506, 17
2507, 16
2508, 30
2509, 1
2510, 13
2511, 4
2512, 1
2513, 30
2514, 29
2515, 31
2516, 34
2517, 36
2518, 31
2519, 35
2520, 43
2521, 30
2522, 1
2523, 39
2524, 37
2525, 2
2526, 32
2527, 1
2528, 21
2529, 2
2530, 21
2531, 40
2532, 40
2533, 46
2534, 8
2535, 1
2536, 14
2537, 28
2538, 20
2539, 29
2540, 15
2541, 14
2542, 37
2543, 20
2544, 12
2545, 8
2546, 1
2547, 21
2548, 31
2549, 8
2550, 1
2551, 19
2552, 48
2553, 8
2554, 1
2555, 19
2556, 22
2557, 8
2558, 4
2559, 1
2560, 1
2561, 22
2562, 31
2563, 32
2564, 35
2565, 8
2566, 5
2567, 16
2568, 25
2569, 24
2570, 15
2571, 24
2572, 13
2573, 8
2574, 1
2575, 19
2576, 38
2577, 8
2578, 5
2579, 19
2580, 34
2581, 44
2582, 44
2583, 43
2584, 23
2585, 8
2586, 5
2587, 19
2588, 25
2589, 13
2590, 8
2591, 1
2592, 5
2593, 4
2594, 1
2595, 1
2596, 11
2597, 21
2598, 6
2599, 1
2600, 27
2601, 1
2602, 12
2603, 18
2604, 41
2605, 19
2606, 10
2607, 37
2608, 37
2609, 15
2610, 8
2611, 22
2612, 15
2613, 4
2614, 1
2615, 41
2616, 38
2617, 3
2618, 24
2619, 3
2620, 33
2621, 25
2622, 2
2623, 15
2624, 2
2625, 21
2626, 22
2627, 31
2628, 30
2629, 32
2630, 31
2631, 31
2632, 55
2633, 57
2634, 63
2635, 9
2636, 2
2637, 15
2638, 33
2639, 21
2640, 30
2641, 16
2642, 14
2643, 37
2644, 21
2645, 13
2646, 9
2647, 2
2648, 22
2649, 36
2650, 9
2651, 2
2652, 20
2653, 60
2654, 9
2655, 2
2656, 20
2657, 23
2658, 9
2659, 5
2660, 2
2661, 2
2662, 22
2663, 32
2664, 33
2665, 31
2666, 30
2667, 30
2668, 31
2669, 40
2670, 9
2671, 2
2672, 17
2673, 29
2674, 32
2675, 20
2676, 31
2677, 14
2678, 9
2679, 2
2680, 20
2681, 43
2682, 9
2683, 2
2684, 20
2685, 35
2686, 45
2687, 45
2688, 44
2689, 23
2690, 9
2691, 2
2692, 20
2693, 26
2694, 14
2695, 9
2696, 2
2697, 5
2698, 2
2699, 2
2700, 23
2701, 22
2702, 22
2703, 23
2704, 23
2705, 2
2706, 12
2707, 30
2708, 7
2709, 2
2710, 28
2711, 2
2712, 13
2713, 19
2714, 42
2715, 20
2716, 10
2717, 38
2718, 37
2719, 16
2720, 9
2721, 23
2722, 16
2723, 5
2724, 40
2725, 37
2726, 1
2727, 53
2728, 30
2729, 1
2730, 26
2731, 1
2732, 15
2733, 7
2734, 24
2735, 1
2736, 8
2737, 9
2738, 11
2739, 9
2740, 9
2741, 10
2742, 10
2743, 10
2744, 12
2745, 29
2746, 11
2747, 13
2748, 21
2749, 13
2750, 21
2751, 53
2752, 15
2753, 10
2754, 22
2755, 4
2756, 15
2757, 14
2758, 14
2759, 8
2760, 6
2761, 4
2762, 73
2763, 33
2764, 37
2765, 2
2766, 70
2767, 2
2768, 31
2769, 30
2770, 73
2771, 1
2772, 14
2773, 18
2774, 10
2775, 22
2776, 18
2777, 9
2778, 31
2779, 7
2780, 6
2781, 4
2782, 1
2783, 36
2784, 1
2785, 11
2786, 17
2787, 30
2788, 9
2789, 7
2790, 7
2791, 4
2792, 1
2793, 36
2794, 1
2795, 17
2796, 16
2797, 67
2798, 9
2799, 6
2800, 4
2801, 1
2802, 36
2803, 1
2804, 27
2805, 1
2806, 41
2807, 54
2808, 1
2809, 8
2810, 70
2811, 1
2812, 32
2813, 56
2814, 1
2815, 33
2816, 37
2817, 2
2818, 36
2819, 27
2820, 16
2821, 1
2822, 25
2823, 18
2824, 1
2825, 2
2826, 24
2827, 32
2828, 32
2829, 32
2830, 32
2831, 32
2832, 32
2833, 32
2834, 31
2835, 53
2836, 1
2837, 2
2838, 70
2839, 68
2840, 49
2841, 32
2842, 1
2843, 5
2844, 10
2845, 10
2846, 16
2847, 40
2848, 37
2849, 2
2850, 36
2851, 43
2852, 1
2853, 27
2854, 16
2855, 1
2856, 25
2857, 18
2858, 1
2859, 13
2860, 23
2861, 31
2862, 31
2863, 31
2864, 31
2865, 31
2866, 31
2867, 31
2868, 30
2869, 2
2870, 1
2871, 27
2872, 32
2873, 18
2874, 66
2875, 8
2876, 6
2877, 1
2878, 22
2879, 11
2880, 6
2881, 1
2882, 22
2883, 20
2884, 6
2885, 5
2886, 33
2887, 19
2888, 24
2889, 14
2890, 48
2891, 14
2892, 8
2893, 3
2894, 12
2895, 14
2896, 6
2897, 1
2898, 29
2899, 16
2900, 12
2901, 6
2902, 1
2903, 18
2904, 4
2905, 1
2906, 2
2907, 70
2908, 68
2909, 49
2910, 32
2911, 1
2912, 5
2913, 10
2914, 10
2915, 16
2916, 40
2917, 37
2918, 2
2919, 36
2920, 24
2921, 28
2922, 1
2923, 7
2924, 1
2925, 17
2926, 86
2927, 25
2928, 52
2929, 4
2930, 1
2931, 21
2932, 23
2933, 19
2934, 19
2935, 13
2936, 8
2937, 14
2938, 7
2939, 16
2940, 16
2941, 6
2942, 4
2943, 13
2944, 33
2945, 37
2946, 30
2947, 1
2948, 16
2949, 34
2950, 4
2951, 1
2952, 22
2953, 24
2954, 31
2955, 22
2956, 25
2957, 25
2958, 20
2959, 18
2960, 10
2961, 4
2962, 1
2963, 23
2964, 17
2965, 29
2966, 22
2967, 25
2968, 25
2969, 20
2970, 18
2971, 10
2972, 4
2973, 1
2974, 24
2975, 43
2976, 4
2977, 1
2978, 17
2979, 8
2980, 15
2981, 30
2982, 30
2983, 4
2984, 6
2985, 5
2986, 16
2987, 25
2988, 24
2989, 4
2990, 42
2991, 1
2992, 40
2993, 37
2994, 2
2995, 30
2996, 1
2997, 18
2998, 1
2999, 17
3000, 34
3001, 4
3002, 1
3003, 16
3004, 24
3005, 23
3006, 19
3007, 21
3008, 6
3009, 3
3010, 23
3011, 40
3012, 6
3013, 3
3014, 11
3015, 21
3016, 5
3017, 26
3018, 31
3019, 8
3020, 5
3021, 26
3022, 32
3023, 7
3024, 40
3025, 25
3026, 10
3027, 8
3028, 5
3029, 12
3030, 28
3031, 42
3032, 17
3033, 12
3034, 10
3035, 7
3036, 18
3037, 8
3038, 6
3039, 4
3040, 1
3041, 19
3042, 15
3043, 30
3044, 69
3045, 1
3046, 23
3047, 37
3048, 37
3049, 10
3050, 7
3051, 15
3052, 15
3053, 7
3054, 22
3055, 30
3056, 30
3057, 10
3058, 8
3059, 1
3060, 15
3061, 20
3062, 8
3063, 5
3064, 12
3065, 5
3066, 29
3067, 22
3068, 18
3069, 9
3070, 37
3071, 37
3072, 12
3073, 9
3074, 21
3075, 16
3076, 8
3077, 5
3078, 27
3079, 22
3080, 18
3081, 9
3082, 37
3083, 37
3084, 12
3085, 9
3086, 20
3087, 10
3088, 8
3089, 5
3090, 38
3091, 26
3092, 16
3093, 31
3094, 16
3095, 8
3096, 6
3097, 3
3098, 17
3099, 17
3100, 19
3101, 19
3102, 1
3103, 33
3104, 18
3105, 26
3106, 29
3107, 29
3108, 24
3109, 37
3110, 6
3111, 3
3112, 10
3113, 12
3114, 12
3115, 13
3116, 24
3117, 5
3118, 26
3119, 75
3120, 1
3121, 27
3122, 54
3123, 10
3124, 8
3125, 5
3126, 20
3127, 13
3128, 38
3129, 19
3130, 18
3131, 8
3132, 5
3133, 24
3134, 6
3135, 4
3136, 1
3137, 57
3138, 40
3139, 37
3140, 30
3141, 2
3142, 65
3143, 66
3144, 18
3145, 1
3146, 38
3147, 1
3148, 15
3149, 18
3150, 4
3151, 1
3152, 13
3153, 3
3154, 22
3155, 3
3156, 45
3157, 19
3158, 20
3159, 20
3160, 5
3161, 31
3162, 7
3163, 19
3164, 30
3165, 29
3166, 10
3167, 9
3168, 27
3169, 22
3170, 29
3171, 22
3172, 10
3173, 7
3174, 20
3175, 8
3176, 6
3177, 3
3178, 22
3179, 32
3180, 5
3181, 43
3182, 23
3183, 21
3184, 49
3185, 8
3186, 6
3187, 1
3188, 21
3189, 31
3190, 6
3191, 3
3192, 27
3193, 13
3194, 39
3195, 1
3196, 26
3197, 44
3198, 1
3199, 12
3200, 24
3201, 16
3202, 20
3203, 47
3204, 33
3205, 33
3206, 16
3207, 26
3208, 27
3209, 14
3210, 12
3211, 10
3212, 8
3213, 5
3214, 20
3215, 8
3216, 6
3217, 1
3218, 47
3219, 42
3220, 1
3221, 41
3222, 43
3223, 8
3224, 1
3225, 31
3226, 6
3227, 4
3228, 1
3229, 22
3230, 19
3231, 24
3232, 24
3233, 3
3234, 26
3235, 33
3236, 64
3237, 8
3238, 6
3239, 4
3240, 1
3241, 23
3242, 19
3243, 24
3244, 24
3245, 3
3246, 26
3247, 33
3248, 70
3249, 8
3250, 6
3251, 4
3252, 1
3253, 24
3254, 37
3255, 4
3256, 1
3257, 17
3258, 12
3259, 8
3260, 1
3261, 12
3262, 26
3263, 26
3264, 4
3265, 1
3266, 8
3267, 8
3268, 1
3269, 22
3270, 21
3271, 21
3272, 4
3273, 1
3274, 44
3275, 16
3276, 21
3277, 63
3278, 40
3279, 51
3280, 1
3281, 10
3282, 5
3283, 16
3284, 20
3285, 2
3286, 11
3287, 40
3288, 37
3289, 32
3290, 3
3291, 41
3292, 2
3293, 40
3294, 37
3295, 31
3296, 2
3297, 1
3298, 18
3299, 1
3300, 19
3301, 1
3302, 15
3303, 8
3304, 11
3305, 1
3306, 23
3307, 17
3308, 25
3309, 6
3310, 1
3311, 15
3312, 14
3313, 6
3314, 1
3315, 15
3316, 23
3317, 6
3318, 1
3319, 18
3320, 15
3321, 35
3322, 29
3323, 26
3324, 16
3325, 10
3326, 35
3327, 8
3328, 6
3329, 4
3330, 1
3331, 11
3332, 11
3333, 11
3334, 15
3335, 27
3336, 35
3337, 12
3338, 39
3339, 6
3340, 4
3341, 16
3342, 46
3343, 1
3344, 20
3345, 27
3346, 48
3347, 4
3348, 1
3349, 31
3350, 1
3351, 6
3352, 1
3353, 40
3354, 37
3355, 2
3356, 30
3357, 1
3358, 1
3359, 18
3360, 17
3361, 25
3362, 1
3363, 13
3364, 23
3365, 41
3366, 17
3367, 21
3368, 23
3369, 24
3370, 14
3371, 25
3372, 19
3373, 13
3374, 10
3375, 7
3376, 4
3377, 1
3378, 27
3379, 11
3380, 25
3381, 42
3382, 17
3383, 27
3384, 7
3385, 4
