1, 15
2, 21
3, 63
4, 40
5, 0
6, 23
7, 28
8, 36
9, 38
10, 1
11, 0
12, 40
13, 27
14, 39
15, 1
16, 15
17, 21
18, 70
19, 40
20, 24
21, 0
22, 32
23, 0
24, 20
25, 23
26, 1
27, 20
28, 35
29, 19
30, 16
31, 18
32, 9
33, 1
34, 0
35, 41
36, 1
37, 22
38, 11
39, 6
40, 43
41, 1
42, 15
43, 21
44, 70
45, 40
46, 24
47, 0
48, 57
49, 0
50, 41
51, 1
52, 22
53, 11
54, 6
55, 40
56, 1
57, 15
58, 21
59, 57
60, 40
61, 0
62, 39
63, 1
64, 22
65, 17
66, 0
67, 27
68, 27
69, 0
70, 23
71, 13
72, 1
73, 26
74, 28
75, 13
76, 1
77, 1
78, 30
79, 1
80, 33
81, 36
82, 33
83, 47
84, 2
85, 0
86, 40
87, 0
88, 17
89, 0
90, 37
91, 0
92, 53
93, 32
94, 0
95, 111
96, 0
97, 50
98, 0
99, 52
100, 52
101, 14
102, 34
103, 42
104, 43
105, 1
106, 81
107, 1
108, 92
109, 1
110, 0
111, 44
112, 14
113, 86
114, 1
115, 6
116, 22
117, 1
118, 1
119, 0
120, 27
121, 33
122, 65
123, 1
124, 0
125, 16
126, 21
127, 9
128, 0
129, 55
130, 10
131, 9
132, 10
133, 1
134, 1
135, 33
136, 36
137, 29
138, 2
139, 0
140, 40
141, 26
142, 25
143, 1
144, 28
145, 30
146, 30
147, 54
148, 44
149, 0
150, 35
151, 1
152, 36
153, 12
154, 0
155, 18
156, 19
157, 1
158, 40
159, 0
160, 14
161, 1
162, 12
163, 1
164, 11
165, 18
166, 0
167, 20
168, 19
169, 1
170, 17
171, 15
172, 8
173, 14
174, 1
175, 8
176, 12
177, 14
178, 17
179, 16
180, 1
181, 21
182, 13
183, 1
184, 2
185, 0
186, 40
187, 1
188, 17
189, 0
190, 11
191, 43
192, 1
193, 0
194, 24
195, 1
196, 41
197, 21
198, 11
199, 8
200, 15
201, 23
202, 1
203, 1
204, 0
205, 29
206, 1
207, 27
208, 10
209, 1
210, 10
211, 35
212, 9
213, 37
214, 12
215, 34
216, 19
217, 1
218, 1
219, 2
220, 0
221, 52
222, 40
223, 43
224, 0
225, 38
226, 1
227, 22
228, 21
229, 0
230, 33
231, 0
232, 40
233, 38
234, 48
235, 1
236, 0
237, 16
238, 0
239, 17
240, 42
241, 39
242, 1
243, 0
244, 24
245, 9
246, 1
247, 15
248, 21
249, 58
250, 40
251, 33
252, 0
253, 35
254, 0
255, 39
256, 27
257, 11
258, 9
259, 50
260, 20
261, 14
262, 1
263, 47
264, 1
265, 0
266, 32
267, 6
268, 28
269, 0
270, 29
271, 21
272, 21
273, 17
274, 29
275, 48
276, 11
277, 1
278, 1
279, 11
280, 11
281, 1
282, 0
283, 70
284, 70
285, 16
286, 2
287, 33
288, 1
289, 60
290, 26
291, 1
292, 0
293, 31
294, 1
295, 14
296, 1
297, 29
298, 31
299, 46
300, 23
301, 20
302, 8
303, 42
304, 1
305, 9
306, 1
307, 15
308, 21
309, 60
310, 40
311, 19
312, 0
313, 33
314, 0
315, 55
316, 55
317, 0
318, 29
319, 1
320, 44
321, 59
322, 1
323, 0
324, 11
325, 0
326, 25
327, 1
328, 43
329, 13
330, 5
331, 4
332, 11
333, 1
334, 0
335, 25
336, 1
337, 37
338, 13
339, 5
340, 4
341, 11
342, 1
343, 0
344, 0
345, 20
346, 1
347, 13
348, 26
349, 4
350, 26
351, 1
352, 0
353, 31
354, 1
355, 24
356, 13
357, 8
358, 10
359, 23
360, 48
361, 1
362, 3
363, 34
364, 60
365, 2
366, 40
367, 21
368, 54
369, 1
370, 0
371, 21
372, 14
373, 30
374, 31
375, 31
376, 33
377, 22
378, 14
379, 0
380, 41
381, 10
382, 0
383, 11
384, 38
385, 16
386, 51
387, 12
388, 8
389, 1
390, 0
391, 41
392, 40
393, 47
394, 0
395, 19
396, 6
397, 0
398, 31
399, 22
400, 30
401, 62
402, 1
403, 13
404, 1
405, 0
406, 33
407, 27
408, 50
409, 1
410, 1
411, 0
412, 11
413, 33
414, 21
415, 10
416, 15
417, 14
418, 20
419, 6
420, 1
421, 17
422, 0
423, 24
424, 24
425, 4
426, 1
427, 1
428, 1
429, 0
430, 33
431, 34
432, 27
433, 67
434, 2
435, 0
436, 17
437, 12
438, 14
439, 0
440, 32
441, 7
442, 10
443, 1
444, 1
445, 0
446, 32
447, 55
448, 44
449, 44
450, 44
451, 44
452, 44
453, 38
454, 0
455, 44
456, 20
457, 20
458, 20
459, 20
460, 20
461, 20
462, 20
463, 20
464, 20
465, 20
466, 20
467, 20
468, 20
469, 19
470, 3
471, 0
472, 63
473, 31
474, 31
475, 30
476, 3
477, 0
478, 28
479, 20
480, 0
481, 19
482, 50
483, 53
484, 66
485, 0
486, 1
487, 0
488, 41
489, 13
490, 35
491, 15
492, 14
493, 1
494, 1
495, 0
496, 41
497, 22
498, 31
499, 20
500, 18
501, 19
502, 1
503, 0
504, 18
505, 0
506, 73
507, 8
508, 40
509, 0
510, 28
511, 0
512, 13
513, 17
514, 4
515, 4
516, 13
517, 0
518, 54
519, 45
520, 1
521, 1
522, 0
523, 65
524, 8
525, 8
526, 19
527, 40
528, 0
529, 28
530, 0
531, 13
532, 17
533, 4
534, 4
535, 13
536, 25
537, 10
538, 4
539, 36
540, 4
541, 1
542, 0
543, 45
544, 1
545, 1
546, 19
547, 17
548, 18
549, 12
550, 0
551, 27
552, 21
553, 21
554, 1
555, 0
556, 15
557, 21
558, 61
559, 40
560, 0
561, 3
562, 12
563, 21
564, 30
565, 1
566, 0
567, 4
568, 36
569, 30
570, 22
571, 1
572, 0
573, 33
574, 34
575, 0
576, 28
577, 2
578, 0
579, 39
580, 1
581, 21
582, 10
583, 28
584, 15
585, 21
586, 1
587, 15
588, 21
589, 58
590, 40
591, 23
592, 0
593, 39
594, 1
595, 13
596, 22
597, 17
598, 0
599, 29
600, 0
601, 22
602, 24
603, 1
604, 21
605, 22
606, 1
607, 17
608, 1
609, 15
610, 21
611, 59
612, 40
613, 0
614, 41
615, 22
616, 17
617, 0
618, 33
619, 33
620, 27
621, 22
622, 25
623, 36
624, 21
625, 1
626, 1
627, 57
628, 35
629, 1
630, 15
631, 21
632, 62
633, 40
634, 23
635, 0
636, 17
637, 17
638, 17
639, 0
640, 14
641, 0
642, 5
643, 76
644, 0
645, 39
646, 16
647, 10
648, 0
649, 17
650, 7
651, 10
652, 12
653, 14
654, 8
655, 13
656, 15
657, 16
658, 12
659, 7
660, 1
661, 1
662, 6
663, 11
664, 17
665, 39
666, 18
667, 14
668, 13
669, 8
670, 11
671, 1
672, 1
673, 12
674, 1
675, 1
676, 0
677, 41
678, 27
679, 17
680, 6
681, 0
682, 37
683, 20
684, 22
685, 25
686, 1
687, 0
688, 17
689, 0
690, 25
691, 1
692, 15
693, 21
694, 59
695, 40
696, 0
697, 38
698, 0
699, 33
700, 34
701, 29
702, 2
703, 0
704, 19
705, 16
706, 12
707, 0
708, 23
709, 11
710, 1
711, 0
712, 30
713, 63
714, 44
715, 73
716, 22
717, 9
718, 22
719, 10
720, 28
721, 9
722, 28
723, 10
724, 15
725, 29
726, 36
727, 78
728, 1
729, 20
730, 1
731, 0
732, 44
733, 88
734, 12
735, 49
736, 9
737, 18
738, 51
739, 1
740, 0
741, 0
742, 61
743, 45
744, 0
745, 36
746, 27
747, 31
748, 35
749, 34
750, 11
751, 14
752, 8
753, 44
754, 1
755, 1
756, 2
757, 0
758, 43
759, 26
760, 19
761, 1
762, 1
763, 0
764, 32
765, 25
766, 12
767, 37
768, 0
769, 24
770, 24
771, 6
772, 1
773, 0
774, 24
775, 17
776, 6
777, 17
778, 25
779, 1
780, 0
781, 37
782, 24
783, 24
784, 0
785, 22
786, 23
787, 25
788, 31
789, 37
790, 1
791, 15
792, 21
793, 59
794, 37
795, 19
796, 30
797, 0
798, 18
799, 0
800, 46
801, 16
802, 0
803, 16
804, 1
805, 20
806, 44
807, 37
808, 24
809, 24
810, 58
811, 43
812, 0
813, 11
814, 0
815, 22
816, 1
817, 16
818, 15
819, 1
820, 20
821, 65
822, 14
823, 22
824, 1
825, 30
826, 29
827, 1
828, 38
829, 24
830, 21
831, 20
832, 9
833, 71
834, 23
835, 21
836, 9
837, 1
838, 0
839, 31
840, 1
841, 32
842, 15
843, 8
844, 14
845, 22
846, 23
847, 1
848, 72
849, 39
850, 37
851, 2
852, 31
853, 72
854, 0
855, 38
856, 1
857, 42
858, 0
859, 52
860, 0
861, 27
862, 0
863, 27
864, 1
865, 27
866, 1
867, 45
868, 57
869, 15
870, 0
871, 36
872, 1
873, 53
874, 17
875, 0
876, 57
877, 1
878, 0
879, 57
880, 0
881, 17
882, 1
883, 46
884, 1
885, 20
886, 1
887, 50
888, 23
889, 1
890, 1
891, 1
892, 0
893, 9
894, 1
895, 0
896, 15
897, 21
898, 60
899, 40
900, 19
901, 0
902, 14
903, 0
904, 17
905, 30
906, 37
907, 14
908, 28
909, 32
910, 28
911, 17
912, 1
913, 11
914, 1
915, 10
916, 1
917, 0
918, 4
919, 36
920, 22
921, 10
922, 6
923, 0
924, 51
925, 51
926, 15
927, 26
928, 13
929, 39
930, 61
931, 1
932, 33
933, 37
934, 31
935, 0
936, 39
937, 1
938, 8
939, 33
940, 22
941, 32
942, 31
943, 32
944, 9
945, 20
946, 1
947, 40
948, 15
949, 18
950, 1
951, 19
952, 1
953, 0
954, 54
955, 1
956, 10
957, 27
958, 1
959, 1
960, 15
961, 21
962, 62
963, 40
964, 0
965, 14
966, 9
967, 0
968, 33
969, 19
970, 1
971, 0
972, 14
973, 13
974, 1
975, 0
976, 20
977, 13
978, 22
979, 1
980, 1
981, 0
982, 17
983, 15
984, 0
985, 21
986, 0
987, 50
988, 22
989, 24
990, 10
991, 1
992, 0
993, 20
994, 27
995, 13
996, 10
997, 1
998, 22
999, 1
1000, 1
1001, 0
1002, 41
1003, 22
1004, 17
1005, 0
1006, 12
1007, 28
1008, 25
1009, 34
1010, 1
1011, 48
1012, 0
1013, 8
1014, 35
1015, 25
1016, 35
1017, 1
1018, 49
1019, 1
1020, 0
1021, 0
1022, 15
1023, 21
1024, 61
1025, 40
1026, 23
1027, 0
1028, 13
1029, 1
1030, 6
1031, 13
1032, 11
1033, 24
1034, 25
1035, 15
1036, 11
1037, 15
1038, 0
1039, 27
1040, 1
1041, 19
1042, 14
1043, 15
1044, 0
1045, 19
1046, 1
1047, 27
1048, 36
1049, 30
1050, 26
1051, 30
1052, 1
1053, 0
1054, 23
1055, 20
1056, 36
1057, 0
1058, 13
1059, 1
1060, 44
1061, 52
1062, 1
1063, 0
1064, 8
1065, 14
1066, 48
1067, 1
1068, 2
1069, 0
1070, 10
1071, 1
1072, 38
1073, 61
1074, 0
1075, 40
1076, 47
1077, 45
1078, 58
1079, 59
1080, 49
1081, 45
1082, 49
1083, 1
1084, 72
1085, 39
1086, 37
1087, 2
1088, 53
1089, 2
1090, 31
1091, 72
1092, 0
1093, 23
1094, 1
1095, 32
1096, 34
1097, 32
1098, 0
1099, 20
1100, 1
1101, 17
1102, 0
1103, 23
1104, 1
1105, 68
1106, 1
1107, 0
1108, 38
1109, 1
1110, 0
1111, 29
1112, 1
1113, 32
1114, 0
1115, 33
1116, 0
1117, 23
1118, 1
1119, 42
1120, 1
1121, 17
1122, 17
1123, 17
1124, 0
1125, 45
1126, 44
1127, 0
1128, 28
1129, 28
1130, 28
1131, 0
1132, 28
1133, 28
1134, 28
1135, 1
1136, 0
1137, 9
1138, 1
1139, 0
1140, 23
1141, 1
1142, 59
1143, 1
1144, 1
1145, 0
1146, 21
1147, 1
1148, 30
1149, 0
1150, 33
1151, 0
1152, 23
1153, 1
1154, 69
1155, 0
1156, 42
1157, 1
1158, 53
1159, 45
1160, 36
1161, 1
1162, 0
1163, 9
1164, 1
1165, 0
1166, 9
1167, 1
1168, 0
1169, 24
1170, 1
1171, 87
1172, 1
1173, 38
1174, 44
1175, 18
1176, 1
1177, 0
1178, 49
1179, 1
1180, 22
1181, 22
1182, 22
1183, 1
1184, 0
1185, 32
1186, 1
1187, 0
1188, 36
1189, 0
1190, 28
1191, 2
1192, 47
1193, 0
1194, 81
1195, 81
1196, 80
1197, 0
1198, 80
1199, 82
1200, 79
1201, 0
1202, 81
1203, 81
1204, 80
1205, 0
1206, 80
1207, 81
1208, 79
1209, 3
1210, 1
1211, 0
1212, 35
1213, 0
1214, 38
1215, 1
1216, 21
1217, 0
1218, 32
1219, 0
1220, 31
1221, 46
1222, 31
1223, 0
1224, 9
1225, 1
1226, 0
1227, 15
1228, 21
1229, 64
1230, 40
1231, 0
1232, 41
1233, 22
1234, 17
1235, 8
1236, 0
1237, 21
1238, 21
1239, 21
1240, 21
1241, 21
1242, 21
1243, 4
1244, 0
1245, 17
1246, 1
1247, 39
1248, 34
1249, 0
1250, 28
1251, 2
1252, 0
1253, 17
1254, 1
1255, 38
1256, 10
1257, 0
1258, 30
1259, 15
1260, 37
1261, 13
1262, 1
1263, 8
1264, 1
1265, 1
1266, 15
1267, 1
1268, 0
1269, 38
1270, 1
1271, 21
1272, 10
1273, 6
1274, 6
1275, 0
1276, 21
1277, 46
1278, 0
1279, 25
1280, 46
1281, 0
1282, 25
1283, 46
1284, 1
1285, 39
1286, 34
1287, 0
1288, 65
1289, 65
1290, 62
1291, 2
1292, 0
1293, 17
1294, 1
1295, 36
1296, 0
1297, 46
1298, 0
1299, 29
1300, 36
1301, 36
1302, 34
1303, 1
1304, 8
1305, 1
1306, 1
1307, 15
1308, 1
1309, 0
1310, 38
1311, 1
1312, 21
1313, 10
1314, 6
1315, 6
1316, 0
1317, 21
1318, 46
1319, 0
1320, 25
1321, 46
1322, 0
1323, 25
1324, 46
1325, 1
1326, 0
1327, 15
1328, 21
1329, 61
1330, 40
1331, 0
1332, 14
1333, 9
1334, 0
1335, 33
1336, 19
1337, 1
1338, 0
1339, 14
1340, 13
1341, 1
1342, 0
1343, 20
1344, 13
1345, 22
1346, 1
1347, 1
1348, 0
1349, 17
1350, 15
1351, 0
1352, 21
1353, 0
1354, 50
1355, 22
1356, 24
1357, 10
1358, 1
1359, 0
1360, 20
1361, 27
1362, 13
1363, 10
1364, 1
1365, 22
1366, 1
1367, 1
1368, 0
1369, 41
1370, 22
1371, 17
1372, 0
1373, 26
1374, 25
1375, 19
1376, 48
1377, 1
1378, 25
1379, 26
1380, 1
1381, 0
1382, 12
1383, 0
1384, 33
1385, 25
1386, 20
1387, 49
1388, 1
1389, 25
1390, 33
1391, 1
1392, 1
1393, 0
1394, 0
1395, 72
1396, 39
1397, 37
1398, 2
1399, 53
1400, 2
1401, 31
1402, 72
1403, 0
1404, 38
1405, 1
1406, 38
1407, 0
1408, 67
1409, 0
1410, 43
1411, 1
1412, 56
1413, 0
1414, 29
1415, 22
1416, 28
1417, 29
1418, 29
1419, 16
1420, 19
1421, 18
1422, 28
1423, 1
1424, 0
1425, 33
1426, 32
1427, 34
1428, 37
1429, 39
1430, 34
1431, 38
1432, 46
1433, 33
1434, 0
1435, 9
1436, 1
1437, 0
1438, 39
1439, 37
1440, 2
1441, 33
1442, 0
1443, 10
1444, 32
1445, 0
1446, 46
1447, 1
1448, 41
1449, 44
1450, 1
1451, 0
1452, 32
1453, 1
1454, 37
1455, 1
1456, 0
1457, 27
1458, 1
1459, 27
1460, 24
1461, 6
1462, 45
1463, 4
1464, 39
1465, 1
1466, 36
1467, 9
1468, 1
1469, 9
1470, 1
1471, 0
1472, 38
1473, 1
1474, 24
1475, 24
1476, 38
1477, 15
1478, 47
1479, 9
1480, 1
1481, 15
1482, 21
1483, 65
1484, 40
1485, 0
1486, 33
1487, 28
1488, 36
1489, 0
1490, 22
1491, 26
1492, 27
1493, 37
1494, 9
1495, 11
1496, 14
1497, 17
1498, 14
1499, 1
1500, 1
1501, 0
1502, 22
1503, 11
1504, 27
1505, 37
1506, 13
1507, 11
1508, 17
1509, 14
1510, 14
1511, 18
1512, 1
1513, 1
1514, 0
1515, 41
1516, 22
1517, 17
1518, 39
1519, 27
1520, 12
1521, 37
1522, 1
1523, 15
1524, 21
1525, 60
1526, 40
1527, 0
1528, 16
1529, 14
1530, 15
1531, 0
1532, 14
1533, 0
1534, 5
1535, 76
1536, 0
1537, 3
1538, 36
1539, 33
1540, 13
1541, 18
1542, 1
1543, 35
1544, 10
1545, 1
1546, 0
1547, 72
1548, 39
1549, 37
1550, 2
1551, 70
1552, 2
1553, 31
1554, 72
1555, 0
1556, 21
1557, 1
1558, 25
1559, 33
1560, 33
1561, 1
1562, 0
1563, 17
1564, 0
1565, 14
1566, 1
1567, 20
1568, 31
1569, 1
1570, 0
1571, 21
1572, 1
1573, 24
1574, 41
1575, 1
1576, 0
1577, 17
1578, 0
1579, 28
1580, 1
1581, 76
1582, 9
1583, 1
1584, 0
1585, 39
1586, 1
1587, 94
1588, 9
1589, 1
1590, 0
1591, 35
1592, 0
1593, 38
1594, 1
1595, 21
1596, 0
1597, 39
1598, 55
1599, 0
1600, 7
1601, 68
1602, 0
1603, 30
1604, 57
1605, 0
1606, 9
1607, 1
1608, 0
1609, 72
1610, 39
1611, 37
1612, 2
1613, 70
1614, 67
1615, 2
1616, 32
1617, 2
1618, 102
1619, 2
1620, 76
1621, 70
1622, 12
1623, 2
1624, 31
1625, 72
1626, 0
1627, 2
1628, 31
1629, 2
1630, 14
1631, 1
1632, 27
1633, 21
1634, 26
1635, 24
1636, 0
1637, 31
1638, 1
1639, 48
1640, 1
1641, 0
1642, 25
1643, 1
1644, 59
1645, 26
1646, 1
1647, 0
1648, 71
1649, 1
1650, 8
1651, 17
1652, 0
1653, 8
1654, 1
1655, 24
1656, 41
1657, 0
1658, 57
1659, 0
1660, 40
1661, 0
1662, 15
1663, 1
1664, 10
1665, 2
1666, 1
1667, 46
1668, 5
1669, 1
1670, 25
1671, 1
1672, 0
1673, 33
1674, 74
1675, 0
1676, 7
1677, 1
1678, 0
1679, 22
1680, 11
1681, 1
1682, 1
1683, 0
1684, 35
1685, 0
1686, 22
1687, 78
1688, 86
1689, 88
1690, 0
1691, 18
1692, 57
1693, 55
1694, 42
1695, 0
1696, 35
1697, 0
1698, 10
1699, 1
1700, 52
1701, 67
1702, 0
1703, 58
1704, 77
1705, 0
1706, 24
1707, 29
1708, 1
1709, 56
1710, 2
1711, 56
1712, 2
1713, 58
1714, 41
1715, 2
1716, 0
1717, 24
1718, 77
1719, 0
1720, 41
1721, 1
1722, 0
1723, 23
1724, 34
1725, 1
1726, 42
1727, 1
1728, 0
1729, 19
1730, 66
1731, 0
1732, 9
1733, 1
1734, 0
1735, 40
1736, 37
1737, 2
1738, 69
1739, 2
1740, 31
1741, 41
1742, 0
1743, 24
1744, 2
1745, 78
1746, 86
1747, 85
1748, 3
1749, 0
1750, 19
1751, 2
1752, 44
1753, 3
1754, 0
1755, 22
1756, 2
1757, 100
1758, 3
1759, 0
1760, 0
1761, 0
1762, 10
1763, 1
1764, 52
1765, 67
1766, 0
1767, 58
1768, 60
1769, 0
1770, 30
1771, 0
1772, 24
1773, 29
1774, 1
1775, 26
1776, 103
1777, 0
1778, 41
1779, 1
1780, 0
1781, 23
1782, 32
1783, 0
1784, 19
1785, 66
1786, 0
1787, 9
1788, 1
1789, 15
1790, 21
1791, 64
1792, 40
1793, 23
1794, 0
1795, 58
1796, 36
1797, 41
1798, 0
1799, 39
1800, 1
1801, 70
1802, 48
1803, 22
1804, 14
1805, 0
1806, 10
1807, 29
1808, 41
1809, 10
1810, 22
1811, 41
1812, 4
1813, 43
1814, 1
1815, 72
1816, 39
1817, 37
1818, 2
1819, 31
1820, 72
1821, 0
1822, 39
1823, 1
1824, 8
1825, 18
1826, 44
1827, 42
1828, 0
1829, 82
1830, 1
1831, 0
1832, 35
1833, 0
1834, 10
1835, 1
1836, 57
1837, 0
1838, 44
1839, 1
1840, 23
1841, 1
1842, 50
1843, 24
1844, 1
1845, 4
1846, 1
1847, 23
1848, 1
1849, 1
1850, 0
1851, 21
1852, 0
1853, 9
1854, 1
1855, 0
1856, 15
1857, 21
1858, 65
1859, 40
1860, 23
1861, 0
1862, 73
1863, 15
1864, 21
1865, 59
1866, 40
1867, 19
1868, 0
1869, 39
1870, 1
1871, 17
1872, 21
1873, 0
1874, 20
1875, 12
1876, 8
1877, 0
1878, 15
1879, 10
1880, 21
1881, 27
1882, 15
1883, 28
1884, 13
1885, 8
1886, 1
1887, 1
1888, 1
1889, 28
1890, 1
1891, 33
1892, 37
1893, 31
1894, 0
1895, 21
1896, 1
1897, 49
1898, 1
1899, 0
1900, 48
1901, 1
1902, 29
1903, 12
1904, 29
1905, 24
1906, 1
1907, 1
1908, 1
1909, 0
1910, 50
1911, 1
1912, 29
1913, 13
1914, 29
1915, 25
1916, 1
1917, 1
1918, 1
1919, 0
1920, 52
1921, 1
1922, 29
1923, 12
1924, 16
1925, 1
1926, 0
1927, 39
1928, 1
1929, 21
1930, 34
1931, 29
1932, 0
1933, 30
1934, 14
1935, 14
1936, 1
1937, 0
1938, 14
1939, 29
1940, 19
1941, 18
1942, 1
1943, 0
1944, 32
1945, 1
1946, 15
1947, 21
1948, 64
1949, 40
1950, 0
1951, 13
1952, 57
1953, 58
1954, 42
1955, 43
1956, 1
1957, 1
1958, 15
1959, 21
1960, 60
1961, 40
1962, 18
1963, 0
1964, 41
1965, 22
1966, 17
1967, 0
1968, 36
1969, 22
1970, 25
1971, 13
1972, 1
1973, 34
1974, 1
1975, 15
1976, 21
1977, 67
1978, 37
1979, 0
1980, 39
1981, 1
1982, 22
1983, 17
1984, 0
1985, 16
1986, 25
1987, 17
1988, 1
1989, 27
1990, 1
1991, 15
1992, 21
1993, 67
1994, 37
1995, 26
1996, 0
1997, 11
1998, 1
1999, 12
2000, 17
2001, 0
2002, 45
2003, 1
2004, 33
2005, 57
2006, 18
2007, 1
2008, 0
2009, 20
2010, 1
2011, 15
2012, 0
2013, 39
2014, 34
2015, 0
2016, 28
2017, 2
2018, 0
2019, 38
2020, 1
2021, 93
2022, 1
2023, 0
2024, 39
2025, 1
2026, 25
2027, 50
2028, 1
2029, 15
2030, 21
2031, 56
2032, 40
2033, 45
2034, 0
2035, 31
2036, 0
2037, 13
2038, 64
2039, 24
2040, 0
2041, 48
2042, 0
2043, 11
2044, 15
2045, 8
2046, 4
2047, 51
2048, 17
2049, 18
2050, 23
2051, 18
2052, 33
2053, 34
2054, 1
2055, 17
2056, 13
2057, 17
2058, 8
2059, 34
2060, 6
2061, 1
2062, 13
2063, 32
2064, 1
2065, 15
2066, 21
2067, 62
2068, 37
2069, 23
2070, 0
2071, 11
2072, 1
2073, 38
2074, 19
2075, 0
2076, 44
2077, 13
2078, 1
2079, 32
2080, 23
2081, 12
2082, 17
2083, 12
2084, 43
2085, 0
2086, 7
2087, 1
2088, 13
2089, 59
2090, 0
2091, 17
2092, 6
2093, 0
2094, 31
2095, 0
2096, 42
2097, 19
2098, 33
2099, 4
2100, 12
2101, 0
2102, 27
2103, 19
2104, 1
2105, 0
2106, 25
2107, 0
2108, 48
2109, 42
2110, 38
2111, 0
2112, 43
2113, 42
2114, 0
2115, 37
2116, 41
2117, 1
2118, 20
2119, 34
2120, 0
2121, 41
2122, 34
2123, 1
2124, 1
