1, 33
2, 34
3, 40
4, 2
5, 0
6, 18
7, 33
8, 28
9, 49
10, 1
11, 0
12, 30
13, 18
14, 29
15, 27
16, 0
17, 47
18, 7
19, 31
20, 21
21, 19
22, 1
23, 1
24, 33
25, 34
26, 40
27, 2
28, 0
29, 13
30, 33
31, 28
32, 10
33, 0
34, 26
35, 44
36, 0
37, 26
38, 37
39, 29
40, 15
41, 0
42, 38
43, 1
44, 0
45, 0
46, 47
47, 7
48, 31
49, 21
50, 19
51, 1
52, 1
53, 0
54, 0
55, 0
56, 33
57, 34
58, 0
59, 29
60, 22
61, 25
62, 26
63, 23
64, 2
65, 0
66, 61
67, 13
68, 1
69, 82
70, 42
71, 1
72, 61
73, 17
74, 1
75, 64
76, 17
77, 1
78, 0
79, 13
80, 39
81, 77
82, 12
83, 1
84, 1
85, 0
86, 20
87, 33
88, 50
89, 16
90, 35
91, 0
92, 49
93, 59
94, 0
95, 63
96, 37
97, 35
98, 8
99, 51
100, 14
101, 24
102, 6
103, 49
104, 1
105, 46
106, 1
107, 54
108, 1
109, 1
110, 33
111, 34
112, 0
113, 29
114, 22
115, 25
116, 44
117, 2
118, 0
119, 29
120, 0
121, 20
122, 50
123, 59
124, 0
125, 33
126, 50
127, 16
128, 33
129, 53
130, 0
131, 59
132, 36
133, 20
134, 27
135, 51
136, 71
137, 63
138, 60
139, 10
140, 1
141, 55
142, 1
143, 1
144, 0
145, 30
146, 33
147, 1
148, 0
149, 45
150, 42
151, 45
152, 5
153, 1
154, 0
155, 51
156, 67
157, 1
158, 13
159, 39
160, 68
161, 28
162, 1
163, 1
164, 0
165, 33
166, 34
167, 0
168, 29
169, 22
170, 25
171, 26
172, 2
173, 0
174, 20
175, 33
176, 50
177, 16
178, 33
179, 0
180, 49
181, 59
182, 0
183, 58
184, 36
185, 20
186, 27
187, 51
188, 13
189, 24
190, 6
191, 47
192, 1
193, 44
194, 10
195, 1
196, 54
197, 1
198, 1
199, 0
200, 51
201, 17
202, 13
203, 17
204, 29
205, 1
206, 1
207, 13
208, 39
209, 68
210, 28
211, 1
212, 1
213, 40
214, 34
215, 28
216, 76
217, 2
218, 0
219, 25
220, 27
221, 24
222, 0
223, 18
224, 0
225, 21
226, 30
227, 33
228, 31
229, 32
230, 0
231, 38
232, 0
233, 30
234, 32
235, 34
236, 0
237, 0
238, 57
239, 40
240, 16
241, 7
242, 0
243, 30
244, 9
245, 25
246, 39
247, 9
248, 1
249, 1
250, 0
251, 11
252, 19
253, 16
254, 6
255, 7
256, 0
257, 25
258, 23
259, 29
260, 30
261, 20
262, 6
263, 1
264, 1
265, 0
266, 21
267, 11
268, 23
269, 22
270, 7
271, 21
272, 22
273, 12
274, 30
275, 1
276, 8
277, 23
278, 22
279, 29
280, 12
281, 1
282, 27
283, 1
284, 1
285, 0
286, 1
287, 1
288, 1
289, 1
290, 0
291, 79
292, 16
293, 11
294, 6
295, 17
296, 7
297, 25
298, 32
299, 22
300, 21
301, 25
302, 18
303, 22
304, 17
305, 14
306, 29
307, 6
308, 1
309, 1
310, 1
311, 0
312, 46
313, 14
314, 31
315, 15
316, 19
317, 19
318, 19
319, 1
320, 34
321, 16
322, 21
323, 16
324, 19
325, 1
326, 32
327, 18
328, 18
329, 17
330, 19
331, 1
332, 19
333, 1
334, 1
335, 43
336, 1
337, 0
338, 41
339, 98
340, 33
341, 20
342, 20
343, 40
344, 25
345, 1
346, 1
347, 40
348, 34
349, 25
350, 22
351, 25
352, 2
353, 0
354, 0
355, 18
356, 21
357, 30
358, 33
359, 31
360, 32
361, 38
362, 32
363, 23
364, 38
365, 11
366, 19
367, 10
368, 11
369, 8
370, 24
371, 24
372, 12
373, 9
374, 13
375, 1
376, 8
377, 17
378, 1
379, 1
380, 1
381, 81
382, 19
383, 21
384, 26
385, 10
386, 1
387, 25
388, 20
389, 5
390, 24
391, 13
392, 20
393, 14
394, 8
395, 13
396, 26
397, 1
398, 1
399, 9
400, 56
401, 1
402, 1
403, 0
404, 58
405, 29
406, 31
407, 28
408, 28
409, 32
410, 34
411, 34
412, 31
413, 32
414, 33
415, 1
416, 1
417, 0
418, 38
419, 28
420, 58
421, 10
422, 25
423, 32
424, 9
425, 1
426, 52
427, 29
428, 11
429, 2
430, 1
431, 30
432, 73
433, 25
434, 1
435, 0
436, 31
437, 98
438, 33
439, 20
440, 20
441, 40
442, 26
443, 1
444, 1
445, 0
446, 0
447, 0
448, 40
449, 34
450, 0
451, 42
452, 41
453, 2
454, 0
455, 0
456, 30
457, 16
458, 0
459, 23
460, 59
461, 27
462, 51
463, 23
464, 17
465, 18
466, 18
467, 1
468, 22
469, 19
470, 15
471, 19
472, 1
473, 25
474, 16
475, 16
476, 21
477, 1
478, 1
479, 17
480, 41
481, 55
482, 3
483, 1
484, 1
485, 0
486, 18
487, 75
488, 61
489, 67
490, 1
491, 0
492, 35
493, 61
494, 62
495, 0
496, 30
497, 30
498, 23
499, 66
500, 1
501, 6
502, 64
503, 62
504, 6
505, 38
506, 18
507, 47
508, 47
509, 9
510, 17
511, 17
512, 1
513, 1
514, 1
515, 1
516, 1
517, 0
518, 65
519, 11
520, 5
521, 28
522, 1
523, 41
524, 1
525, 1
526, 0
527, 114
528, 38
529, 13
530, 25
531, 0
532, 34
533, 66
534, 16
535, 10
536, 27
537, 28
538, 13
539, 1
540, 30
541, 54
542, 1
543, 0
544, 39
545, 31
546, 57
547, 49
548, 0
549, 86
550, 7
551, 0
552, 62
553, 26
554, 34
555, 0
556, 19
557, 79
558, 0
559, 30
560, 0
561, 84
562, 7
563, 1
564, 0
565, 31
566, 14
567, 0
568, 53
569, 0
570, 11
571, 7
572, 0
573, 22
574, 58
575, 1
576, 1
577, 42
578, 34
579, 0
580, 29
581, 64
582, 2
583, 0
584, 36
585, 24
586, 22
587, 28
588, 1
589, 0
590, 51
591, 0
592, 80
593, 38
594, 17
595, 13
596, 0
597, 17
598, 14
599, 30
600, 17
601, 13
602, 14
603, 9
604, 1
605, 9
606, 23
607, 1
608, 0
609, 85
610, 1
611, 0
612, 49
613, 38
614, 15
615, 23
616, 0
617, 45
618, 24
619, 31
620, 8
621, 26
622, 21
623, 12
624, 22
625, 8
626, 89
627, 18
628, 17
629, 1
630, 0
631, 7
632, 1
633, 11
634, 1
635, 0
636, 20
637, 25
638, 0
639, 17
640, 17
641, 16
642, 1
643, 1
644, 0
645, 23
646, 11
647, 1
648, 1
649, 0
650, 54
651, 0
652, 23
653, 59
654, 25
655, 26
656, 26
657, 26
658, 22
659, 26
660, 26
661, 26
662, 31
663, 1
664, 0
665, 35
666, 31
667, 37
668, 62
669, 9
670, 40
671, 24
672, 23
673, 32
674, 54
675, 9
676, 1
677, 0
678, 31
679, 60
680, 14
681, 9
682, 25
683, 38
684, 29
685, 1
686, 0
687, 107
688, 0
689, 116
690, 0
691, 20
692, 24
693, 23
694, 26
695, 23
696, 22
697, 25
698, 26
699, 25
700, 28
701, 1
702, 0
703, 42
704, 48
705, 1
706, 1
707, 0
708, 33
709, 34
710, 40
711, 2
712, 0
713, 15
714, 0
715, 11
716, 11
717, 0
718, 33
719, 28
720, 0
721, 34
722, 16
723, 0
724, 38
725, 31
726, 1
727, 0
728, 0
729, 22
730, 17
731, 24
732, 4
733, 28
734, 0
735, 0
736, 26
737, 18
738, 45
739, 1
740, 0
741, 0
742, 26
743, 22
744, 45
745, 1
746, 0
747, 0
748, 28
749, 22
750, 28
751, 47
752, 1
753, 1
754, 0
755, 0
756, 39
757, 7
758, 31
759, 21
760, 19
761, 1
762, 0
763, 1
764, 0
765, 46
766, 46
767, 2
768, 32
769, 36
770, 1
771, 31
772, 2
773, 0
774, 15
775, 1
776, 19
777, 22
778, 0
779, 40
780, 17
781, 60
782, 1
783, 0
784, 30
785, 64
786, 0
787, 32
788, 68
789, 0
790, 36
791, 19
792, 30
793, 55
794, 1
795, 0
796, 56
797, 12
798, 11
799, 14
800, 6
801, 25
802, 59
803, 1
804, 1
805, 1
806, 0
807, 31
808, 1
809, 33
810, 0
811, 40
812, 55
813, 1
814, 1
815, 2
816, 32
817, 36
818, 1
819, 31
820, 2
821, 0
822, 15
823, 1
824, 33
825, 33
826, 16
827, 13
828, 14
829, 17
830, 18
831, 18
832, 41
833, 40
834, 39
835, 0
836, 57
837, 24
838, 17
839, 5
840, 15
841, 33
842, 9
843, 1
844, 15
845, 17
846, 1
847, 0
848, 9
849, 5
850, 48
851, 16
852, 19
853, 5
854, 23
855, 78
856, 9
857, 1
858, 16
859, 17
860, 1
861, 0
862, 38
863, 0
864, 50
865, 19
866, 9
867, 33
868, 10
869, 9
870, 0
871, 5
872, 15
873, 58
874, 9
875, 1
876, 19
877, 1
878, 1
879, 0
880, 55
881, 1
882, 1
883, 0
884, 40
885, 36
886, 25
887, 2
888, 0
889, 21
890, 0
891, 17
892, 38
893, 34
894, 17
895, 0
896, 64
897, 13
898, 30
899, 30
900, 30
901, 0
902, 32
903, 9
904, 31
905, 9
906, 15
907, 14
908, 19
909, 7
910, 1
911, 11
912, 7
913, 1
914, 13
915, 13
916, 6
917, 9
918, 1
919, 12
920, 1
921, 0
922, 15
923, 9
924, 9
925, 23
926, 17
927, 6
928, 1
929, 20
930, 15
931, 5
932, 13
933, 15
934, 17
935, 11
936, 6
937, 6
938, 1
939, 6
940, 1
941, 1
942, 1
943, 0
944, 41
945, 15
946, 9
947, 16
948, 9
949, 23
950, 20
951, 29
952, 9
953, 6
954, 1
955, 4
956, 18
957, 37
958, 12
959, 1
960, 15
961, 22
962, 23
963, 16
964, 10
965, 3
966, 1
967, 0
968, 75
969, 12
970, 9
971, 12
972, 32
973, 19
974, 15
975, 23
976, 25
977, 20
978, 9
979, 1
980, 29
981, 40
982, 27
983, 6
984, 1
985, 3
986, 1
987, 0
988, 41
989, 44
990, 11
991, 11
992, 1
993, 1
994, 0
995, 30
996, 21
997, 30
998, 0
999, 66
1000, 71
1001, 67
1002, 51
1003, 25
1004, 27
1005, 22
1006, 34
1007, 1
1008, 1
1009, 74
1010, 88
1011, 0
1012, 74
1013, 55
1014, 15
1015, 35
1016, 36
1017, 16
1018, 30
1019, 1
1020, 1
1021, 1
1022, 40
1023, 34
1024, 0
1025, 31
1026, 48
1027, 2
1028, 0
1029, 20
1030, 1
1031, 29
1032, 28
1033, 35
1034, 42
1035, 0
1036, 5
1037, 13
1038, 5
1039, 41
1040, 44
1041, 0
1042, 43
1043, 5
1044, 11
1045, 16
1046, 5
1047, 17
1048, 51
1049, 6
1050, 1
1051, 11
1052, 6
1053, 1
1054, 22
1055, 33
1056, 18
1057, 0
1058, 57
1059, 13
1060, 12
1061, 13
1062, 17
1063, 12
1064, 1
1065, 17
1066, 5
1067, 15
1068, 11
1069, 19
1070, 5
1071, 1
1072, 13
1073, 0
1074, 13
1075, 28
1076, 11
1077, 1
1078, 10
1079, 1
1080, 5
1081, 1
1082, 0
1083, 31
1084, 51
1085, 44
1086, 1
1087, 1
1088, 2
1089, 39
1090, 36
1091, 1
1092, 39
1093, 57
1094, 1
1095, 2
1096, 0
1097, 22
1098, 53
1099, 34
1100, 14
1101, 14
1102, 61
1103, 0
1104, 39
1105, 36
1106, 20
1107, 0
1108, 31
1109, 12
1110, 26
1111, 12
1112, 9
1113, 38
1114, 5
1115, 42
1116, 45
1117, 21
1118, 1
1119, 1
1120, 0
1121, 15
1122, 16
1123, 11
1124, 12
1125, 9
1126, 13
1127, 23
1128, 12
1129, 6
1130, 11
1131, 15
1132, 9
1133, 39
1134, 12
1135, 12
1136, 13
1137, 1
1138, 1
1139, 0
1140, 16
1141, 13
1142, 16
1143, 20
1144, 9
1145, 38
1146, 4
1147, 10
1148, 10
1149, 17
1150, 17
1151, 14
1152, 15
1153, 10
1154, 7
1155, 7
1156, 1
1157, 17
1158, 17
1159, 9
1160, 25
1161, 1
1162, 5
1163, 1
1164, 0
1165, 24
1166, 19
1167, 28
1168, 9
1169, 41
1170, 21
1171, 10
1172, 14
1173, 16
1174, 14
1175, 25
1176, 34
1177, 1
1178, 6
1179, 19
1180, 7
1181, 1
1182, 1
1183, 0
1184, 35
1185, 35
1186, 26
1187, 13
1188, 2
1189, 1
1190, 0
1191, 39
1192, 43
1193, 1
1194, 0
1195, 31
1196, 51
1197, 38
1198, 32
1199, 6
1200, 53
1201, 33
1202, 26
1203, 27
1204, 63
1205, 24
1206, 23
1207, 67
1208, 1
1209, 1
1210, 1
1211, 0
1212, 33
1213, 34
1214, 25
1215, 40
1216, 2
1217, 0
1218, 16
1219, 0
1220, 14
1221, 9
1222, 46
1223, 46
1224, 46
1225, 46
1226, 46
1227, 46
1228, 37
1229, 0
1230, 69
1231, 32
1232, 68
1233, 0
1234, 24
1235, 23
1236, 23
1237, 23
1238, 22
1239, 68
1240, 0
1241, 33
1242, 21
1243, 41
1244, 0
1245, 42
1246, 33
1247, 0
1248, 45
1249, 30
1250, 0
1251, 50
1252, 38
1253, 0
1254, 7
1255, 1
1256, 1
1257, 0
1258, 0
1259, 45
1260, 0
1261, 78
1262, 27
1263, 28
1264, 0
1265, 78
1266, 0
1267, 57
1268, 23
1269, 47
1270, 0
1271, 15
1272, 45
1273, 0
1274, 9
1275, 14
1276, 18
1277, 14
1278, 53
1279, 33
1280, 6
1281, 6
1282, 1
1283, 0
1284, 9
1285, 15
1286, 1
1287, 1
1288, 0
1289, 76
1290, 14
1291, 15
1292, 45
1293, 0
1294, 9
1295, 14
1296, 34
1297, 54
1298, 33
1299, 6
1300, 1
1301, 0
1302, 54
1303, 34
1304, 15
1305, 1
1306, 1
1307, 0
1308, 70
1309, 27
1310, 34
1311, 0
1312, 9
1313, 15
1314, 53
1315, 7
1316, 1
1317, 27
1318, 1
1319, 1
1320, 0
1321, 0
1322, 21
1323, 15
1324, 13
1325, 14
1326, 21
1327, 0
1328, 29
1329, 28
1330, 15
1331, 1
1332, 1
1333, 40
1334, 34
1335, 23
1336, 36
1337, 60
1338, 2
1339, 0
1340, 16
1341, 0
1342, 14
1343, 9
1344, 46
1345, 46
1346, 46
1347, 46
1348, 46
1349, 46
1350, 37
1351, 0
1352, 28
1353, 12
1354, 50
1355, 27
1356, 0
1357, 16
1358, 16
1359, 66
1360, 27
1361, 0
1362, 33
1363, 21
1364, 41
1365, 0
1366, 50
1367, 57
1368, 60
1369, 0
1370, 7
1371, 1
1372, 1
1373, 0
1374, 0
1375, 45
1376, 78
1377, 28
1378, 18
1379, 40
1380, 28
1381, 0
1382, 62
1383, 62
1384, 12
1385, 30
1386, 26
1387, 17
1388, 27
1389, 48
1390, 1
1391, 6
1392, 57
1393, 31
1394, 1
1395, 1
1396, 6
1397, 51
1398, 9
1399, 1
1400, 1
1401, 55
1402, 33
1403, 24
1404, 1
1405, 0
1406, 50
1407, 43
1408, 46
1409, 9
1410, 13
1411, 19
1412, 6
1413, 1
1414, 18
1415, 30
1416, 1
1417, 73
1418, 33
1419, 13
1420, 50
1421, 16
1422, 1
1423, 0
1424, 65
1425, 73
1426, 46
1427, 54
1428, 51
1429, 43
1430, 1
1431, 0
1432, 28
1433, 9
1434, 46
1435, 1
1436, 1
1437, 14
1438, 18
1439, 48
1440, 64
1441, 13
1442, 20
1443, 6
1444, 24
1445, 10
1446, 5
1447, 1
1448, 1
1449, 6
1450, 10
1451, 35
1452, 1
1453, 10
1454, 0
1455, 12
1456, 25
1457, 30
1458, 1
1459, 1
1460, 0
1461, 29
1462, 36
1463, 18
1464, 13
1465, 55
1466, 1
1467, 1
1468, 33
1469, 34
1470, 40
1471, 2
1472, 0
1473, 13
1474, 31
1475, 45
1476, 0
1477, 0
1478, 22
1479, 39
1480, 0
1481, 0
1482, 47
1483, 7
1484, 31
1485, 21
1486, 19
1487, 1
1488, 1
1489, 0
1490, 0
1491, 0
1492, 72
1493, 72
1494, 72
1495, 72
1496, 72
1497, 72
1498, 0
1499, 31
1500, 31
1501, 0
1502, 15
1503, 1
1504, 37
1505, 1
1506, 34
1507, 0
1508, 29
1509, 0
1510, 49
1511, 87
1512, 0
1513, 35
1514, 1
1515, 0
1516, 47
1517, 1
1518, 21
1519, 36
1520, 1
1521, 1
1522, 0
1523, 33
1524, 34
1525, 40
1526, 2
1527, 0
1528, 17
1529, 33
1530, 34
1531, 21
1532, 0
1533, 69
1534, 55
1535, 1
1536, 1
1537, 33
1538, 34
1539, 40
1540, 2
1541, 0
1542, 17
1543, 33
1544, 34
1545, 21
1546, 10
1547, 0
1548, 60
1549, 55
1550, 1
1551, 1
1552, 33
1553, 34
1554, 40
1555, 2
1556, 0
1557, 40
1558, 0
1559, 13
1560, 33
1561, 28
1562, 14
1563, 38
1564, 0
1565, 36
1566, 38
1567, 0
1568, 36
1569, 43
1570, 18
1571, 0
1572, 23
1573, 1
1574, 0
1575, 0
1576, 47
1577, 7
1578, 31
1579, 32
1580, 0
1581, 19
1582, 1
1583, 0
1584, 1
1585, 0
1586, 0
1587, 0
1588, 33
1589, 34
1590, 40
1591, 2
1592, 0
1593, 40
1594, 0
1595, 14
1596, 33
1597, 0
1598, 56
1599, 22
1600, 39
1601, 32
1602, 1
1603, 0
1604, 28
1605, 18
1606, 0
1607, 45
1608, 45
1609, 0
1610, 38
1611, 38
1612, 0
1613, 0
1614, 13
1615, 34
1616, 18
1617, 17
1618, 0
1619, 23
1620, 16
1621, 31
1622, 12
1623, 36
1624, 1
1625, 1
1626, 8
1627, 1
1628, 0
1629, 50
1630, 50
1631, 50
1632, 51
1633, 0
1634, 1
1635, 0
1636, 0
1637, 47
1638, 7
1639, 31
1640, 21
1641, 19
1642, 1
1643, 1
1644, 0
1645, 0
1646, 44
1647, 17
1648, 1
1649, 0
1650, 0
1651, 33
1652, 34
1653, 40
1654, 2
1655, 0
1656, 17
1657, 33
1658, 28
1659, 0
1660, 37
1661, 36
1662, 29
1663, 0
1664, 21
1665, 0
1666, 55
1667, 1
1668, 0
1669, 0
1670, 49
1671, 44
1672, 15
1673, 0
1674, 18
1675, 17
1676, 7
1677, 14
1678, 36
1679, 6
1680, 13
1681, 15
1682, 10
1683, 14
1684, 12
1685, 7
1686, 1
1687, 1
1688, 6
1689, 11
1690, 17
1691, 43
1692, 18
1693, 14
1694, 6
1695, 10
1696, 1
1697, 16
1698, 1
1699, 12
1700, 1
1701, 1
1702, 0
1703, 0
1704, 24
1705, 22
1706, 23
1707, 22
1708, 0
1709, 37
1710, 29
1711, 16
1712, 1
1713, 0
1714, 0
1715, 47
1716, 7
1717, 31
1718, 21
1719, 19
1720, 1
1721, 0
1722, 1
1723, 33
1724, 34
1725, 40
1726, 39
1727, 2
1728, 0
1729, 34
1730, 30
1731, 1
1732, 0
1733, 2
1734, 37
1735, 34
1736, 76
1737, 33
1738, 39
1739, 61
1740, 27
1741, 27
1742, 2
1743, 0
1744, 34
1745, 26
1746, 39
1747, 16
1748, 0
1749, 5
1750, 18
1751, 1
1752, 32
1753, 1
1754, 33
1755, 25
1756, 0
1757, 66
1758, 40
1759, 43
1760, 11
1761, 0
1762, 37
1763, 44
1764, 0
1765, 64
1766, 82
1767, 61
1768, 1
1769, 0
1770, 7
1771, 65
1772, 1
1773, 55
1774, 25
1775, 0
1776, 32
1777, 64
1778, 0
1779, 31
1780, 0
1781, 48
1782, 12
1783, 36
1784, 0
1785, 7
1786, 1
1787, 0
1788, 7
1789, 60
1790, 1
1791, 25
1792, 0
1793, 29
1794, 27
1795, 22
1796, 0
1797, 26
1798, 25
1799, 1
1800, 0
1801, 7
1802, 62
1803, 1
1804, 61
1805, 33
1806, 19
1807, 65
1808, 7
1809, 1
1810, 0
1811, 7
1812, 89
1813, 1
1814, 23
1815, 31
1816, 0
1817, 39
1818, 23
1819, 0
1820, 21
1821, 1
1822, 23
1823, 18
1824, 0
1825, 18
1826, 1
1827, 0
1828, 2
1829, 1
1830, 0
1831, 7
1832, 59
1833, 14
1834, 11
1835, 26
1836, 42
1837, 2
1838, 2
1839, 1
1840, 0
1841, 13
1842, 51
1843, 1
1844, 35
1845, 0
1846, 7
1847, 51
1848, 0
1849, 7
1850, 41
1851, 0
1852, 7
1853, 48
1854, 41
1855, 26
1856, 1
1857, 0
1858, 7
1859, 48
1860, 13
1861, 13
1862, 13
1863, 0
1864, 27
1865, 1
1866, 47
1867, 0
1868, 28
1869, 10
1870, 1
1871, 0
1872, 10
1873, 4
1874, 1
1875, 0
1876, 16
1877, 39
1878, 0
1879, 13
1880, 34
1881, 0
1882, 27
1883, 1
1884, 82
1885, 34
1886, 0
1887, 36
1888, 10
1889, 1
1890, 0
1891, 11
1892, 1
1893, 1
1894, 0
1895, 0
1896, 13
1897, 15
1898, 22
1899, 22
1900, 0
1901, 7
1902, 60
1903, 15
1904, 15
1905, 15
1906, 15
1907, 0
1908, 15
1909, 15
1910, 15
1911, 15
1912, 0
1913, 32
1914, 1
1915, 0
1916, 7
1917, 39
1918, 0
1919, 7
1920, 38
1921, 0
1922, 0
1923, 17
1924, 91
1925, 0
1926, 28
1927, 84
1928, 22
1929, 0
1930, 40
1931, 0
1932, 24
1933, 20
1934, 1
1935, 14
1936, 22
1937, 1
1938, 0
1939, 75
1940, 21
1941, 23
1942, 1
1943, 1
1944, 0
1945, 0
1946, 13
1947, 45
1948, 1
1949, 7
1950, 56
1951, 0
1952, 7
1953, 45
1954, 42
1955, 55
1956, 17
1957, 1
1958, 17
1959, 1
1960, 19
1961, 6
1962, 1
1963, 4
1964, 10
1965, 1
1966, 0
1967, 40
1968, 1
1969, 1
1970, 2
1971, 39
1972, 36
1973, 25
1974, 63
1975, 51
1976, 2
1977, 0
1978, 16
1979, 33
1980, 21
1981, 17
1982, 0
1983, 20
1984, 55
1985, 21
1986, 33
1987, 24
1988, 14
1989, 15
1990, 27
1991, 6
1992, 1
1993, 3
1994, 1
1995, 26
1996, 20
1997, 29
1998, 4
1999, 3
2000, 1
2001, 0
2002, 54
2003, 26
2004, 59
2005, 26
2006, 19
2007, 16
2008, 34
2009, 39
2010, 4
2011, 1
2012, 20
2013, 30
2014, 3
2015, 1
2016, 0
2017, 42
2018, 32
2019, 48
2020, 35
2021, 38
2022, 15
2023, 0
2024, 25
2025, 26
2026, 43
2027, 65
2028, 1
2029, 67
2030, 7
2031, 1
2032, 0
2033, 26
2034, 20
2035, 20
2036, 56
2037, 19
2038, 34
2039, 12
2040, 39
2041, 28
2042, 65
2043, 4
2044, 1
2045, 3
2046, 1
2047, 0
2048, 51
2049, 37
2050, 0
2051, 21
2052, 22
2053, 52
2054, 22
2055, 1
2056, 0
2057, 17
2058, 22
2059, 29
2060, 6
2061, 26
2062, 17
2063, 1
2064, 1
2065, 10
2066, 1
2067, 0
2068, 31
2069, 60
2070, 34
2071, 7
2072, 0
2073, 54
2074, 36
2075, 21
2076, 1
2077, 1
2078, 0
2079, 41
2080, 46
2081, 33
2082, 1
2083, 22
2084, 28
2085, 1
2086, 0
2087, 30
2088, 40
2089, 22
2090, 0
2091, 34
2092, 64
2093, 24
2094, 51
2095, 20
2096, 1
2097, 25
2098, 16
2099, 6
2100, 1
2101, 0
2102, 33
2103, 50
2104, 4
2105, 1
2106, 1
2107, 40
2108, 34
2109, 0
2110, 23
2111, 44
2112, 2
2113, 0
2114, 16
2115, 23
2116, 0
2117, 20
2118, 25
2119, 0
2120, 51
2121, 25
2122, 20
2123, 14
2124, 56
2125, 1
2126, 0
2127, 39
2128, 19
2129, 19
2130, 19
2131, 19
2132, 15
2133, 14
2134, 12
2135, 1
2136, 0
2137, 69
2138, 34
2139, 7
2140, 12
2141, 13
2142, 9
2143, 0
2144, 19
2145, 9
2146, 31
2147, 25
2148, 6
2149, 1
2150, 0
2151, 23
2152, 19
2153, 31
2154, 47
2155, 17
2156, 47
2157, 1
2158, 6
2159, 9
2160, 22
2161, 18
2162, 21
2163, 10
2164, 27
2165, 6
2166, 1
2167, 4
2168, 1
2169, 19
2170, 16
2171, 12
2172, 25
2173, 15
2174, 16
2175, 8
2176, 6
2177, 1
2178, 1
2179, 1
2180, 0
2181, 46
2182, 19
2183, 19
2184, 28
2185, 39
2186, 12
2187, 16
2188, 36
2189, 6
2190, 30
2191, 1
2192, 1
2193, 6
2194, 78
2195, 6
2196, 11
2197, 30
2198, 1
2199, 1
2200, 1
2201, 1
2202, 1
2203, 0
2204, 73
2205, 50
2206, 12
2207, 25
2208, 18
2209, 37
2210, 21
2211, 9
2212, 35
2213, 50
2214, 6
2215, 1
2216, 38
2217, 35
2218, 21
2219, 1
2220, 19
2221, 1
2222, 49
2223, 15
2224, 27
2225, 40
2226, 27
2227, 46
2228, 6
2229, 1
2230, 4
2231, 1
2232, 36
2233, 32
2234, 1
2235, 67
2236, 61
2237, 25
2238, 3
2239, 1
2240, 0
2241, 51
2242, 52
2243, 36
2244, 14
2245, 36
2246, 1
2247, 0
2248, 64
2249, 23
2250, 13
2251, 9
2252, 32
2253, 33
2254, 60
2255, 41
2256, 35
2257, 19
2258, 25
2259, 17
2260, 21
2261, 6
2262, 1
2263, 51
2264, 22
2265, 45
2266, 9
2267, 28
2268, 29
2269, 5
2270, 9
2271, 18
2272, 43
2273, 6
2274, 1
2275, 11
2276, 1
2277, 6
2278, 17
2279, 50
2280, 21
2281, 13
2282, 17
2283, 6
2284, 1
2285, 23
2286, 1
2287, 1
2288, 24
2289, 15
2290, 49
2291, 9
2292, 1
2293, 17
2294, 29
2295, 80
2296, 44
2297, 65
2298, 7
2299, 1
2300, 22
2301, 83
2302, 31
2303, 1
2304, 1
2305, 0
2306, 59
2307, 102
2308, 0
2309, 31
2310, 33
2311, 35
2312, 47
2313, 42
2314, 22
2315, 42
2316, 1
2317, 8
2318, 24
2319, 24
2320, 71
2321, 1
2322, 1
2323, 33
2324, 34
2325, 40
2326, 2
2327, 0
2328, 37
2329, 0
2330, 14
2331, 33
2332, 28
2333, 15
2334, 16
2335, 10
2336, 0
2337, 15
2338, 31
2339, 40
2340, 50
2341, 31
2342, 40
2343, 14
2344, 42
2345, 0
2346, 27
2347, 10
2348, 1
2349, 1
2350, 0
2351, 47
2352, 7
2353, 31
2354, 21
2355, 19
2356, 1
2357, 1
2358, 40
2359, 34
2360, 34
2361, 58
2362, 34
2363, 2
2364, 0
2365, 35
2366, 0
2367, 19
2368, 17
2369, 24
2370, 27
2371, 32
2372, 15
2373, 22
2374, 12
2375, 0
2376, 36
2377, 32
2378, 30
2379, 12
2380, 18
2381, 1
2382, 0
2383, 31
2384, 20
2385, 49
2386, 36
2387, 26
2388, 0
2389, 61
2390, 36
2391, 0
2392, 41
2393, 35
2394, 44
2395, 9
2396, 18
2397, 41
2398, 45
2399, 6
2400, 1
2401, 7
2402, 1
2403, 0
2404, 35
2405, 12
2406, 14
2407, 18
2408, 19
2409, 0
2410, 12
2411, 14
2412, 9
2413, 28
2414, 0
2415, 18
2416, 0
2417, 29
2418, 29
2419, 0
2420, 24
2421, 0
2422, 11
2423, 4
2424, 23
2425, 17
2426, 10
2427, 10
2428, 0
2429, 9
2430, 44
2431, 0
2432, 16
2433, 40
2434, 11
2435, 0
2436, 20
2437, 27
2438, 10
2439, 1
2440, 0
2441, 18
2442, 28
2443, 11
2444, 8
2445, 10
2446, 1
2447, 0
2448, 6
2449, 1
2450, 18
2451, 1
2452, 1
2453, 1
2454, 1
2455, 33
2456, 34
2457, 25
2458, 2
2459, 0
2460, 35
2461, 0
2462, 19
2463, 33
2464, 36
2465, 22
2466, 12
2467, 12
2468, 14
2469, 44
2470, 0
2471, 43
2472, 0
2473, 9
2474, 17
2475, 0
2476, 9
2477, 17
2478, 0
2479, 29
2480, 29
2481, 0
2482, 26
2483, 26
2484, 0
2485, 11
2486, 4
2487, 23
2488, 17
2489, 10
2490, 10
2491, 0
2492, 9
2493, 44
2494, 0
2495, 0
2496, 16
2497, 46
2498, 19
2499, 0
2500, 19
2501, 27
2502, 10
2503, 1
2504, 0
2505, 17
2506, 20
2507, 8
2508, 10
2509, 1
2510, 0
2511, 9
2512, 1
2513, 9
2514, 1
2515, 7
2516, 1
2517, 1
2518, 40
2519, 36
2520, 41
2521, 2
2522, 0
2523, 25
2524, 27
2525, 0
2526, 39
2527, 41
2528, 30
2529, 30
2530, 0
2531, 57
2532, 48
2533, 63
2534, 44
2535, 14
2536, 34
2537, 0
2538, 23
2539, 34
2540, 24
2541, 18
2542, 0
2543, 4
2544, 21
2545, 17
2546, 12
2547, 12
2548, 15
2549, 63
2550, 0
2551, 28
2552, 48
2553, 32
2554, 0
2555, 11
2556, 1
2557, 32
2558, 1
2559, 0
2560, 11
2561, 14
2562, 9
2563, 19
2564, 22
2565, 14
2566, 6
2567, 1
2568, 1
2569, 1
2570, 1
2571, 0
2572, 54
2573, 0
2574, 26
2575, 32
2576, 49
2577, 0
2578, 40
2579, 23
2580, 56
2581, 15
2582, 6
2583, 19
2584, 15
2585, 1
2586, 1
2587, 0
2588, 11
2589, 60
2590, 29
2591, 57
2592, 52
2593, 49
2594, 19
2595, 19
2596, 12
2597, 1
2598, 0
2599, 14
2600, 9
2601, 60
2602, 19
2603, 26
2604, 18
2605, 25
2606, 53
2607, 35
2608, 59
2609, 6
2610, 1
2611, 1
2612, 1
2613, 1
2614, 1
2615, 0
2616, 19
2617, 31
2618, 58
2619, 17
2620, 1
2621, 1
2622, 33
2623, 34
2624, 25
2625, 2
2626, 0
2627, 0
2628, 25
2629, 0
2630, 16
2631, 33
2632, 33
2633, 17
2634, 26
2635, 0
2636, 30
2637, 0
2638, 44
2639, 11
2640, 0
2641, 22
2642, 14
2643, 9
2644, 22
2645, 17
2646, 18
2647, 17
2648, 8
2649, 13
2650, 21
2651, 21
2652, 42
2653, 1
2654, 1
2655, 1
2656, 1
2657, 1
2658, 0
2659, 37
2660, 1
2661, 0
2662, 37
2663, 58
2664, 0
2665, 42
2666, 60
2667, 1
2668, 1
2669, 33
2670, 34
2671, 29
2672, 2
2673, 0
2674, 50
2675, 0
2676, 16
2677, 33
2678, 80
2679, 44
2680, 0
2681, 38
2682, 7
2683, 18
2684, 37
2685, 39
2686, 21
2687, 14
2688, 1
2689, 6
2690, 26
2691, 15
2692, 1
2693, 1
2694, 0
2695, 41
2696, 51
2697, 0
2698, 42
2699, 52
2700, 1
2701, 1
2702, 33
2703, 34
2704, 25
2705, 27
2706, 2
2707, 0
2708, 49
2709, 59
2710, 32
2711, 0
2712, 33
2713, 0
2714, 15
2715, 33
2716, 40
2717, 20
2718, 21
2719, 1
2720, 1
2721, 0
2722, 0
2723, 29
2724, 25
2725, 29
2726, 28
2727, 0
2728, 31
2729, 0
2730, 50
2731, 0
2732, 40
2733, 0
2734, 40
2735, 0
2736, 0
2737, 29
2738, 26
2739, 0
2740, 23
2741, 46
2742, 0
2743, 9
2744, 26
2745, 26
2746, 13
2747, 0
2748, 9
2749, 31
2750, 37
2751, 0
2752, 9
2753, 23
2754, 40
2755, 0
2756, 31
2757, 0
2758, 19
2759, 1
2760, 9
2761, 1
2762, 9
2763, 1
2764, 13
2765, 1
2766, 9
2767, 1
2768, 1
2769, 6
2770, 12
2771, 1
2772, 1
2773, 0
2774, 30
2775, 22
2776, 19
2777, 19
2778, 8
2779, 62
2780, 1
2781, 25
2782, 1
2783, 0
2784, 38
2785, 12
2786, 9
2787, 31
2788, 70
2789, 9
2790, 1
2791, 5
2792, 1
2793, 0
2794, 0
2795, 24
2796, 0
2797, 29
2798, 18
2799, 9
2800, 21
2801, 22
2802, 9
2803, 23
2804, 30
2805, 9
2806, 9
2807, 1
2808, 11
2809, 16
2810, 1
2811, 11
2812, 1
2813, 0
2814, 33
2815, 17
2816, 16
2817, 1
2818, 0
2819, 2
2820, 19
2821, 57
2822, 2
2823, 0
2824, 1
2825, 0
2826, 0
2827, 0
2828, 14
2829, 36
2830, 0
2831, 14
2832, 12
2833, 13
2834, 22
2835, 15
2836, 35
2837, 1
2838, 0
2839, 19
2840, 24
2841, 0
2842, 57
2843, 17
2844, 0
2845, 16
2846, 9
2847, 25
2848, 15
2849, 9
2850, 1
2851, 1
2852, 0
2853, 16
2854, 22
2855, 36
2856, 36
2857, 0
2858, 61
2859, 0
2860, 0
2861, 31
2862, 53
2863, 25
2864, 0
2865, 64
2866, 62
2867, 0
2868, 13
2869, 8
2870, 0
2871, 15
2872, 44
2873, 0
2874, 29
2875, 68
2876, 12
2877, 1
2878, 0
2879, 41
2880, 58
2881, 1
2882, 6
2883, 34
2884, 1
2885, 0
2886, 9
2887, 21
2888, 31
2889, 9
2890, 1
2891, 0
2892, 5
2893, 21
2894, 14
2895, 9
2896, 1
2897, 0
2898, 4
2899, 1
2900, 0
2901, 0
2902, 28
2903, 9
2904, 25
2905, 43
2906, 9
2907, 1
2908, 1
2909, 0
2910, 0
2911, 54
2912, 41
2913, 33
2914, 25
2915, 6
2916, 0
2917, 9
2918, 23
2919, 26
2920, 9
2921, 1
2922, 1
2923, 1
2924, 0
2925, 0
2926, 28
2927, 57
2928, 37
2929, 0
2930, 29
2931, 24
2932, 33
2933, 36
2934, 12
2935, 0
2936, 19
2937, 50
2938, 33
2939, 15
2940, 50
2941, 33
2942, 1
2943, 8
2944, 15
2945, 51
2946, 33
2947, 1
2948, 15
2949, 51
2950, 33
2951, 1
2952, 1
2953, 37
2954, 36
2955, 1
2956, 1
2957, 1
2958, 0
2959, 0
2960, 2
2961, 52
2962, 47
2963, 0
2964, 38
2965, 34
2966, 31
2967, 15
2968, 31
2969, 24
2970, 14
2971, 12
2972, 4
2973, 34
2974, 1
2975, 11
2976, 1
2977, 11
2978, 1
2979, 2
2980, 0
2981, 1
2982, 0
2983, 0
2984, 0
2985, 0
2986, 14
2987, 0
2988, 14
2989, 12
2990, 26
2991, 13
2992, 36
2993, 1
2994, 0
2995, 33
2996, 20
2997, 0
2998, 16
2999, 26
3000, 9
3001, 21
3002, 11
3003, 9
3004, 1
3005, 1
3006, 0
3007, 30
3008, 0
3009, 74
3010, 0
3011, 19
3012, 0
3013, 25
3014, 52
3015, 4
3016, 1
3017, 0
3018, 0
3019, 40
3020, 51
3021, 23
3022, 0
3023, 9
3024, 14
3025, 29
3026, 21
3027, 4
3028, 23
3029, 0
3030, 9
3031, 1
3032, 5
3033, 1
3034, 0
3035, 63
3036, 14
3037, 22
3038, 22
3039, 22
3040, 22
3041, 22
3042, 22
3043, 22
3044, 22
3045, 22
3046, 22
3047, 1
3048, 1
3049, 0
3050, 42
3051, 24
3052, 24
3053, 24
3054, 24
3055, 24
3056, 24
3057, 25
3058, 25
3059, 1
3060, 0
3061, 42
3062, 25
3063, 25
3064, 25
3065, 25
3066, 24
3067, 24
3068, 25
3069, 25
3070, 1
3071, 0
3072, 42
3073, 24
3074, 24
3075, 25
3076, 25
3077, 25
3078, 25
3079, 25
3080, 25
3081, 1
3082, 0
3083, 42
3084, 25
3085, 25
3086, 24
3087, 24
3088, 25
3089, 25
3090, 25
3091, 25
3092, 25
3093, 25
3094, 1
3095, 0
3096, 42
3097, 25
3098, 25
3099, 25
3100, 25
3101, 24
3102, 24
3103, 25
3104, 25
3105, 1
3106, 0
3107, 42
3108, 25
3109, 25
3110, 25
3111, 25
3112, 25
3113, 25
3114, 25
3115, 25
3116, 25
3117, 25
3118, 1
3119, 0
3120, 42
3121, 25
3122, 25
3123, 25
3124, 25
3125, 25
3126, 25
3127, 25
3128, 25
3129, 1
3130, 0
3131, 42
3132, 25
3133, 25
3134, 25
3135, 25
3136, 25
3137, 25
3138, 25
3139, 25
3140, 1
3141, 0
3142, 42
3143, 24
3144, 24
3145, 24
3146, 24
3147, 25
3148, 25
3149, 24
3150, 24
3151, 1
3152, 0
3153, 42
3154, 24
3155, 24
3156, 24
3157, 24
3158, 25
3159, 25
3160, 24
3161, 24
3162, 25
3163, 25
3164, 1
3165, 0
3166, 2
3167, 17
3168, 28
3169, 34
3170, 40
3171, 15
3172, 40
3173, 24
3174, 14
3175, 12
3176, 4
3177, 40
3178, 46
3179, 1
3180, 1
3181, 11
3182, 1
3183, 11
3184, 1
3185, 2
3186, 1
3187, 0
3188, 0
3189, 0
3190, 0
3191, 0
3192, 13
3193, 0
3194, 13
3195, 22
3196, 22
3197, 22
3198, 0
3199, 13
3200, 1
3201, 0
3202, 21
3203, 18
3204, 0
3205, 26
3206, 29
3207, 1
3208, 0
3209, 0
3210, 0
3211, 0
3212, 18
3213, 0
3214, 53
3215, 43
3216, 20
3217, 0
3218, 29
3219, 26
3220, 0
3221, 35
3222, 24
3223, 4
3224, 13
3225, 0
3226, 9
3227, 24
3228, 39
3229, 44
3230, 9
3231, 1
3232, 0
3233, 18
3234, 1
3235, 1
3236, 0
3237, 0
3238, 0
3239, 0
3240, 18
3241, 0
3242, 36
3243, 43
3244, 0
3245, 12
3246, 24
3247, 29
3248, 20
3249, 0
3250, 19
3251, 27
3252, 19
3253, 0
3254, 20
3255, 29
3256, 20
3257, 1
3258, 0
3259, 14
3260, 23
3261, 28
3262, 29
3263, 28
3264, 28
3265, 29
3266, 20
3267, 1
3268, 1
3269, 33
3270, 34
3271, 40
3272, 2
3273, 0
3274, 17
3275, 33
3276, 28
3277, 19
3278, 0
3279, 30
3280, 61
3281, 0
3282, 41
3283, 0
3284, 34
3285, 62
3286, 0
3287, 42
3288, 1
3289, 0
3290, 0
3291, 47
3292, 7
3293, 31
3294, 21
3295, 19
3296, 1
3297, 1
3298, 0
3299, 0
3300, 34
3301, 14
3302, 0
3303, 18
3304, 0
3305, 16
3306, 15
3307, 4
3308, 1
3309, 1
3310, 0
3311, 0
3312, 47
3313, 19
3314, 0
3315, 28
3316, 14
3317, 0
3318, 25
3319, 18
3320, 29
3321, 15
3322, 10
3323, 1
3324, 4
3325, 1
3326, 1
3327, 40
3328, 34
3329, 25
3330, 26
3331, 27
3332, 2
3333, 0
3334, 13
3335, 0
3336, 14
3337, 33
3338, 21
3339, 0
3340, 38
3341, 52
3342, 38
3343, 1
3344, 1
3345, 0
3346, 0
3347, 28
3348, 0
3349, 16
3350, 11
3351, 34
3352, 45
3353, 0
3354, 36
3355, 34
3356, 34
3357, 34
3358, 42
3359, 49
3360, 1
3361, 1
3362, 1
3363, 1
3364, 0
3365, 27
3366, 9
3367, 26
3368, 11
3369, 26
3370, 34
3371, 34
3372, 34
3373, 0
3374, 42
3375, 47
3376, 0
3377, 47
3378, 46
3379, 0
3380, 6
3381, 1
3382, 6
3383, 1
3384, 0
3385, 5
3386, 26
3387, 18
3388, 6
3389, 1
3390, 1
3391, 0
3392, 33
3393, 0
3394, 13
3395, 15
3396, 18
3397, 14
3398, 35
3399, 22
3400, 10
3401, 10
3402, 10
3403, 1
3404, 64
3405, 14
3406, 14
3407, 14
3408, 1
3409, 1
3410, 1
3411, 0
3412, 41
3413, 36
3414, 0
3415, 31
3416, 28
3417, 26
3418, 0
3419, 18
3420, 21
3421, 0
3422, 22
3423, 35
3424, 36
3425, 36
3426, 52
3427, 52
3428, 53
3429, 51
3430, 0
3431, 21
3432, 34
3433, 34
3434, 35
3435, 52
3436, 51
3437, 51
3438, 50
3439, 0
3440, 21
3441, 34
3442, 35
3443, 35
3444, 51
3445, 51
3446, 52
3447, 50
3448, 0
3449, 22
3450, 35
3451, 36
3452, 35
3453, 52
3454, 52
3455, 53
3456, 52
3457, 0
3458, 0
3459, 67
3460, 0
3461, 41
3462, 25
3463, 21
3464, 21
3465, 21
3466, 1
3467, 25
3468, 25
3469, 25
3470, 0
3471, 13
3472, 1
3473, 1
3474, 33
3475, 34
3476, 40
3477, 2
3478, 0
3479, 19
3480, 33
3481, 28
3482, 14
3483, 0
3484, 34
3485, 29
3486, 29
3487, 29
3488, 29
3489, 28
3490, 1
3491, 18
3492, 0
3493, 23
3494, 1
3495, 0
3496, 0
3497, 47
3498, 7
3499, 31
3500, 21
3501, 19
3502, 1
3503, 1
3504, 33
3505, 34
3506, 25
3507, 2
3508, 0
3509, 0
3510, 15
3511, 0
3512, 47
3513, 9
3514, 43
3515, 13
3516, 0
3517, 5
3518, 14
3519, 16
3520, 11
3521, 44
3522, 17
3523, 1
3524, 0
3525, 7
3526, 1
3527, 5
3528, 1
3529, 0
3530, 0
3531, 33
3532, 33
3533, 20
3534, 35
3535, 0
3536, 27
3537, 0
3538, 31
3539, 18
3540, 31
3541, 48
3542, 1
3543, 0
3544, 69
3545, 1
3546, 0
3547, 0
3548, 14
3549, 29
3550, 29
3551, 1
3552, 1
3553, 33
3554, 34
3555, 25
3556, 2
3557, 0
3558, 0
3559, 15
3560, 0
3561, 47
3562, 53
3563, 13
3564, 0
3565, 36
3566, 16
3567, 11
3568, 44
3569, 17
3570, 1
3571, 1
3572, 5
3573, 1
3574, 0
3575, 0
3576, 33
3577, 33
3578, 20
3579, 35
3580, 0
3581, 27
3582, 0
3583, 31
3584, 18
3585, 31
3586, 48
3587, 1
3588, 0
3589, 69
3590, 1
3591, 0
3592, 0
3593, 14
3594, 29
3595, 29
3596, 1
3597, 1
3598, 33
3599, 34
3600, 25
3601, 2
3602, 0
3603, 0
3604, 15
3605, 0
3606, 47
3607, 49
3608, 13
3609, 0
3610, 32
3611, 16
3612, 11
3613, 44
3614, 17
3615, 1
3616, 1
3617, 5
3618, 1
3619, 0
3620, 0
3621, 33
3622, 33
3623, 20
3624, 35
3625, 0
3626, 27
3627, 0
3628, 31
3629, 18
3630, 31
3631, 48
3632, 1
3633, 0
3634, 69
3635, 1
3636, 0
3637, 0
3638, 14
3639, 29
3640, 29
3641, 1
3642, 1
3643, 33
3644, 34
3645, 25
3646, 2
3647, 0
3648, 38
3649, 0
3650, 19
3651, 0
3652, 22
3653, 30
3654, 13
3655, 0
3656, 9
3657, 15
3658, 27
3659, 11
3660, 15
3661, 40
3662, 7
3663, 1
3664, 1
3665, 0
3666, 7
3667, 1
3668, 17
3669, 1
3670, 0
3671, 0
3672, 33
3673, 0
3674, 27
3675, 0
3676, 31
3677, 18
3678, 31
3679, 48
3680, 1
3681, 0
3682, 63
3683, 1
3684, 0
3685, 33
3686, 29
3687, 29
3688, 29
3689, 1
3690, 1
3691, 33
3692, 34
3693, 25
3694, 2
3695, 0
3696, 38
3697, 0
3698, 19
3699, 0
3700, 22
3701, 30
3702, 13
3703, 0
3704, 9
3705, 15
3706, 27
3707, 11
3708, 40
3709, 1
3710, 0
3711, 7
3712, 1
3713, 17
3714, 1
3715, 0
3716, 0
3717, 33
3718, 0
3719, 27
3720, 0
3721, 31
3722, 18
3723, 31
3724, 48
3725, 1
3726, 0
3727, 63
3728, 1
3729, 0
3730, 33
3731, 29
3732, 29
3733, 29
3734, 1
3735, 1
3736, 33
3737, 34
3738, 25
3739, 2
3740, 0
3741, 38
3742, 0
3743, 19
3744, 0
3745, 22
3746, 29
3747, 33
3748, 0
3749, 37
3750, 25
3751, 11
3752, 39
3753, 1
3754, 1
3755, 12
3756, 1
3757, 0
3758, 0
3759, 33
3760, 0
3761, 27
3762, 0
3763, 31
3764, 18
3765, 31
3766, 48
3767, 1
3768, 0
3769, 63
3770, 1
3771, 0
3772, 33
3773, 29
3774, 29
3775, 29
3776, 1
3777, 1
3778, 33
3779, 34
3780, 40
3781, 2
3782, 0
3783, 16
3784, 33
3785, 28
3786, 0
3787, 30
3788, 34
3789, 41
3790, 34
3791, 26
3792, 0
3793, 20
3794, 0
3795, 34
3796, 34
3797, 42
3798, 34
3799, 30
3800, 1
3801, 0
3802, 0
3803, 47
3804, 7
3805, 31
3806, 21
3807, 19
3808, 1
3809, 1
3810, 0
3811, 0
3812, 34
3813, 14
3814, 0
3815, 18
3816, 0
3817, 16
3818, 15
3819, 4
3820, 1
3821, 1
3822, 0
3823, 0
3824, 47
3825, 19
3826, 0
3827, 28
3828, 14
3829, 0
3830, 25
3831, 18
3832, 29
3833, 15
3834, 10
3835, 1
3836, 4
3837, 1
3838, 1
3839, 2
3840, 37
3841, 34
3842, 29
3843, 22
3844, 26
3845, 2
3846, 0
3847, 20
3848, 0
3849, 33
3850, 63
3851, 1
3852, 0
3853, 25
3854, 0
3855, 74
3856, 47
3857, 45
3858, 0
3859, 12
3860, 0
3861, 26
3862, 15
3863, 20
3864, 20
3865, 0
3866, 11
3867, 33
3868, 24
3869, 27
3870, 24
3871, 24
3872, 13
3873, 14
3874, 13
3875, 27
3876, 2
3877, 5
3878, 8
3879, 1
3880, 0
3881, 8
3882, 0
3883, 16
3884, 36
3885, 35
3886, 37
3887, 40
3888, 42
3889, 37
3890, 41
3891, 49
3892, 36
3893, 0
3894, 1
3895, 1
3896, 1
3897, 2
3898, 30
3899, 34
3900, 29
3901, 22
3902, 2
3903, 0
3904, 20
3905, 0
3906, 33
3907, 63
3908, 1
3909, 0
3910, 25
3911, 0
3912, 74
3913, 47
3914, 45
3915, 0
3916, 12
3917, 0
3918, 26
3919, 15
3920, 20
3921, 20
3922, 0
3923, 11
3924, 33
3925, 24
3926, 27
3927, 24
3928, 24
3929, 13
3930, 14
3931, 13
3932, 27
3933, 2
3934, 5
3935, 8
3936, 1
3937, 0
3938, 8
3939, 0
3940, 34
3941, 36
3942, 35
3943, 37
3944, 40
3945, 42
3946, 37
3947, 41
3948, 49
3949, 36
3950, 0
3951, 1
3952, 1
3953, 1
3954, 0
3955, 40
3956, 34
3957, 0
3958, 27
3959, 44
3960, 2
3961, 0
3962, 17
3963, 15
3964, 15
3965, 37
3966, 0
3967, 38
3968, 69
3969, 20
3970, 28
3971, 35
3972, 1
3973, 48
3974, 14
3975, 41
3976, 20
3977, 1
3978, 1
3979, 0
3980, 17
3981, 71
3982, 66
3983, 52
3984, 23
3985, 66
3986, 61
3987, 1
3988, 1
3989, 37
3990, 1
3991, 0
3992, 52
3993, 26
3994, 43
3995, 0
3996, 37
3997, 47
3998, 64
3999, 1
4000, 2
4001, 39
4002, 36
4003, 25
4004, 61
4005, 2
4006, 0
4007, 17
4008, 15
4009, 15
4010, 0
4011, 26
4012, 70
4013, 15
4014, 28
4015, 44
4016, 1
4017, 49
4018, 1
4019, 0
4020, 17
4021, 59
4022, 49
4023, 39
4024, 1
4025, 24
4026, 1
4027, 0
4028, 52
4029, 27
4030, 43
4031, 0
4032, 37
4033, 64
4034, 47
4035, 1
4036, 2
4037, 39
4038, 36
4039, 25
4040, 61
4041, 60
4042, 2
4043, 0
4044, 17
4045, 12
4046, 0
4047, 30
4048, 49
4049, 80
4050, 15
4051, 31
4052, 49
4053, 8
4054, 1
4055, 1
4056, 63
4057, 1
4058, 0
4059, 17
4060, 59
4061, 49
4062, 39
4063, 1
4064, 33
4065, 1
4066, 0
4067, 52
4068, 27
4069, 43
4070, 0
4071, 37
4072, 64
4073, 47
4074, 1
4075, 0
4076, 2
4077, 32
4078, 25
4079, 50
4080, 48
4081, 63
4082, 2
4083, 15
4084, 29
4085, 28
4086, 32
4087, 41
4088, 36
4089, 42
4090, 48
4091, 48
4092, 51
4093, 53
4094, 53
4095, 64
4096, 1
4097, 12
4098, 21
4099, 31
4100, 33
4101, 9
4102, 30
4103, 23
4104, 32
4105, 11
4106, 26
4107, 1
4108, 15
4109, 1
4110, 24
4111, 37
4112, 11
4113, 26
4114, 5
4115, 15
4116, 1
4117, 29
4118, 37
4119, 53
4120, 53
4121, 56
4122, 62
4123, 62
4124, 78
4125, 36
4126, 60
4127, 1
4128, 10
4129, 34
4130, 17
4131, 14
4132, 21
4133, 1
4134, 9
4135, 13
4136, 33
4137, 1
4138, 1
4139, 44
4140, 54
4141, 63
4142, 1
4143, 1
4144, 33
4145, 34
4146, 40
4147, 2
4148, 0
4149, 26
4150, 24
4151, 0
4152, 17
4153, 33
4154, 28
4155, 32
4156, 10
4157, 10
4158, 33
4159, 0
4160, 7
4161, 36
4162, 1
4163, 0
4164, 7
4165, 15
4166, 37
4167, 15
4168, 1
4169, 0
4170, 10
4171, 29
4172, 1
4173, 0
4174, 0
4175, 47
4176, 7
4177, 31
4178, 21
4179, 19
4180, 1
4181, 1
4182, 0
4183, 0
4184, 30
4185, 22
4186, 22
4187, 0
4188, 24
4189, 34
4190, 18
4191, 45
4192, 12
4193, 8
4194, 1
4195, 0
4196, 36
4197, 33
4198, 17
4199, 17
4200, 35
4201, 12
4202, 1
4203, 1
4204, 0
4205, 0
4206, 0
4207, 0
4208, 33
4209, 34
4210, 40
4211, 2
4212, 0
4213, 15
4214, 33
4215, 28
4216, 23
4217, 0
4218, 46
4219, 0
4220, 51
4221, 1
4222, 0
4223, 24
4224, 22
4225, 23
4226, 22
4227, 0
4228, 29
4229, 29
4230, 16
4231, 1
4232, 0
4233, 47
4234, 7
4235, 31
4236, 21
4237, 19
4238, 1
4239, 1
4240, 2
4241, 32
4242, 36
4243, 1
4244, 31
4245, 2
4246, 0
4247, 16
4248, 1
4249, 46
4250, 30
4251, 30
4252, 0
4253, 63
4254, 0
4255, 77
4256, 0
4257, 68
4258, 17
4259, 17
4260, 6
4261, 0
4262, 47
4263, 75
4264, 6
4265, 0
4266, 33
4267, 33
4268, 49
4269, 76
4270, 9
4271, 82
4272, 36
4273, 56
4274, 1
4275, 1
4276, 2
4277, 39
4278, 36
4279, 1
4280, 31
4281, 28
4282, 2
4283, 0
4284, 16
4285, 1
4286, 46
4287, 30
4288, 30
4289, 0
4290, 63
4291, 0
4292, 77
4293, 0
4294, 68
4295, 17
4296, 17
4297, 6
4298, 0
4299, 47
4300, 75
4301, 6
4302, 0
4303, 33
4304, 33
4305, 49
4306, 58
4307, 9
4308, 82
4309, 36
4310, 56
4311, 1
4312, 1
4313, 33
4314, 34
4315, 25
4316, 40
4317, 2
4318, 0
4319, 16
4320, 0
4321, 17
4322, 31
4323, 0
4324, 26
4325, 35
4326, 0
4327, 78
4328, 0
4329, 51
4330, 46
4331, 32
4332, 0
4333, 14
4334, 6
4335, 20
4336, 28
4337, 28
4338, 28
4339, 28
4340, 28
4341, 28
4342, 28
4343, 27
4344, 12
4345, 13
4346, 19
4347, 27
4348, 24
4349, 2
4350, 0
4351, 21
4352, 6
4353, 17
4354, 17
4355, 17
4356, 15
4357, 15
4358, 19
4359, 15
4360, 15
4361, 17
4362, 15
4363, 14
4364, 65
4365, 0
4366, 74
4367, 1
4368, 0
4369, 19
4370, 34
4371, 29
4372, 40
4373, 0
4374, 9
4375, 27
4376, 18
4377, 38
4378, 0
4379, 7
4380, 15
4381, 1
4382, 1
4383, 40
4384, 37
4385, 0
4386, 30
4387, 30
4388, 0
4389, 22
4390, 30
4391, 41
4392, 34
4393, 0
4394, 17
4395, 0
4396, 32
4397, 0
4398, 23
4399, 33
4400, 27
4401, 0
4402, 25
4403, 44
4404, 28
4405, 0
4406, 20
4407, 22
4408, 21
4409, 28
4410, 28
4411, 28
4412, 28
4413, 28
4414, 28
4415, 28
4416, 28
4417, 0
4418, 57
4419, 40
4420, 44
4421, 1
4422, 0
4423, 14
4424, 30
4425, 18
4426, 17
4427, 17
4428, 17
4429, 15
4430, 15
4431, 19
4432, 15
4433, 15
4434, 17
4435, 15
4436, 17
4437, 0
4438, 54
4439, 60
4440, 0
4441, 22
4442, 63
4443, 0
4444, 25
4445, 13
4446, 1
4447, 0
4448, 0
4449, 16
4450, 46
4451, 31
4452, 0
4453, 65
4454, 1
4455, 1
4456, 40
4457, 37
4458, 0
4459, 30
4460, 30
4461, 0
4462, 34
4463, 0
4464, 17
4465, 0
4466, 31
4467, 19
4468, 27
4469, 0
4470, 25
4471, 48
4472, 29
4473, 0
4474, 20
4475, 22
4476, 21
4477, 28
4478, 28
4479, 28
4480, 28
4481, 28
4482, 28
4483, 28
4484, 28
4485, 0
4486, 57
4487, 78
4488, 0
4489, 14
4490, 29
4491, 16
4492, 52
4493, 50
4494, 53
4495, 10
4496, 0
4497, 85
4498, 75
4499, 0
4500, 22
4501, 69
4502, 0
4503, 25
4504, 13
4505, 1
4506, 0
4507, 16
4508, 46
4509, 31
4510, 0
4511, 65
4512, 1
4513, 0
4514, 17
4515, 23
4516, 54
4517, 0
4518, 40
4519, 39
4520, 0
4521, 9
4522, 29
4523, 19
4524, 37
4525, 0
4526, 11
4527, 1
4528, 1
4529, 2
4530, 39
4531, 36
4532, 25
4533, 56
4534, 2
4535, 0
4536, 54
4537, 33
4538, 0
4539, 32
4540, 43
4541, 71
4542, 19
4543, 31
4544, 1
4545, 0
4546, 13
4547, 16
4548, 13
4549, 17
4550, 58
4551, 22
4552, 34
4553, 30
4554, 17
4555, 21
4556, 28
4557, 22
4558, 10
4559, 8
4560, 1
4561, 1
4562, 29
4563, 1
4564, 1
4565, 0
4566, 32
4567, 9
4568, 4
4569, 25
4570, 12
4571, 9
4572, 10
4573, 15
4574, 20
4575, 30
4576, 5
4577, 5
4578, 6
4579, 1
4580, 6
4581, 1
4582, 30
4583, 1
4584, 17
4585, 5
4586, 1
4587, 1
4588, 2
4589, 39
4590, 36
4591, 25
4592, 2
4593, 0
4594, 16
4595, 37
4596, 74
4597, 0
4598, 50
4599, 9
4600, 67
4601, 9
4602, 1
4603, 0
4604, 32
4605, 41
4606, 23
4607, 3
4608, 10
4609, 1
4610, 28
4611, 2
4612, 3
4613, 1
4614, 1
4615, 33
4616, 34
4617, 40
4618, 2
4619, 0
4620, 14
4621, 33
4622, 28
4623, 14
4624, 16
4625, 41
4626, 19
4627, 0
4628, 13
4629, 10
4630, 0
4631, 43
4632, 16
4633, 0
4634, 45
4635, 18
4636, 12
4637, 44
4638, 16
4639, 1
4640, 1
4641, 6
4642, 1
4643, 0
4644, 35
4645, 1
4646, 0
4647, 0
4648, 47
4649, 7
4650, 31
4651, 21
4652, 19
4653, 1
4654, 1
4655, 0
4656, 0
4657, 0
4658, 40
4659, 34
4660, 25
4661, 26
4662, 27
4663, 2
4664, 0
4665, 21
4666, 33
4667, 51
4668, 54
4669, 1
4670, 1
4671, 0
4672, 28
4673, 0
4674, 54
4675, 54
4676, 55
4677, 0
4678, 33
4679, 70
4680, 9
4681, 15
4682, 11
4683, 9
4684, 42
4685, 9
4686, 6
4687, 1
4688, 1
4689, 0
4690, 21
4691, 30
4692, 0
4693, 9
4694, 16
4695, 33
4696, 11
4697, 12
4698, 11
4699, 12
4700, 6
4701, 1
4702, 0
4703, 16
4704, 5
4705, 15
4706, 16
4707, 15
4708, 6
4709, 1
4710, 0
4711, 17
4712, 1
4713, 1
4714, 42
4715, 34
4716, 29
4717, 37
4718, 2
4719, 0
4720, 21
4721, 52
4722, 61
4723, 0
4724, 31
4725, 64
4726, 52
4727, 26
4728, 1
4729, 0
4730, 19
4731, 28
4732, 28
4733, 30
4734, 23
4735, 12
4736, 11
4737, 28
4738, 34
4739, 22
4740, 54
4741, 40
4742, 15
4743, 8
4744, 14
4745, 12
4746, 1
4747, 17
4748, 1
4749, 0
4750, 120
4751, 14
4752, 13
4753, 7
4754, 0
4755, 20
4756, 23
4757, 23
4758, 23
4759, 1
4760, 30
4761, 20
4762, 20
4763, 1
4764, 1
4765, 0
4766, 7
4767, 67
4768, 0
4769, 53
4770, 30
4771, 12
4772, 9
4773, 22
4774, 26
4775, 6
4776, 1
4777, 11
4778, 1
4779, 1
4780, 0
4781, 55
4782, 30
4783, 12
4784, 9
4785, 22
4786, 26
4787, 6
4788, 1
4789, 12
4790, 1
4791, 1
4792, 0
4793, 77
4794, 18
4795, 15
4796, 22
4797, 15
4798, 1
4799, 1
4800, 1
4801, 33
4802, 34
4803, 40
4804, 2
4805, 0
4806, 15
4807, 33
4808, 28
4809, 18
4810, 29
4811, 0
4812, 35
4813, 0
4814, 30
4815, 1
4816, 0
4817, 0
4818, 47
4819, 7
4820, 31
4821, 21
4822, 19
4823, 1
4824, 1
4825, 0
4826, 0
4827, 0
4828, 2
4829, 32
4830, 36
4831, 1
4832, 31
4833, 2
4834, 0
4835, 24
4836, 13
4837, 1
4838, 31
4839, 1
4840, 11
4841, 27
4842, 0
4843, 20
4844, 1
4845, 34
4846, 23
4847, 1
4848, 0
4849, 31
4850, 1
4851, 1
4852, 2
4853, 32
4854, 36
4855, 1
4856, 31
4857, 2
4858, 0
4859, 24
4860, 13
4861, 1
4862, 28
4863, 1
4864, 27
4865, 64
4866, 1
4867, 0
4868, 31
4869, 1
4870, 38
4871, 1
4872, 1
4873, 40
4874, 36
4875, 31
4876, 2
4877, 0
4878, 50
4879, 0
4880, 15
4881, 0
4882, 31
4883, 0
4884, 28
4885, 43
4886, 0
4887, 11
4888, 22
4889, 0
4890, 22
4891, 22
4892, 18
4893, 1
4894, 0
4895, 12
4896, 1
4897, 1
4898, 72
4899, 72
4900, 72
4901, 72
4902, 72
4903, 72
4904, 0
4905, 12
4906, 1
4907, 37
4908, 1
4909, 34
4910, 0
4911, 54
4912, 1
4913, 0
4914, 52
4915, 1
4916, 21
4917, 74
4918, 1
4919, 1
4920, 0
4921, 40
4922, 34
4923, 0
4924, 32
4925, 27
4926, 2
4927, 25
4928, 27
4929, 0
4930, 19
4931, 0
4932, 44
4933, 23
4934, 26
4935, 40
4936, 27
4937, 3
4938, 1
4939, 0
4940, 21
4941, 54
4942, 0
4943, 15
4944, 19
4945, 38
4946, 7
4947, 2
4948, 0
4949, 32
4950, 25
4951, 15
4952, 1
4953, 0
4954, 1
