1, 37
2, 60
3, 0
4, 13
5, 0
6, 86
7, 0
8, 27
9, 69
10, 0
11, 62
12, 37
13, 20
14, 40
15, 0
16, 17
17, 0
18, 12
19, 13
20, 0
21, 22
22, 15
23, 26
24, 5
25, 47
26, 58
27, 0
28, 9
29, 15
30, 20
31, 62
32, 37
33, 22
34, 0
35, 17
36, 46
37, 23
38, 51
39, 31
40, 0
41, 9
42, 14
43, 11
44, 50
45, 23
46, 36
47, 0
48, 0
49, 17
50, 17
51, 7
52, 21
53, 45
54, 39
55, 61
56, 40
57, 20
58, 40
59, 0
60, 17
61, 0
62, 12
63, 13
64, 0
65, 22
66, 15
67, 26
68, 5
69, 47
70, 58
71, 0
72, 9
73, 15
74, 20
75, 61
76, 40
77, 22
78, 0
79, 17
80, 46
81, 23
82, 51
83, 31
84, 0
85, 9
86, 14
87, 11
88, 50
89, 23
90, 36
91, 0
92, 0
93, 17
94, 17
95, 7
96, 21
97, 45
98, 39
99, 62
100, 36
101, 47
102, 0
103, 13
104, 23
105, 22
106, 20
107, 0
108, 71
109, 55
110, 37
111, 20
112, 23
113, 0
114, 28
115, 12
116, 36
117, 23
118, 50
119, 20
120, 22
121, 14
122, 0
123, 9
124, 15
125, 38
126, 49
127, 0
128, 0
129, 2
130, 40
131, 37
132, 2
133, 29
134, 2
135, 0
136, 13
137, 16
138, 18
139, 0
140, 2
141, 31
142, 2
143, 70
144, 30
145, 2
146, 39
147, 0
148, 8
149, 0
150, 54
151, 0
152, 9
153, 30
154, 31
155, 19
156, 0
157, 22
158, 31
159, 28
160, 0
161, 29
162, 26
163, 0
164, 61
165, 24
166, 54
167, 0
168, 54
169, 38
170, 0
171, 22
172, 38
173, 9
174, 48
175, 16
176, 35
177, 0
178, 35
179, 32
180, 14
181, 38
182, 29
183, 23
184, 0
185, 43
186, 20
187, 22
188, 42
189, 0
190, 15
191, 26
192, 25
193, 47
194, 24
195, 2
196, 40
197, 37
198, 2
199, 29
200, 2
201, 0
202, 13
203, 16
204, 18
205, 0
206, 2
207, 31
208, 2
209, 70
210, 30
211, 2
212, 39
213, 0
214, 8
215, 0
216, 54
217, 0
218, 9
219, 30
220, 31
221, 19
222, 0
223, 22
224, 31
225, 28
226, 0
227, 29
228, 26
229, 0
230, 61
231, 24
232, 54
233, 0
234, 54
235, 38
236, 0
237, 22
238, 38
239, 9
240, 48
241, 16
242, 35
243, 0
244, 35
245, 32
246, 14
247, 38
248, 29
249, 23
250, 0
251, 43
252, 20
253, 22
254, 42
255, 0
256, 15
257, 26
258, 25
259, 47
260, 24
261, 2
262, 40
263, 37
264, 2
265, 29
266, 34
267, 0
268, 13
269, 20
270, 17
271, 16
272, 18
273, 15
274, 0
275, 2
276, 31
277, 2
278, 70
279, 30
280, 2
281, 39
282, 0
283, 8
284, 0
285, 54
286, 0
287, 9
288, 30
289, 31
290, 19
291, 22
292, 53
293, 28
294, 0
295, 29
296, 26
297, 0
298, 61
299, 24
300, 54
301, 0
302, 54
303, 38
304, 0
305, 22
306, 38
307, 9
308, 17
309, 14
310, 20
311, 29
312, 16
313, 28
314, 0
315, 35
316, 32
317, 14
318, 46
319, 29
320, 23
321, 15
322, 0
323, 21
324, 0
325, 43
326, 36
327, 29
328, 82
329, 0
330, 15
331, 26
332, 25
333, 47
334, 24
335, 33
336, 34
337, 63
338, 0
339, 25
340, 20
341, 13
342, 0
343, 33
344, 0
345, 30
346, 23
347, 25
348, 22
349, 22
350, 23
351, 25
352, 25
353, 22
354, 23
355, 0
356, 28
357, 0
358, 40
359, 0
360, 44
361, 21
362, 34
363, 0
364, 19
365, 24
366, 9
367, 62
368, 22
369, 0
370, 46
371, 20
372, 16
373, 0
374, 40
375, 19
376, 32
377, 16
378, 0
379, 37
380, 13
381, 19
382, 20
383, 40
384, 34
385, 60
386, 59
387, 41
388, 41
389, 0
390, 93
391, 2
392, 0
393, 25
394, 20
395, 16
396, 17
397, 25
398, 16
399, 15
400, 34
401, 0
402, 46
403, 0
404, 15
405, 15
406, 15
407, 0
408, 25
409, 17
410, 14
411, 15
412, 0
413, 37
414, 28
415, 37
416, 37
417, 37
418, 0
419, 27
420, 68
421, 0
422, 59
423, 28
424, 21
425, 34
426, 13
427, 17
428, 9
429, 8
430, 5
431, 13
432, 21
433, 14
434, 33
435, 21
436, 20
437, 0
438, 27
439, 13
440, 14
441, 26
442, 12
443, 12
444, 17
445, 13
446, 23
447, 20
448, 6
449, 0
450, 55
451, 0
452, 66
453, 0
454, 42
455, 17
456, 44
457, 27
458, 32
459, 85
460, 0
461, 11
462, 56
463, 25
464, 75
465, 47
466, 11
467, 0
468, 9
469, 34
470, 59
471, 27
472, 0
473, 30
474, 64
475, 17
476, 57
477, 40
478, 29
479, 26
480, 38
481, 16
482, 31
483, 0
484, 25
485, 26
486, 14
487, 35
488, 16
489, 0
490, 34
491, 18
492, 0
493, 54
494, 24
495, 29
496, 21
497, 55
498, 8
499, 0
500, 27
501, 21
502, 29
503, 28
504, 18
505, 44
506, 0
507, 66
508, 29
509, 28
510, 8
511, 0
512, 46
513, 20
514, 33
515, 0
516, 40
517, 34
518, 11
519, 0
520, 0
521, 0
522, 0
523, 0
524, 59
525, 36
526, 2
527, 20
528, 0
529, 13
530, 37
531, 17
532, 0
533, 44
534, 35
535, 0
536, 18
537, 28
538, 17
539, 39
540, 26
541, 13
542, 0
543, 21
544, 36
545, 17
546, 39
547, 26
548, 13
549, 0
550, 43
551, 0
552, 9
553, 16
554, 23
555, 25
556, 25
557, 38
558, 19
559, 19
560, 64
561, 0
562, 43
563, 0
564, 40
565, 37
566, 61
567, 30
568, 0
569, 25
570, 20
571, 16
572, 14
573, 13
574, 15
575, 14
576, 17
577, 0
578, 9
579, 37
580, 69
581, 15
582, 32
583, 52
584, 40
585, 16
586, 16
587, 16
588, 12
589, 59
590, 59
591, 61
592, 0
593, 42
594, 28
595, 54
596, 54
597, 54
598, 54
599, 0
600, 46
601, 28
602, 0
603, 10
604, 31
605, 39
606, 49
607, 16
608, 0
609, 37
610, 40
611, 4
612, 0
613, 84
614, 51
615, 54
616, 54
617, 54
618, 54
619, 54
620, 0
621, 11
622, 10
623, 31
624, 39
625, 49
626, 16
627, 0
628, 15
629, 32
630, 39
631, 0
632, 40
633, 0
634, 57
635, 27
636, 45
637, 30
638, 2
639, 0
640, 72
641, 0
642, 39
643, 54
644, 10
645, 47
646, 47
647, 47
648, 66
649, 16
650, 5
651, 23
652, 0
653, 16
654, 48
655, 48
656, 48
657, 63
658, 5
659, 21
660, 0
661, 14
662, 63
663, 48
664, 48
665, 48
666, 28
667, 7
668, 16
669, 19
670, 0
671, 14
672, 52
673, 46
674, 25
675, 16
676, 19
677, 0
678, 16
679, 28
680, 45
681, 27
682, 23
683, 0
684, 17
685, 47
686, 29
687, 64
688, 59
689, 59
690, 59
691, 59
692, 37
693, 39
694, 11
695, 45
696, 48
697, 18
698, 0
699, 29
700, 48
701, 13
702, 41
703, 34
704, 28
705, 2
706, 0
707, 13
708, 26
709, 0
710, 22
711, 28
712, 34
713, 40
714, 46
715, 52
716, 0
717, 24
718, 25
719, 23
720, 41
721, 0
722, 15
723, 32
724, 0
725, 38
726, 17
727, 37
728, 0
729, 12
730, 18
731, 11
732, 0
733, 14
734, 69
735, 9
736, 13
737, 0
738, 43
739, 62
740, 0
741, 9
742, 26
743, 124
744, 84
745, 41
746, 34
747, 30
748, 0
749, 29
750, 38
751, 13
752, 37
753, 2
754, 0
755, 25
756, 20
757, 13
758, 30
759, 18
760, 0
761, 21
762, 0
763, 50
764, 0
765, 23
766, 14
767, 51
768, 0
769, 25
770, 28
771, 0
772, 28
773, 40
774, 72
775, 13
776, 11
777, 11
778, 8
779, 8
780, 0
781, 38
782, 16
783, 16
784, 21
785, 64
786, 4
787, 0
788, 44
789, 21
790, 24
791, 35
792, 21
793, 0
794, 21
795, 22
796, 59
797, 18
798, 15
799, 25
800, 22
801, 25
802, 10
803, 0
804, 70
805, 69
806, 21
807, 24
808, 53
809, 22
810, 20
811, 24
812, 44
813, 61
814, 11
815, 51
816, 0
817, 14
818, 27
819, 0
820, 64
821, 68
822, 26
823, 56
824, 34
825, 19
826, 29
827, 36
828, 20
829, 30
830, 14
831, 71
832, 9
833, 5
834, 10
835, 12
836, 9
837, 0
838, 9
839, 29
840, 25
841, 22
842, 40
843, 19
844, 89
845, 10
846, 52
847, 84
848, 2
849, 40
850, 37
851, 2
852, 29
853, 30
854, 69
855, 2
856, 67
857, 55
858, 2
859, 7
860, 32
861, 2
862, 17
863, 0
864, 13
865, 16
866, 20
867, 0
868, 16
869, 0
870, 42
871, 55
872, 37
873, 31
874, 0
875, 9
876, 30
877, 64
878, 78
879, 77
880, 0
881, 72
882, 2
883, 45
884, 2
885, 0
886, 28
887, 57
888, 0
889, 40
890, 19
891, 5
892, 21
893, 54
894, 19
895, 12
896, 13
897, 18
898, 0
899, 28
900, 20
901, 0
902, 65
903, 28
904, 32
905, 56
906, 20
907, 0
908, 49
909, 26
910, 0
911, 36
912, 38
913, 5
914, 21
915, 54
916, 44
917, 0
918, 69
919, 58
920, 34
921, 76
922, 14
923, 14
924, 14
925, 14
926, 28
927, 13
928, 18
929, 19
930, 40
931, 0
932, 38
933, 66
934, 0
935, 72
936, 2
937, 61
938, 0
939, 31
940, 39
941, 25
942, 9
943, 5
944, 9
945, 66
946, 66
947, 38
948, 65
949, 5
950, 17
951, 15
952, 15
953, 22
954, 35
955, 0
956, 72
957, 17
958, 12
959, 10
960, 11
961, 0
962, 36
963, 0
964, 16
965, 28
966, 5
967, 35
968, 43
969, 26
970, 0
971, 72
972, 0
973, 12
974, 44
975, 44
976, 44
977, 44
978, 44
979, 44
980, 37
981, 0
982, 30
983, 23
984, 55
985, 55
986, 56
987, 0
988, 23
989, 44
990, 45
991, 2
992, 40
993, 37
994, 2
995, 30
996, 56
997, 61
998, 2
999, 66
1000, 70
1001, 68
1002, 66
1003, 64
1004, 2
1005, 64
1006, 63
1007, 0
1008, 20
1009, 25
1010, 27
1011, 23
1012, 17
1013, 14
1014, 22
1015, 16
1016, 0
1017, 17
1018, 35
1019, 28
1020, 49
1021, 21
1022, 0
1023, 20
1024, 20
1025, 18
1026, 0
1027, 53
1028, 47
1029, 47
1030, 47
1031, 47
1032, 47
1033, 37
1034, 0
1035, 21
1036, 0
1037, 86
1038, 66
1039, 64
1040, 65
1041, 0
1042, 95
1043, 98
1044, 0
1045, 23
1046, 40
1047, 54
1048, 14
1049, 31
1050, 0
1051, 25
1052, 57
1053, 54
1054, 28
1055, 0
1056, 71
1057, 12
1058, 0
1059, 25
1060, 18
1061, 25
1062, 29
1063, 98
1064, 39
1065, 64
1066, 53
1067, 63
1068, 49
1069, 29
1070, 21
1071, 0
1072, 38
1073, 28
1074, 20
1075, 30
1076, 51
1077, 58
1078, 26
1079, 14
1080, 20
1081, 40
1082, 39
1083, 22
1084, 32
1085, 18
1086, 32
1087, 30
1088, 20
1089, 26
1090, 36
1091, 29
1092, 25
1093, 21
1094, 17
1095, 0
1096, 25
1097, 55
1098, 41
1099, 20
1100, 44
1101, 54
1102, 49
1103, 49
1104, 60
1105, 40
1106, 2
1107, 22
1108, 0
1109, 29
1110, 25
1111, 0
1112, 17
1113, 21
1114, 35
1115, 0
1116, 64
1117, 54
1118, 64
1119, 31
1120, 39
1121, 2
1122, 48
1123, 2
1124, 64
1125, 48
1126, 64
1127, 61
1128, 2
1129, 11
1130, 23
1131, 20
1132, 58
1133, 25
1134, 46
1135, 68
1136, 47
1137, 0
1138, 0
1139, 30
1140, 39
1141, 37
1142, 31
1143, 58
1144, 0
1145, 64
1146, 0
1147, 99
1148, 0
1149, 81
1150, 0
1151, 60
1152, 37
1153, 19
1154, 26
1155, 50
1156, 0
1157, 23
1158, 21
1159, 24
1160, 0
1161, 83
1162, 0
1163, 29
1164, 21
1165, 60
1166, 25
1167, 58
1168, 36
1169, 2
1170, 17
1171, 54
1172, 23
1173, 21
1174, 0
1175, 37
1176, 45
1177, 37
1178, 38
1179, 46
1180, 25
1181, 48
1182, 0
1183, 9
1184, 14
1185, 63
1186, 49
1187, 21
1188, 16
1189, 19
1190, 61
1191, 40
1192, 52
1193, 0
1194, 23
1195, 46
1196, 26
1197, 0
1198, 9
1199, 14
1200, 11
1201, 50
1202, 5
1203, 26
1204, 30
1205, 33
1206, 0
1207, 47
1208, 28
1209, 33
1210, 59
1211, 25
1212, 33
1213, 15
1214, 13
1215, 21
1216, 0
1217, 29
1218, 24
1219, 24
1220, 60
1221, 53
1222, 15
1223, 23
1224, 9
1225, 0
1226, 30
1227, 47
1228, 31
1229, 51
1230, 0
1231, 34
1232, 0
1233, 42
1234, 37
1235, 0
1236, 32
1237, 63
1238, 0
1239, 46
1240, 46
1241, 54
1242, 46
1243, 46
1244, 73
1245, 37
1246, 33
1247, 0
1248, 14
1249, 13
1250, 22
1251, 20
1252, 23
1253, 0
1254, 25
1255, 58
1256, 0
1257, 26
1258, 11
1259, 22
1260, 29
1261, 14
1262, 15
1263, 0
1264, 51
1265, 19
1266, 15
1267, 8
1268, 53
1269, 32
1270, 39
1271, 60
1272, 49
1273, 18
1274, 9
1275, 26
1276, 7
1277, 23
1278, 27
1279, 48
1280, 24
1281, 12
1282, 53
1283, 26
1284, 22
1285, 0
1286, 66
1287, 66
1288, 41
1289, 58
1290, 11
1291, 9
1292, 10
1293, 64
1294, 37
1295, 29
1296, 2
1297, 40
1298, 37
1299, 2
1300, 77
1301, 21
1302, 0
1303, 18
1304, 31
1305, 43
1306, 26
1307, 20
1308, 25
1309, 23
1310, 28
1311, 28
1312, 18
1313, 25
1314, 16
1315, 16
1316, 16
1317, 16
1318, 17
1319, 17
1320, 15
1321, 0
1322, 0
1323, 9
1324, 32
1325, 15
1326, 2
1327, 30
1328, 30
1329, 15
1330, 49
1331, 37
1332, 21
1333, 0
1334, 35
1335, 28
1336, 21
1337, 36
1338, 19
1339, 11
1340, 16
1341, 18
1342, 10
1343, 18
1344, 0
1345, 27
1346, 58
1347, 0
1348, 14
1349, 18
1350, 36
1351, 52
1352, 25
1353, 31
1354, 0
1355, 54
1356, 36
1357, 20
1358, 35
1359, 16
1360, 9
1361, 45
1362, 5
1363, 27
1364, 37
1365, 55
1366, 60
1367, 46
1368, 0
1369, 65
1370, 34
1371, 26
1372, 27
1373, 20
1374, 35
1375, 40
1376, 38
1377, 30
1378, 9
1379, 44
1380, 0
1381, 26
1382, 6
1383, 12
1384, 15
1385, 25
1386, 33
1387, 43
1388, 29
1389, 27
1390, 16
1391, 25
1392, 12
1393, 26
1394, 37
1395, 40
1396, 11
1397, 0
1398, 66
1399, 28
1400, 21
1401, 19
1402, 7
1403, 0
1404, 79
1405, 0
1406, 77
1407, 72
1408, 78
1409, 0
1410, 28
1411, 28
1412, 0
1413, 36
1414, 21
1415, 29
1416, 21
1417, 30
1418, 20
1419, 16
1420, 18
1421, 14
1422, 1
1423, 0
1424, 60
1425, 50
1426, 52
1427, 54
1428, 0
1429, 28
1430, 14
1431, 71
1432, 15
1433, 0
1434, 41
1435, 17
1436, 23
1437, 30
1438, 0
1439, 47
1440, 20
1441, 19
1442, 23
1443, 33
1444, 22
1445, 23
1446, 37
1447, 17
1448, 14
1449, 0
1450, 48
1451, 21
1452, 27
1453, 23
1454, 33
1455, 19
1456, 0
1457, 38
1458, 17
1459, 30
1460, 20
1461, 33
1462, 17
1463, 17
1464, 7
1465, 51
1466, 35
1467, 60
1468, 9
1469, 61
1470, 10
1471, 14
1472, 5
1473, 39
1474, 22
1475, 31
1476, 29
1477, 0
1478, 49
1479, 13
1480, 19
1481, 36
1482, 33
1483, 28
1484, 0
1485, 47
1486, 36
1487, 0
1488, 54
1489, 66
1490, 0
1491, 31
1492, 26
1493, 22
1494, 24
1495, 16
1496, 0
1497, 36
1498, 17
1499, 17
1500, 58
1501, 12
1502, 0
1503, 60
1504, 22
1505, 5
1506, 20
1507, 29
1508, 9
1509, 27
1510, 26
1511, 8
1512, 13
1513, 23
1514, 26
1515, 30
1516, 15
1517, 18
1518, 13
1519, 31
1520, 0
1521, 28
1522, 17
1523, 17
1524, 22
1525, 1
1526, 0
1527, 15
1528, 66
1529, 0
1530, 24
1531, 21
1532, 22
1533, 61
1534, 0
1535, 22
1536, 23
1537, 42
1538, 0
1539, 30
1540, 53
1541, 0
1542, 44
1543, 23
1544, 51
1545, 5
1546, 16
1547, 26
1548, 34
1549, 15
1550, 27
1551, 46
1552, 0
1553, 33
1554, 0
1555, 50
1556, 38
1557, 29
1558, 38
1559, 0
1560, 39
1561, 25
1562, 22
1563, 53
1564, 38
1565, 0
1566, 58
1567, 27
1568, 33
1569, 22
1570, 48
1571, 9
1572, 16
1573, 7
1574, 26
1575, 8
1576, 7
1577, 51
1578, 11
1579, 4
1580, 12
1581, 0
1582, 37
1583, 24
1584, 40
1585, 0
1586, 29
1587, 24
1588, 59
1589, 0
1590, 27
1591, 20
1592, 49
1593, 0
1594, 48
1595, 24
1596, 31
1597, 23
1598, 32
1599, 22
1600, 52
1601, 12
1602, 0
1603, 58
1604, 24
1605, 29
1606, 39
1607, 24
1608, 5
1609, 30
1610, 21
1611, 34
1612, 8
1613, 4
1614, 12
1615, 7
1616, 27
1617, 18
1618, 18
1619, 7
1620, 42
1621, 15
1622, 15
1623, 4
1624, 22
1625, 0
1626, 64
1627, 37
1628, 22
1629, 0
1630, 17
1631, 46
1632, 23
1633, 9
1634, 14
1635, 11
1636, 50
1637, 24
1638, 36
1639, 0
1640, 60
1641, 59
1642, 60
1643, 23
1644, 0
1645, 62
1646, 5
1647, 12
1648, 8
1649, 8
1650, 16
1651, 16
1652, 61
1653, 37
1654, 20
1655, 30
1656, 53
1657, 0
1658, 22
1659, 33
1660, 0
1661, 14
1662, 0
1663, 18
1664, 39
1665, 28
1666, 31
1667, 12
1668, 32
1669, 38
1670, 18
1671, 27
1672, 18
1673, 0
1674, 65
1675, 45
1676, 63
1677, 40
1678, 22
1679, 0
1680, 17
1681, 0
1682, 22
1683, 0
1684, 55
1685, 0
1686, 60
1687, 59
1688, 60
1689, 23
1690, 0
1691, 62
1692, 5
1693, 12
1694, 26
1695, 36
1696, 36
1697, 16
1698, 25
1699, 16
1700, 35
1701, 0
1702, 13
1703, 51
1704, 0
1705, 23
1706, 41
1707, 40
1708, 17
1709, 35
1710, 32
1711, 50
1712, 50
1713, 0
1714, 51
1715, 17
1716, 31
1717, 18
1718, 13
1719, 0
1720, 25
1721, 45
1722, 23
1723, 19
1724, 8
1725, 0
1726, 27
1727, 56
1728, 5
1729, 9
1730, 53
1731, 0
1732, 49
1733, 71
1734, 0
1735, 57
1736, 19
1737, 34
1738, 58
1739, 74
1740, 0
1741, 22
1742, 41
1743, 5
1744, 30
1745, 0
1746, 59
1747, 40
1748, 31
1749, 5
1750, 23
1751, 55
1752, 19
1753, 20
1754, 0
1755, 85
1756, 30
1757, 24
1758, 49
1759, 5
1760, 71
1761, 33
1762, 50
1763, 57
1764, 46
1765, 0
1766, 83
1767, 32
1768, 24
1769, 55
1770, 5
1771, 10
1772, 53
1773, 31
1774, 39
1775, 30
1776, 17
1777, 17
1778, 25
1779, 25
1780, 23
1781, 33
1782, 25
1783, 31
1784, 17
1785, 36
1786, 42
1787, 37
1788, 0
1789, 63
1790, 52
1791, 49
1792, 49
1793, 49
1794, 53
1795, 23
1796, 32
1797, 0
1798, 2
1799, 40
1800, 37
1801, 2
1802, 83
1803, 30
1804, 2
1805, 69
1806, 73
1807, 12
1808, 2
1809, 52
1810, 2
1811, 79
1812, 2
1813, 66
1814, 2
1815, 32
1816, 2
1817, 0
1818, 13
1819, 16
1820, 14
1821, 28
1822, 25
1823, 30
1824, 30
1825, 20
1826, 0
1827, 9
1828, 18
1829, 30
1830, 17
1831, 22
1832, 40
1833, 23
1834, 59
1835, 12
1836, 36
1837, 40
1838, 39
1839, 0
1840, 38
1841, 53
1842, 0
1843, 67
1844, 17
1845, 22
1846, 44
1847, 21
1848, 28
1849, 28
1850, 19
1851, 29
1852, 16
1853, 0
1854, 52
1855, 48
1856, 27
1857, 27
1858, 68
1859, 30
1860, 5
1861, 30
1862, 18
1863, 22
1864, 55
1865, 33
1866, 0
1867, 14
1868, 30
1869, 31
1870, 31
1871, 38
1872, 33
1873, 0
1874, 28
1875, 40
1876, 28
1877, 31
1878, 21
1879, 62
1880, 0
1881, 28
1882, 37
1883, 33
1884, 40
1885, 45
1886, 29
1887, 26
1888, 19
1889, 6
1890, 39
1891, 26
1892, 5
1893, 49
1894, 0
1895, 60
1896, 63
1897, 24
1898, 17
1899, 17
1900, 59
1901, 5
1902, 21
1903, 65
1904, 40
1905, 20
1906, 0
1907, 17
1908, 0
1909, 13
1910, 0
1911, 23
1912, 22
1913, 0
1914, 9
1915, 15
1916, 37
1917, 0
1918, 43
1919, 49
1920, 20
1921, 38
1922, 46
1923, 0
1924, 27
1925, 43
1926, 29
1927, 0
1928, 37
1929, 54
1930, 0
1931, 34
1932, 13
1933, 39
1934, 67
1935, 41
1936, 21
1937, 24
1938, 48
1939, 48
1940, 59
1941, 37
1942, 38
1943, 31
1944, 0
1945, 23
1946, 46
1947, 23
1948, 22
1949, 0
1950, 9
1951, 14
1952, 55
1953, 15
1954, 7
1955, 65
1956, 31
1957, 21
1958, 21
1959, 12
1960, 5
1961, 36
1962, 0
1963, 18
1964, 43
1965, 15
1966, 33
1967, 15
1968, 31
1969, 0
1970, 9
1971, 44
1972, 61
1973, 5
1974, 35
1975, 41
1976, 23
1977, 0
1978, 49
1979, 76
1980, 0
1981, 66
1982, 39
1983, 37
1984, 33
1985, 43
1986, 0
1987, 62
1988, 0
1989, 74
1990, 0
1991, 66
1992, 0
1993, 40
1994, 17
1995, 17
1996, 27
1997, 54
1998, 26
1999, 20
2000, 0
2001, 2
2002, 37
2003, 34
2004, 28
2005, 2
2006, 0
2007, 17
2008, 0
2009, 100
2010, 106
2011, 0
2012, 73
2013, 24
2014, 22
2015, 18
2016, 16
2017, 0
2018, 23
2019, 13
2020, 0
2021, 23
2022, 14
2023, 0
2024, 22
2025, 17
2026, 0
2027, 34
2028, 10
2029, 14
2030, 0
2031, 30
2032, 17
2033, 0
2034, 34
2035, 10
2036, 10
2037, 12
2038, 12
2039, 12
2040, 12
2041, 0
2042, 30
2043, 19
2044, 0
2045, 28
2046, 30
2047, 0
2048, 30
2049, 42
2050, 0
2051, 12
2052, 9
2053, 0
2054, 13
2055, 11
2056, 0
2057, 18
2058, 58
2059, 0
2060, 12
2061, 28
2062, 0
2063, 13
2064, 72
2065, 0
2066, 14
2067, 13
2068, 0
2069, 11
2070, 37
2071, 0
2072, 16
2073, 26
2074, 0
2075, 27
2076, 35
2077, 23
2078, 17
2079, 17
2080, 17
2081, 21
2082, 16
2083, 16
2084, 17
2085, 17
2086, 17
2087, 0
2088, 27
2089, 13
2090, 48
2091, 20
2092, 0
2093, 39
2094, 28
2095, 28
2096, 39
2097, 41
2098, 39
2099, 41
2100, 0
2101, 38
2102, 27
2103, 25
2104, 20
2105, 18
2106, 15
2107, 24
2108, 18
2109, 28
2110, 0
2111, 23
2112, 14
2113, 74
2114, 0
2115, 33
2116, 22
2117, 30
2118, 13
2119, 28
2120, 29
2121, 56
2122, 32
2123, 39
2124, 0
2125, 27
2126, 92
2127, 0
2128, 25
2129, 63
2130, 15
2131, 36
2132, 79
2133, 22
2134, 38
2135, 0
2136, 39
2137, 56
2138, 0
2139, 37
2140, 24
2141, 36
2142, 77
2143, 62
2144, 0
2145, 16
2146, 77
2147, 62
2148, 0
2149, 0
2150, 45
2151, 22
2152, 85
2153, 81
2154, 0
2155, 55
2156, 44
2157, 93
2158, 47
2159, 65
2160, 72
2161, 0
2162, 0
2163, 58
2164, 63
2165, 0
2166, 24
2167, 30
2168, 25
2169, 0
2170, 0
2171, 32
2172, 29
2173, 0
2174, 33
2175, 63
2176, 0
2177, 0
2178, 21
2179, 60
2180, 0
2181, 67
2182, 94
2183, 42
2184, 84
2185, 16
2186, 19
2187, 56
2188, 93
2189, 0
2190, 47
2191, 31
2192, 39
2193, 105
2194, 0
2195, 32
2196, 96
2197, 0
2198, 32
2199, 56
2200, 34
2201, 31
2202, 14
2203, 26
2204, 35
2205, 16
2206, 17
2207, 14
2208, 0
2209, 26
2210, 0
2211, 9
2212, 42
2213, 33
2214, 61
2215, 34
2216, 11
2217, 34
2218, 11
2219, 2
2220, 37
2221, 34
2222, 28
2223, 2
2224, 0
2225, 17
2226, 0
2227, 97
2228, 70
2229, 0
2230, 73
2231, 24
2232, 22
2233, 18
2234, 16
2235, 0
2236, 23
2237, 13
2238, 0
2239, 23
2240, 14
2241, 0
2242, 22
2243, 17
2244, 0
2245, 34
2246, 10
2247, 14
2248, 0
2249, 30
2250, 17
2251, 0
2252, 34
2253, 10
2254, 10
2255, 12
2256, 12
2257, 12
2258, 12
2259, 0
2260, 30
2261, 19
2262, 0
2263, 28
2264, 30
2265, 0
2266, 30
2267, 42
2268, 0
2269, 12
2270, 9
2271, 0
2272, 13
2273, 11
2274, 0
2275, 15
2276, 55
2277, 0
2278, 16
2279, 26
2280, 0
2281, 27
2282, 35
2283, 23
2284, 17
2285, 17
2286, 17
2287, 21
2288, 16
2289, 16
2290, 17
2291, 17
2292, 17
2293, 0
2294, 27
2295, 13
2296, 48
2297, 20
2298, 0
2299, 39
2300, 28
2301, 28
2302, 39
2303, 41
2304, 39
2305, 41
2306, 0
2307, 31
2308, 28
2309, 0
2310, 23
2311, 14
2312, 74
2313, 0
2314, 33
2315, 25
2316, 41
2317, 13
2318, 40
2319, 60
2320, 0
2321, 28
2322, 19
2323, 72
2324, 0
2325, 25
2326, 63
2327, 15
2328, 36
2329, 81
2330, 32
2331, 0
2332, 0
2333, 43
2334, 32
2335, 77
2336, 0
2337, 32
2338, 42
2339, 17
2340, 26
2341, 79
2342, 64
2343, 0
2344, 16
2345, 79
2346, 64
2347, 0
2348, 51
2349, 58
2350, 97
2351, 32
2352, 33
2353, 46
2354, 36
2355, 0
2356, 24
2357, 24
2358, 25
2359, 0
2360, 21
2361, 46
2362, 0
2363, 67
2364, 94
2365, 42
2366, 83
2367, 16
2368, 19
2369, 66
2370, 93
2371, 0
2372, 47
2373, 31
2374, 101
2375, 27
2376, 14
2377, 63
2378, 0
2379, 32
2380, 74
2381, 0
2382, 32
2383, 56
2384, 34
2385, 31
2386, 14
2387, 26
2388, 35
2389, 16
2390, 17
2391, 14
2392, 0
2393, 26
2394, 0
2395, 9
2396, 42
2397, 33
2398, 61
2399, 34
2400, 11
2401, 34
2402, 11
2403, 2
2404, 37
2405, 34
2406, 28
2407, 2
2408, 0
2409, 17
2410, 0
2411, 87
2412, 66
2413, 0
2414, 67
2415, 24
2416, 27
2417, 20
2418, 18
2419, 16
2420, 22
2421, 0
2422, 37
2423, 38
2424, 40
2425, 0
2426, 76
2427, 50
2428, 0
2429, 78
2430, 52
2431, 0
2432, 65
2433, 78
2434, 49
2435, 0
2436, 0
2437, 12
2438, 9
2439, 0
2440, 13
2441, 11
2442, 0
2443, 21
2444, 56
2445, 0
2446, 21
2447, 28
2448, 0
2449, 16
2450, 26
2451, 0
2452, 27
2453, 35
2454, 19
2455, 17
2456, 17
2457, 17
2458, 21
2459, 16
2460, 16
2461, 17
2462, 17
2463, 17
2464, 0
2465, 37
2466, 13
2467, 48
2468, 20
2469, 0
2470, 49
2471, 28
2472, 28
2473, 39
2474, 41
2475, 39
2476, 41
2477, 0
2478, 0
2479, 31
2480, 28
2481, 0
2482, 29
2483, 29
2484, 0
2485, 17
2486, 8
2487, 62
2488, 0
2489, 33
2490, 20
2491, 41
2492, 13
2493, 40
2494, 53
2495, 0
2496, 29
2497, 15
2498, 65
2499, 0
2500, 25
2501, 63
2502, 15
2503, 30
2504, 66
2505, 32
2506, 0
2507, 0
2508, 53
2509, 32
2510, 77
2511, 0
2512, 32
2513, 42
2514, 17
2515, 26
2516, 79
2517, 65
2518, 0
2519, 16
2520, 79
2521, 65
2522, 0
2523, 56
2524, 58
2525, 90
2526, 32
2527, 33
2528, 46
2529, 36
2530, 0
2531, 34
2532, 51
2533, 27
2534, 14
2535, 63
2536, 0
2537, 23
2538, 52
2539, 64
2540, 17
2541, 14
2542, 16
2543, 5
2544, 0
2545, 17
2546, 14
2547, 10
2548, 5
2549, 0
2550, 23
2551, 59
2552, 0
2553, 66
2554, 62
2555, 34
2556, 68
2557, 16
2558, 19
2559, 58
2560, 88
2561, 0
2562, 0
2563, 9
2564, 42
2565, 33
2566, 61
2567, 23
2568, 11
2569, 23
2570, 11
2571, 2
2572, 37
2573, 34
2574, 34
2575, 2
2576, 0
2577, 16
2578, 17
2579, 16
2580, 13
2581, 0
2582, 10
2583, 32
2584, 32
2585, 32
2586, 32
2587, 32
2588, 32
2589, 32
2590, 32
2591, 32
2592, 32
2593, 0
2594, 13
2595, 33
2596, 54
2597, 51
2598, 26
2599, 0
2600, 73
2601, 82
2602, 54
2603, 23
2604, 25
2605, 23
2606, 55
2607, 32
2608, 0
2609, 23
2610, 62
2611, 44
2612, 5
2613, 39
2614, 28
2615, 31
2616, 17
2617, 70
2618, 0
2619, 85
2620, 0
2621, 9
2622, 30
2623, 79
2624, 53
2625, 58
2626, 66
2627, 2
2628, 40
2629, 39
2630, 2
2631, 73
2632, 0
2633, 17
2634, 25
2635, 16
2636, 16
2637, 24
2638, 25
2639, 20
2640, 0
2641, 17
2642, 10
2643, 9
2644, 10
2645, 0
2646, 13
2647, 12
2648, 0
2649, 15
2650, 15
2651, 0
2652, 17
2653, 15
2654, 0
2655, 26
2656, 43
2657, 56
2658, 0
2659, 24
2660, 67
2661, 24
2662, 27
2663, 50
2664, 47
2665, 22
2666, 0
2667, 25
2668, 35
2669, 18
2670, 17
2671, 17
2672, 17
2673, 21
2674, 16
2675, 16
2676, 17
2677, 17
2678, 17
2679, 0
2680, 32
2681, 34
2682, 5
2683, 39
2684, 26
2685, 15
2686, 9
2687, 8
2688, 9
2689, 9
2690, 8
2691, 24
2692, 14
2693, 9
2694, 9
2695, 8
2696, 9
2697, 9
2698, 0
2699, 24
2700, 21
2701, 33
2702, 0
2703, 28
2704, 43
2705, 0
2706, 20
2707, 31
2708, 0
2709, 26
2710, 37
2711, 0
2712, 22
2713, 9
2714, 12
2715, 43
2716, 36
2717, 0
2718, 21
2719, 8
2720, 18
2721, 39
2722, 0
2723, 27
2724, 16
2725, 20
2726, 26
2727, 0
2728, 43
2729, 25
2730, 25
2731, 36
2732, 36
2733, 36
2734, 36
2735, 0
2736, 52
2737, 51
2738, 5
2739, 30
2740, 58
2741, 39
2742, 71
2743, 30
2744, 0
2745, 34
2746, 15
2747, 56
2748, 60
2749, 56
2750, 60
2751, 5
2752, 50
2753, 25
2754, 16
2755, 16
2756, 53
2757, 31
2758, 18
2759, 18
2760, 42
2761, 36
2762, 59
2763, 30
2764, 0
2765, 46
2766, 51
2767, 49
2768, 30
2769, 0
2770, 27
2771, 52
2772, 34
2773, 77
2774, 19
2775, 5
2776, 11
2777, 18
2778, 17
2779, 33
2780, 0
2781, 29
2782, 48
2783, 48
2784, 0
2785, 25
2786, 47
2787, 0
2788, 30
2789, 19
2790, 18
2791, 42
2792, 34
2793, 50
2794, 22
2795, 0
2796, 33
2797, 16
2798, 25
2799, 25
2800, 17
2801, 61
2802, 22
2803, 20
2804, 0
2805, 28
2806, 39
2807, 40
2808, 5
2809, 35
2810, 8
2811, 66
2812, 66
2813, 24
2814, 0
2815, 34
2816, 15
2817, 31
2818, 29
2819, 61
2820, 62
2821, 29
2822, 47
2823, 29
2824, 0
2825, 51
2826, 63
2827, 0
2828, 43
2829, 17
2830, 48
2831, 5
2832, 29
2833, 51
2834, 26
2835, 0
2836, 59
2837, 73
2838, 51
2839, 5
2840, 55
2841, 21
2842, 70
2843, 0
2844, 18
2845, 34
2846, 16
2847, 57
2848, 5
2849, 29
2850, 62
2851, 0
2852, 30
2853, 33
2854, 5
2855, 44
2856, 20
2857, 61
2858, 39
2859, 52
2860, 12
2861, 53
2862, 28
2863, 5
2864, 14
2865, 28
2866, 37
2867, 26
2868, 0
2869, 30
2870, 27
2871, 38
2872, 65
2873, 0
2874, 21
2875, 38
2876, 0
2877, 71
2878, 57
2879, 25
2880, 41
2881, 38
2882, 56
2883, 73
2884, 27
2885, 47
2886, 27
2887, 66
2888, 0
2889, 9
2890, 33
2891, 33
2892, 61
2893, 46
2894, 46
2895, 67
2896, 37
2897, 26
2898, 0
2899, 20
2900, 17
2901, 13
2902, 0
2903, 20
2904, 22
2905, 21
2906, 0
2907, 41
2908, 56
2909, 0
2910, 55
2911, 0
2912, 45
2913, 59
2914, 0
2915, 29
2916, 33
2917, 34
2918, 0
2919, 32
2920, 100
2921, 74
2922, 0
2923, 48
2924, 0
2925, 26
2926, 23
2927, 56
2928, 19
2929, 29
2930, 58
2931, 20
2932, 60
2933, 37
2934, 20
2935, 28
2936, 44
2937, 60
2938, 46
2939, 59
2940, 41
2941, 0
2942, 14
2943, 17
2944, 18
2945, 0
2946, 59
2947, 0
2948, 26
2949, 31
2950, 61
2951, 67
2952, 56
2953, 59
2954, 59
2955, 55
2956, 56
2957, 56
2958, 37
2959, 19
2960, 32
2961, 37
2962, 41
2963, 19
2964, 52
2965, 54
2966, 0
2967, 23
2968, 31
2969, 11
2970, 28
2971, 55
2972, 19
2973, 0
2974, 27
2975, 39
2976, 30
2977, 5
2978, 25
2979, 32
2980, 32
2981, 56
2982, 60
2983, 40
2984, 20
2985, 0
2986, 17
2987, 0
2988, 9
2989, 13
2990, 14
2991, 0
2992, 16
2993, 30
2994, 20
2995, 0
2996, 0
2997, 24
2998, 27
2999, 19
3000, 62
3001, 77
3002, 66
3003, 69
3004, 69
3005, 65
3006, 66
3007, 66
3008, 5
3009, 30
3010, 24
3011, 21
3012, 32
3013, 43
3014, 43
3015, 18
3016, 54
3017, 54
3018, 0
3019, 0
3020, 33
3021, 33
3022, 30
3023, 40
3024, 0
3025, 23
3026, 38
3027, 32
3028, 5
3029, 5
3030, 28
3031, 55
3032, 12
3033, 19
3034, 0
3035, 56
3036, 38
3037, 42
3038, 28
3039, 32
3040, 13
3041, 27
3042, 0
3043, 37
3044, 15
3045, 14
3046, 23
3047, 27
3048, 30
3049, 0
3050, 39
3051, 18
3052, 20
3053, 62
3054, 0
3055, 18
3056, 30
3057, 22
3058, 17
3059, 26
3060, 2
3061, 40
3062, 37
3063, 2
3064, 48
3065, 2
3066, 23
3067, 2
3068, 68
3069, 2
3070, 77
3071, 2
3072, 0
3073, 14
3074, 23
3075, 28
3076, 17
3077, 20
3078, 13
3079, 18
3080, 0
3081, 9
3082, 28
3083, 10
3084, 15
3085, 36
3086, 31
3087, 36
3088, 0
3089, 20
3090, 28
3091, 21
3092, 20
3093, 30
3094, 0
3095, 43
3096, 5
3097, 51
3098, 0
3099, 43
3100, 12
3101, 21
3102, 21
3103, 20
3104, 20
3105, 12
3106, 24
3107, 40
3108, 17
3109, 0
3110, 21
3111, 22
3112, 16
3113, 20
3114, 20
3115, 12
3116, 44
3117, 47
3118, 0
3119, 30
3120, 35
3121, 23
3122, 15
3123, 10
3124, 16
3125, 23
3126, 15
3127, 23
3128, 26
3129, 34
3130, 27
3131, 45
3132, 36
3133, 23
3134, 23
3135, 12
3136, 0
3137, 16
3138, 17
3139, 19
3140, 5
3141, 11
3142, 5
3143, 13
3144, 14
3145, 0
3146, 72
3147, 0
3148, 21
3149, 78
3150, 0
3151, 14
3152, 11
3153, 0
3154, 44
3155, 22
3156, 28
3157, 20
3158, 0
3159, 36
3160, 5
3161, 18
3162, 9
3163, 9
3164, 8
3165, 15
3166, 87
3167, 90
3168, 37
3169, 0
3170, 87
3171, 87
3172, 37
3173, 0
3174, 87
3175, 90
3176, 37
3177, 0
3178, 84
3179, 90
3180, 36
3181, 1
3182, 0
3183, 72
3184, 44
3185, 0
3186, 42
3187, 0
3188, 17
3189, 31
3190, 0
3191, 33
3192, 16
3193, 0
3194, 28
3195, 43
3196, 0
3197, 38
3198, 31
3199, 0
3200, 28
3201, 17
3202, 23
3203, 19
3204, 29
3205, 0
3206, 31
3207, 13
3208, 0
3209, 31
3210, 19
3211, 0
3212, 31
3213, 28
3214, 0
3215, 72
3216, 0
3217, 51
3218, 0
3219, 51
3220, 0
3221, 53
3222, 0
3223, 40
3224, 0
3225, 72
3226, 0
3227, 43
3228, 23
3229, 0
3230, 24
3231, 17
3232, 17
3233, 17
3234, 0
3235, 10
3236, 10
3237, 0
3238, 22
3239, 45
3240, 45
3241, 45
3242, 0
3243, 23
3244, 45
3245, 45
3246, 45
3247, 63
3248, 37
3249, 20
3250, 27
3251, 0
3252, 22
3253, 0
3254, 29
3255, 19
3256, 19
3257, 39
3258, 15
3259, 41
3260, 0
3261, 15
3262, 41
3263, 0
3264, 15
3265, 41
3266, 0
3267, 15
3268, 41
3269, 0
3270, 15
3271, 39
3272, 0
3273, 13
3274, 29
3275, 0
3276, 68
3277, 40
3278, 19
3279, 0
3280, 64
3281, 23
3282, 0
3283, 21
3284, 30
3285, 0
3286, 52
3287, 0
3288, 9
3289, 15
3290, 15
3291, 12
3292, 37
3293, 79
3294, 31
3295, 35
3296, 0
3297, 0
3298, 41
3299, 2
3300, 40
3301, 37
3302, 2
3303, 30
3304, 74
3305, 2
3306, 0
3307, 13
3308, 14
3309, 29
3310, 31
3311, 18
3312, 0
3313, 9
3314, 30
3315, 52
3316, 0
3317, 12
3318, 62
3319, 15
3320, 49
3321, 0
3322, 13
3323, 22
3324, 28
3325, 23
3326, 5
3327, 43
3328, 32
3329, 0
3330, 43
3331, 77
3332, 43
3333, 2
3334, 40
3335, 37
3336, 2
3337, 29
3338, 38
3339, 2
3340, 0
3341, 23
3342, 20
3343, 22
3344, 13
3345, 20
3346, 16
3347, 16
3348, 18
3349, 0
3350, 9
3351, 40
3352, 52
3353, 0
3354, 12
3355, 70
3356, 11
3357, 58
3358, 0
3359, 14
3360, 22
3361, 16
3362, 19
3363, 33
3364, 19
3365, 5
3366, 6
3367, 44
3368, 32
3369, 0
3370, 31
3371, 2
3372, 33
3373, 37
3374, 2
3375, 29
3376, 27
3377, 2
3378, 0
3379, 20
3380, 22
3381, 13
3382, 18
3383, 0
3384, 9
3385, 40
3386, 47
3387, 0
3388, 12
3389, 70
3390, 15
3391, 58
3392, 0
3393, 14
3394, 22
3395, 16
3396, 19
3397, 4
3398, 16
3399, 49
3400, 32
3401, 13
3402, 19
3403, 43
3404, 2
3405, 33
3406, 37
3407, 2
3408, 29
3409, 37
3410, 2
3411, 0
3412, 23
3413, 20
3414, 22
3415, 13
3416, 20
3417, 16
3418, 18
3419, 0
3420, 9
3421, 40
3422, 47
3423, 0
3424, 12
3425, 72
3426, 11
3427, 58
3428, 0
3429, 14
3430, 22
3431, 16
3432, 19
3433, 21
3434, 16
3435, 19
3436, 30
3437, 10
3438, 0
3439, 32
3440, 22
3441, 19
3442, 0
3443, 31
3444, 2
3445, 33
3446, 37
3447, 2
3448, 29
3449, 27
3450, 2
3451, 0
3452, 20
3453, 22
3454, 13
3455, 18
3456, 0
3457, 9
3458, 40
3459, 47
3460, 0
3461, 12
3462, 70
3463, 15
3464, 58
3465, 0
3466, 14
3467, 22
3468, 16
3469, 19
3470, 4
3471, 16
3472, 49
3473, 32
3474, 13
3475, 19
3476, 63
3477, 37
3478, 26
3479, 46
3480, 0
3481, 20
3482, 17
3483, 13
3484, 0
3485, 20
3486, 22
3487, 21
3488, 0
3489, 41
3490, 56
3491, 0
3492, 45
3493, 59
3494, 0
3495, 29
3496, 40
3497, 34
3498, 0
3499, 32
3500, 97
3501, 62
3502, 0
3503, 48
3504, 0
3505, 26
3506, 23
3507, 55
3508, 39
3509, 11
3510, 30
3511, 55
3512, 44
3513, 38
3514, 2
3515, 40
3516, 37
3517, 2
3518, 42
3519, 2
3520, 0
3521, 13
3522, 14
3523, 12
3524, 0
3525, 40
3526, 62
3527, 0
3528, 73
3529, 0
3530, 56
3531, 37
3532, 18
3533, 19
3534, 24
3535, 25
3536, 25
3537, 12
3538, 13
3539, 14
3540, 24
3541, 0
3542, 75
3543, 61
3544, 68
3545, 0
3546, 25
3547, 43
3548, 55
3549, 2
3550, 40
3551, 37
3552, 2
3553, 42
3554, 2
3555, 0
3556, 13
3557, 14
3558, 12
3559, 0
3560, 40
3561, 62
3562, 0
3563, 73
3564, 0
3565, 56
3566, 37
3567, 18
3568, 19
3569, 24
3570, 25
3571, 25
3572, 12
3573, 13
3574, 14
3575, 24
3576, 0
3577, 75
3578, 61
3579, 68
3580, 0
3581, 25
3582, 43
3583, 40
3584, 37
3585, 34
3586, 55
3587, 53
3588, 32
3589, 0
3590, 13
3591, 0
3592, 35
3593, 4
3594, 13
3595, 53
3596, 27
3597, 62
3598, 22
3599, 29
3600, 43
3601, 52
3602, 47
3603, 0
3604, 43
3605, 66
3606, 37
3607, 33
3608, 0
3609, 25
3610, 20
3611, 13
3612, 0
3613, 39
3614, 52
3615, 0
3616, 37
3617, 24
3618, 11
3619, 0
3620, 48
3621, 17
3622, 25
3623, 17
3624, 33
3625, 11
3626, 20
3627, 61
3628, 40
3629, 26
3630, 0
3631, 17
3632, 0
3633, 11
3634, 11
3635, 17
3636, 16
3637, 13
3638, 13
3639, 0
3640, 49
3641, 45
3642, 32
3643, 19
3644, 21
3645, 0
3646, 49
3647, 24
3648, 33
3649, 6
3650, 21
3651, 18
3652, 20
3653, 6
3654, 0
3655, 33
3656, 16
3657, 20
3658, 37
3659, 11
3660, 0
3661, 24
3662, 25
3663, 0
3664, 26
3665, 14
3666, 22
3667, 22
3668, 18
3669, 43
3670, 43
3671, 14
3672, 26
3673, 26
3674, 40
3675, 61
3676, 37
3677, 47
3678, 0
3679, 25
3680, 13
3681, 0
3682, 35
3683, 46
3684, 0
3685, 26
3686, 52
3687, 0
3688, 24
3689, 21
3690, 20
3691, 20
3692, 42
3693, 22
3694, 17
3695, 34
3696, 65
3697, 40
3698, 36
3699, 0
3700, 23
3701, 46
3702, 26
3703, 0
3704, 9
3705, 14
3706, 11
3707, 49
3708, 5
3709, 48
3710, 33
3711, 0
3712, 47
3713, 28
3714, 33
3715, 59
3716, 23
3717, 33
3718, 15
3719, 13
3720, 14
3721, 0
3722, 71
3723, 36
3724, 2
3725, 27
3726, 62
3727, 2
3728, 64
3729, 2
3730, 0
3731, 29
3732, 0
3733, 91
3734, 0
3735, 76
3736, 89
3737, 32
3738, 0
3739, 46
3740, 2
3741, 40
3742, 37
3743, 2
3744, 43
3745, 2
3746, 27
3747, 42
3748, 42
3749, 2
3750, 0
3751, 13
3752, 14
3753, 0
3754, 9
3755, 30
3756, 12
3757, 24
3758, 8
3759, 60
3760, 88
3761, 60
3762, 60
3763, 57
3764, 5
3765, 65
3766, 25
3767, 45
3768, 0
3769, 24
3770, 13
3771, 21
3772, 33
3773, 0
3774, 31
3775, 57
3776, 0
3777, 41
3778, 84
3779, 2
3780, 40
3781, 37
3782, 2
3783, 40
3784, 26
3785, 44
3786, 41
3787, 0
3788, 62
3789, 69
3790, 67
3791, 2
3792, 58
3793, 61
3794, 17
3795, 0
3796, 0
3797, 25
3798, 34
3799, 20
3800, 15
3801, 14
3802, 22
3803, 81
3804, 37
3805, 47
3806, 22
3807, 16
3808, 16
3809, 29
3810, 0
3811, 8
3812, 17
3813, 17
3814, 17
3815, 15
3816, 15
3817, 19
3818, 15
3819, 15
3820, 17
3821, 15
3822, 15
3823, 0
3824, 9
3825, 21
3826, 46
3827, 20
3828, 28
3829, 28
3830, 28
3831, 28
3832, 28
3833, 28
3834, 28
3835, 51
3836, 40
3837, 46
3838, 37
3839, 64
3840, 46
3841, 36
3842, 3
3843, 21
3844, 47
3845, 21
3846, 74
3847, 45
3848, 78
3849, 62
3850, 25
3851, 49
3852, 25
3853, 43
3854, 58
3855, 0
3856, 35
3857, 30
3858, 21
3859, 28
3860, 19
3861, 11
3862, 16
3863, 21
3864, 19
3865, 48
3866, 0
3867, 49
3868, 49
3869, 30
3870, 46
3871, 0
3872, 21
3873, 37
3874, 47
3875, 53
3876, 0
3877, 41
3878, 15
3879, 48
3880, 17
3881, 0
3882, 61
3883, 76
3884, 37
3885, 39
3886, 30
3887, 0
3888, 39
3889, 95
3890, 30
3891, 82
3892, 32
3893, 44
3894, 26
3895, 21
3896, 44
3897, 22
3898, 28
3899, 0
3900, 17
3901, 0
3902, 75
3903, 68
3904, 87
3905, 9
3906, 17
3907, 40
3908, 13
3909, 22
3910, 36
3911, 32
3912, 46
3913, 35
3914, 65
3915, 6
3916, 57
3917, 69
3918, 37
3919, 33
3920, 50
3921, 2
3922, 49
3923, 47
3924, 47
3925, 52
3926, 45
3927, 44
3928, 50
3929, 24
3930, 57
3931, 30
3932, 0
3933, 20
3934, 17
3935, 23
3936, 39
3937, 0
3938, 39
3939, 13
3940, 19
3941, 6
3942, 28
3943, 6
3944, 22
3945, 6
3946, 6
3947, 22
3948, 10
3949, 27
3950, 12
3951, 0
3952, 59
3953, 51
3954, 29
3955, 42
3956, 34
3957, 0
3958, 51
3959, 22
3960, 32
3961, 0
3962, 26
3963, 39
3964, 87
3965, 83
3966, 2
3967, 40
3968, 37
3969, 2
3970, 33
3971, 52
3972, 40
3973, 2
3974, 0
3975, 43
3976, 31
3977, 29
3978, 14
3979, 20
3980, 15
3981, 14
3982, 17
3983, 0
3984, 51
3985, 0
3986, 21
3987, 76
3988, 0
3989, 12
3990, 23
3991, 42
3992, 28
3993, 0
3994, 51
3995, 30
3996, 5
3997, 22
3998, 22
3999, 41
4000, 58
4001, 23
4002, 40
4003, 40
4004, 75
4005, 0
4006, 20
4007, 27
4008, 68
4009, 68
4010, 68
4011, 68
4012, 82
4013, 0
4014, 15
4015, 25
4016, 20
4017, 67
4018, 37
4019, 8
4020, 0
4021, 22
4022, 29
4023, 0
4024, 84
4025, 5
4026, 40
4027, 19
4028, 5
4029, 7
4030, 13
4031, 15
4032, 24
4033, 16
4034, 23
4035, 36
4036, 24
4037, 0
4038, 33
4039, 74
4040, 18
4041, 0
4042, 42
4043, 83
4044, 2
4045, 37
4046, 34
4047, 0
4048, 30
4049, 2
4050, 0
4051, 12
4052, 14
4053, 31
4054, 16
4055, 0
4056, 37
4057, 0
4058, 49
4059, 16
4060, 0
4061, 14
4062, 17
4063, 35
4064, 0
4065, 21
4066, 32
4067, 17
4068, 26
4069, 27
4070, 27
4071, 22
4072, 17
4073, 26
4074, 20
4075, 19
4076, 0
4077, 28
4078, 41
4079, 52
4080, 0
4081, 36
4082, 0
4083, 33
4084, 16
4085, 27
4086, 34
4087, 25
4088, 22
4089, 12
4090, 27
4091, 45
4092, 3
4093, 13
4094, 0
4095, 17
4096, 0
4097, 20
4098, 83
4099, 28
4100, 0
4101, 15
4102, 25
4103, 21
4104, 64
4105, 37
4106, 8
4107, 0
4108, 54
4109, 56
4110, 18
4111, 37
4112, 21
4113, 11
4114, 62
4115, 14
4116, 51
4117, 0
4118, 18
4119, 11
4120, 68
4121, 17
4122, 0
4123, 36
4124, 0
4125, 22
4126, 18
4127, 18
4128, 23
4129, 5
4130, 26
4131, 40
4132, 50
4133, 64
4134, 40
4135, 22
4136, 0
4137, 43
4138, 58
4139, 40
4140, 25
4141, 57
4142, 46
4143, 17
4144, 0
4145, 22
4146, 0
4147, 76
4148, 55
4149, 0
4150, 53
4151, 68
4152, 0
4153, 18
4154, 43
4155, 15
4156, 31
4157, 0
4158, 57
4159, 57
4160, 55
4161, 13
4162, 23
4163, 13
4164, 47
4165, 64
4166, 40
4167, 25
4168, 0
4169, 17
4170, 0
4171, 22
4172, 0
4173, 76
4174, 55
4175, 0
4176, 59
4177, 62
4178, 63
4179, 59
4180, 23
4181, 20
4182, 35
4183, 55
4184, 47
4185, 0
4186, 57
4187, 57
4188, 55
4189, 13
4190, 23
4191, 13
4192, 47
4193, 2
4194, 40
4195, 37
4196, 31
4197, 0
4198, 22
4199, 22
4200, 14
4201, 0
4202, 9
4203, 16
4204, 22
4205, 39
4206, 60
4207, 38
4208, 38
4209, 49
4210, 0
4211, 42
4212, 28
4213, 0
4214, 38
4215, 24
4216, 18
4217, 0
4218, 63
4219, 49
4220, 45
4221, 0
4222, 64
4223, 50
4224, 45
4225, 2
4226, 40
4227, 37
4228, 2
4229, 73
4230, 59
4231, 54
4232, 40
4233, 34
4234, 2
4235, 27
4236, 56
4237, 39
4238, 22
4239, 28
4240, 0
4241, 13
4242, 28
4243, 14
4244, 18
4245, 25
4246, 20
4247, 15
4248, 15
4249, 0
4250, 23
4251, 0
4252, 9
4253, 30
4254, 48
4255, 61
4256, 0
4257, 20
4258, 42
4259, 0
4260, 72
4261, 0
4262, 75
4263, 31
4264, 38
4265, 21
4266, 53
4267, 40
4268, 0
4269, 72
4270, 0
4271, 53
4272, 57
4273, 0
4274, 31
4275, 30
4276, 31
4277, 17
4278, 26
4279, 24
4280, 7
4281, 19
4282, 32
4283, 12
4284, 0
4285, 43
4286, 55
4287, 0
4288, 52
4289, 48
4290, 63
4291, 63
4292, 28
4293, 17
4294, 13
4295, 18
4296, 13
4297, 60
4298, 17
4299, 17
4300, 28
4301, 40
4302, 25
4303, 4
4304, 0
4305, 55
4306, 36
4307, 18
4308, 25
4309, 17
4310, 12
4311, 22
4312, 36
4313, 46
4314, 9
4315, 0
4316, 56
4317, 30
4318, 5
4319, 18
4320, 25
4321, 18
4322, 35
4323, 37
4324, 45
4325, 10
4326, 0
4327, 2
4328, 33
4329, 63
4330, 2
4331, 24
4332, 14
4333, 26
4334, 56
4335, 69
4336, 36
4337, 19
4338, 28
4339, 0
4340, 37
4341, 0
4342, 34
4343, 0
4344, 9
4345, 30
4346, 56
4347, 46
4348, 65
4349, 40
4350, 26
4351, 27
4352, 0
4353, 35
4354, 0
4355, 57
4356, 0
4357, 9
4358, 14
4359, 11
4360, 57
4361, 72
4362, 0
4363, 62
4364, 40
4365, 26
4366, 27
4367, 27
4368, 0
4369, 22
4370, 0
4371, 29
4372, 59
4373, 65
4374, 40
4375, 22
4376, 27
4377, 40
4378, 0
4379, 73
4380, 0
4381, 52
4382, 2
4383, 40
4384, 37
4385, 2
4386, 29
4387, 2
4388, 16
4389, 0
4390, 31
4391, 36
4392, 29
4393, 48
4394, 48
4395, 0
4396, 38
4397, 0
4398, 18
4399, 69
4400, 5
4401, 34
4402, 34
4403, 77
4404, 38
4405, 0
4406, 2
4407, 30
4408, 2
4409, 28
4410, 24
4411, 32
4412, 23
4413, 0
4414, 40
4415, 26
4416, 23
4417, 25
4418, 0
4419, 39
4420, 25
4421, 23
4422, 25
4423, 0
4424, 26
4425, 0
4426, 45
4427, 31
4428, 2
4429, 33
4430, 37
4431, 2
4432, 29
4433, 2
4434, 28
4435, 2
4436, 0
4437, 16
4438, 48
4439, 0
4440, 61
4441, 0
4442, 57
4443, 37
4444, 2
4445, 33
4446, 2
4447, 37
4448, 29
4449, 2
4450, 0
4451, 53
4452, 31
4453, 2
4454, 33
4455, 37
4456, 2
4457, 68
4458, 25
4459, 2
4460, 0
4461, 43
4462, 29
4463, 20
4464, 17
4465, 18
4466, 0
4467, 11
4468, 5
4469, 10
4470, 63
4471, 9
4472, 18
4473, 50
4474, 31
4475, 2
4476, 33
4477, 37
4478, 2
4479, 29
4480, 2
4481, 0
4482, 48
4483, 0
4484, 37
4485, 5
4486, 59
4487, 16
4488, 34
4489, 33
4490, 37
4491, 77
4492, 0
4493, 13
4494, 0
4495, 66
4496, 0
4497, 90
4498, 39
4499, 36
4500, 21
4501, 34
4502, 0
4503, 14
4504, 16
4505, 14
4506, 25
4507, 16
4508, 27
4509, 0
4510, 8
4511, 14
4512, 0
4513, 22
4514, 23
4515, 0
4516, 13
4517, 25
4518, 15
4519, 20
4520, 7
4521, 21
4522, 0
4523, 21
4524, 22
4525, 11
4526, 0
4527, 0
4528, 9
4529, 25
4530, 16
4531, 24
4532, 29
4533, 55
4534, 19
4535, 0
4536, 42
4537, 34
4538, 17
4539, 6
4540, 14
4541, 7
4542, 12
4543, 19
4544, 19
4545, 0
4546, 0
4547, 9
4548, 22
4549, 13
4550, 0
4551, 30
4552, 29
4553, 0
4554, 22
4555, 63
4556, 0
4557, 36
4558, 67
4559, 0
4560, 0
4561, 42
4562, 28
4563, 0
4564, 42
4565, 56
4566, 36
4567, 16
4568, 69
4569, 50
4570, 39
4571, 36
4572, 30
4573, 34
4574, 0
4575, 14
4576, 16
4577, 14
4578, 25
4579, 16
4580, 27
4581, 0
4582, 7
4583, 16
4584, 0
4585, 22
4586, 23
4587, 0
4588, 13
4589, 25
4590, 15
4591, 20
4592, 7
4593, 21
4594, 0
4595, 21
4596, 22
4597, 11
4598, 0
4599, 0
4600, 9
4601, 25
4602, 16
4603, 24
4604, 29
4605, 55
4606, 19
4607, 0
4608, 42
4609, 34
4610, 17
4611, 6
4612, 14
4613, 7
4614, 12
4615, 19
4616, 19
4617, 0
4618, 0
4619, 9
4620, 22
4621, 13
4622, 0
4623, 30
4624, 29
4625, 0
4626, 22
4627, 63
4628, 0
4629, 36
4630, 67
4631, 13
4632, 0
4633, 0
4634, 42
4635, 28
4636, 0
4637, 42
4638, 56
4639, 36
4640, 16
4641, 69
4642, 50
4643, 39
4644, 36
4645, 23
4646, 34
4647, 0
4648, 14
4649, 16
4650, 14
4651, 25
4652, 16
4653, 27
4654, 0
4655, 5
4656, 18
4657, 0
4658, 22
4659, 23
4660, 0
4661, 13
4662, 25
4663, 15
4664, 20
4665, 7
4666, 21
4667, 0
4668, 21
4669, 22
4670, 11
4671, 0
4672, 0
4673, 9
4674, 25
4675, 16
4676, 24
4677, 29
4678, 55
4679, 19
4680, 0
4681, 42
4682, 34
4683, 17
4684, 6
4685, 14
4686, 7
4687, 12
4688, 19
4689, 19
4690, 0
4691, 0
4692, 9
4693, 22
4694, 13
4695, 0
4696, 30
4697, 29
4698, 0
4699, 22
4700, 63
4701, 0
4702, 36
4703, 67
4704, 0
4705, 0
4706, 42
4707, 28
4708, 0
4709, 42
4710, 56
4711, 36
4712, 16
4713, 69
4714, 50
4715, 40
4716, 37
4717, 92
4718, 2
4719, 106
4720, 0
4721, 20
4722, 25
4723, 25
4724, 15
4725, 0
4726, 10
4727, 0
4728, 16
4729, 17
4730, 43
4731, 8
4732, 0
4733, 0
4734, 57
4735, 21
4736, 13
4737, 15
4738, 8
4739, 31
4740, 30
4741, 0
4742, 9
4743, 38
4744, 19
4745, 32
4746, 43
4747, 12
4748, 66
4749, 61
4750, 37
4751, 36
4752, 0
4753, 16
4754, 20
4755, 35
4756, 16
4757, 11
4758, 0
4759, 23
4760, 19
4761, 19
4762, 19
4763, 20
4764, 0
4765, 34
4766, 9
4767, 60
4768, 3
4769, 70
4770, 31
4771, 70
4772, 9
4773, 10
4774, 33
4775, 10
4776, 24
4777, 37
4778, 13
4779, 52
4780, 52
4781, 22
4782, 0
4783, 32
4784, 6
4785, 8
4786, 22
4787, 35
4788, 8
4789, 7
4790, 1
4791, 18
4792, 5
4793, 14
4794, 14
4795, 0
4796, 28
4797, 34
4798, 0
4799, 13
4800, 9
4801, 24
4802, 59
4803, 0
4804, 67
4805, 40
4806, 20
4807, 0
4808, 17
4809, 0
4810, 16
4811, 16
4812, 28
4813, 17
4814, 0
4815, 56
4816, 0
4817, 13
4818, 10
4819, 17
4820, 0
4821, 29
4822, 42
4823, 30
4824, 8
4825, 35
4826, 24
4827, 58
4828, 0
4829, 43
4830, 35
4831, 24
4832, 13
4833, 38
4834, 12
4835, 38
4836, 10
4837, 21
4838, 0
4839, 43
4840, 69
4841, 19
4842, 18
4843, 29
4844, 55
4845, 16
4846, 44
4847, 30
4848, 0
4849, 47
4850, 30
4851, 42
4852, 8
4853, 21
4854, 33
4855, 0
4856, 35
4857, 24
4858, 28
4859, 0
4860, 36
4861, 26
4862, 31
4863, 36
4864, 24
4865, 12
4866, 0
4867, 38
4868, 42
4869, 28
4870, 2
4871, 46
4872, 45
4873, 52
4874, 25
4875, 0
4876, 50
4877, 13
4878, 27
4879, 0
4880, 60
4881, 15
4882, 14
4883, 35
4884, 50
4885, 36
4886, 0
4887, 57
4888, 18
4889, 20
4890, 62
4891, 0
4892, 18
4893, 48
4894, 22
4895, 17
4896, 26
4897, 66
4898, 40
4899, 22
4900, 46
4901, 0
4902, 16
4903, 47
4904, 0
4905, 17
4906, 28
4907, 41
4908, 0
4909, 24
4910, 0
4911, 83
4912, 5
4913, 20
4914, 44
4915, 49
4916, 0
4917, 34
4918, 0
4919, 47
4920, 8
4921, 22
4922, 32
4923, 0
4924, 23
4925, 0
4926, 0
4927, 45
4928, 32
4929, 0
4930, 17
4931, 65
4932, 0
4933, 23
4934, 46
4935, 25
4936, 0
4937, 36
4938, 42
4939, 45
4940, 70
4941, 16
4942, 0
4943, 29
4944, 29
4945, 5
4946, 40
4947, 35
4948, 41
4949, 5
4950, 56
4951, 0
4952, 21
4953, 57
4954, 0
4955, 45
4956, 56
4957, 0
4958, 25
4959, 16
4960, 0
4961, 56
4962, 38
4963, 42
4964, 28
4965, 32
4966, 13
4967, 27
4968, 0
4969, 37
4970, 15
4971, 14
4972, 23
4973, 27
4974, 30
4975, 0
4976, 39
4977, 18
4978, 20
4979, 62
4980, 0
4981, 18
4982, 30
4983, 22
4984, 17
4985, 26
4986, 0
4987, 71
4988, 64
4989, 37
4990, 61
4991, 48
4992, 0
4993, 16
4994, 20
4995, 22
4996, 16
4997, 15
4998, 34
4999, 17
5000, 11
5001, 11
5002, 0
5003, 31
5004, 39
5005, 30
5006, 0
5007, 13
5008, 9
5009, 37
5010, 0
5011, 30
5012, 28
5013, 10
5014, 20
5015, 13
5016, 26
5017, 26
5018, 0
5019, 47
5020, 0
5021, 24
5022, 73
5023, 0
5024, 51
5025, 0
5026, 5
5027, 41
5028, 43
5029, 13
5030, 18
5031, 25
5032, 0
5033, 66
5034, 0
5035, 62
5036, 31
5037, 26
5038, 10
5039, 9
5040, 5
5041, 8
5042, 16
5043, 18
5044, 16
5045, 20
5046, 4
5047, 9
5048, 23
5049, 0
5050, 26
5051, 0
5052, 57
5053, 23
5054, 60
5055, 14
5056, 10
5057, 33
5058, 10
5059, 13
5060, 16
5061, 13
5062, 51
5063, 0
5064, 11
5065, 0
5066, 17
5067, 11
5068, 5
5069, 14
5070, 14
5071, 0
