1, 38
2, 61
3, 1
4, 14
5, 1
6, 87
7, 2
8, 28
9, 70
10, 1
11, 63
12, 38
13, 21
14, 41
15, 1
16, 18
17, 1
18, 13
19, 14
20, 1
21, 23
22, 16
23, 42
24, 19
25, 63
26, 74
27, 1
28, 10
29, 25
30, 29
31, 63
32, 38
33, 23
34, 1
35, 18
36, 47
37, 24
38, 52
39, 32
40, 1
41, 10
42, 22
43, 19
44, 63
45, 48
46, 49
47, 1
48, 1
49, 18
50, 18
51, 20
52, 34
53, 58
54, 52
55, 62
56, 41
57, 21
58, 41
59, 1
60, 18
61, 1
62, 13
63, 14
64, 1
65, 23
66, 16
67, 42
68, 19
69, 63
70, 74
71, 1
72, 10
73, 25
74, 29
75, 62
76, 41
77, 23
78, 1
79, 18
80, 47
81, 24
82, 52
83, 32
84, 1
85, 10
86, 22
87, 19
88, 63
89, 48
90, 49
91, 1
92, 1
93, 18
94, 18
95, 20
96, 34
97, 58
98, 52
99, 63
100, 37
101, 48
102, 1
103, 14
104, 24
105, 23
106, 21
107, 1
108, 72
109, 56
110, 40
111, 40
112, 45
113, 1
114, 29
115, 14
116, 39
117, 26
118, 53
119, 23
120, 25
121, 17
122, 1
123, 10
124, 19
125, 41
126, 52
127, 1
128, 1
129, 3
130, 41
131, 38
132, 3
133, 30
134, 3
135, 1
136, 14
137, 17
138, 19
139, 1
140, 3
141, 33
142, 3
143, 71
144, 31
145, 3
146, 40
147, 1
148, 9
149, 1
150, 55
151, 1
152, 10
153, 35
154, 36
155, 28
156, 1
157, 27
158, 36
159, 33
160, 1
161, 34
162, 31
163, 1
164, 66
165, 29
166, 59
167, 1
168, 59
169, 43
170, 1
171, 23
172, 39
173, 10
174, 53
175, 21
176, 38
177, 1
178, 36
179, 33
180, 15
181, 39
182, 32
183, 32
184, 1
185, 44
186, 21
187, 23
188, 43
189, 1
190, 16
191, 27
192, 26
193, 48
194, 27
195, 3
196, 41
197, 38
198, 3
199, 30
200, 3
201, 1
202, 14
203, 17
204, 19
205, 1
206, 3
207, 33
208, 3
209, 71
210, 31
211, 3
212, 40
213, 1
214, 9
215, 1
216, 55
217, 1
218, 10
219, 35
220, 36
221, 28
222, 1
223, 27
224, 36
225, 33
226, 1
227, 34
228, 31
229, 1
230, 66
231, 29
232, 59
233, 1
234, 59
235, 43
236, 1
237, 23
238, 39
239, 10
240, 53
241, 21
242, 38
243, 1
244, 36
245, 33
246, 15
247, 39
248, 32
249, 32
250, 1
251, 44
252, 21
253, 23
254, 43
255, 1
256, 16
257, 27
258, 26
259, 48
260, 27
261, 3
262, 41
263, 38
264, 3
265, 30
266, 35
267, 1
268, 14
269, 21
270, 18
271, 17
272, 19
273, 16
274, 1
275, 3
276, 32
277, 3
278, 71
279, 31
280, 3
281, 40
282, 1
283, 9
284, 1
285, 55
286, 1
287, 10
288, 35
289, 36
290, 28
291, 27
292, 58
293, 33
294, 1
295, 34
296, 31
297, 1
298, 66
299, 29
300, 59
301, 1
302, 59
303, 43
304, 1
305, 23
306, 39
307, 10
308, 23
309, 27
310, 33
311, 42
312, 21
313, 31
314, 1
315, 36
316, 41
317, 15
318, 47
319, 32
320, 32
321, 24
322, 1
323, 22
324, 1
325, 44
326, 37
327, 30
328, 90
329, 1
330, 16
331, 27
332, 26
333, 48
334, 27
335, 34
336, 38
337, 67
338, 1
339, 26
340, 21
341, 14
342, 1
343, 34
344, 1
345, 31
346, 28
347, 30
348, 27
349, 27
350, 28
351, 30
352, 30
353, 27
354, 28
355, 1
356, 29
357, 1
358, 41
359, 1
360, 45
361, 32
362, 45
363, 1
364, 30
365, 41
366, 26
367, 83
368, 74
369, 1
370, 67
371, 58
372, 54
373, 1
374, 61
375, 57
376, 70
377, 54
378, 1
379, 48
380, 24
381, 30
382, 21
383, 41
384, 38
385, 64
386, 63
387, 45
388, 45
389, 1
390, 97
391, 6
392, 1
393, 26
394, 21
395, 17
396, 18
397, 26
398, 17
399, 16
400, 35
401, 1
402, 47
403, 1
404, 16
405, 16
406, 16
407, 1
408, 26
409, 26
410, 23
411, 24
412, 1
413, 38
414, 29
415, 42
416, 42
417, 42
418, 1
419, 28
420, 69
421, 1
422, 60
423, 29
424, 26
425, 39
426, 22
427, 30
428, 22
429, 25
430, 23
431, 34
432, 42
433, 33
434, 54
435, 42
436, 41
437, 1
438, 44
439, 34
440, 35
441, 47
442, 33
443, 33
444, 38
445, 34
446, 44
447, 41
448, 11
449, 1
450, 56
451, 1
452, 67
453, 1
454, 43
455, 18
456, 49
457, 32
458, 37
459, 98
460, 1
461, 24
462, 67
463, 36
464, 86
465, 58
466, 22
467, 1
468, 10
469, 39
470, 68
471, 40
472, 1
473, 35
474, 69
475, 22
476, 58
477, 41
478, 30
479, 27
480, 39
481, 17
482, 32
483, 1
484, 26
485, 27
486, 16
487, 36
488, 17
489, 1
490, 42
491, 19
492, 1
493, 55
494, 42
495, 47
496, 39
497, 73
498, 26
499, 1
500, 29
501, 26
502, 38
503, 43
504, 41
505, 67
506, 1
507, 67
508, 49
509, 48
510, 28
511, 1
512, 47
513, 46
514, 58
515, 1
516, 41
517, 61
518, 38
519, 1
520, 1
521, 1
522, 1
523, 1
524, 60
525, 37
526, 3
527, 21
528, 1
529, 14
530, 38
531, 18
532, 1
533, 45
534, 45
535, 1
536, 20
537, 31
538, 22
539, 56
540, 63
541, 30
542, 1
543, 23
544, 39
545, 22
546, 56
547, 63
548, 30
549, 1
550, 44
551, 1
552, 10
553, 19
554, 26
555, 28
556, 28
557, 41
558, 22
559, 22
560, 67
561, 1
562, 44
563, 1
564, 41
565, 38
566, 62
567, 31
568, 1
569, 26
570, 21
571, 17
572, 15
573, 14
574, 16
575, 15
576, 18
577, 1
578, 10
579, 42
580, 74
581, 20
582, 37
583, 57
584, 45
585, 21
586, 27
587, 27
588, 23
589, 70
590, 64
591, 66
592, 1
593, 43
594, 29
595, 59
596, 59
597, 59
598, 59
599, 1
600, 51
601, 41
602, 1
603, 23
604, 48
605, 60
606, 74
607, 45
608, 1
609, 50
610, 53
611, 9
612, 1
613, 85
614, 56
615, 59
616, 59
617, 59
618, 59
619, 59
620, 1
621, 16
622, 23
623, 48
624, 60
625, 74
626, 45
627, 1
628, 28
629, 49
630, 60
631, 1
632, 53
633, 1
634, 70
635, 60
636, 58
637, 43
638, 7
639, 1
640, 73
641, 1
642, 40
643, 59
644, 15
645, 56
646, 56
647, 56
648, 75
649, 35
650, 14
651, 24
652, 1
653, 17
654, 53
655, 53
656, 53
657, 68
658, 10
659, 22
660, 1
661, 15
662, 68
663, 68
664, 68
665, 68
666, 48
667, 27
668, 31
669, 20
670, 1
671, 15
672, 57
673, 67
674, 50
675, 31
676, 20
677, 1
678, 17
679, 33
680, 62
681, 52
682, 24
683, 1
684, 18
685, 50
686, 32
687, 78
688, 78
689, 78
690, 78
691, 78
692, 56
693, 76
694, 14
695, 48
696, 67
697, 19
698, 1
699, 30
700, 53
701, 18
702, 43
703, 40
704, 34
705, 4
706, 2
707, 15
708, 28
709, 2
710, 24
711, 30
712, 36
713, 42
714, 48
715, 54
716, 2
717, 26
718, 35
719, 33
720, 51
721, 2
722, 17
723, 34
724, 2
725, 40
726, 27
727, 47
728, 2
729, 14
730, 23
731, 16
732, 2
733, 16
734, 72
735, 19
736, 23
737, 2
738, 45
739, 67
740, 2
741, 11
742, 31
743, 129
744, 89
745, 42
746, 39
747, 35
748, 5
749, 34
750, 51
751, 18
752, 50
753, 3
754, 1
755, 26
756, 21
757, 14
758, 31
759, 19
760, 1
761, 22
762, 1
763, 51
764, 1
765, 24
766, 23
767, 60
768, 1
769, 26
770, 29
771, 1
772, 29
773, 41
774, 74
775, 21
776, 20
777, 20
778, 17
779, 17
780, 1
781, 39
782, 17
783, 25
784, 38
785, 81
786, 13
787, 1
788, 45
789, 22
790, 33
791, 44
792, 30
793, 9
794, 30
795, 39
796, 76
797, 43
798, 40
799, 50
800, 47
801, 50
802, 21
803, 1
804, 71
805, 70
806, 30
807, 41
808, 70
809, 47
810, 45
811, 50
812, 77
813, 70
814, 20
815, 53
816, 1
817, 15
818, 28
819, 1
820, 65
821, 69
822, 29
823, 65
824, 43
825, 36
826, 46
827, 53
828, 37
829, 47
830, 39
831, 96
832, 34
833, 22
834, 27
835, 21
836, 18
837, 1
838, 10
839, 33
840, 29
841, 26
842, 44
843, 31
844, 101
845, 22
846, 56
847, 88
848, 3
849, 41
850, 38
851, 3
852, 30
853, 31
854, 70
855, 3
856, 68
857, 56
858, 3
859, 8
860, 33
861, 3
862, 18
863, 1
864, 14
865, 17
866, 21
867, 1
868, 17
869, 1
870, 43
871, 56
872, 38
873, 32
874, 1
875, 10
876, 35
877, 69
878, 83
879, 82
880, 1
881, 73
882, 3
883, 46
884, 3
885, 1
886, 29
887, 62
888, 1
889, 41
890, 20
891, 10
892, 30
893, 63
894, 44
895, 41
896, 42
897, 29
898, 1
899, 29
900, 23
901, 1
902, 66
903, 29
904, 33
905, 57
906, 33
907, 1
908, 50
909, 27
910, 1
911, 37
912, 39
913, 10
914, 28
915, 61
916, 51
917, 1
918, 70
919, 59
920, 35
921, 77
922, 19
923, 19
924, 19
925, 19
926, 33
927, 32
928, 39
929, 40
930, 41
931, 1
932, 39
933, 67
934, 1
935, 73
936, 3
937, 62
938, 1
939, 32
940, 45
941, 31
942, 15
943, 8
944, 15
945, 75
946, 75
947, 47
948, 74
949, 14
950, 30
951, 28
952, 28
953, 35
954, 48
955, 1
956, 73
957, 18
958, 13
959, 11
960, 12
961, 1
962, 37
963, 1
964, 17
965, 29
966, 10
967, 44
968, 52
969, 35
970, 1
971, 73
972, 1
973, 13
974, 53
975, 53
976, 53
977, 53
978, 53
979, 53
980, 46
981, 1
982, 31
983, 24
984, 64
985, 64
986, 65
987, 1
988, 24
989, 53
990, 54
991, 3
992, 41
993, 38
994, 4
995, 31
996, 57
997, 62
998, 4
999, 67
1000, 71
1001, 69
1002, 67
1003, 65
1004, 4
1005, 65
1006, 64
1007, 1
1008, 21
1009, 26
1010, 28
1011, 24
1012, 18
1013, 15
1014, 23
1015, 17
1016, 1
1017, 18
1018, 36
1019, 52
1020, 73
1021, 22
1022, 1
1023, 21
1024, 21
1025, 19
1026, 1
1027, 54
1028, 54
1029, 54
1030, 54
1031, 54
1032, 54
1033, 44
1034, 1
1035, 22
1036, 1
1037, 87
1038, 69
1039, 69
1040, 70
1041, 1
1042, 96
1043, 101
1044, 1
1045, 24
1046, 41
1047, 55
1048, 31
1049, 44
1050, 1
1051, 26
1052, 58
1053, 55
1054, 55
1055, 1
1056, 72
1057, 13
1058, 1
1059, 26
1060, 21
1061, 32
1062, 32
1063, 101
1064, 42
1065, 71
1066, 73
1067, 70
1068, 67
1069, 32
1070, 24
1071, 1
1072, 39
1073, 31
1074, 23
1075, 37
1076, 58
1077, 65
1078, 43
1079, 31
1080, 23
1081, 43
1082, 42
1083, 29
1084, 39
1085, 41
1086, 55
1087, 37
1088, 41
1089, 33
1090, 57
1091, 50
1092, 28
1093, 24
1094, 20
1095, 1
1096, 26
1097, 66
1098, 52
1099, 31
1100, 55
1101, 65
1102, 60
1103, 60
1104, 61
1105, 41
1106, 3
1107, 23
1108, 1
1109, 30
1110, 36
1111, 1
1112, 18
1113, 22
1114, 42
1115, 1
1116, 65
1117, 55
1118, 65
1119, 32
1120, 40
1121, 3
1122, 49
1123, 3
1124, 65
1125, 49
1126, 65
1127, 62
1128, 3
1129, 12
1130, 24
1131, 21
1132, 59
1133, 26
1134, 47
1135, 69
1136, 48
1137, 1
1138, 1
1139, 31
1140, 40
1141, 38
1142, 32
1143, 59
1144, 1
1145, 65
1146, 1
1147, 100
1148, 1
1149, 82
1150, 1
1151, 61
1152, 39
1153, 20
1154, 27
1155, 51
1156, 1
1157, 24
1158, 22
1159, 25
1160, 1
1161, 84
1162, 1
1163, 30
1164, 32
1165, 75
1166, 36
1167, 59
1168, 37
1169, 3
1170, 18
1171, 55
1172, 24
1173, 22
1174, 1
1175, 38
1176, 46
1177, 38
1178, 39
1179, 47
1180, 42
1181, 49
1182, 1
1183, 10
1184, 16
1185, 65
1186, 51
1187, 54
1188, 49
1189, 53
1190, 62
1191, 41
1192, 53
1193, 1
1194, 24
1195, 47
1196, 27
1197, 1
1198, 10
1199, 24
1200, 21
1201, 65
1202, 29
1203, 56
1204, 69
1205, 48
1206, 1
1207, 48
1208, 29
1209, 34
1210, 71
1211, 43
1212, 54
1213, 33
1214, 31
1215, 39
1216, 1
1217, 30
1218, 25
1219, 25
1220, 61
1221, 71
1222, 43
1223, 47
1224, 33
1225, 1
1226, 31
1227, 48
1228, 32
1229, 52
1230, 1
1231, 39
1232, 1
1233, 53
1234, 48
1235, 1
1236, 43
1237, 74
1238, 1
1239, 57
1240, 57
1241, 65
1242, 68
1243, 68
1244, 74
1245, 38
1246, 34
1247, 1
1248, 15
1249, 14
1250, 23
1251, 21
1252, 24
1253, 1
1254, 26
1255, 69
1256, 1
1257, 27
1258, 12
1259, 25
1260, 32
1261, 17
1262, 18
1263, 1
1264, 52
1265, 20
1266, 20
1267, 18
1268, 66
1269, 44
1270, 60
1271, 80
1272, 56
1273, 26
1274, 19
1275, 39
1276, 19
1277, 37
1278, 41
1279, 62
1280, 38
1281, 26
1282, 70
1283, 43
1284, 25
1285, 1
1286, 67
1287, 67
1288, 46
1289, 69
1290, 22
1291, 20
1292, 21
1293, 65
1294, 38
1295, 30
1296, 3
1297, 41
1298, 38
1299, 3
1300, 78
1301, 22
1302, 1
1303, 19
1304, 32
1305, 44
1306, 27
1307, 21
1308, 26
1309, 24
1310, 29
1311, 29
1312, 19
1313, 26
1314, 17
1315, 17
1316, 17
1317, 17
1318, 18
1319, 18
1320, 16
1321, 1
1322, 1
1323, 10
1324, 37
1325, 20
1326, 19
1327, 51
1328, 51
1329, 36
1330, 62
1331, 42
1332, 26
1333, 1
1334, 36
1335, 29
1336, 22
1337, 41
1338, 28
1339, 20
1340, 29
1341, 31
1342, 19
1343, 23
1344, 1
1345, 28
1346, 63
1347, 1
1348, 15
1349, 23
1350, 41
1351, 57
1352, 38
1353, 44
1354, 1
1355, 55
1356, 37
1357, 29
1358, 44
1359, 25
1360, 18
1361, 54
1362, 10
1363, 36
1364, 46
1365, 64
1366, 73
1367, 65
1368, 1
1369, 66
1370, 35
1371, 31
1372, 36
1373, 25
1374, 40
1375, 45
1376, 43
1377, 39
1378, 14
1379, 49
1380, 1
1381, 27
1382, 18
1383, 24
1384, 27
1385, 26
1386, 34
1387, 48
1388, 34
1389, 36
1390, 29
1391, 42
1392, 29
1393, 39
1394, 50
1395, 53
1396, 20
1397, 1
1398, 67
1399, 29
1400, 26
1401, 28
1402, 16
1403, 19
1404, 80
1405, 1
1406, 78
1407, 73
1408, 79
1409, 1
1410, 29
1411, 29
1412, 1
1413, 37
1414, 22
1415, 34
1416, 26
1417, 35
1418, 25
1419, 29
1420, 31
1421, 27
1422, 10
1423, 1
1424, 61
1425, 62
1426, 64
1427, 66
1428, 1
1429, 29
1430, 15
1431, 76
1432, 20
1433, 1
1434, 42
1435, 18
1436, 28
1437, 35
1438, 1
1439, 48
1440, 21
1441, 20
1442, 28
1443, 38
1444, 27
1445, 28
1446, 42
1447, 26
1448, 23
1449, 1
1450, 49
1451, 22
1452, 28
1453, 28
1454, 38
1455, 24
1456, 1
1457, 39
1458, 18
1459, 39
1460, 33
1461, 42
1462, 26
1463, 26
1464, 20
1465, 68
1466, 52
1467, 77
1468, 26
1469, 78
1470, 27
1471, 27
1472, 10
1473, 48
1474, 31
1475, 44
1476, 42
1477, 1
1478, 50
1479, 14
1480, 24
1481, 45
1482, 42
1483, 37
1484, 1
1485, 48
1486, 37
1487, 1
1488, 55
1489, 67
1490, 1
1491, 32
1492, 27
1493, 23
1494, 29
1495, 21
1496, 1
1497, 37
1498, 18
1499, 22
1500, 63
1501, 17
1502, 1
1503, 61
1504, 23
1505, 10
1506, 29
1507, 38
1508, 18
1509, 40
1510, 39
1511, 21
1512, 30
1513, 40
1514, 35
1515, 43
1516, 28
1517, 31
1518, 30
1519, 48
1520, 1
1521, 29
1522, 26
1523, 26
1524, 31
1525, 6
1526, 1
1527, 16
1528, 67
1529, 1
1530, 25
1531, 22
1532, 23
1533, 62
1534, 1
1535, 23
1536, 24
1537, 43
1538, 1
1539, 31
1540, 54
1541, 1
1542, 45
1543, 24
1544, 52
1545, 10
1546, 25
1547, 35
1548, 43
1549, 24
1550, 40
1551, 59
1552, 1
1553, 34
1554, 1
1555, 51
1556, 39
1557, 30
1558, 39
1559, 1
1560, 40
1561, 26
1562, 23
1563, 58
1564, 43
1565, 1
1566, 59
1567, 28
1568, 34
1569, 27
1570, 53
1571, 14
1572, 25
1573, 16
1574, 39
1575, 21
1576, 24
1577, 72
1578, 32
1579, 21
1580, 33
1581, 1
1582, 38
1583, 25
1584, 41
1585, 1
1586, 30
1587, 25
1588, 60
1589, 1
1590, 28
1591, 21
1592, 50
1593, 1
1594, 49
1595, 25
1596, 36
1597, 28
1598, 37
1599, 27
1600, 57
1601, 17
1602, 1
1603, 59
1604, 25
1605, 30
1606, 48
1607, 33
1608, 10
1609, 39
1610, 30
1611, 47
1612, 21
1613, 21
1614, 33
1615, 24
1616, 48
1617, 39
1618, 39
1619, 32
1620, 71
1621, 44
1622, 44
1623, 29
1624, 51
1625, 1
1626, 65
1627, 38
1628, 23
1629, 1
1630, 18
1631, 47
1632, 24
1633, 10
1634, 22
1635, 19
1636, 63
1637, 49
1638, 49
1639, 1
1640, 61
1641, 60
1642, 61
1643, 24
1644, 1
1645, 63
1646, 15
1647, 22
1648, 18
1649, 18
1650, 26
1651, 26
1652, 62
1653, 38
1654, 22
1655, 31
1656, 54
1657, 1
1658, 23
1659, 34
1660, 1
1661, 15
1662, 1
1663, 19
1664, 40
1665, 39
1666, 50
1667, 37
1668, 57
1669, 63
1670, 43
1671, 52
1672, 43
1673, 1
1674, 66
1675, 46
1676, 64
1677, 41
1678, 23
1679, 1
1680, 18
1681, 1
1682, 23
1683, 1
1684, 56
1685, 1
1686, 61
1687, 60
1688, 61
1689, 24
1690, 1
1691, 63
1692, 15
1693, 22
1694, 36
1695, 46
1696, 46
1697, 26
1698, 26
1699, 17
1700, 36
1701, 1
1702, 14
1703, 52
1704, 1
1705, 24
1706, 42
1707, 57
1708, 34
1709, 52
1710, 49
1711, 67
1712, 63
1713, 1
1714, 52
1715, 39
1716, 53
1717, 40
1718, 35
1719, 1
1720, 26
1721, 50
1722, 32
1723, 32
1724, 21
1725, 1
1726, 28
1727, 57
1728, 20
1729, 27
1730, 78
1731, 1
1732, 50
1733, 72
1734, 1
1735, 58
1736, 20
1737, 35
1738, 63
1739, 79
1740, 1
1741, 23
1742, 46
1743, 12
1744, 39
1745, 1
1746, 60
1747, 41
1748, 36
1749, 12
1750, 32
1751, 64
1752, 28
1753, 29
1754, 1
1755, 86
1756, 31
1757, 29
1758, 54
1759, 12
1760, 80
1761, 42
1762, 59
1763, 66
1764, 55
1765, 1
1766, 84
1767, 33
1768, 29
1769, 60
1770, 12
1771, 19
1772, 66
1773, 44
1774, 52
1775, 43
1776, 26
1777, 26
1778, 34
1779, 34
1780, 32
1781, 42
1782, 34
1783, 40
1784, 39
1785, 54
1786, 51
1787, 46
1788, 1
1789, 64
1790, 53
1791, 50
1792, 50
1793, 50
1794, 54
1795, 24
1796, 33
1797, 1
1798, 3
1799, 41
1800, 38
1801, 3
1802, 84
1803, 31
1804, 3
1805, 70
1806, 74
1807, 13
1808, 3
1809, 53
1810, 3
1811, 80
1812, 3
1813, 67
1814, 3
1815, 33
1816, 3
1817, 1
1818, 14
1819, 17
1820, 15
1821, 29
1822, 26
1823, 31
1824, 31
1825, 21
1826, 1
1827, 10
1828, 23
1829, 35
1830, 26
1831, 27
1832, 49
1833, 32
1834, 68
1835, 17
1836, 41
1837, 45
1838, 44
1839, 1
1840, 43
1841, 58
1842, 1
1843, 68
1844, 18
1845, 23
1846, 45
1847, 22
1848, 29
1849, 33
1850, 24
1851, 34
1852, 21
1853, 1
1854, 53
1855, 49
1856, 28
1857, 29
1858, 69
1859, 31
1860, 8
1861, 35
1862, 23
1863, 27
1864, 64
1865, 42
1866, 1
1867, 15
1868, 31
1869, 32
1870, 32
1871, 39
1872, 34
1873, 1
1874, 29
1875, 41
1876, 29
1877, 32
1878, 26
1879, 67
1880, 1
1881, 29
1882, 38
1883, 34
1884, 41
1885, 46
1886, 30
1887, 27
1888, 24
1889, 27
1890, 60
1891, 31
1892, 8
1893, 54
1894, 1
1895, 61
1896, 64
1897, 25
1898, 22
1899, 22
1900, 64
1901, 8
1902, 26
1903, 66
1904, 41
1905, 21
1906, 1
1907, 18
1908, 1
1909, 14
1910, 1
1911, 24
1912, 23
1913, 1
1914, 11
1915, 25
1916, 47
1917, 1
1918, 44
1919, 50
1920, 21
1921, 39
1922, 47
1923, 1
1924, 28
1925, 44
1926, 40
1927, 1
1928, 38
1929, 55
1930, 1
1931, 35
1932, 15
1933, 46
1934, 73
1935, 61
1936, 41
1937, 30
1938, 60
1939, 60
1940, 60
1941, 38
1942, 39
1943, 32
1944, 1
1945, 24
1946, 47
1947, 24
1948, 23
1949, 1
1950, 10
1951, 22
1952, 63
1953, 27
1954, 19
1955, 77
1956, 39
1957, 40
1958, 40
1959, 31
1960, 10
1961, 47
1962, 1
1963, 19
1964, 44
1965, 16
1966, 34
1967, 16
1968, 32
1969, 1
1970, 10
1971, 45
1972, 62
1973, 13
1974, 51
1975, 57
1976, 39
1977, 1
1978, 50
1979, 77
1980, 1
1981, 67
1982, 40
1983, 38
1984, 34
1985, 44
1986, 1
1987, 63
1988, 1
1989, 75
1990, 1
1991, 67
1992, 1
1993, 41
1994, 28
1995, 28
1996, 38
1997, 65
1998, 37
1999, 31
2000, 1
2001, 3
2002, 41
2003, 41
2004, 35
2005, 3
2006, 1
2007, 18
2008, 1
2009, 101
2010, 107
2011, 1
2012, 74
2013, 25
2014, 23
2015, 19
2016, 17
2017, 1
2018, 24
2019, 18
2020, 1
2021, 24
2022, 21
2023, 4
2024, 23
2025, 21
2026, 1
2027, 35
2028, 14
2029, 18
2030, 1
2031, 31
2032, 21
2033, 1
2034, 35
2035, 14
2036, 14
2037, 16
2038, 16
2039, 16
2040, 16
2041, 1
2042, 31
2043, 23
2044, 4
2045, 29
2046, 34
2047, 1
2048, 31
2049, 46
2050, 1
2051, 13
2052, 10
2053, 1
2054, 14
2055, 12
2056, 1
2057, 19
2058, 59
2059, 1
2060, 13
2061, 29
2062, 1
2063, 14
2064, 73
2065, 1
2066, 15
2067, 14
2068, 1
2069, 12
2070, 38
2071, 1
2072, 17
2073, 27
2074, 7
2075, 28
2076, 37
2077, 30
2078, 27
2079, 27
2080, 27
2081, 31
2082, 26
2083, 26
2084, 27
2085, 27
2086, 27
2087, 1
2088, 28
2089, 14
2090, 52
2091, 24
2092, 1
2093, 40
2094, 29
2095, 29
2096, 40
2097, 42
2098, 40
2099, 42
2100, 1
2101, 39
2102, 28
2103, 26
2104, 24
2105, 25
2106, 22
2107, 34
2108, 31
2109, 41
2110, 13
2111, 24
2112, 15
2113, 75
2114, 1
2115, 34
2116, 23
2117, 34
2118, 20
2119, 35
2120, 37
2121, 70
2122, 49
2123, 58
2124, 1
2125, 28
2126, 93
2127, 1
2128, 26
2129, 64
2130, 19
2131, 43
2132, 86
2133, 26
2134, 42
2135, 1
2136, 40
2137, 57
2138, 4
2139, 41
2140, 29
2141, 44
2142, 87
2143, 72
2144, 10
2145, 24
2146, 87
2147, 72
2148, 4
2149, 1
2150, 46
2151, 24
2152, 89
2153, 85
2154, 7
2155, 62
2156, 52
2157, 100
2158, 54
2159, 75
2160, 82
2161, 10
2162, 1
2163, 59
2164, 64
2165, 1
2166, 25
2167, 31
2168, 26
2169, 1
2170, 1
2171, 33
2172, 30
2173, 1
2174, 34
2175, 70
2176, 1
2177, 1
2178, 22
2179, 61
2180, 4
2181, 71
2182, 98
2183, 47
2184, 91
2185, 23
2186, 29
2187, 66
2188, 103
2189, 1
2190, 48
2191, 33
2192, 44
2193, 112
2194, 1
2195, 33
2196, 97
2197, 1
2198, 33
2199, 57
2200, 38
2201, 35
2202, 21
2203, 33
2204, 45
2205, 29
2206, 30
2207, 24
2208, 7
2209, 33
2210, 1
2211, 11
2212, 46
2213, 37
2214, 65
2215, 38
2216, 15
2217, 38
2218, 15
2219, 3
2220, 41
2221, 41
2222, 35
2223, 3
2224, 1
2225, 18
2226, 1
2227, 98
2228, 71
2229, 1
2230, 74
2231, 25
2232, 23
2233, 19
2234, 17
2235, 1
2236, 24
2237, 18
2238, 1
2239, 24
2240, 21
2241, 4
2242, 23
2243, 21
2244, 1
2245, 35
2246, 14
2247, 18
2248, 1
2249, 31
2250, 21
2251, 1
2252, 35
2253, 14
2254, 14
2255, 16
2256, 16
2257, 16
2258, 16
2259, 1
2260, 31
2261, 23
2262, 4
2263, 29
2264, 34
2265, 1
2266, 31
2267, 46
2268, 1
2269, 13
2270, 10
2271, 1
2272, 14
2273, 12
2274, 1
2275, 16
2276, 56
2277, 1
2278, 17
2279, 28
2280, 7
2281, 28
2282, 37
2283, 30
2284, 27
2285, 27
2286, 27
2287, 31
2288, 26
2289, 26
2290, 27
2291, 27
2292, 27
2293, 1
2294, 28
2295, 14
2296, 52
2297, 24
2298, 1
2299, 40
2300, 29
2301, 29
2302, 40
2303, 42
2304, 40
2305, 42
2306, 1
2307, 32
2308, 29
2309, 1
2310, 24
2311, 15
2312, 75
2313, 1
2314, 34
2315, 26
2316, 45
2317, 18
2318, 47
2319, 67
2320, 1
2321, 29
2322, 21
2323, 76
2324, 1
2325, 26
2326, 64
2327, 19
2328, 43
2329, 88
2330, 36
2331, 4
2332, 1
2333, 44
2334, 33
2335, 78
2336, 1
2337, 33
2338, 49
2339, 21
2340, 33
2341, 89
2342, 74
2343, 7
2344, 23
2345, 89
2346, 74
2347, 1
2348, 52
2349, 59
2350, 101
2351, 39
2352, 41
2353, 56
2354, 46
2355, 1
2356, 25
2357, 25
2358, 26
2359, 1
2360, 22
2361, 47
2362, 1
2363, 71
2364, 98
2365, 47
2366, 90
2367, 23
2368, 29
2369, 76
2370, 103
2371, 1
2372, 48
2373, 33
2374, 105
2375, 31
2376, 18
2377, 67
2378, 1
2379, 33
2380, 75
2381, 1
2382, 33
2383, 57
2384, 38
2385, 35
2386, 21
2387, 33
2388, 45
2389, 29
2390, 30
2391, 24
2392, 1
2393, 33
2394, 1
2395, 11
2396, 46
2397, 37
2398, 65
2399, 38
2400, 15
2401, 38
2402, 15
2403, 3
2404, 41
2405, 46
2406, 40
2407, 3
2408, 1
2409, 18
2410, 1
2411, 123
2412, 81
2413, 1
2414, 68
2415, 25
2416, 28
2417, 21
2418, 19
2419, 17
2420, 23
2421, 1
2422, 39
2423, 47
2424, 41
2425, 1
2426, 84
2427, 65
2428, 1
2429, 86
2430, 67
2431, 1
2432, 73
2433, 86
2434, 57
2435, 1
2436, 1
2437, 13
2438, 10
2439, 1
2440, 14
2441, 12
2442, 1
2443, 22
2444, 57
2445, 1
2446, 22
2447, 29
2448, 1
2449, 17
2450, 28
2451, 17
2452, 28
2453, 37
2454, 50
2455, 42
2456, 42
2457, 42
2458, 46
2459, 41
2460, 41
2461, 42
2462, 42
2463, 42
2464, 1
2465, 38
2466, 14
2467, 57
2468, 29
2469, 1
2470, 50
2471, 29
2472, 29
2473, 40
2474, 42
2475, 40
2476, 42
2477, 1
2478, 1
2479, 32
2480, 29
2481, 1
2482, 30
2483, 30
2484, 1
2485, 18
2486, 9
2487, 63
2488, 1
2489, 34
2490, 21
2491, 50
2492, 23
2493, 57
2494, 77
2495, 1
2496, 30
2497, 17
2498, 74
2499, 1
2500, 26
2501, 64
2502, 24
2503, 47
2504, 83
2505, 41
2506, 9
2507, 1
2508, 54
2509, 33
2510, 78
2511, 1
2512, 33
2513, 59
2514, 26
2515, 43
2516, 104
2517, 90
2518, 17
2519, 33
2520, 104
2521, 90
2522, 1
2523, 57
2524, 59
2525, 99
2526, 49
2527, 51
2528, 71
2529, 61
2530, 1
2531, 35
2532, 52
2533, 36
2534, 23
2535, 72
2536, 9
2537, 40
2538, 54
2539, 105
2540, 26
2541, 23
2542, 33
2543, 22
2544, 1
2545, 26
2546, 23
2547, 27
2548, 22
2549, 1
2550, 24
2551, 60
2552, 1
2553, 75
2554, 78
2555, 43
2556, 85
2557, 33
2558, 44
2559, 83
2560, 113
2561, 1
2562, 1
2563, 11
2564, 51
2565, 42
2566, 70
2567, 32
2568, 20
2569, 32
2570, 20
2571, 3
2572, 49
2573, 46
2574, 46
2575, 3
2576, 1
2577, 17
2578, 18
2579, 17
2580, 14
2581, 1
2582, 11
2583, 37
2584, 37
2585, 37
2586, 37
2587, 37
2588, 37
2589, 37
2590, 37
2591, 37
2592, 37
2593, 1
2594, 14
2595, 38
2596, 59
2597, 58
2598, 33
2599, 1
2600, 74
2601, 87
2602, 59
2603, 28
2604, 30
2605, 32
2606, 64
2607, 41
2608, 1
2609, 24
2610, 63
2611, 45
2612, 10
2613, 44
2614, 35
2615, 38
2616, 24
2617, 77
2618, 1
2619, 86
2620, 1
2621, 10
2622, 35
2623, 84
2624, 58
2625, 63
2626, 76
2627, 3
2628, 41
2629, 40
2630, 3
2631, 74
2632, 1
2633, 18
2634, 26
2635, 17
2636, 17
2637, 25
2638, 26
2639, 21
2640, 1
2641, 18
2642, 11
2643, 10
2644, 11
2645, 1
2646, 14
2647, 13
2648, 1
2649, 16
2650, 16
2651, 1
2652, 18
2653, 16
2654, 1
2655, 27
2656, 44
2657, 57
2658, 1
2659, 25
2660, 68
2661, 25
2662, 28
2663, 51
2664, 48
2665, 23
2666, 1
2667, 26
2668, 36
2669, 28
2670, 28
2671, 28
2672, 28
2673, 32
2674, 27
2675, 27
2676, 28
2677, 28
2678, 28
2679, 1
2680, 33
2681, 35
2682, 10
2683, 46
2684, 33
2685, 26
2686, 26
2687, 25
2688, 26
2689, 26
2690, 25
2691, 31
2692, 25
2693, 26
2694, 26
2695, 25
2696, 26
2697, 26
2698, 1
2699, 25
2700, 22
2701, 34
2702, 1
2703, 29
2704, 44
2705, 1
2706, 21
2707, 32
2708, 1
2709, 27
2710, 38
2711, 1
2712, 23
2713, 11
2714, 17
2715, 48
2716, 41
2717, 1
2718, 22
2719, 10
2720, 23
2721, 44
2722, 1
2723, 28
2724, 17
2725, 21
2726, 27
2727, 1
2728, 44
2729, 26
2730, 26
2731, 37
2732, 37
2733, 37
2734, 37
2735, 1
2736, 53
2737, 52
2738, 8
2739, 35
2740, 63
2741, 44
2742, 80
2743, 43
2744, 1
2745, 35
2746, 17
2747, 61
2748, 80
2749, 61
2750, 80
2751, 10
2752, 57
2753, 32
2754, 23
2755, 23
2756, 60
2757, 38
2758, 25
2759, 25
2760, 49
2761, 43
2762, 66
2763, 41
2764, 1
2765, 47
2766, 52
2767, 54
2768, 41
2769, 1
2770, 28
2771, 53
2772, 35
2773, 82
2774, 24
2775, 8
2776, 16
2777, 27
2778, 26
2779, 42
2780, 1
2781, 30
2782, 49
2783, 49
2784, 1
2785, 26
2786, 48
2787, 1
2788, 31
2789, 20
2790, 19
2791, 47
2792, 39
2793, 55
2794, 33
2795, 1
2796, 34
2797, 17
2798, 30
2799, 30
2800, 22
2801, 66
2802, 41
2803, 25
2804, 1
2805, 29
2806, 40
2807, 41
2808, 8
2809, 40
2810, 13
2811, 75
2812, 75
2813, 33
2814, 1
2815, 35
2816, 16
2817, 36
2818, 42
2819, 76
2820, 77
2821, 44
2822, 52
2823, 40
2824, 1
2825, 52
2826, 64
2827, 1
2828, 44
2829, 18
2830, 49
2831, 10
2832, 36
2833, 58
2834, 37
2835, 1
2836, 60
2837, 74
2838, 62
2839, 10
2840, 62
2841, 37
2842, 77
2843, 1
2844, 19
2845, 35
2846, 17
2847, 58
2848, 14
2849, 40
2850, 73
2851, 1
2852, 31
2853, 34
2854, 10
2855, 51
2856, 27
2857, 68
2858, 50
2859, 69
2860, 29
2861, 60
2862, 45
2863, 16
2864, 27
2865, 43
2866, 52
2867, 41
2868, 1
2869, 31
2870, 28
2871, 39
2872, 78
2873, 1
2874, 22
2875, 39
2876, 1
2877, 72
2878, 58
2879, 63
2880, 42
2881, 43
2882, 76
2883, 78
2884, 32
2885, 58
2886, 38
2887, 81
2888, 1
2889, 10
2890, 38
2891, 38
2892, 66
2893, 51
2894, 51
2895, 68
2896, 38
2897, 27
2898, 1
2899, 21
2900, 18
2901, 14
2902, 1
2903, 21
2904, 27
2905, 26
2906, 1
2907, 42
2908, 57
2909, 1
2910, 56
2911, 1
2912, 46
2913, 60
2914, 1
2915, 31
2916, 38
2917, 39
2918, 1
2919, 33
2920, 105
2921, 79
2922, 1
2923, 49
2924, 1
2925, 27
2926, 34
2927, 67
2928, 30
2929, 40
2930, 69
2931, 31
2932, 61
2933, 38
2934, 21
2935, 29
2936, 45
2937, 61
2938, 47
2939, 60
2940, 42
2941, 1
2942, 15
2943, 18
2944, 19
2945, 1
2946, 60
2947, 1
2948, 27
2949, 32
2950, 62
2951, 84
2952, 73
2953, 76
2954, 76
2955, 72
2956, 73
2957, 73
2958, 42
2959, 30
2960, 43
2961, 48
2962, 52
2963, 30
2964, 63
2965, 65
2966, 1
2967, 24
2968, 32
2969, 16
2970, 43
2971, 70
2972, 30
2973, 1
2974, 28
2975, 40
2976, 31
2977, 22
2978, 46
2979, 53
2980, 53
2981, 78
2982, 61
2983, 41
2984, 21
2985, 1
2986, 18
2987, 1
2988, 11
2989, 14
2990, 15
2991, 1
2992, 17
2993, 31
2994, 40
2995, 9
2996, 1
2997, 25
2998, 28
2999, 20
3000, 82
3001, 97
3002, 86
3003, 89
3004, 89
3005, 85
3006, 86
3007, 86
3008, 23
3009, 52
3010, 44
3011, 41
3012, 53
3013, 63
3014, 63
3015, 38
3016, 74
3017, 74
3018, 1
3019, 1
3020, 34
3021, 34
3022, 31
3023, 45
3024, 1
3025, 24
3026, 39
3027, 33
3028, 14
3029, 16
3030, 40
3031, 67
3032, 22
3033, 30
3034, 1
3035, 57
3036, 40
3037, 43
3038, 29
3039, 33
3040, 14
3041, 28
3042, 1
3043, 38
3044, 16
3045, 15
3046, 24
3047, 32
3048, 35
3049, 1
3050, 40
3051, 19
3052, 21
3053, 63
3054, 1
3055, 19
3056, 31
3057, 23
3058, 22
3059, 38
3060, 3
3061, 41
3062, 38
3063, 3
3064, 49
3065, 3
3066, 24
3067, 3
3068, 70
3069, 3
3070, 78
3071, 3
3072, 1
3073, 15
3074, 24
3075, 29
3076, 18
3077, 21
3078, 14
3079, 19
3080, 1
3081, 10
3082, 33
3083, 15
3084, 20
3085, 41
3086, 36
3087, 41
3088, 1
3089, 21
3090, 33
3091, 35
3092, 40
3093, 50
3094, 1
3095, 48
3096, 8
3097, 56
3098, 1
3099, 44
3100, 13
3101, 26
3102, 26
3103, 29
3104, 29
3105, 21
3106, 33
3107, 49
3108, 22
3109, 1
3110, 22
3111, 27
3112, 21
3113, 29
3114, 29
3115, 21
3116, 53
3117, 56
3118, 1
3119, 31
3120, 36
3121, 28
3122, 20
3123, 15
3124, 29
3125, 40
3126, 32
3127, 40
3128, 47
3129, 55
3130, 48
3131, 66
3132, 57
3133, 40
3134, 40
3135, 29
3136, 1
3137, 29
3138, 34
3139, 36
3140, 10
3141, 16
3142, 8
3143, 18
3144, 19
3145, 1
3146, 73
3147, 1
3148, 22
3149, 79
3150, 1
3151, 15
3152, 12
3153, 1
3154, 45
3155, 23
3156, 29
3157, 21
3158, 1
3159, 37
3160, 8
3161, 22
3162, 13
3163, 14
3164, 14
3165, 21
3166, 93
3167, 96
3168, 43
3169, 1
3170, 93
3171, 93
3172, 43
3173, 1
3174, 93
3175, 96
3176, 43
3177, 1
3178, 90
3179, 96
3180, 42
3181, 6
3182, 1
3183, 73
3184, 45
3185, 1
3186, 43
3187, 1
3188, 18
3189, 32
3190, 1
3191, 34
3192, 17
3193, 1
3194, 29
3195, 44
3196, 1
3197, 39
3198, 32
3199, 1
3200, 29
3201, 18
3202, 28
3203, 24
3204, 34
3205, 1
3206, 32
3207, 14
3208, 1
3209, 32
3210, 20
3211, 1
3212, 32
3213, 29
3214, 1
3215, 73
3216, 1
3217, 52
3218, 1
3219, 52
3220, 1
3221, 54
3222, 1
3223, 41
3224, 1
3225, 73
3226, 1
3227, 44
3228, 28
3229, 1
3230, 25
3231, 22
3232, 22
3233, 22
3234, 1
3235, 11
3236, 11
3237, 1
3238, 23
3239, 50
3240, 50
3241, 50
3242, 1
3243, 24
3244, 50
3245, 50
3246, 50
3247, 64
3248, 38
3249, 21
3250, 28
3251, 1
3252, 23
3253, 1
3254, 30
3255, 30
3256, 30
3257, 44
3258, 26
3259, 52
3260, 1
3261, 26
3262, 52
3263, 1
3264, 26
3265, 52
3266, 1
3267, 26
3268, 52
3269, 1
3270, 26
3271, 50
3272, 1
3273, 24
3274, 40
3275, 1
3276, 69
3277, 41
3278, 20
3279, 1
3280, 65
3281, 24
3282, 1
3283, 22
3284, 31
3285, 1
3286, 53
3287, 1
3288, 10
3289, 19
3290, 19
3291, 16
3292, 42
3293, 88
3294, 40
3295, 40
3296, 1
3297, 1
3298, 42
3299, 3
3300, 41
3301, 38
3302, 3
3303, 31
3304, 75
3305, 3
3306, 1
3307, 14
3308, 15
3309, 30
3310, 32
3311, 19
3312, 1
3313, 10
3314, 35
3315, 57
3316, 1
3317, 13
3318, 67
3319, 20
3320, 54
3321, 1
3322, 14
3323, 27
3324, 33
3325, 28
3326, 8
3327, 48
3328, 44
3329, 1
3330, 44
3331, 78
3332, 44
3333, 3
3334, 41
3335, 38
3336, 3
3337, 30
3338, 39
3339, 3
3340, 1
3341, 24
3342, 21
3343, 23
3344, 14
3345, 21
3346, 17
3347, 17
3348, 19
3349, 1
3350, 10
3351, 45
3352, 57
3353, 1
3354, 13
3355, 74
3356, 33
3357, 62
3358, 1
3359, 15
3360, 27
3361, 21
3362, 30
3363, 44
3364, 43
3365, 8
3366, 11
3367, 53
3368, 41
3369, 1
3370, 32
3371, 3
3372, 34
3373, 38
3374, 3
3375, 30
3376, 28
3377, 3
3378, 1
3379, 21
3380, 23
3381, 14
3382, 19
3383, 1
3384, 10
3385, 45
3386, 52
3387, 1
3388, 13
3389, 75
3390, 20
3391, 63
3392, 1
3393, 15
3394, 27
3395, 21
3396, 32
3397, 17
3398, 33
3399, 78
3400, 61
3401, 35
3402, 36
3403, 44
3404, 3
3405, 34
3406, 38
3407, 3
3408, 30
3409, 38
3410, 3
3411, 1
3412, 24
3413, 21
3414, 23
3415, 14
3416, 21
3417, 17
3418, 19
3419, 1
3420, 10
3421, 45
3422, 52
3423, 1
3424, 13
3425, 76
3426, 33
3427, 62
3428, 1
3429, 15
3430, 27
3431, 21
3432, 30
3433, 32
3434, 43
3435, 50
3436, 61
3437, 41
3438, 1
3439, 59
3440, 43
3441, 35
3442, 1
3443, 32
3444, 3
3445, 34
3446, 38
3447, 3
3448, 30
3449, 28
3450, 3
3451, 1
3452, 21
3453, 23
3454, 14
3455, 19
3456, 1
3457, 10
3458, 45
3459, 52
3460, 1
3461, 13
3462, 75
3463, 20
3464, 63
3465, 1
3466, 15
3467, 27
3468, 21
3469, 32
3470, 17
3471, 33
3472, 78
3473, 61
3474, 35
3475, 36
3476, 64
3477, 38
3478, 28
3479, 47
3480, 1
3481, 21
3482, 18
3483, 14
3484, 1
3485, 21
3486, 27
3487, 26
3488, 1
3489, 42
3490, 57
3491, 1
3492, 46
3493, 60
3494, 1
3495, 31
3496, 45
3497, 39
3498, 1
3499, 33
3500, 102
3501, 67
3502, 1
3503, 49
3504, 1
3505, 27
3506, 34
3507, 66
3508, 50
3509, 22
3510, 41
3511, 66
3512, 55
3513, 39
3514, 3
3515, 41
3516, 38
3517, 3
3518, 43
3519, 3
3520, 1
3521, 14
3522, 15
3523, 13
3524, 1
3525, 41
3526, 73
3527, 1
3528, 74
3529, 1
3530, 57
3531, 42
3532, 40
3533, 41
3534, 46
3535, 47
3536, 47
3537, 34
3538, 35
3539, 36
3540, 46
3541, 1
3542, 80
3543, 80
3544, 87
3545, 1
3546, 30
3547, 54
3548, 56
3549, 3
3550, 41
3551, 38
3552, 3
3553, 43
3554, 3
3555, 1
3556, 14
3557, 15
3558, 13
3559, 1
3560, 41
3561, 73
3562, 1
3563, 74
3564, 1
3565, 57
3566, 42
3567, 40
3568, 41
3569, 46
3570, 47
3571, 47
3572, 34
3573, 35
3574, 36
3575, 46
3576, 1
3577, 80
3578, 80
3579, 87
3580, 1
3581, 30
3582, 54
3583, 41
3584, 38
3585, 35
3586, 56
3587, 54
3588, 33
3589, 1
3590, 14
3591, 1
3592, 36
3593, 6
3594, 16
3595, 56
3596, 30
3597, 71
3598, 37
3599, 31
3600, 49
3601, 55
3602, 49
3603, 1
3604, 44
3605, 67
3606, 38
3607, 34
3608, 1
3609, 26
3610, 21
3611, 14
3612, 1
3613, 40
3614, 53
3615, 1
3616, 38
3617, 42
3618, 29
3619, 1
3620, 49
3621, 28
3622, 36
3623, 29
3624, 44
3625, 22
3626, 31
3627, 62
3628, 41
3629, 27
3630, 2
3631, 18
3632, 1
3633, 12
3634, 12
3635, 18
3636, 17
3637, 14
3638, 14
3639, 1
3640, 50
3641, 46
3642, 35
3643, 40
3644, 42
3645, 1
3646, 50
3647, 25
3648, 36
3649, 15
3650, 34
3651, 36
3652, 38
3653, 24
3654, 1
3655, 34
3656, 17
3657, 24
3658, 41
3659, 15
3660, 1
3661, 25
3662, 26
3663, 1
3664, 27
3665, 25
3666, 33
3667, 33
3668, 29
3669, 54
3670, 54
3671, 25
3672, 37
3673, 37
3674, 51
3675, 62
3676, 38
3677, 48
3678, 1
3679, 26
3680, 14
3681, 1
3682, 36
3683, 63
3684, 1
3685, 27
3686, 53
3687, 1
3688, 25
3689, 32
3690, 32
3691, 31
3692, 53
3693, 34
3694, 28
3695, 45
3696, 66
3697, 41
3698, 37
3699, 1
3700, 24
3701, 47
3702, 27
3703, 1
3704, 10
3705, 24
3706, 21
3707, 64
3708, 29
3709, 78
3710, 48
3711, 1
3712, 48
3713, 29
3714, 34
3715, 71
3716, 41
3717, 54
3718, 33
3719, 31
3720, 32
3721, 1
3722, 72
3723, 37
3724, 3
3725, 28
3726, 63
3727, 3
3728, 66
3729, 3
3730, 1
3731, 30
3732, 1
3733, 92
3734, 1
3735, 77
3736, 92
3737, 41
3738, 1
3739, 47
3740, 3
3741, 41
3742, 38
3743, 3
3744, 44
3745, 3
3746, 28
3747, 43
3748, 43
3749, 3
3750, 1
3751, 14
3752, 15
3753, 1
3754, 10
3755, 35
3756, 17
3757, 33
3758, 13
3759, 68
3760, 96
3761, 68
3762, 68
3763, 65
3764, 10
3765, 73
3766, 33
3767, 53
3768, 1
3769, 25
3770, 14
3771, 22
3772, 34
3773, 1
3774, 32
3775, 58
3776, 1
3777, 42
3778, 85
3779, 3
3780, 41
3781, 38
3782, 3
3783, 41
3784, 27
3785, 45
3786, 42
3787, 1
3788, 63
3789, 70
3790, 68
3791, 4
3792, 59
3793, 63
3794, 18
3795, 1
3796, 1
3797, 26
3798, 35
3799, 21
3800, 16
3801, 15
3802, 23
3803, 82
3804, 38
3805, 48
3806, 23
3807, 17
3808, 17
3809, 30
3810, 1
3811, 9
3812, 22
3813, 22
3814, 22
3815, 20
3816, 20
3817, 24
3818, 20
3819, 20
3820, 22
3821, 20
3822, 20
3823, 1
3824, 10
3825, 24
3826, 49
3827, 29
3828, 37
3829, 37
3830, 37
3831, 37
3832, 37
3833, 37
3834, 37
3835, 60
3836, 43
3837, 63
3838, 44
3839, 71
3840, 61
3841, 43
3842, 22
3843, 40
3844, 66
3845, 24
3846, 77
3847, 79
3848, 82
3849, 73
3850, 36
3851, 52
3852, 28
3853, 46
3854, 61
3855, 1
3856, 36
3857, 31
3858, 22
3859, 33
3860, 28
3861, 20
3862, 29
3863, 34
3864, 28
3865, 53
3866, 1
3867, 50
3868, 51
3869, 35
3870, 59
3871, 1
3872, 22
3873, 38
3874, 56
3875, 58
3876, 1
3877, 42
3878, 16
3879, 57
3880, 26
3881, 1
3882, 62
3883, 77
3884, 46
3885, 50
3886, 41
3887, 1
3888, 40
3889, 96
3890, 35
3891, 87
3892, 37
3893, 49
3894, 39
3895, 34
3896, 69
3897, 46
3898, 52
3899, 1
3900, 18
3901, 1
3902, 76
3903, 70
3904, 90
3905, 18
3906, 34
3907, 63
3908, 36
3909, 47
3910, 65
3911, 61
3912, 75
3913, 64
3914, 90
3915, 23
3916, 66
3917, 70
3918, 39
3919, 34
3920, 51
3921, 3
3922, 50
3923, 49
3924, 49
3925, 53
3926, 47
3927, 46
3928, 51
3929, 26
3930, 58
3931, 31
3932, 1
3933, 21
3934, 18
3935, 24
3936, 40
3937, 1
3938, 40
3939, 28
3940, 43
3941, 31
3942, 52
3943, 30
3944, 46
3945, 30
3946, 30
3947, 46
3948, 34
3949, 51
3950, 36
3951, 1
3952, 60
3953, 79
3954, 74
3955, 76
3956, 84
3957, 1
3958, 52
3959, 27
3960, 43
3961, 1
3962, 27
3963, 50
3964, 99
3965, 94
3966, 3
3967, 41
3968, 38
3969, 3
3970, 34
3971, 53
3972, 41
3973, 3
3974, 1
3975, 44
3976, 32
3977, 30
3978, 15
3979, 21
3980, 16
3981, 15
3982, 18
3983, 1
3984, 52
3985, 1
3986, 22
3987, 77
3988, 1
3989, 13
3990, 28
3991, 47
3992, 33
3993, 1
3994, 52
3995, 31
3996, 10
3997, 29
3998, 29
3999, 52
4000, 85
4001, 30
4002, 51
4003, 63
4004, 98
4005, 1
4006, 21
4007, 28
4008, 73
4009, 73
4010, 73
4011, 73
4012, 87
4013, 1
4014, 16
4015, 26
4016, 28
4017, 75
4018, 45
4019, 16
4020, 1
4021, 23
4022, 30
4023, 1
4024, 85
4025, 8
4026, 45
4027, 24
4028, 14
4029, 18
4030, 28
4031, 42
4032, 51
4033, 43
4034, 50
4035, 51
4036, 39
4037, 1
4038, 34
4039, 75
4040, 19
4041, 1
4042, 43
4043, 84
4044, 3
4045, 38
4046, 36
4047, 1
4048, 31
4049, 3
4050, 1
4051, 13
4052, 15
4053, 32
4054, 17
4055, 1
4056, 39
4057, 1
4058, 50
4059, 19
4060, 1
4061, 15
4062, 20
4063, 38
4064, 1
4065, 22
4066, 33
4067, 20
4068, 31
4069, 32
4070, 32
4071, 27
4072, 20
4073, 31
4074, 25
4075, 22
4076, 1
4077, 29
4078, 46
4079, 57
4080, 1
4081, 37
4082, 1
4083, 34
4084, 19
4085, 34
4086, 41
4087, 35
4088, 33
4089, 23
4090, 40
4091, 58
4092, 18
4093, 18
4094, 1
4095, 18
4096, 1
4097, 21
4098, 85
4099, 31
4100, 1
4101, 16
4102, 26
4103, 29
4104, 72
4105, 45
4106, 16
4107, 1
4108, 55
4109, 59
4110, 23
4111, 42
4112, 26
4113, 18
4114, 69
4115, 23
4116, 56
4117, 5
4118, 23
4119, 18
4120, 75
4121, 26
4122, 5
4123, 41
4124, 5
4125, 27
4126, 25
4127, 25
4128, 30
4129, 10
4130, 33
4131, 47
4132, 57
4133, 65
4134, 41
4135, 23
4136, 1
4137, 44
4138, 59
4139, 41
4140, 26
4141, 59
4142, 47
4143, 18
4144, 1
4145, 23
4146, 1
4147, 77
4148, 58
4149, 1
4150, 54
4151, 69
4152, 1
4153, 19
4154, 44
4155, 16
4156, 32
4157, 1
4158, 58
4159, 58
4160, 56
4161, 14
4162, 24
4163, 14
4164, 48
4165, 65
4166, 41
4167, 26
4168, 1
4169, 18
4170, 1
4171, 23
4172, 1
4173, 77
4174, 58
4175, 1
4176, 60
4177, 63
4178, 64
4179, 60
4180, 24
4181, 21
4182, 36
4183, 56
4184, 57
4185, 1
4186, 58
4187, 58
4188, 56
4189, 14
4190, 24
4191, 14
4192, 48
4193, 3
4194, 41
4195, 38
4196, 33
4197, 1
4198, 23
4199, 23
4200, 15
4201, 1
4202, 11
4203, 25
4204, 32
4205, 48
4206, 69
4207, 47
4208, 47
4209, 58
4210, 1
4211, 43
4212, 33
4213, 1
4214, 39
4215, 29
4216, 29
4217, 1
4218, 64
4219, 51
4220, 67
4221, 4
4222, 65
4223, 52
4224, 68
4225, 3
4226, 41
4227, 38
4228, 3
4229, 74
4230, 60
4231, 55
4232, 41
4233, 35
4234, 3
4235, 28
4236, 65
4237, 48
4238, 23
4239, 36
4240, 1
4241, 14
4242, 29
4243, 15
4244, 19
4245, 26
4246, 21
4247, 16
4248, 16
4249, 1
4250, 24
4251, 1
4252, 10
4253, 35
4254, 53
4255, 68
4256, 1
4257, 27
4258, 49
4259, 1
4260, 73
4261, 1
4262, 76
4263, 32
4264, 50
4265, 46
4266, 78
4267, 45
4268, 1
4269, 73
4270, 1
4271, 54
4272, 58
4273, 1
4274, 32
4275, 31
4276, 40
4277, 26
4278, 43
4279, 41
4280, 18
4281, 38
4282, 51
4283, 31
4284, 1
4285, 44
4286, 56
4287, 1
4288, 53
4289, 49
4290, 72
4291, 72
4292, 37
4293, 34
4294, 30
4295, 35
4296, 30
4297, 69
4298, 34
4299, 34
4300, 37
4301, 64
4302, 51
4303, 13
4304, 1
4305, 56
4306, 37
4307, 23
4308, 30
4309, 26
4310, 29
4311, 47
4312, 61
4313, 63
4314, 18
4315, 1
4316, 57
4317, 31
4318, 8
4319, 23
4320, 30
4321, 28
4322, 66
4323, 70
4324, 62
4325, 19
4326, 1
4327, 3
4328, 34
4329, 64
4330, 3
4331, 25
4332, 19
4333, 36
4334, 73
4335, 70
4336, 37
4337, 20
4338, 29
4339, 1
4340, 38
4341, 1
4342, 35
4343, 1
4344, 10
4345, 39
4346, 65
4347, 55
4348, 66
4349, 41
4350, 27
4351, 28
4352, 1
4353, 36
4354, 1
4355, 58
4356, 1
4357, 10
4358, 22
4359, 19
4360, 67
4361, 82
4362, 1
4363, 63
4364, 42
4365, 27
4366, 29
4367, 29
4368, 1
4369, 23
4370, 1
4371, 30
4372, 71
4373, 66
4374, 41
4375, 23
4376, 28
4377, 41
4378, 1
4379, 74
4380, 1
4381, 53
4382, 3
4383, 41
4384, 38
4385, 3
4386, 30
4387, 3
4388, 17
4389, 1
4390, 32
4391, 37
4392, 30
4393, 49
4394, 49
4395, 1
4396, 39
4397, 1
4398, 19
4399, 70
4400, 8
4401, 39
4402, 39
4403, 82
4404, 39
4405, 1
4406, 3
4407, 31
4408, 3
4409, 29
4410, 38
4411, 46
4412, 26
4413, 1
4414, 41
4415, 40
4416, 26
4417, 34
4418, 1
4419, 40
4420, 39
4421, 26
4422, 34
4423, 1
4424, 27
4425, 1
4426, 46
4427, 32
4428, 3
4429, 34
4430, 38
4431, 3
4432, 30
4433, 3
4434, 29
4435, 3
4436, 1
4437, 17
4438, 49
4439, 1
4440, 62
4441, 1
4442, 58
4443, 47
4444, 3
4445, 34
4446, 3
4447, 38
4448, 30
4449, 3
4450, 1
4451, 54
4452, 32
4453, 3
4454, 34
4455, 38
4456, 3
4457, 69
4458, 26
4459, 3
4460, 1
4461, 44
4462, 30
4463, 21
4464, 18
4465, 19
4466, 1
4467, 12
4468, 8
4469, 15
4470, 72
4471, 18
4472, 31
4473, 63
4474, 32
4475, 3
4476, 34
4477, 38
4478, 3
4479, 30
4480, 3
4481, 1
4482, 49
4483, 1
4484, 38
4485, 8
4486, 64
4487, 37
4488, 55
4489, 34
4490, 38
4491, 78
4492, 1
4493, 14
4494, 1
4495, 67
4496, 1
4497, 91
4498, 40
4499, 37
4500, 22
4501, 35
4502, 1
4503, 15
4504, 17
4505, 15
4506, 26
4507, 17
4508, 28
4509, 1
4510, 9
4511, 15
4512, 1
4513, 23
4514, 24
4515, 1
4516, 14
4517, 26
4518, 20
4519, 25
4520, 24
4521, 38
4522, 1
4523, 26
4524, 27
4525, 16
4526, 1
4527, 1
4528, 10
4529, 26
4530, 17
4531, 29
4532, 34
4533, 60
4534, 28
4535, 1
4536, 43
4537, 35
4538, 22
4539, 11
4540, 23
4541, 16
4542, 25
4543, 32
4544, 32
4545, 1
4546, 1
4547, 10
4548, 23
4549, 14
4550, 1
4551, 35
4552, 34
4553, 5
4554, 27
4555, 68
4556, 1
4557, 41
4558, 72
4559, 1
4560, 1
4561, 43
4562, 29
4563, 1
4564, 43
4565, 57
4566, 37
4567, 21
4568, 74
4569, 55
4570, 40
4571, 37
4572, 31
4573, 35
4574, 1
4575, 15
4576, 17
4577, 15
4578, 26
4579, 17
4580, 28
4581, 1
4582, 8
4583, 17
4584, 1
4585, 23
4586, 24
4587, 1
4588, 14
4589, 26
4590, 20
4591, 25
4592, 24
4593, 38
4594, 1
4595, 26
4596, 27
4597, 16
4598, 1
4599, 1
4600, 10
4601, 26
4602, 17
4603, 29
4604, 34
4605, 60
4606, 28
4607, 1
4608, 43
4609, 35
4610, 22
4611, 11
4612, 23
4613, 16
4614, 25
4615, 32
4616, 32
4617, 1
4618, 1
4619, 10
4620, 23
4621, 14
4622, 1
4623, 35
4624, 34
4625, 1
4626, 27
4627, 68
4628, 1
4629, 41
4630, 72
4631, 18
4632, 1
4633, 1
4634, 43
4635, 29
4636, 1
4637, 43
4638, 57
4639, 37
4640, 21
4641, 74
4642, 55
4643, 40
4644, 37
4645, 24
4646, 35
4647, 1
4648, 15
4649, 17
4650, 15
4651, 26
4652, 17
4653, 28
4654, 1
4655, 6
4656, 19
4657, 1
4658, 23
4659, 24
4660, 1
4661, 14
4662, 26
4663, 20
4664, 25
4665, 24
4666, 38
4667, 1
4668, 26
4669, 27
4670, 16
4671, 1
4672, 1
4673, 10
4674, 26
4675, 17
4676, 29
4677, 34
4678, 60
4679, 28
4680, 1
4681, 43
4682, 35
4683, 22
4684, 11
4685, 23
4686, 16
4687, 25
4688, 32
4689, 32
4690, 1
4691, 1
4692, 10
4693, 23
4694, 14
4695, 1
4696, 35
4697, 34
4698, 5
4699, 27
4700, 68
4701, 1
4702, 41
4703, 72
4704, 1
4705, 1
4706, 43
4707, 29
4708, 1
4709, 43
4710, 57
4711, 37
4712, 21
4713, 74
4714, 55
4715, 41
4716, 38
4717, 93
4718, 3
4719, 107
4720, 1
4721, 21
4722, 26
4723, 26
4724, 16
4725, 1
4726, 11
4727, 1
4728, 17
4729, 20
4730, 46
4731, 11
4732, 1
4733, 1
4734, 58
4735, 22
4736, 16
4737, 26
4738, 19
4739, 46
4740, 45
4741, 1
4742, 10
4743, 41
4744, 22
4745, 35
4746, 46
4747, 15
4748, 67
4749, 62
4750, 38
4751, 37
4752, 1
4753, 17
4754, 21
4755, 36
4756, 17
4757, 12
4758, 1
4759, 24
4760, 20
4761, 20
4762, 20
4763, 21
4764, 1
4765, 35
4766, 10
4767, 65
4768, 8
4769, 79
4770, 41
4771, 83
4772, 26
4773, 23
4774, 50
4775, 31
4776, 49
4777, 62
4778, 26
4779, 69
4780, 73
4781, 43
4782, 1
4783, 53
4784, 27
4785, 33
4786, 47
4787, 60
4788, 33
4789, 32
4790, 26
4791, 23
4792, 8
4793, 19
4794, 19
4795, 1
4796, 33
4797, 39
4798, 1
4799, 14
4800, 10
4801, 33
4802, 64
4803, 1
4804, 68
4805, 41
4806, 21
4807, 1
4808, 18
4809, 1
4810, 17
4811, 18
4812, 29
4813, 18
4814, 1
4815, 57
4816, 1
4817, 14
4818, 11
4819, 28
4820, 1
4821, 30
4822, 43
4823, 32
4824, 28
4825, 57
4826, 46
4827, 89
4828, 1
4829, 44
4830, 36
4831, 25
4832, 35
4833, 62
4834, 45
4835, 61
4836, 43
4837, 40
4838, 1
4839, 44
4840, 70
4841, 20
4842, 28
4843, 37
4844, 65
4845, 24
4846, 54
4847, 40
4848, 1
4849, 48
4850, 31
4851, 43
4852, 27
4853, 40
4854, 58
4855, 1
4856, 36
4857, 25
4858, 29
4859, 1
4860, 37
4861, 27
4862, 32
4863, 43
4864, 37
4865, 25
4866, 1
4867, 40
4868, 43
4869, 29
4870, 3
4871, 47
4872, 46
4873, 53
4874, 26
4875, 1
4876, 51
4877, 14
4878, 28
4879, 1
4880, 61
4881, 16
4882, 15
4883, 36
4884, 55
4885, 41
4886, 1
4887, 58
4888, 19
4889, 21
4890, 63
4891, 1
4892, 19
4893, 49
4894, 23
4895, 22
4896, 38
4897, 67
4898, 41
4899, 23
4900, 47
4901, 1
4902, 17
4903, 48
4904, 1
4905, 18
4906, 29
4907, 42
4908, 1
4909, 25
4910, 1
4911, 84
4912, 7
4913, 28
4914, 52
4915, 69
4916, 1
4917, 42
4918, 1
4919, 55
4920, 33
4921, 47
4922, 63
4923, 1
4924, 31
4925, 1
4926, 1
4927, 46
4928, 33
4929, 1
4930, 18
4931, 66
4932, 1
4933, 24
4934, 47
4935, 34
4936, 1
4937, 37
4938, 43
4939, 46
4940, 71
4941, 25
4942, 1
4943, 30
4944, 30
4945, 10
4946, 49
4947, 44
4948, 58
4949, 18
4950, 73
4951, 1
4952, 30
4953, 66
4954, 1
4955, 54
4956, 65
4957, 1
4958, 34
4959, 25
4960, 1
4961, 57
4962, 39
4963, 43
4964, 29
4965, 33
4966, 14
4967, 28
4968, 1
4969, 38
4970, 16
4971, 15
4972, 24
4973, 32
4974, 35
4975, 1
4976, 40
4977, 19
4978, 21
4979, 63
4980, 1
4981, 19
4982, 31
4983, 23
4984, 22
4985, 38
4986, 1
4987, 72
4988, 65
4989, 38
4990, 62
4991, 50
4992, 1
4993, 17
4994, 21
4995, 23
4996, 17
4997, 16
4998, 35
4999, 18
5000, 12
5001, 12
5002, 1
5003, 32
5004, 40
5005, 33
5006, 1
5007, 14
5008, 10
5009, 42
5010, 1
5011, 35
5012, 41
5013, 23
5014, 37
5015, 30
5016, 47
5017, 47
5018, 5
5019, 52
5020, 1
5021, 29
5022, 78
5023, 1
5024, 56
5025, 1
5026, 8
5027, 46
5028, 48
5029, 18
5030, 27
5031, 34
5032, 1
5033, 67
5034, 1
5035, 63
5036, 32
5037, 31
5038, 15
5039, 14
5040, 8
5041, 13
5042, 26
5043, 31
5044, 29
5045, 29
5046, 17
5047, 22
5048, 32
5049, 1
5050, 27
5051, 1
5052, 58
5053, 24
5054, 65
5055, 19
5056, 23
5057, 50
5058, 31
5059, 38
5060, 41
5061, 26
5062, 68
5063, 1
5064, 32
5065, 1
5066, 38
5067, 16
5068, 8
5069, 19
5070, 19
5071, 1
