1, 63
2, 37
3, 2
4, 21
5, 29
6, 2
7, 34
8, 44
9, 23
10, 11
11, 0
12, 22
13, 14
14, 127
15, 5
16, 26
17, 34
18, 4
19, 9
20, 7
21, 0
22, 14
23, 35
24, 10
25, 36
26, 14
27, 0
28, 70
29, 0
30, 47
31, 0
32, 70
33, 0
34, 49
35, 28
36, 5
37, 13
38, 13
39, 16
40, 24
41, 4
42, 39
43, 7
44, 10
45, 0
46, 57
47, 37
48, 22
49, 46
50, 0
51, 50
52, 0
53, 16
54, 64
55, 63
56, 25
57, 5
58, 5
59, 52
60, 9
61, 30
62, 4
63, 7
64, 29
65, 39
66, 9
67, 26
68, 5
69, 24
70, 11
71, 9
72, 0
73, 26
74, 32
75, 20
76, 9
77, 9
78, 50
79, 23
80, 4
81, 8
82, 40
83, 37
84, 2
85, 28
86, 0
87, 30
88, 34
89, 50
90, 44
91, 56
92, 0
93, 24
94, 35
95, 17
96, 24
97, 27
98, 30
99, 30
100, 21
101, 25
102, 16
103, 14
104, 16
105, 22
106, 5
107, 26
108, 33
109, 7
110, 44
111, 31
112, 49
113, 32
114, 30
115, 39
116, 21
117, 31
118, 9
119, 0
120, 48
121, 0
122, 19
123, 29
124, 49
125, 11
126, 27
127, 64
128, 64
129, 36
130, 21
131, 36
132, 21
133, 9
134, 40
135, 29
136, 31
137, 21
138, 31
139, 9
140, 19
141, 9
142, 33
143, 35
144, 21
145, 35
146, 31
147, 9
148, 16
149, 64
150, 14
151, 2
152, 16
153, 2
154, 28
155, 64
156, 0
157, 20
158, 25
159, 73
160, 64
161, 7
162, 10
163, 29
164, 19
165, 25
166, 25
167, 22
168, 11
169, 14
170, 64
171, 14
172, 2
173, 16
174, 2
175, 28
176, 64
177, 0
178, 32
179, 0
180, 25
181, 56
182, 18
183, 5
184, 17
185, 55
186, 35
187, 6
188, 4
189, 35
190, 7
191, 19
192, 0
193, 67
194, 65
195, 30
196, 5
197, 24
198, 17
199, 4
200, 32
201, 34
202, 41
203, 7
204, 11
205, 15
206, 0
207, 14
208, 40
209, 37
210, 2
211, 28
212, 29
213, 0
214, 30
215, 34
216, 50
217, 44
218, 56
219, 0
220, 24
221, 51
222, 30
223, 21
224, 35
225, 17
226, 24
227, 27
228, 21
229, 25
230, 21
231, 22
232, 14
233, 16
234, 16
235, 0
236, 29
237, 62
238, 37
239, 21
240, 0
241, 29
242, 16
243, 14
244, 16
245, 17
246, 16
247, 30
248, 30
249, 0
250, 5
251, 4
252, 6
253, 65
254, 19
255, 29
256, 18
257, 10
258, 11
259, 27
260, 64
261, 64
262, 36
263, 21
264, 36
265, 21
266, 9
267, 40
268, 16
269, 13
270, 2
271, 10
272, 11
273, 9
274, 21
275, 0
276, 47
277, 47
278, 0
279, 5
280, 26
281, 33
282, 7
283, 44
284, 31
285, 49
286, 32
287, 30
288, 39
289, 21
290, 31
291, 9
292, 0
293, 48
294, 0
295, 19
296, 29
297, 49
298, 11
299, 0
300, 59
301, 43
302, 47
303, 74
304, 0
305, 19
306, 37
307, 15
308, 7
309, 0
310, 58
311, 70
312, 52
313, 34
314, 0
315, 30
316, 15
317, 34
318, 24
319, 44
320, 35
321, 9
322, 24
323, 23
324, 21
325, 9
326, 9
327, 40
328, 29
329, 31
330, 21
331, 31
332, 9
333, 19
334, 9
335, 33
336, 35
337, 21
338, 35
339, 31
340, 9
341, 16
342, 0
343, 40
344, 37
345, 2
346, 28
347, 29
348, 0
349, 20
350, 25
351, 73
352, 64
353, 7
354, 10
355, 29
356, 19
357, 25
358, 25
359, 22
360, 11
361, 14
362, 0
363, 40
364, 37
365, 2
366, 28
367, 29
368, 0
369, 32
370, 0
371, 25
372, 56
373, 18
374, 5
375, 17
376, 55
377, 35
378, 6
379, 4
380, 35
381, 7
382, 19
383, 0
384, 67
385, 65
386, 30
387, 5
388, 24
389, 17
390, 4
391, 32
392, 34
393, 41
394, 7
395, 11
396, 15
397, 0
398, 14
399, 0
400, 41
401, 38
402, 2
403, 36
404, 50
405, 35
406, 2
407, 29
408, 0
409, 39
410, 45
411, 53
412, 50
413, 56
414, 0
415, 24
416, 0
417, 37
418, 5
419, 26
420, 37
421, 4
422, 10
423, 7
424, 14
425, 0
426, 30
427, 49
428, 65
429, 17
430, 72
431, 0
432, 44
433, 5
434, 26
435, 37
436, 4
437, 60
438, 9
439, 7
440, 21
441, 0
442, 57
443, 0
444, 22
445, 46
446, 30
447, 17
448, 0
449, 51
450, 63
451, 0
452, 22
453, 2
454, 24
455, 24
456, 25
457, 5
458, 0
459, 38
460, 0
461, 42
462, 51
463, 46
464, 0
465, 16
466, 0
467, 29
468, 7
469, 29
470, 51
471, 5
472, 0
473, 21
474, 6
475, 18
476, 11
477, 16
478, 0
479, 21
480, 6
481, 18
482, 12
483, 16
484, 0
485, 16
486, 33
487, 32
488, 4
489, 9
490, 0
491, 30
492, 9
493, 0
494, 17
495, 0
496, 54
497, 0
498, 36
499, 51
500, 0
501, 42
502, 32
503, 0
504, 32
505, 34
506, 0
507, 45
508, 5
509, 21
510, 51
511, 4
512, 47
513, 27
514, 7
515, 0
516, 32
517, 22
518, 20
519, 2
520, 29
521, 11
522, 18
523, 0
524, 33
525, 0
526, 33
527, 0
528, 16
529, 0
530, 5
531, 0
532, 7
533, 26
534, 23
535, 0
536, 31
537, 51
538, 0
539, 23
540, 36
541, 28
542, 11
543, 24
544, 5
545, 42
546, 31
547, 40
548, 22
549, 32
550, 9
551, 23
552, 0
553, 35
554, 32
555, 0
556, 40
557, 5
558, 63
559, 32
560, 5
561, 5
562, 4
563, 0
564, 7
565, 43
566, 29
567, 30
568, 5
569, 5
570, 4
571, 0
572, 27
573, 53
574, 30
575, 50
576, 22
577, 38
578, 9
579, 9
580, 0
581, 34
582, 36
583, 22
584, 38
585, 32
586, 9
587, 0
588, 16
589, 0
590, 41
591, 38
592, 2
593, 36
594, 46
595, 35
596, 2
597, 29
598, 0
599, 30
600, 34
601, 0
602, 16
603, 0
604, 26
605, 54
606, 0
607, 34
608, 0
609, 15
610, 18
611, 15
612, 34
613, 0
614, 7
615, 0
616, 19
617, 0
618, 10
619, 34
620, 0
621, 19
622, 18
623, 18
624, 17
625, 11
626, 0
627, 17
628, 44
629, 6
630, 31
631, 11
632, 0
633, 58
634, 58
635, 0
636, 10
637, 0
638, 41
639, 38
640, 2
641, 36
642, 50
643, 35
644, 2
645, 29
646, 0
647, 30
648, 16
649, 12
650, 0
651, 21
652, 0
653, 52
654, 32
655, 35
656, 0
657, 54
658, 0
659, 15
660, 18
661, 15
662, 33
663, 2
664, 47
665, 5
666, 17
667, 62
668, 44
669, 15
670, 4
671, 52
672, 7
673, 0
674, 14
675, 0
676, 11
677, 0
678, 60
679, 5
680, 26
681, 13
682, 0
683, 60
684, 31
685, 12
686, 31
687, 33
688, 29
689, 5
690, 5
691, 15
692, 0
693, 56
694, 5
695, 24
696, 18
697, 4
698, 69
699, 7
700, 15
701, 0
702, 53
703, 2
704, 53
705, 26
706, 21
707, 5
708, 19
709, 35
710, 49
711, 13
712, 10
713, 0
714, 41
715, 38
716, 2
717, 29
718, 0
719, 25
720, 12
721, 0
722, 31
723, 0
724, 29
725, 0
726, 19
727, 0
728, 41
729, 38
730, 2
731, 29
732, 0
733, 12
734, 0
735, 31
736, 0
737, 36
738, 38
739, 0
740, 38
741, 0
742, 15
743, 24
744, 38
745, 0
746, 37
747, 0
748, 76
749, 0
750, 7
751, 0
752, 48
753, 47
754, 42
755, 0
756, 25
757, 0
758, 41
759, 38
760, 2
761, 29
762, 0
763, 36
764, 0
765, 18
766, 24
767, 19
768, 59
769, 51
770, 0
771, 12
772, 12
773, 12
774, 0
775, 15
776, 24
777, 19
778, 17
779, 2
780, 5
781, 16
782, 10
783, 7
784, 20
785, 21
786, 11
787, 0
788, 25
789, 71
790, 33
791, 37
792, 2
793, 28
794, 71
795, 71
796, 12
797, 71
798, 34
799, 44
800, 50
801, 0
802, 22
803, 41
804, 0
805, 28
806, 23
807, 0
808, 26
809, 48
810, 7
811, 49
812, 29
813, 19
814, 19
815, 18
816, 0
817, 31
818, 47
819, 12
820, 5
821, 18
822, 13
823, 20
824, 16
825, 4
826, 33
827, 13
828, 19
829, 19
830, 7
831, 11
832, 48
833, 18
834, 5
835, 19
836, 12
837, 18
838, 0
839, 22
840, 26
841, 35
842, 14
843, 0
844, 22
845, 17
846, 20
847, 29
848, 0
849, 35
850, 18
851, 5
852, 36
853, 13
854, 7
855, 0
856, 30
857, 16
858, 4
859, 23
860, 25
861, 20
862, 4
863, 17
864, 7
865, 7
866, 22
867, 26
868, 20
869, 4
870, 18
871, 7
872, 7
873, 25
874, 26
875, 17
876, 4
877, 18
878, 7
879, 7
880, 17
881, 7
882, 15
883, 5
884, 29
885, 14
886, 10
887, 4
888, 44
889, 35
890, 23
891, 27
892, 9
893, 38
894, 19
895, 16
896, 14
897, 0
898, 37
899, 30
900, 28
901, 5
902, 43
903, 25
904, 24
905, 27
906, 25
907, 29
908, 44
909, 53
910, 9
911, 40
912, 9
913, 14
914, 0
915, 40
916, 37
917, 2
918, 48
919, 2
920, 39
921, 69
922, 2
923, 68
924, 19
925, 38
926, 62
927, 2
928, 26
929, 61
930, 78
931, 37
932, 44
933, 12
934, 0
935, 27
936, 38
937, 31
938, 5
939, 0
940, 26
941, 5
942, 46
943, 9
944, 14
945, 47
946, 4
947, 7
948, 0
949, 14
950, 41
951, 3
952, 15
953, 64
954, 19
955, 79
956, 15
957, 39
958, 79
959, 0
960, 20
961, 0
962, 20
963, 28
964, 0
965, 35
966, 0
967, 54
968, 0
969, 55
970, 66
971, 30
972, 0
973, 37
974, 27
975, 29
976, 29
977, 11
978, 0
979, 61
980, 0
981, 40
982, 24
983, 0
984, 21
985, 53
986, 0
987, 14
988, 79
989, 44
990, 47
991, 54
992, 52
993, 0
994, 25
995, 0
996, 55
997, 0
998, 57
999, 5
1000, 10
1001, 12
1002, 10
1003, 12
1004, 12
1005, 11
1006, 14
1007, 14
1008, 11
1009, 9
1010, 11
1011, 10
1012, 12
1013, 14
1014, 11
1015, 11
1016, 14
1017, 12
1018, 9
1019, 14
1020, 10
1021, 12
1022, 11
1023, 11
1024, 12
1025, 14
1026, 14
1027, 9
1028, 9
1029, 18
1030, 0
1031, 64
1032, 20
1033, 0
1034, 61
1035, 26
1036, 24
1037, 28
1038, 0
1039, 62
1040, 22
1041, 20
1042, 20
1043, 22
1044, 21
1045, 21
1046, 20
1047, 22
1048, 22
1049, 22
1050, 0
1051, 51
1052, 51
1053, 35
1054, 5
1055, 4
1056, 44
1057, 17
1058, 16
1059, 9
1060, 26
1061, 12
1062, 0
1063, 26
1064, 5
1065, 21
1066, 21
1067, 8
1068, 32
1069, 7
1070, 31
1071, 8
1072, 51
1073, 9
1074, 9
1075, 9
1076, 18
1077, 0
1078, 38
1079, 55
1080, 29
1081, 45
1082, 51
1083, 30
1084, 0
1085, 5
1086, 23
1087, 47
1088, 9
1089, 9
1090, 0
1091, 31
1092, 22
1093, 33
1094, 23
1095, 36
1096, 9
1097, 0
1098, 49
1099, 23
1100, 42
1101, 9
1102, 0
1103, 23
1104, 53
1105, 50
1106, 9
1107, 9
1108, 0
1109, 23
1110, 62
1111, 9
1112, 31
1113, 13
1114, 0
1115, 9
1116, 18
1117, 20
1118, 53
1119, 8
1120, 0
1121, 14
1122, 78
1123, 28
1124, 79
1125, 30
1126, 0
1127, 28
1128, 21
1129, 45
1130, 59
1131, 13
1132, 20
1133, 18
1134, 40
1135, 10
1136, 25
1137, 23
1138, 25
1139, 25
1140, 25
1141, 0
1142, 7
1143, 13
1144, 25
1145, 23
1146, 25
1147, 25
1148, 25
1149, 0
1150, 29
1151, 28
1152, 29
1153, 29
1154, 10
1155, 0
1156, 24
1157, 79
1158, 35
1159, 0
1160, 23
1161, 0
1162, 42
1163, 5
1164, 30
1165, 25
1166, 9
1167, 0
1168, 10
1169, 25
1170, 23
1171, 25
1172, 25
1173, 34
1174, 2
1175, 5
1176, 30
1177, 23
1178, 19
1179, 54
1180, 16
1181, 16
1182, 4
1183, 18
1184, 20
1185, 16
1186, 16
1187, 20
1188, 16
1189, 4
1190, 22
1191, 22
1192, 29
1193, 27
1194, 25
1195, 41
1196, 7
1197, 7
1198, 9
1199, 0
1200, 13
1201, 25
1202, 23
1203, 25
1204, 25
1205, 40
1206, 2
1207, 5
1208, 19
1209, 23
1210, 21
1211, 12
1212, 10
1213, 0
1214, 21
1215, 34
1216, 33
1217, 39
1218, 39
1219, 34
1220, 5
1221, 48
1222, 16
1223, 15
1224, 10
1225, 0
1226, 4
1227, 68
1228, 24
1229, 23
1230, 5
1231, 7
1232, 57
1233, 35
1234, 24
1235, 35
1236, 7
1237, 0
1238, 9
1239, 28
1240, 62
1241, 39
1242, 39
1243, 11
1244, 13
1245, 0
1246, 24
1247, 40
1248, 37
1249, 2
1250, 28
1251, 2
1252, 42
1253, 37
1254, 2
1255, 50
1256, 47
1257, 46
1258, 44
1259, 44
1260, 0
1261, 0
1262, 26
1263, 196
1264, 0
1265, 0
1266, 0
1267, 42
1268, 59
1269, 0
1270, 48
1271, 49
1272, 53
1273, 0
1274, 27
1275, 0
1276, 14
1277, 0
1278, 18
1279, 0
1280, 86
1281, 0
1282, 50
1283, 78
1284, 0
1285, 61
1286, 0
1287, 61
1288, 0
1289, 5
1290, 24
1291, 0
1292, 26
1293, 15
1294, 4
1295, 40
1296, 7
1297, 0
1298, 58
1299, 50
1300, 23
1301, 0
1302, 50
1303, 23
1304, 33
1305, 50
1306, 50
1307, 0
1308, 23
1309, 23
1310, 7
1311, 0
1312, 14
1313, 14
1314, 19
1315, 0
1316, 79
1317, 0
1318, 49
1319, 66
1320, 0
1321, 20
1322, 0
1323, 37
1324, 75
1325, 74
1326, 13
1327, 0
1328, 40
1329, 43
1330, 0
1331, 35
1332, 0
1333, 58
1334, 31
1335, 29
1336, 33
1337, 0
1338, 60
1339, 0
1340, 52
1341, 27
1342, 17
1343, 15
1344, 25
1345, 17
1346, 16
1347, 28
1348, 14
1349, 17
1350, 0
1351, 37
1352, 34
1353, 0
1354, 74
1355, 57
1356, 49
1357, 0
1358, 0
1359, 55
1360, 0
1361, 50
1362, 44
1363, 0
1364, 0
1365, 74
1366, 69
1367, 75
1368, 73
1369, 68
1370, 76
1371, 76
1372, 56
1373, 0
1374, 75
1375, 13
1376, 35
1377, 0
1378, 77
1379, 0
1380, 76
1381, 38
1382, 66
1383, 0
1384, 50
1385, 0
1386, 61
1387, 0
1388, 14
1389, 0
1390, 79
1391, 0
1392, 24
1393, 25
1394, 26
1395, 0
1396, 45
1397, 0
1398, 30
1399, 0
1400, 66
1401, 77
1402, 45
1403, 0
1404, 41
1405, 52
1406, 0
1407, 76
1408, 74
1409, 44
1410, 36
1411, 41
1412, 20
1413, 0
1414, 37
1415, 66
1416, 0
1417, 37
1418, 50
1419, 0
1420, 52
1421, 0
1422, 64
1423, 0
1424, 52
1425, 0
1426, 55
1427, 0
1428, 55
1429, 0
1430, 43
1431, 0
1432, 52
1433, 0
1434, 68
1435, 0
1436, 7
1437, 0
1438, 25
1439, 0
1440, 68
1441, 72
1442, 73
1443, 72
1444, 74
1445, 75
1446, 21
1447, 61
1448, 75
1449, 11
1450, 0
1451, 37
1452, 50
1453, 0
1454, 57
1455, 6
1456, 36
1457, 58
1458, 22
1459, 32
1460, 32
1461, 44
1462, 34
1463, 34
1464, 49
1465, 11
1466, 0
1467, 24
1468, 0
1469, 79
1470, 0
1471, 51
1472, 24
1473, 25
1474, 0
1475, 26
1476, 0
1477, 69
1478, 0
1479, 63
1480, 15
1481, 31
1482, 33
1483, 32
1484, 27
1485, 0
1486, 48
1487, 41
1488, 0
1489, 32
1490, 0
1491, 7
1492, 0
1493, 14
1494, 0
1495, 71
1496, 0
1497, 60
1498, 6
1499, 44
1500, 34
1501, 33
1502, 46
1503, 64
1504, 48
1505, 11
1506, 0
1507, 20
1508, 0
1509, 79
1510, 0
1511, 33
1512, 0
1513, 29
1514, 0
1515, 73
1516, 76
1517, 72
1518, 75
1519, 55
1520, 0
1521, 31
1522, 45
1523, 0
1524, 79
1525, 67
1526, 18
1527, 23
1528, 46
1529, 0
1530, 74
1531, 71
1532, 69
1533, 49
1534, 21
1535, 23
1536, 46
1537, 0
1538, 7
1539, 0
1540, 31
1541, 56
1542, 36
1543, 0
1544, 28
1545, 46
1546, 0
1547, 69
1548, 70
1549, 0
1550, 64
1551, 6
1552, 60
1553, 68
1554, 89
1555, 68
1556, 67
1557, 67
1558, 68
1559, 67
1560, 68
1561, 12
1562, 31
1563, 69
1564, 43
1565, 45
1566, 11
1567, 0
1568, 23
1569, 0
1570, 79
1571, 0
1572, 26
1573, 29
1574, 0
1575, 38
1576, 0
1577, 44
1578, 41
1579, 0
1580, 34
1581, 39
1582, 74
1583, 73
1584, 77
1585, 10
1586, 0
1587, 33
1588, 71
1589, 0
1590, 74
1591, 70
1592, 71
1593, 60
1594, 18
1595, 53
1596, 37
1597, 36
1598, 37
1599, 0
1600, 76
1601, 42
1602, 20
1603, 53
1604, 33
1605, 36
1606, 37
1607, 0
1608, 71
1609, 35
1610, 57
1611, 25
1612, 0
1613, 7
1614, 0
1615, 22
1616, 59
1617, 37
1618, 36
1619, 37
1620, 0
1621, 24
1622, 59
1623, 33
1624, 36
1625, 37
1626, 0
1627, 34
1628, 65
1629, 0
1630, 32
1631, 0
1632, 79
1633, 0
1634, 30
1635, 0
1636, 76
1637, 76
1638, 74
1639, 75
1640, 69
1641, 76
1642, 73
1643, 67
1644, 56
1645, 53
1646, 11
1647, 17
1648, 7
1649, 34
1650, 10
1651, 0
1652, 35
1653, 49
1654, 0
1655, 24
1656, 0
1657, 79
1658, 0
1659, 48
1660, 22
1661, 51
1662, 21
1663, 0
1664, 31
1665, 22
1666, 0
1667, 77
1668, 0
1669, 27
1670, 0
1671, 73
1672, 72
1673, 75
1674, 33
1675, 50
1676, 0
1677, 64
1678, 70
1679, 62
1680, 2
1681, 65
1682, 64
1683, 53
1684, 2
1685, 27
1686, 32
1687, 30
1688, 30
1689, 30
1690, 30
1691, 30
1692, 30
1693, 30
1694, 26
1695, 0
1696, 25
1697, 0
1698, 79
1699, 0
1700, 34
1701, 0
1702, 32
1703, 0
1704, 62
1705, 75
1706, 63
1707, 34
1708, 34
1709, 26
1710, 26
1711, 19
1712, 0
1713, 49
1714, 0
1715, 26
1716, 0
1717, 79
1718, 0
1719, 26
1720, 27
1721, 0
1722, 25
1723, 0
1724, 59
1725, 27
1726, 25
1727, 25
1728, 27
1729, 26
1730, 26
1731, 25
1732, 27
1733, 27
1734, 27
1735, 0
1736, 13
1737, 13
1738, 13
1739, 0
1740, 51
1741, 26
1742, 26
1743, 26
1744, 5
1745, 4
1746, 49
1747, 12
1748, 16
1749, 9
1750, 26
1751, 12
1752, 0
1753, 25
1754, 25
1755, 25
1756, 0
1757, 36
1758, 5
1759, 23
1760, 24
1761, 43
1762, 35
1763, 54
1764, 9
1765, 9
1766, 9
1767, 28
1768, 0
1769, 14
1770, 0
1771, 79
1772, 0
1773, 27
1774, 0
1775, 35
1776, 0
1777, 11
1778, 11
1779, 11
1780, 0
1781, 15
1782, 28
1783, 36
1784, 41
1785, 19
1786, 2
1787, 38
1788, 47
1789, 5
1790, 34
1791, 25
1792, 38
1793, 52
1794, 55
1795, 10
1796, 0
1797, 10
1798, 10
1799, 10
1800, 0
1801, 67
1802, 19
1803, 5
1804, 26
1805, 39
1806, 41
1807, 7
1808, 0
1809, 30
1810, 31
1811, 0
1812, 59
1813, 24
1814, 25
1815, 0
1816, 18
1817, 9
1818, 0
1819, 20
1820, 20
1821, 20
1822, 0
1823, 52
1824, 5
1825, 27
1826, 7
1827, 26
1828, 5
1829, 23
1830, 29
1831, 45
1832, 20
1833, 16
1834, 7
1835, 9
1836, 4
1837, 4
1838, 23
1839, 19
1840, 9
1841, 7
1842, 18
1843, 19
1844, 0
1845, 22
1846, 22
1847, 22
1848, 0
1849, 54
1850, 5
1851, 21
1852, 21
1853, 0
1854, 12
1855, 12
1856, 12
1857, 0
1858, 66
1859, 5
1860, 14
1861, 11
1862, 0
1863, 8
1864, 8
1865, 8
1866, 0
1867, 54
1868, 5
1869, 15
1870, 7
1871, 0
1872, 19
1873, 19
1874, 19
1875, 0
1876, 57
1877, 5
1878, 18
1879, 18
1880, 0
1881, 19
1882, 19
1883, 19
1884, 0
1885, 57
1886, 5
1887, 27
1888, 18
1889, 0
1890, 13
1891, 13
1892, 13
1893, 0
1894, 45
1895, 5
1896, 17
1897, 37
1898, 12
1899, 0
1900, 15
1901, 15
1902, 15
1903, 0
1904, 54
1905, 5
1906, 18
1907, 14
1908, 0
1909, 12
1910, 12
1911, 12
1912, 0
1913, 19
1914, 23
1915, 5
1916, 56
1917, 23
1918, 11
1919, 0
1920, 24
1921, 0
1922, 79
1923, 0
1924, 27
1925, 0
1926, 31
1927, 0
1928, 11
1929, 11
1930, 11
1931, 0
1932, 15
1933, 31
1934, 33
1935, 32
1936, 26
1937, 2
1938, 48
1939, 70
1940, 69
1941, 74
1942, 72
1943, 69
1944, 69
1945, 73
1946, 34
1947, 5
1948, 59
1949, 32
1950, 65
1951, 22
1952, 35
1953, 40
1954, 18
1955, 31
1956, 9
1957, 10
1958, 0
1959, 22
1960, 22
1961, 22
1962, 0
1963, 43
1964, 5
1965, 32
1966, 34
1967, 9
1968, 21
1969, 0
1970, 13
1971, 13
1972, 13
1973, 0
1974, 34
1975, 27
1976, 5
1977, 32
1978, 62
1979, 9
1980, 9
1981, 0
1982, 32
1983, 25
1984, 56
1985, 9
1986, 33
1987, 9
1988, 12
1989, 0
1990, 20
1991, 0
1992, 79
1993, 0
1994, 25
1995, 55
1996, 0
1997, 34
1998, 0
1999, 14
2000, 14
2001, 14
2002, 0
2003, 18
2004, 23
2005, 45
2006, 2
2007, 50
2008, 5
2009, 19
2010, 39
2011, 43
2012, 13
2013, 0
2014, 0
2015, 72
2016, 46
2017, 56
2018, 0
2019, 63
2020, 74
2021, 0
2022, 0
2023, 17
2024, 17
2025, 17
2026, 0
2027, 21
2028, 23
2029, 45
2030, 2
2031, 53
2032, 32
2033, 32
2034, 32
2035, 5
2036, 4
2037, 58
2038, 41
2039, 30
2040, 67
2041, 66
2042, 46
2043, 67
2044, 27
2045, 68
2046, 62
2047, 41
2048, 65
2049, 5
2050, 7
2051, 0
2052, 71
2053, 68
2054, 66
2055, 46
2056, 41
2057, 27
2058, 29
2059, 0
2060, 69
2061, 20
2062, 52
2063, 4
2064, 22
2065, 7
2066, 0
2067, 28
2068, 68
2069, 33
2070, 7
2071, 9
2072, 16
2073, 0
2074, 23
2075, 0
2076, 79
2077, 0
2078, 35
2079, 0
2080, 11
2081, 11
2082, 11
2083, 0
2084, 23
2085, 0
2086, 10
2087, 10
2088, 10
2089, 0
2090, 28
2091, 5
2092, 5
2093, 9
2094, 0
2095, 12
2096, 12
2097, 12
2098, 0
2099, 19
2100, 5
2101, 19
2102, 11
2103, 0
2104, 10
2105, 0
2106, 24
2107, 0
2108, 79
2109, 0
2110, 19
2111, 30
2112, 0
2113, 43
2114, 0
2115, 36
2116, 0
2117, 77
2118, 75
2119, 20
2120, 48
2121, 0
2122, 60
2123, 19
2124, 28
2125, 0
2126, 51
2127, 19
2128, 28
2129, 0
2130, 43
2131, 39
2132, 0
2133, 59
2134, 19
2135, 27
2136, 0
2137, 48
2138, 80
2139, 0
2140, 56
2141, 0
2142, 14
2143, 14
2144, 14
2145, 0
2146, 18
2147, 53
2148, 37
2149, 36
2150, 36
2151, 2
2152, 27
2153, 32
2154, 0
2155, 18
2156, 18
2157, 18
2158, 27
2159, 5
2160, 80
2161, 70
2162, 71
2163, 45
2164, 0
2165, 29
2166, 20
2167, 7
2168, 0
2169, 62
2170, 85
2171, 29
2172, 72
2173, 71
2174, 36
2175, 42
2176, 27
2177, 13
2178, 0
2179, 16
2180, 16
2181, 16
2182, 0
2183, 20
2184, 53
2185, 33
2186, 36
2187, 36
2188, 2
2189, 27
2190, 37
2191, 32
2192, 0
2193, 17
2194, 17
2195, 5
2196, 44
2197, 42
2198, 21
2199, 15
2200, 0
2201, 18
2202, 18
2203, 18
2204, 0
2205, 21
2206, 36
2207, 25
2208, 2
2209, 28
2210, 5
2211, 30
2212, 17
2213, 0
2214, 18
2215, 18
2216, 18
2217, 0
2218, 22
2219, 59
2220, 37
2221, 36
2222, 36
2223, 2
2224, 5
2225, 60
2226, 17
2227, 0
2228, 20
2229, 20
2230, 20
2231, 0
2232, 24
2233, 59
2234, 33
2235, 36
2236, 36
2237, 2
2238, 5
2239, 62
2240, 19
2241, 0
2242, 32
2243, 0
2244, 79
2245, 0
2246, 18
2247, 0
2248, 36
2249, 0
2250, 31
2251, 0
2252, 55
2253, 74
2254, 72
2255, 76
2256, 0
2257, 23
2258, 0
2259, 14
2260, 14
2261, 14
2262, 0
2263, 54
2264, 5
2265, 16
2266, 25
2267, 4
2268, 48
2269, 7
2270, 13
2271, 0
2272, 23
2273, 23
2274, 23
2275, 0
2276, 26
2277, 64
2278, 24
2279, 37
2280, 0
2281, 0
2282, 52
2283, 0
2284, 14
2285, 14
2286, 14
2287, 0
2288, 65
2289, 5
2290, 26
2291, 12
2292, 0
2293, 31
2294, 31
2295, 31
2296, 0
2297, 38
2298, 32
2299, 50
2300, 23
2301, 82
2302, 27
2303, 26
2304, 5
2305, 75
2306, 19
2307, 50
2308, 7
2309, 0
2310, 30
2311, 28
2312, 53
2313, 45
2314, 58
2315, 39
2316, 5
2317, 7
2318, 40
2319, 33
2320, 7
2321, 9
2322, 0
2323, 24
2324, 33
2325, 4
2326, 18
2327, 7
2328, 30
2329, 0
2330, 0
2331, 5
2332, 30
2333, 41
2334, 9
2335, 26
2336, 25
2337, 0
2338, 79
2339, 0
2340, 51
2341, 0
2342, 37
2343, 0
2344, 31
2345, 31
2346, 31
2347, 0
2348, 34
2349, 34
2350, 26
2351, 26
2352, 18
2353, 2
2354, 26
2355, 29
2356, 5
2357, 21
2358, 34
2359, 35
2360, 8
2361, 30
2362, 10
2363, 27
2364, 64
2365, 52
2366, 40
2367, 64
2368, 24
2369, 18
2370, 15
2371, 19
2372, 30
2373, 0
2374, 26
2375, 40
2376, 37
2377, 49
2378, 2
2379, 39
2380, 69
2381, 2
2382, 68
2383, 19
2384, 38
2385, 62
2386, 2
2387, 26
2388, 61
2389, 78
2390, 38
2391, 42
2392, 59
2393, 0
2394, 37
2395, 44
2396, 12
2397, 0
2398, 27
2399, 38
2400, 31
2401, 5
2402, 0
2403, 26
2404, 5
2405, 46
2406, 9
2407, 14
2408, 47
2409, 4
2410, 7
2411, 0
2412, 14
2413, 41
2414, 3
2415, 15
2416, 64
2417, 19
2418, 79
2419, 15
2420, 39
2421, 79
2422, 0
2423, 20
2424, 20
2425, 28
2426, 35
2427, 54
2428, 0
2429, 55
2430, 66
2431, 30
2432, 0
2433, 37
2434, 27
2435, 29
2436, 29
2437, 11
2438, 0
2439, 61
2440, 0
2441, 22
2442, 24
2443, 21
2444, 53
2445, 14
2446, 79
2447, 44
2448, 47
2449, 54
2450, 52
2451, 0
2452, 25
2453, 0
2454, 55
2455, 0
2456, 57
2457, 5
2458, 10
2459, 12
2460, 10
2461, 12
2462, 12
2463, 11
2464, 14
2465, 14
2466, 11
2467, 9
2468, 11
2469, 10
2470, 12
2471, 14
2472, 11
2473, 11
2474, 14
2475, 12
2476, 9
2477, 14
2478, 10
2479, 12
2480, 11
2481, 11
2482, 12
2483, 14
2484, 14
2485, 9
2486, 9
2487, 18
2488, 0
2489, 64
2490, 20
2491, 0
2492, 61
2493, 26
2494, 24
2495, 28
2496, 0
2497, 62
2498, 22
2499, 20
2500, 20
2501, 22
2502, 21
2503, 21
2504, 20
2505, 22
2506, 22
2507, 22
2508, 0
2509, 51
2510, 51
2511, 35
2512, 5
2513, 4
2514, 44
2515, 17
2516, 16
2517, 9
2518, 26
2519, 12
2520, 0
2521, 26
2522, 5
2523, 21
2524, 21
2525, 8
2526, 32
2527, 7
2528, 31
2529, 8
2530, 51
2531, 9
2532, 9
2533, 9
2534, 18
2535, 0
2536, 38
2537, 55
2538, 29
2539, 47
2540, 51
2541, 30
2542, 0
2543, 5
2544, 23
2545, 47
2546, 9
2547, 9
2548, 0
2549, 31
2550, 22
2551, 33
2552, 23
2553, 36
2554, 9
2555, 0
2556, 49
2557, 23
2558, 39
2559, 9
2560, 0
2561, 23
2562, 53
2563, 50
2564, 9
2565, 9
2566, 0
2567, 23
2568, 62
2569, 9
2570, 31
2571, 13
2572, 0
2573, 9
2574, 18
2575, 20
2576, 53
2577, 8
2578, 0
2579, 14
2580, 78
2581, 28
2582, 79
2583, 30
2584, 0
2585, 28
2586, 21
2587, 45
2588, 42
2589, 13
2590, 20
2591, 18
2592, 40
2593, 10
2594, 25
2595, 23
2596, 25
2597, 25
2598, 25
2599, 0
2600, 7
2601, 13
2602, 25
2603, 23
2604, 25
2605, 25
2606, 25
2607, 0
2608, 29
2609, 29
2610, 28
2611, 29
2612, 10
2613, 0
2614, 24
2615, 79
2616, 35
2617, 0
2618, 23
2619, 0
2620, 42
2621, 5
2622, 30
2623, 25
2624, 9
2625, 0
2626, 10
2627, 25
2628, 23
2629, 25
2630, 25
2631, 34
2632, 2
2633, 5
2634, 30
2635, 23
2636, 19
2637, 54
2638, 16
2639, 16
2640, 4
2641, 18
2642, 20
2643, 16
2644, 16
2645, 20
2646, 16
2647, 4
2648, 22
2649, 22
2650, 29
2651, 27
2652, 25
2653, 41
2654, 7
2655, 7
2656, 9
2657, 0
2658, 13
2659, 25
2660, 23
2661, 25
2662, 25
2663, 40
2664, 2
2665, 27
2666, 5
2667, 19
2668, 23
2669, 21
2670, 12
2671, 10
2672, 0
2673, 21
2674, 34
2675, 33
2676, 39
2677, 39
2678, 34
2679, 5
2680, 48
2681, 16
2682, 15
2683, 10
2684, 4
2685, 68
2686, 24
2687, 23
2688, 5
2689, 7
2690, 57
2691, 35
2692, 24
2693, 35
2694, 7
2695, 9
2696, 28
2697, 45
2698, 39
2699, 39
2700, 11
2701, 13
2702, 0
2703, 24
2704, 60
2705, 32
2706, 22
2707, 0
2708, 50
2709, 0
2710, 19
2711, 27
2712, 27
2713, 30
2714, 30
2715, 0
2716, 33
2717, 23
2718, 5
2719, 21
2720, 35
2721, 34
2722, 9
2723, 11
2724, 0
2725, 39
2726, 29
2727, 5
2728, 11
2729, 9
2730, 37
2731, 17
2732, 0
2733, 40
2734, 30
2735, 5
2736, 17
2737, 9
2738, 40
2739, 18
2740, 0
2741, 40
2742, 30
2743, 5
2744, 18
2745, 9
2746, 58
2747, 18
2748, 0
2749, 64
2750, 63
2751, 24
2752, 5
2753, 5
2754, 51
2755, 9
2756, 30
2757, 4
2758, 32
2759, 18
2760, 9
2761, 69
2762, 41
2763, 11
2764, 71
2765, 33
2766, 37
2767, 2
2768, 33
2769, 72
2770, 71
2771, 44
2772, 34
2773, 0
2774, 21
2775, 55
2776, 11
2777, 54
2778, 40
2779, 20
2780, 5
2781, 7
2782, 10
2783, 9
2784, 0
2785, 45
2786, 28
2787, 28
2788, 28
2789, 28
2790, 30
2791, 24
2792, 24
2793, 5
2794, 25
2795, 14
2796, 9
2797, 4
2798, 18
2799, 25
2800, 38
2801, 9
2802, 9
2803, 19
2804, 7
2805, 17
2806, 18
2807, 11
2808, 9
2809, 42
2810, 14
2811, 7
2812, 27
2813, 22
2814, 5
2815, 4
2816, 13
2817, 16
2818, 31
2819, 27
2820, 9
2821, 31
2822, 9
2823, 37
2824, 31
2825, 7
2826, 4
2827, 7
2828, 4
2829, 13
2830, 23
2831, 7
2832, 7
2833, 28
2834, 12
2835, 17
2836, 5
2837, 16
2838, 11
2839, 21
2840, 7
2841, 9
2842, 18
2843, 4
2844, 25
2845, 23
2846, 11
2847, 9
2848, 9
2849, 9
2850, 20
2851, 18
2852, 5
2853, 26
2854, 35
2855, 7
2856, 20
2857, 21
2858, 29
2859, 12
2860, 32
2861, 9
2862, 13
2863, 0
2864, 40
2865, 37
2866, 2
2867, 67
2868, 42
2869, 40
2870, 34
2871, 2
2872, 0
2873, 22
2874, 34
2875, 0
2876, 21
2877, 0
2878, 56
2879, 0
2880, 27
2881, 0
2882, 61
2883, 56
2884, 0
2885, 63
2886, 0
2887, 49
2888, 59
2889, 0
2890, 61
2891, 50
2892, 0
2893, 60
2894, 0
2895, 28
2896, 33
2897, 29
2898, 2
2899, 21
2900, 45
2901, 33
2902, 5
2903, 16
2904, 0
2905, 64
2906, 15
2907, 20
2908, 16
2909, 19
2910, 19
2911, 11
2912, 15
2913, 11
2914, 9
2915, 27
2916, 21
2917, 19
2918, 30
2919, 9
2920, 23
2921, 0
2922, 33
2923, 33
2924, 29
2925, 2
2926, 35
2927, 29
2928, 5
2929, 25
2930, 21
2931, 11
2932, 9
2933, 24
2934, 28
2935, 0
2936, 69
2937, 30
2938, 56
2939, 26
2940, 5
2941, 37
2942, 13
2943, 9
2944, 21
2945, 21
2946, 0
2947, 37
2948, 16
2949, 9
2950, 0
2951, 22
2952, 29
2953, 0
2954, 39
2955, 0
2956, 35
2957, 34
2958, 0
2959, 32
2960, 26
2961, 21
2962, 9
2963, 0
2964, 40
2965, 29
2966, 4
2967, 38
2968, 65
2969, 7
2970, 0
2971, 4
2972, 21
2973, 7
2974, 0
2975, 9
2976, 0
2977, 17
2978, 0
2979, 29
2980, 0
2981, 70
2982, 74
2983, 0
2984, 37
2985, 37
2986, 36
2987, 2
2988, 56
2989, 44
2990, 30
2991, 27
2992, 5
2993, 23
2994, 0
2995, 37
2996, 13
2997, 9
2998, 0
2999, 57
3000, 0
3001, 37
3002, 7
3003, 65
3004, 5
3005, 39
3006, 4
3007, 9
3008, 9
3009, 0
3010, 27
3011, 16
3012, 9
3013, 9
3014, 0
3015, 69
3016, 38
3017, 38
3018, 32
3019, 7
3020, 7
3021, 0
3022, 19
3023, 40
3024, 34
3025, 25
3026, 46
3027, 11
3028, 23
3029, 0
3030, 25
3031, 0
3032, 32
3033, 0
3034, 56
3035, 44
3036, 0
3037, 5
3038, 0
3039, 27
3040, 25
3041, 36
3042, 0
3043, 68
3044, 49
3045, 37
3046, 7
3047, 7
3048, 0
3049, 36
3050, 0
3051, 52
3052, 0
3053, 25
3054, 30
3055, 58
3056, 17
3057, 0
3058, 25
3059, 32
3060, 5
3061, 33
3062, 13
3063, 10
3064, 0
3065, 50
3066, 0
3067, 61
3068, 36
3069, 18
3070, 17
3071, 0
3072, 55
3073, 0
3074, 5
3075, 21
3076, 21
3077, 9
3078, 0
3079, 21
3080, 29
3081, 33
3082, 9
3083, 4
3084, 0
3085, 21
3086, 0
3087, 21
3088, 60
3089, 9
3090, 0
3091, 7
3092, 0
3093, 15
3094, 21
3095, 47
3096, 41
3097, 7
3098, 9
3099, 0
3100, 49
3101, 33
3102, 0
3103, 13
3104, 0
3105, 2
3106, 40
3107, 37
3108, 2
3109, 76
3110, 78
3111, 44
3112, 2
3113, 0
3114, 22
3115, 34
3116, 0
3117, 26
3118, 0
3119, 48
3120, 0
3121, 27
3122, 0
3123, 61
3124, 56
3125, 0
3126, 64
3127, 65
3128, 43
3129, 0
3130, 32
3131, 41
3132, 51
3133, 0
3134, 61
3135, 50
3136, 0
3137, 63
3138, 46
3139, 0
3140, 34
3141, 63
3142, 69
3143, 0
3144, 29
3145, 77
3146, 0
3147, 45
3148, 0
3149, 62
3150, 0
3151, 28
3152, 32
3153, 28
3154, 2
3155, 18
3156, 18
3157, 41
3158, 29
3159, 5
3160, 21
3161, 64
3162, 16
3163, 21
3164, 18
3165, 23
3166, 23
3167, 13
3168, 17
3169, 13
3170, 9
3171, 29
3172, 22
3173, 20
3174, 31
3175, 9
3176, 23
3177, 0
3178, 31
3179, 34
3180, 31
3181, 31
3182, 31
3183, 2
3184, 32
3185, 20
3186, 13
3187, 5
3188, 36
3189, 0
3190, 24
3191, 13
3192, 9
3193, 0
3194, 49
3195, 45
3196, 34
3197, 14
3198, 0
3199, 14
3200, 20
3201, 16
3202, 23
3203, 4
3204, 27
3205, 7
3206, 9
3207, 9
3208, 0
3209, 26
3210, 0
3211, 30
3212, 28
3213, 27
3214, 2
3215, 18
3216, 28
3217, 22
3218, 5
3219, 19
3220, 17
3221, 0
3222, 25
3223, 25
3224, 14
3225, 11
3226, 0
3227, 22
3228, 22
3229, 23
3230, 21
3231, 9
3232, 17
3233, 22
3234, 0
3235, 25
3236, 9
3237, 0
3238, 25
3239, 0
3240, 32
3241, 34
3242, 31
3243, 28
3244, 30
3245, 2
3246, 50
3247, 23
3248, 26
3249, 28
3250, 5
3251, 0
3252, 41
3253, 76
3254, 0
3255, 74
3256, 76
3257, 71
3258, 52
3259, 0
3260, 60
3261, 29
3262, 0
3263, 15
3264, 15
3265, 25
3266, 4
3267, 22
3268, 38
3269, 50
3270, 25
3271, 47
3272, 4
3273, 47
3274, 7
3275, 7
3276, 0
3277, 43
3278, 23
3279, 0
3280, 35
3281, 9
3282, 0
3283, 27
3284, 0
3285, 25
3286, 28
3287, 11
3288, 30
3289, 28
3290, 19
3291, 35
3292, 37
3293, 17
3294, 0
3295, 25
3296, 30
3297, 25
3298, 27
3299, 16
3300, 5
3301, 12
3302, 30
3303, 27
3304, 2
3305, 25
3306, 15
3307, 10
3308, 0
3309, 63
3310, 0
3311, 20
3312, 35
3313, 36
3314, 2
3315, 32
3316, 31
3317, 18
3318, 17
3319, 0
3320, 54
3321, 56
3322, 50
3323, 50
3324, 28
3325, 28
3326, 0
3327, 24
3328, 0
3329, 5
3330, 69
3331, 76
3332, 20
3333, 7
3334, 0
3335, 18
3336, 51
3337, 51
3338, 9
3339, 0
3340, 28
3341, 0
3342, 58
3343, 0
3344, 61
3345, 0
3346, 5
3347, 0
3348, 27
3349, 32
3350, 9
3351, 0
3352, 27
3353, 47
3354, 35
3355, 34
3356, 9
3357, 0
3358, 4
3359, 0
3360, 20
3361, 0
3362, 27
3363, 59
3364, 35
3365, 34
3366, 9
3367, 0
3368, 7
3369, 0
3370, 15
3371, 27
3372, 41
3373, 35
3374, 7
3375, 9
3376, 0
3377, 14
3378, 27
3379, 43
3380, 9
3381, 0
3382, 7
3383, 57
3384, 5
3385, 36
3386, 49
3387, 33
3388, 4
3389, 0
3390, 18
3391, 2
3392, 40
3393, 37
3394, 2
3395, 76
3396, 78
3397, 62
3398, 2
3399, 0
3400, 22
3401, 34
3402, 12
3403, 0
3404, 26
3405, 0
3406, 48
3407, 0
3408, 41
3409, 0
3410, 51
3411, 43
3412, 0
3413, 61
3414, 56
3415, 0
3416, 64
3417, 0
3418, 32
3419, 41
3420, 51
3421, 0
3422, 61
3423, 0
3424, 50
3425, 0
3426, 63
3427, 46
3428, 0
3429, 46
3430, 48
3431, 65
3432, 0
3433, 63
3434, 69
3435, 0
3436, 29
3437, 77
3438, 0
3439, 45
3440, 0
3441, 26
3442, 73
3443, 0
3444, 0
3445, 23
3446, 23
3447, 15
3448, 2
3449, 27
3450, 18
3451, 23
3452, 41
3453, 29
3454, 5
3455, 58
3456, 29
3457, 29
3458, 21
3459, 16
3460, 18
3461, 23
3462, 23
3463, 13
3464, 17
3465, 13
3466, 9
3467, 29
3468, 22
3469, 20
3470, 9
3471, 18
3472, 19
3473, 0
3474, 31
3475, 34
3476, 31
3477, 31
3478, 31
3479, 2
3480, 13
3481, 32
3482, 20
3483, 5
3484, 36
3485, 36
3486, 0
3487, 24
3488, 13
3489, 9
3490, 0
3491, 47
3492, 45
3493, 34
3494, 14
3495, 0
3496, 14
3497, 20
3498, 16
3499, 23
3500, 4
3501, 27
3502, 7
3503, 9
3504, 9
3505, 0
3506, 26
3507, 0
3508, 30
3509, 28
3510, 27
3511, 2
3512, 22
3513, 22
3514, 28
3515, 5
3516, 19
3517, 17
3518, 25
3519, 0
3520, 20
3521, 4
3522, 14
3523, 0
3524, 7
3525, 11
3526, 22
3527, 25
3528, 4
3529, 21
3530, 9
3531, 16
3532, 9
3533, 18
3534, 23
3535, 25
3536, 24
3537, 9
3538, 7
3539, 0
3540, 25
3541, 0
3542, 32
3543, 34
3544, 31
3545, 28
3546, 32
3547, 2
3548, 50
3549, 23
3550, 26
3551, 28
3552, 5
3553, 0
3554, 41
3555, 76
3556, 0
3557, 74
3558, 76
3559, 71
3560, 52
3561, 0
3562, 60
3563, 29
3564, 0
3565, 15
3566, 15
3567, 25
3568, 4
3569, 0
3570, 21
3571, 36
3572, 51
3573, 25
3574, 49
3575, 4
3576, 49
3577, 7
3578, 7
3579, 0
3580, 33
3581, 23
3582, 35
3583, 0
3584, 9
3585, 0
3586, 27
3587, 0
3588, 25
3589, 28
3590, 11
3591, 30
3592, 28
3593, 19
3594, 35
3595, 39
3596, 17
3597, 0
3598, 0
3599, 25
3600, 30
3601, 25
3602, 29
3603, 16
3604, 5
3605, 12
3606, 30
3607, 27
3608, 2
3609, 25
3610, 15
3611, 10
3612, 0
3613, 63
3614, 0
3615, 20
3616, 35
3617, 38
3618, 2
3619, 32
3620, 31
3621, 18
3622, 17
3623, 0
3624, 54
3625, 58
3626, 50
3627, 50
3628, 30
3629, 30
3630, 0
3631, 24
3632, 0
3633, 5
3634, 69
3635, 76
3636, 20
3637, 7
3638, 0
3639, 18
3640, 51
3641, 51
3642, 9
3643, 0
3644, 28
3645, 0
3646, 58
3647, 0
3648, 61
3649, 0
3650, 5
3651, 0
3652, 27
3653, 32
3654, 9
3655, 0
3656, 27
3657, 47
3658, 35
3659, 34
3660, 9
3661, 0
3662, 4
3663, 0
3664, 20
3665, 0
3666, 27
3667, 59
3668, 35
3669, 34
3670, 9
3671, 0
3672, 7
3673, 0
3674, 15
3675, 27
3676, 41
3677, 35
3678, 7
3679, 9
3680, 0
3681, 14
3682, 27
3683, 43
3684, 9
3685, 0
3686, 7
3687, 59
3688, 5
3689, 36
3690, 49
3691, 33
3692, 4
3693, 0
3694, 18
3695, 40
3696, 36
3697, 2
3698, 43
3699, 0
3700, 20
3701, 0
3702, 28
3703, 0
3704, 24
3705, 14
3706, 9
3707, 11
3708, 0
3709, 61
3710, 0
3711, 61
3712, 0
3713, 71
3714, 0
3715, 27
3716, 70
3717, 0
3718, 71
3719, 0
3720, 14
3721, 0
3722, 34
3723, 0
3724, 25
3725, 0
3726, 29
3727, 0
3728, 28
3729, 0
3730, 48
3731, 27
3732, 0
3733, 50
3734, 25
3735, 25
3736, 25
3737, 5
3738, 32
3739, 39
3740, 15
3741, 0
3742, 63
3743, 42
3744, 5
3745, 51
3746, 25
3747, 21
3748, 9
3749, 20
3750, 0
3751, 73
3752, 37
3753, 20
3754, 5
3755, 41
3756, 37
3757, 7
3758, 0
3759, 8
3760, 21
3761, 0
3762, 22
3763, 19
3764, 27
3765, 8
3766, 4
3767, 8
3768, 7
3769, 9
3770, 0
3771, 24
3772, 18
3773, 0
3774, 27
3775, 69
3776, 2
3777, 20
3778, 15
3779, 33
3780, 5
3781, 33
3782, 0
3783, 19
3784, 37
3785, 0
3786, 20
3787, 38
3788, 9
3789, 0
3790, 25
3791, 27
3792, 9
3793, 22
3794, 0
3795, 73
3796, 20
3797, 27
3798, 15
3799, 5
3800, 33
3801, 0
3802, 19
3803, 37
3804, 0
3805, 38
3806, 22
3807, 34
3808, 13
3809, 9
3810, 0
3811, 36
3812, 25
3813, 0
3814, 27
3815, 9
3816, 22
3817, 0
3818, 14
3819, 0
3820, 44
3821, 37
3822, 0
3823, 18
3824, 30
3825, 48
3826, 48
3827, 30
3828, 52
3829, 51
3830, 51
3831, 39
3832, 32
3833, 46
3834, 46
3835, 46
3836, 46
3837, 46
3838, 46
3839, 38
3840, 0
3841, 65
3842, 0
3843, 5
3844, 22
3845, 30
3846, 0
3847, 58
3848, 61
3849, 17
3850, 56
3851, 10
3852, 0
3853, 40
3854, 37
3855, 2
3856, 67
3857, 39
3858, 62
3859, 0
3860, 0
3861, 44
3862, 27
3863, 0
3864, 18
3865, 0
3866, 23
3867, 0
3868, 45
3869, 0
3870, 24
3871, 27
3872, 30
3873, 11
3874, 0
3875, 65
3876, 0
3877, 48
3878, 48
3879, 48
3880, 0
3881, 42
3882, 52
3883, 51
3884, 51
3885, 39
3886, 0
3887, 24
3888, 45
3889, 45
3890, 45
3891, 45
3892, 45
3893, 45
3894, 44
3895, 0
3896, 45
3897, 0
3898, 37
3899, 61
3900, 0
3901, 20
3902, 66
3903, 0
3904, 31
3905, 29
3906, 23
3907, 29
3908, 0
3909, 38
3910, 49
3911, 0
3912, 27
3913, 0
3914, 30
3915, 0
3916, 34
3917, 0
3918, 21
3919, 0
3920, 0
3921, 32
3922, 0
3923, 16
3924, 0
3925, 29
3926, 0
3927, 32
3928, 62
3929, 47
3930, 19
3931, 32
3932, 40
3933, 44
3934, 5
3935, 37
3936, 8
3937, 0
3938, 18
3939, 5
3940, 25
3941, 10
3942, 0
3943, 5
3944, 23
3945, 27
3946, 23
3947, 21
3948, 0
3949, 0
3950, 20
3951, 27
3952, 34
3953, 2
3954, 25
3955, 25
3956, 25
3957, 5
3958, 34
3959, 64
3960, 15
3961, 0
3962, 0
3963, 27
3964, 35
3965, 13
3966, 0
3967, 16
3968, 19
3969, 19
3970, 2
3971, 47
3972, 25
3973, 5
3974, 8
3975, 9
3976, 0
3977, 48
3978, 72
3979, 0
3980, 39
3981, 0
3982, 17
3983, 40
3984, 0
3985, 60
3986, 0
3987, 19
3988, 24
3989, 24
3990, 7
3991, 17
3992, 9
3993, 11
3994, 0
3995, 0
3996, 19
3997, 26
3998, 18
3999, 19
4000, 2
4001, 61
4002, 27
4003, 59
4004, 13
4005, 17
4006, 9
4007, 27
4008, 0
4009, 57
4010, 24
4011, 5
4012, 25
4013, 36
4014, 48
4015, 9
4016, 0
4017, 44
4018, 0
4019, 7
4020, 32
4021, 50
4022, 5
4023, 31
4024, 41
4025, 11
4026, 9
4027, 29
4028, 20
4029, 9
4030, 4
4031, 22
4032, 0
4033, 38
4034, 68
4035, 5
4036, 39
4037, 0
4038, 26
4039, 0
4040, 47
4041, 0
4042, 21
4043, 7
4044, 20
4045, 27
4046, 51
4047, 33
4048, 11
4049, 9
4050, 0
4051, 29
4052, 0
4053, 23
4054, 35
4055, 7
4056, 4
4057, 11
4058, 7
4059, 9
4060, 13
4061, 59
4062, 7
4063, 0
4064, 21
4065, 14
4066, 0
4067, 55
4068, 0
4069, 5
4070, 0
4071, 38
4072, 51
4073, 63
4074, 0
4075, 23
4076, 0
4077, 10
4078, 0
4079, 40
4080, 36
4081, 2
4082, 43
4083, 37
4084, 54
4085, 51
4086, 0
4087, 20
4088, 0
4089, 28
4090, 0
4091, 24
4092, 14
4093, 9
4094, 11
4095, 0
4096, 61
4097, 0
4098, 61
4099, 0
4100, 71
4101, 0
4102, 27
4103, 70
4104, 0
4105, 71
4106, 0
4107, 7
4108, 30
4109, 14
4110, 0
4111, 45
4112, 26
4113, 0
4114, 25
4115, 0
4116, 29
4117, 0
4118, 25
4119, 0
4120, 27
4121, 0
4122, 48
4123, 27
4124, 0
4125, 50
4126, 25
4127, 25
4128, 25
4129, 5
4130, 32
4131, 47
4132, 15
4133, 0
4134, 63
4135, 42
4136, 5
4137, 51
4138, 25
4139, 21
4140, 9
4141, 20
4142, 0
4143, 73
4144, 46
4145, 20
4146, 5
4147, 41
4148, 37
4149, 7
4150, 0
4151, 8
4152, 21
4153, 0
4154, 22
4155, 19
4156, 27
4157, 8
4158, 4
4159, 8
4160, 7
4161, 9
4162, 0
4163, 24
4164, 18
4165, 0
4166, 0
4167, 29
4168, 0
4169, 34
4170, 44
4171, 33
4172, 40
4173, 56
4174, 47
4175, 45
4176, 19
4177, 18
4178, 5
4179, 53
4180, 10
4181, 0
4182, 27
4183, 69
4184, 2
4185, 20
4186, 15
4187, 33
4188, 5
4189, 30
4190, 0
4191, 19
4192, 37
4193, 0
4194, 20
4195, 38
4196, 9
4197, 0
4198, 22
4199, 27
4200, 9
4201, 22
4202, 0
4203, 73
4204, 20
4205, 27
4206, 66
4207, 5
4208, 30
4209, 0
4210, 19
4211, 60
4212, 21
4213, 52
4214, 17
4215, 7
4216, 27
4217, 9
4218, 0
4219, 22
4220, 0
4221, 5
4222, 23
4223, 27
4224, 23
4225, 14
4226, 0
4227, 44
4228, 37
4229, 0
4230, 18
4231, 30
4232, 48
4233, 48
4234, 30
4235, 52
4236, 51
4237, 51
4238, 39
4239, 32
4240, 46
4241, 46
4242, 46
4243, 46
4244, 46
4245, 46
4246, 38
4247, 0
4248, 65
4249, 0
4250, 5
4251, 22
4252, 30
4253, 0
4254, 58
4255, 61
4256, 17
4257, 56
4258, 10
4259, 61
4260, 36
4261, 43
4262, 0
4263, 56
4264, 56
4265, 0
4266, 14
4267, 0
4268, 17
4269, 12
4270, 5
4271, 34
4272, 43
4273, 9
4274, 9
4275, 61
4276, 32
4277, 43
4278, 0
4279, 19
4280, 0
4281, 45
4282, 0
4283, 13
4284, 61
4285, 37
4286, 43
4287, 0
4288, 24
4289, 0
4290, 47
4291, 5
4292, 14
4293, 9
4294, 4
4295, 33
4296, 7
4297, 8
4298, 0
4299, 13
4300, 39
4301, 36
4302, 2
4303, 28
4304, 37
4305, 0
4306, 45
4307, 50
4308, 56
4309, 0
4310, 21
4311, 32
4312, 22
4313, 5
4314, 34
4315, 0
4316, 20
4317, 52
4318, 9
4319, 0
4320, 46
4321, 9
4322, 13
4323, 64
4324, 32
4325, 22
4326, 40
4327, 0
4328, 28
4329, 58
4330, 27
4331, 22
4332, 0
4333, 33
4334, 42
4335, 40
4336, 41
4337, 28
4338, 0
4339, 60
4340, 5
4341, 32
4342, 50
4343, 15
4344, 22
4345, 0
4346, 23
4347, 0
4348, 65
4349, 53
4350, 0
4351, 49
4352, 17
4353, 0
4354, 28
4355, 0
4356, 51
4357, 45
4358, 24
4359, 38
4360, 39
4361, 54
4362, 48
4363, 27
4364, 48
4365, 24
4366, 5
4367, 21
4368, 7
4369, 7
4370, 13
4371, 4
4372, 15
4373, 13
4374, 29
4375, 4
4376, 14
4377, 20
4378, 26
4379, 17
4380, 5
4381, 4
4382, 21
4383, 7
4384, 7
4385, 24
4386, 13
4387, 19
4388, 15
4389, 29
4390, 15
4391, 7
4392, 7
4393, 20
4394, 17
4395, 9
4396, 32
4397, 4
4398, 15
4399, 7
4400, 9
4401, 14
4402, 9
4403, 13
4404, 0
4405, 17
4406, 0
4407, 31
4408, 36
4409, 23
4410, 0
4411, 21
4412, 56
4413, 0
4414, 13
4415, 25
4416, 5
4417, 52
4418, 35
4419, 24
4420, 55
4421, 9
4422, 0
4423, 22
4424, 53
4425, 17
4426, 13
4427, 59
4428, 32
4429, 22
4430, 0
4431, 17
4432, 18
4433, 5
4434, 37
4435, 10
4436, 41
4437, 38
4438, 2
4439, 34
4440, 49
4441, 0
4442, 42
4443, 59
4444, 0
4445, 28
4446, 25
4447, 23
4448, 17
4449, 20
4450, 0
4451, 22
4452, 16
4453, 22
4454, 17
4455, 0
4456, 24
4457, 0
4458, 50
4459, 0
4460, 31
4461, 0
4462, 44
4463, 0
4464, 74
4465, 73
4466, 0
4467, 7
4468, 51
4469, 15
4470, 0
4471, 15
4472, 43
4473, 72
4474, 0
4475, 14
4476, 2
4477, 26
4478, 2
4479, 28
4480, 0
4481, 53
4482, 72
4483, 11
4484, 0
4485, 9
4486, 0
4487, 0
4488, 50
4489, 0
4490, 20
4491, 2
4492, 31
4493, 2
4494, 31
4495, 41
4496, 0
4497, 7
4498, 15
4499, 38
4500, 16
4501, 12
4502, 0
4503, 25
4504, 0
4505, 64
4506, 73
4507, 0
4508, 39
4509, 86
4510, 5
4511, 5
4512, 10
4513, 0
4514, 43
4515, 5
4516, 17
4517, 12
4518, 0
4519, 12
4520, 0
4521, 20
4522, 0
4523, 21
4524, 21
4525, 21
4526, 0
4527, 70
4528, 70
4529, 63
4530, 2
4531, 15
4532, 43
4533, 71
4534, 2
4535, 14
4536, 0
4537, 69
4538, 68
4539, 66
4540, 0
4541, 21
4542, 0
4543, 45
4544, 0
4545, 29
4546, 43
4547, 49
4548, 0
4549, 0
4550, 57
4551, 0
4552, 54
4553, 0
4554, 52
4555, 0
4556, 72
4557, 0
4558, 53
4559, 0
4560, 41
4561, 0
4562, 44
4563, 0
4564, 40
4565, 0
4566, 32
4567, 0
4568, 69
4569, 73
4570, 0
4571, 63
4572, 13
4573, 0
4574, 64
4575, 0
4576, 7
4577, 38
4578, 0
4579, 27
4580, 28
4581, 50
4582, 31
4583, 11
4584, 15
4585, 0
4586, 26
4587, 0
4588, 73
4589, 57
4590, 0
4591, 55
4592, 0
4593, 48
4594, 63
4595, 57
4596, 63
4597, 0
4598, 46
4599, 0
4600, 46
4601, 25
4602, 27
4603, 29
4604, 19
4605, 23
4606, 19
4607, 28
4608, 23
4609, 19
4610, 23
4611, 0
4612, 0
4613, 50
4614, 36
4615, 56
4616, 25
4617, 46
4618, 5
4619, 39
4620, 44
4621, 9
4622, 35
4623, 48
4624, 9
4625, 0
4626, 0
4627, 56
4628, 5
4629, 44
4630, 7
4631, 49
4632, 53
4633, 5
4634, 23
4635, 54
4636, 4
4637, 40
4638, 11
4639, 15
4640, 7
4641, 4
4642, 9
4643, 7
4644, 20
4645, 0
4646, 0
4647, 71
4648, 5
4649, 25
4650, 13
4651, 0
4652, 0
4653, 74
4654, 73
4655, 5
4656, 27
4657, 29
4658, 4
4659, 9
4660, 7
4661, 19
4662, 0
4663, 0
4664, 43
4665, 5
4666, 23
4667, 14
4668, 0
4669, 0
4670, 65
4671, 5
4672, 17
4673, 12
4674, 0
4675, 0
4676, 42
4677, 5
4678, 22
4679, 13
4680, 0
4681, 0
4682, 66
4683, 48
4684, 5
4685, 11
4686, 11
4687, 30
4688, 45
4689, 25
4690, 30
4691, 9
4692, 15
4693, 0
4694, 0
4695, 75
4696, 5
4697, 23
4698, 16
4699, 0
4700, 59
4701, 5
4702, 18
4703, 9
4704, 0
4705, 65
4706, 5
4707, 19
4708, 13
4709, 0
4710, 15
4711, 0
4712, 15
4713, 0
4714, 47
4715, 0
4716, 53
4717, 25
4718, 28
4719, 28
4720, 5
4721, 21
4722, 24
4723, 28
4724, 0
4725, 22
4726, 67
4727, 0
4728, 25
4729, 46
4730, 55
4731, 0
4732, 32
4733, 0
4734, 57
4735, 5
4736, 6
4737, 32
4738, 1
4739, 33
4740, 14
4741, 0
4742, 48
4743, 5
4744, 25
4745, 9
4746, 0
4747, 41
4748, 14
4749, 19
4750, 0
4751, 22
4752, 17
4753, 33
4754, 0
4755, 29
4756, 32
4757, 9
4758, 0
4759, 27
4760, 0
4761, 34
4762, 29
4763, 58
4764, 21
4765, 15
4766, 40
4767, 25
4768, 10
4769, 10
4770, 11
4771, 21
4772, 9
4773, 21
4774, 36
4775, 17
4776, 20
4777, 4
4778, 34
4779, 23
4780, 57
4781, 12
4782, 44
4783, 43
4784, 36
4785, 7
4786, 10
4787, 0
4788, 19
4789, 36
4790, 38
4791, 0
4792, 14
4793, 5
4794, 4
4795, 2
4796, 56
4797, 2
4798, 6
4799, 54
4800, 51
4801, 2
4802, 38
4803, 40
4804, 8
4805, 41
4806, 2
4807, 10
4808, 11
4809, 9
4810, 9
4811, 18
4812, 47
4813, 41
4814, 11
4815, 0
4816, 9
4817, 0
4818, 0
4819, 48
4820, 48
4821, 48
4822, 48
4823, 48
4824, 50
4825, 50
4826, 0
4827, 51
4828, 0
4829, 79
4830, 80
4831, 82
4832, 90
4833, 96
4834, 0
4835, 44
4836, 44
4837, 44
4838, 44
4839, 44
4840, 46
4841, 46
4842, 0
4843, 5
4844, 25
4845, 56
4846, 56
4847, 53
4848, 25
4849, 53
4850, 53
4851, 16
4852, 0
4853, 0
4854, 0
4855, 7
4856, 29
4857, 27
4858, 0
4859, 52
4860, 0
4861, 55
4862, 39
4863, 52
4864, 0
4865, 21
4866, 0
4867, 0
4868, 30
4869, 0
4870, 32
4871, 0
4872, 31
4873, 40
4874, 36
4875, 44
4876, 0
4877, 41
4878, 5
4879, 48
4880, 18
4881, 0
4882, 0
4883, 59
4884, 0
4885, 54
4886, 20
4887, 33
4888, 37
4889, 5
4890, 26
4891, 13
4892, 7
4893, 0
4894, 4
4895, 22
4896, 63
4897, 13
4898, 7
4899, 30
4900, 30
4901, 9
4902, 0
4903, 26
4904, 27
4905, 13
4906, 7
4907, 9
4908, 12
4909, 8
4910, 0
4911, 0
4912, 57
4913, 18
4914, 5
4915, 42
4916, 23
4917, 7
4918, 38
4919, 14
4920, 16
4921, 0
4922, 21
4923, 0
4924, 0
4925, 16
4926, 16
4927, 16
4928, 0
4929, 21
4930, 0
4931, 69
4932, 0
4933, 28
4934, 0
4935, 15
4936, 0
4937, 32
4938, 23
4939, 27
4940, 13
4941, 32
4942, 0
4943, 26
4944, 0
4945, 16
4946, 51
4947, 36
4948, 0
4949, 76
4950, 0
4951, 43
4952, 64
4953, 0
4954, 77
4955, 0
4956, 36
4957, 73
4958, 0
4959, 25
4960, 27
4961, 21
4962, 21
4963, 5
4964, 45
4965, 15
4966, 27
4967, 31
4968, 52
4969, 4
4970, 7
4971, 35
4972, 5
4973, 42
4974, 32
4975, 16
4976, 55
4977, 49
4978, 5
4979, 7
4980, 41
4981, 4
4982, 56
4983, 28
4984, 9
4985, 18
4986, 56
4987, 14
4988, 9
4989, 35
4990, 56
4991, 14
4992, 17
4993, 0
4994, 0
4995, 55
4996, 0
4997, 28
4998, 5
4999, 4
5000, 7
5001, 39
5002, 5
5003, 30
5004, 39
5005, 4
5006, 9
5007, 20
5008, 0
5009, 0
5010, 30
5011, 5
5012, 16
5013, 13
5014, 0
5015, 19
5016, 23
5017, 42
5018, 0
5019, 41
5020, 9
5021, 0
5022, 15
5023, 0
5024, 27
5025, 26
5026, 27
5027, 7
5028, 48
5029, 18
5030, 0
5031, 22
5032, 0
5033, 43
5034, 27
5035, 0
5036, 32
5037, 0
5038, 12
5039, 0
5040, 0
5041, 27
5042, 0
5043, 23
5044, 0
5045, 16
5046, 0
5047, 28
5048, 0
5049, 48
5050, 0
5051, 26
5052, 52
5053, 0
5054, 51
5055, 0
5056, 65
5057, 45
5058, 69
5059, 53
5060, 61
5061, 43
5062, 32
5063, 59
5064, 0
5065, 53
5066, 67
5067, 0
5068, 21
5069, 22
5070, 37
5071, 27
5072, 0
5073, 61
5074, 57
5075, 48
5076, 23
5077, 0
5078, 34
5079, 0
5080, 19
5081, 36
5082, 36
5083, 5
5084, 32
5085, 26
5086, 7
5087, 21
5088, 27
5089, 21
5090, 29
5091, 14
5092, 52
5093, 11
5094, 0
5095, 0
5096, 45
5097, 55
5098, 34
5099, 38
5100, 5
5101, 45
5102, 11
5103, 9
5104, 9
5105, 23
5106, 0
5107, 0
5108, 63
5109, 18
5110, 0
5111, 20
5112, 26
5113, 7
5114, 0
5115, 37
5116, 0
5117, 29
5118, 7
5119, 53
5120, 53
5121, 5
5122, 5
5123, 7
5124, 34
5125, 9
5126, 27
5127, 21
5128, 23
5129, 4
5130, 4
5131, 4
5132, 7
5133, 63
5134, 59
5135, 5
5136, 32
5137, 24
5138, 4
5139, 7
5140, 0
5141, 20
5142, 13
5143, 0
5144, 0
5145, 5
5146, 22
5147, 26
5148, 22
5149, 0
5150, 67
5151, 34
5152, 26
5153, 22
5154, 12
5155, 62
5156, 32
5157, 21
5158, 34
5159, 50
5160, 32
5161, 44
5162, 0
5163, 27
5164, 28
5165, 18
5166, 29
5167, 21
5168, 47
5169, 49
5170, 29
5171, 43
5172, 51
5173, 50
5174, 62
5175, 62
5176, 62
5177, 62
5178, 51
5179, 30
5180, 50
5181, 41
5182, 45
5183, 43
5184, 49
5185, 35
5186, 7
5187, 27
5188, 21
5189, 34
5190, 34
5191, 11
5192, 19
5193, 22
5194, 32
5195, 32
5196, 11
5197, 12
5198, 0
5199, 23
5200, 49
5201, 5
5202, 19
5203, 11
5204, 51
5205, 5
5206, 23
5207, 13
5208, 50
5209, 5
5210, 22
5211, 23
5212, 7
5213, 21
5214, 10
5215, 49
5216, 5
5217, 22
5218, 23
5219, 7
5220, 21
5221, 9
5222, 64
5223, 35
5224, 42
5225, 5
5226, 22
5227, 31
5228, 18
5229, 20
5230, 22
5231, 18
5232, 4
5233, 18
5234, 7
5235, 14
5236, 64
5237, 62
5238, 16
5239, 35
5240, 5
5241, 24
5242, 31
5243, 27
5244, 32
5245, 25
5246, 23
5247, 4
5248, 18
5249, 7
5250, 20
5251, 11
5252, 7
5253, 7
5254, 13
5255, 64
5256, 35
5257, 42
5258, 5
5259, 22
5260, 31
5261, 18
5262, 18
5263, 20
5264, 22
5265, 4
5266, 18
5267, 7
5268, 14
5269, 64
5270, 62
5271, 16
5272, 35
5273, 5
5274, 20
5275, 22
5276, 28
5277, 31
5278, 24
5279, 18
5280, 4
5281, 27
5282, 7
5283, 11
5284, 7
5285, 13
5286, 50
5287, 39
5288, 41
5289, 25
5290, 5
5291, 34
5292, 27
5293, 41
5294, 16
5295, 5
5296, 7
5297, 26
5298, 28
5299, 9
5300, 4
5301, 16
5302, 7
5303, 14
5304, 8
5305, 32
5306, 14
5307, 5
5308, 14
5309, 13
5310, 52
5311, 14
5312, 15
5313, 22
5314, 21
5315, 5
5316, 17
5317, 13
5318, 10
5319, 13
5320, 7
5321, 25
5322, 23
5323, 9
5324, 14
5325, 13
5326, 43
5327, 14
5328, 43
5329, 5
5330, 29
5331, 55
5332, 30
5333, 9
5334, 14
5335, 9
5336, 47
5337, 37
5338, 22
5339, 5
5340, 20
5341, 27
5342, 20
5343, 19
5344, 23
5345, 7
5346, 4
5347, 18
5348, 27
5349, 22
5350, 13
5351, 22
5352, 9
5353, 17
5354, 45
5355, 62
5356, 16
5357, 43
5358, 22
5359, 5
5360, 29
5361, 19
5362, 30
5363, 11
5364, 9
5365, 19
5366, 15
5367, 51
5368, 41
5369, 5
5370, 14
5371, 50
5372, 29
5373, 35
5374, 51
5375, 7
5376, 42
5377, 31
5378, 47
5379, 7
5380, 9
5381, 30
5382, 9
5383, 10
5384, 37
5385, 34
5386, 55
5387, 23
5388, 14
5389, 5
5390, 43
5391, 25
5392, 23
5393, 17
5394, 35
5395, 18
5396, 39
5397, 10
5398, 7
5399, 28
5400, 28
5401, 29
5402, 9
5403, 24
5404, 25
5405, 37
5406, 10
5407, 7
5408, 35
5409, 21
5410, 28
5411, 28
5412, 29
5413, 9
5414, 24
5415, 25
5416, 37
5417, 10
5418, 7
5419, 23
5420, 18
5421, 44
5422, 32
5423, 64
5424, 42
5425, 10
5426, 7
5427, 33
5428, 28
5429, 48
5430, 32
5431, 10
5432, 7
5433, 43
5434, 32
5435, 42
5436, 30
5437, 33
5438, 10
5439, 7
5440, 38
5441, 28
5442, 43
5443, 10
5444, 7
5445, 38
5446, 27
5447, 35
5448, 30
5449, 28
5450, 10
5451, 7
5452, 35
5453, 18
5454, 39
5455, 10
5456, 7
5457, 19
5458, 16
5459, 16
5460, 16
5461, 11
5462, 15
5463, 12
5464, 15
5465, 17
5466, 5
5467, 5
5468, 35
5469, 9
5470, 14
5471, 10
5472, 4
5473, 23
5474, 29
5475, 9
5476, 52
5477, 21
5478, 19
5479, 0
5480, 0
5481, 39
5482, 36
5483, 2
5484, 28
5485, 37
5486, 57
5487, 0
5488, 35
5489, 44
5490, 38
5491, 0
5492, 23
5493, 23
5494, 40
5495, 41
5496, 34
5497, 41
5498, 41
5499, 40
5500, 5
5501, 39
5502, 0
5503, 16
5504, 0
5505, 16
5506, 45
5507, 0
5508, 29
5509, 28
5510, 10
5511, 10
5512, 42
5513, 43
5514, 0
5515, 27
5516, 15
5517, 15
5518, 22
5519, 26
5520, 10
5521, 10
5522, 0
5523, 28
5524, 9
5525, 0
5526, 25
5527, 47
5528, 4
5529, 47
5530, 7
5531, 0
5532, 23
5533, 0
5534, 19
5535, 31
5536, 14
5537, 14
5538, 24
5539, 53
5540, 31
5541, 14
5542, 14
5543, 7
5544, 9
5545, 9
5546, 15
5547, 0
5548, 41
5549, 37
5550, 2
5551, 29
5552, 82
5553, 0
5554, 42
5555, 59
5556, 0
5557, 49
5558, 0
5559, 43
5560, 44
5561, 0
5562, 23
5563, 0
5564, 23
5565, 17
5566, 36
5567, 0
5568, 29
5569, 30
5570, 65
5571, 49
5572, 0
5573, 84
5574, 45
5575, 35
5576, 0
5577, 19
5578, 34
5579, 39
5580, 11
5581, 0
5582, 71
5583, 19
5584, 25
5585, 20
5586, 38
5587, 30
5588, 92
5589, 0
5590, 52
5591, 2
5592, 57
5593, 51
5594, 0
5595, 27
5596, 27
5597, 66
5598, 53
5599, 5
5600, 26
5601, 59
5602, 7
5603, 57
5604, 55
5605, 20
5606, 20
5607, 28
5608, 28
5609, 38
5610, 13
5611, 0
5612, 61
5613, 55
5614, 20
5615, 20
5616, 28
5617, 28
5618, 38
5619, 13
5620, 5
5621, 23
5622, 0
5623, 21
5624, 21
5625, 21
5626, 21
5627, 29
5628, 29
5629, 21
5630, 21
5631, 0
5632, 30
5633, 29
5634, 27
5635, 7
5636, 7
5637, 30
5638, 21
5639, 21
5640, 7
5641, 0
5642, 30
5643, 29
5644, 27
5645, 7
5646, 7
5647, 30
5648, 21
5649, 21
5650, 7
5651, 0
5652, 52
5653, 9
5654, 0
5655, 26
5656, 47
5657, 4
5658, 47
5659, 7
5660, 33
5661, 0
5662, 26
5663, 47
5664, 4
5665, 47
5666, 7
5667, 33
5668, 4
5669, 0
5670, 36
5671, 0
5672, 23
5673, 0
5674, 19
5675, 17
5676, 55
5677, 14
5678, 7
5679, 0
5680, 9
5681, 9
5682, 0
5683, 23
5684, 9
5685, 5
5686, 21
5687, 47
5688, 5
5689, 17
5690, 64
5691, 17
5692, 55
5693, 14
5694, 14
5695, 9
5696, 9
5697, 12
5698, 0
5699, 19
5700, 16
5701, 16
5702, 5
5703, 37
5704, 16
5705, 16
5706, 14
5707, 0
5708, 47
5709, 33
5710, 0
5711, 42
5712, 15
5713, 15
5714, 11
5715, 0
5716, 73
5717, 39
5718, 3
5719, 63
5720, 5
5721, 60
5722, 26
5723, 0
5724, 5
5725, 63
5726, 0
5727, 7
5728, 46
5729, 33
5730, 47
5731, 44
5732, 57
5733, 39
5734, 5
5735, 26
5736, 20
5737, 31
5738, 58
5739, 9
5740, 0
5741, 7
5742, 29
5743, 45
5744, 45
5745, 16
5746, 0
5747, 57
5748, 34
5749, 44
5750, 5
5751, 59
5752, 39
5753, 26
5754, 41
5755, 37
5756, 9
5757, 4
5758, 4
5759, 0
5760, 15
5761, 0
5762, 60
5763, 37
5764, 2
5765, 30
5766, 0
5767, 50
5768, 0
5769, 19
5770, 0
5771, 29
5772, 0
5773, 8
5774, 0
5775, 30
5776, 0
5777, 24
5778, 55
5779, 0
5780, 64
5781, 64
5782, 0
5783, 43
5784, 17
5785, 5
5786, 25
5787, 25
5788, 18
5789, 19
5790, 9
5791, 9
5792, 14
5793, 0
5794, 65
5795, 10
5796, 5
5797, 26
5798, 26
5799, 9
5800, 27
5801, 37
5802, 9
5803, 17
5804, 9
5805, 9
5806, 11
5807, 0
5808, 24
5809, 27
5810, 0
5811, 5
5812, 5
5813, 52
5814, 9
5815, 30
5816, 4
5817, 0
5818, 15
5819, 15
5820, 0
5821, 23
5822, 20
5823, 9
5824, 0
5825, 16
5826, 57
5827, 47
5828, 11
5829, 39
5830, 36
5831, 2
5832, 28
5833, 37
5834, 0
5835, 50
5836, 34
5837, 44
5838, 0
5839, 20
5840, 10
5841, 32
5842, 64
5843, 29
5844, 31
5845, 9
5846, 0
5847, 17
5848, 23
5849, 18
5850, 5
5851, 30
5852, 34
5853, 13
5854, 12
5855, 0
5856, 24
5857, 25
5858, 4
5859, 19
5860, 24
5861, 7
5862, 9
5863, 0
5864, 24
5865, 30
5866, 9
5867, 7
5868, 9
5869, 0
5870, 28
5871, 28
5872, 24
5873, 32
5874, 5
5875, 26
5876, 42
5877, 7
5878, 0
5879, 31
5880, 44
5881, 22
5882, 9
5883, 0
5884, 30
5885, 21
5886, 9
5887, 12
5888, 0
5889, 62
5890, 32
5891, 22
5892, 0
5893, 56
5894, 0
5895, 21
5896, 18
5897, 73
5898, 66
5899, 30
5900, 11
5901, 0
5902, 38
5903, 0
5904, 73
5905, 6
5906, 28
5907, 27
5908, 11
5909, 0
5910, 38
5911, 25
5912, 12
5913, 0
5914, 23
5915, 40
5916, 5
5917, 23
5918, 13
5919, 0
5920, 40
5921, 5
5922, 23
5923, 31
5924, 13
5925, 23
5926, 7
5927, 13
5928, 12
5929, 0
5930, 44
5931, 74
5932, 19
5933, 25
5934, 5
5935, 5
5936, 52
5937, 9
5938, 30
5939, 4
5940, 23
5941, 21
5942, 15
5943, 9
5944, 74
5945, 23
5946, 21
5947, 15
5948, 9
5949, 74
5950, 13
5951, 63
5952, 36
5953, 43
5954, 40
5955, 40
5956, 0
5957, 7
5958, 26
5959, 53
5960, 55
5961, 66
5962, 0
5963, 68
5964, 29
5965, 23
5966, 23
5967, 18
5968, 5
5969, 17
5970, 28
5971, 36
5972, 19
5973, 9
5974, 35
5975, 17
5976, 9
5977, 21
5978, 18
5979, 22
5980, 17
5981, 19
5982, 18
5983, 7
5984, 9
5985, 26
5986, 27
5987, 7
5988, 15
5989, 0
5990, 63
5991, 36
5992, 43
5993, 40
5994, 40
5995, 0
5996, 55
5997, 34
5998, 16
5999, 25
6000, 0
6001, 20
6002, 0
6003, 28
6004, 0
6005, 17
6006, 63
6007, 54
6008, 0
6009, 13
6010, 50
6011, 35
6012, 0
6013, 21
6014, 55
6015, 0
6016, 69
6017, 0
6018, 47
6019, 0
6020, 32
6021, 32
6022, 42
6023, 42
6024, 40
6025, 32
6026, 0
6027, 5
6028, 24
6029, 0
6030, 5
6031, 4
6032, 24
6033, 11
6034, 33
6035, 19
6036, 9
6037, 9
6038, 20
6039, 4
6040, 0
6041, 23
6042, 0
6043, 20
6044, 44
6045, 49
6046, 31
6047, 36
6048, 40
6049, 44
6050, 9
6051, 0
6052, 51
6053, 46
6054, 41
6055, 0
6056, 44
6057, 69
6058, 4
6059, 62
6060, 63
6061, 7
6062, 0
6063, 29
6064, 0
6065, 21
6066, 36
6067, 4
6068, 64
6069, 7
6070, 0
6071, 53
6072, 66
6073, 66
6074, 66
6075, 66
6076, 66
6077, 66
6078, 66
6079, 12
6080, 40
6081, 36
6082, 2
6083, 43
6084, 0
6085, 36
6086, 47
6087, 0
6088, 20
6089, 0
6090, 23
6091, 0
6092, 69
6093, 0
6094, 47
6095, 40
6096, 0
6097, 19
6098, 18
6099, 18
6100, 18
6101, 11
6102, 0
6103, 58
6104, 0
6105, 37
6106, 45
6107, 33
6108, 33
6109, 48
6110, 48
6111, 49
6112, 46
6113, 0
6114, 44
6115, 32
6116, 33
6117, 49
6118, 48
6119, 48
6120, 46
6121, 0
6122, 44
6123, 33
6124, 33
6125, 48
6126, 48
6127, 49
6128, 46
6129, 0
6130, 44
6131, 33
6132, 32
6133, 48
6134, 48
6135, 49
6136, 46
6137, 0
6138, 24
6139, 12
6140, 12
6141, 12
6142, 12
6143, 12
6144, 21
6145, 0
6146, 25
6147, 26
6148, 26
6149, 0
6150, 28
6151, 0
6152, 33
6153, 0
6154, 14
6155, 0
6156, 39
6157, 36
6158, 2
6159, 43
6160, 0
6161, 25
6162, 0
6163, 25
6164, 26
6165, 28
6166, 5
6167, 30
6168, 30
6169, 30
6170, 20
6171, 0
6172, 30
6173, 28
6174, 35
6175, 5
6176, 26
6177, 30
6178, 32
6179, 31
6180, 33
6181, 0
6182, 27
6183, 50
6184, 34
6185, 34
6186, 34
6187, 0
6188, 52
6189, 56
6190, 9
6191, 7
6192, 9
6193, 9
6194, 11
6195, 0
6196, 35
6197, 33
6198, 5
6199, 29
6200, 27
6201, 50
6202, 34
6203, 34
6204, 34
6205, 0
6206, 52
6207, 28
6208, 0
6209, 60
6210, 60
6211, 60
6212, 0
6213, 60
6214, 60
6215, 60
6216, 9
6217, 7
6218, 9
6219, 0
6220, 29
6221, 50
6222, 50
6223, 50
6224, 9
6225, 12
6226, 0
6227, 14
6228, 0
6229, 39
6230, 36
6231, 2
6232, 43
6233, 0
6234, 44
6235, 39
6236, 37
6237, 0
6238, 18
6239, 0
6240, 35
6241, 0
6242, 13
6243, 50
6244, 35
6245, 0
6246, 53
6247, 0
6248, 25
6249, 0
6250, 5
6251, 29
6252, 43
6253, 43
6254, 43
6255, 9
6256, 0
6257, 43
6258, 0
6259, 13
6260, 9
6261, 0
6262, 20
6263, 15
6264, 9
6265, 0
6266, 13
6267, 9
6268, 10
6269, 2
6270, 40
6271, 37
6272, 2
6273, 42
6274, 30
6275, 2
6276, 44
6277, 39
6278, 37
6279, 0
6280, 18
6281, 0
6282, 53
6283, 0
6284, 19
6285, 11
6286, 13
6287, 12
6288, 12
6289, 12
6290, 12
6291, 12
6292, 20
6293, 10
6294, 34
6295, 33
6296, 33
6297, 49
6298, 49
6299, 49
6300, 47
6301, 10
6302, 34
6303, 33
6304, 33
6305, 49
6306, 49
6307, 49
6308, 47
6309, 10
6310, 34
6311, 33
6312, 33
6313, 49
6314, 49
6315, 49
6316, 47
6317, 10
6318, 34
6319, 33
6320, 33
6321, 49
6322, 49
6323, 49
6324, 48
6325, 0
6326, 35
6327, 0
6328, 13
6329, 16
6330, 21
6331, 21
6332, 21
6333, 16
6334, 0
6335, 25
6336, 0
6337, 5
6338, 0
6339, 26
6340, 43
6341, 43
6342, 43
6343, 9
6344, 0
6345, 43
6346, 0
6347, 22
6348, 9
6349, 0
6350, 20
6351, 23
6352, 9
6353, 0
6354, 22
6355, 9
6356, 0
6357, 10
6358, 23
6359, 31
6360, 11
6361, 0
6362, 10
6363, 0
6364, 36
6365, 47
6366, 0
6367, 20
6368, 0
6369, 23
6370, 0
6371, 69
6372, 0
6373, 47
6374, 40
6375, 0
6376, 12
6377, 6
6378, 15
6379, 18
6380, 12
6381, 11
6382, 0
6383, 22
6384, 0
6385, 36
6386, 0
6387, 40
6388, 40
6389, 40
6390, 40
6391, 40
6392, 0
6393, 40
6394, 0
6395, 25
6396, 26
6397, 26
6398, 0
6399, 50
6400, 0
6401, 58
6402, 0
6403, 14
6404, 0
6405, 25
6406, 0
6407, 25
6408, 26
6409, 28
6410, 5
6411, 30
6412, 30
6413, 30
6414, 20
6415, 0
6416, 52
6417, 28
6418, 35
6419, 5
6420, 26
6421, 30
6422, 32
6423, 31
6424, 33
6425, 0
6426, 26
6427, 13
6428, 34
6429, 34
6430, 34
6431, 52
6432, 56
6433, 7
6434, 9
6435, 9
6436, 9
6437, 11
6438, 0
6439, 60
6440, 23
6441, 19
6442, 5
6443, 26
6444, 26
6445, 13
6446, 36
6447, 36
6448, 36
6449, 0
6450, 37
6451, 60
6452, 0
6453, 61
6454, 61
6455, 61
6456, 60
6457, 60
6458, 60
6459, 7
6460, 9
6461, 9
6462, 0
6463, 26
6464, 50
6465, 50
6466, 50
6467, 9
6468, 12
6469, 0
6470, 14
6471, 0
6472, 40
6473, 36
6474, 2
6475, 43
6476, 43
6477, 0
6478, 44
6479, 39
6480, 37
6481, 0
6482, 18
6483, 0
6484, 35
6485, 0
6486, 13
6487, 50
6488, 35
6489, 0
6490, 53
6491, 0
6492, 25
6493, 0
6494, 5
6495, 29
6496, 29
6497, 9
6498, 0
6499, 34
6500, 0
6501, 13
6502, 9
6503, 0
6504, 20
6505, 14
6506, 9
6507, 0
6508, 13
6509, 9
6510, 10
6511, 0
6512, 39
6513, 36
6514, 2
6515, 43
6516, 43
6517, 0
6518, 36
6519, 47
6520, 0
6521, 20
6522, 0
6523, 23
6524, 0
6525, 69
6526, 0
6527, 47
6528, 40
6529, 0
6530, 58
6531, 28
6532, 0
6533, 25
6534, 27
6535, 22
6536, 0
6537, 22
6538, 27
6539, 26
6540, 0
6541, 28
6542, 0
6543, 32
6544, 0
6545, 7
6546, 0
6547, 44
6548, 45
6549, 33
6550, 34
6551, 44
6552, 32
6553, 34
6554, 44
6555, 33
6556, 34
6557, 44
6558, 33
6559, 33
6560, 24
6561, 12
6562, 14
6563, 0
6564, 44
6565, 61
6566, 48
6567, 50
6568, 61
6569, 48
6570, 49
6571, 60
6572, 48
6573, 50
6574, 60
6575, 48
6576, 50
6577, 24
6578, 12
6579, 14
6580, 0
6581, 43
6582, 49
6583, 48
6584, 48
6585, 48
6586, 23
6587, 0
6588, 14
6589, 0
6590, 39
6591, 36
6592, 2
6593, 43
6594, 43
6595, 0
6596, 25
6597, 0
6598, 25
6599, 27
6600, 24
6601, 5
6602, 41
6603, 41
6604, 41
6605, 20
6606, 0
6607, 22
6608, 27
6609, 28
6610, 5
6611, 48
6612, 48
6613, 48
6614, 17
6615, 0
6616, 30
6617, 28
6618, 35
6619, 5
6620, 23
6621, 23
6622, 36
6623, 35
6624, 37
6625, 0
6626, 27
6627, 50
6628, 40
6629, 40
6630, 40
6631, 0
6632, 52
6633, 42
6634, 9
6635, 7
6636, 9
6637, 9
6638, 11
6639, 0
6640, 34
6641, 32
6642, 13
6643, 84
6644, 0
6645, 5
6646, 20
6647, 19
6648, 23
6649, 13
6650, 40
6651, 40
6652, 40
6653, 0
6654, 33
6655, 48
6656, 0
6657, 57
6658, 57
6659, 57
6660, 0
6661, 55
6662, 55
6663, 55
6664, 0
6665, 7
6666, 9
6667, 9
6668, 0
6669, 23
6670, 58
6671, 58
6672, 58
6673, 9
6674, 12
6675, 0
6676, 14
6677, 64
6678, 32
6679, 22
6680, 0
6681, 56
6682, 0
6683, 23
6684, 24
6685, 25
6686, 5
6687, 0
6688, 5
6689, 52
6690, 9
6691, 30
6692, 4
6693, 11
6694, 20
6695, 20
6696, 20
6697, 20
6698, 20
6699, 20
6700, 19
6701, 9
6702, 9
6703, 9
6704, 9
6705, 9
6706, 9
6707, 52
6708, 21
6709, 15
6710, 0
6711, 39
6712, 36
6713, 2
6714, 28
6715, 0
6716, 47
6717, 42
6718, 50
6719, 0
6720, 19
6721, 0
6722, 49
6723, 48
6724, 17
6725, 38
6726, 13
6727, 5
6728, 21
6729, 13
6730, 11
6731, 11
6732, 17
6733, 15
6734, 11
6735, 9
6736, 7
6737, 9
6738, 9
6739, 10
6740, 0
6741, 33
6742, 12
6743, 5
6744, 21
6745, 22
6746, 28
6747, 10
6748, 36
6749, 9
6750, 8
6751, 0
6752, 53
6753, 5
6754, 8
6755, 12
6756, 12
6757, 0
6758, 11
6759, 39
6760, 36
6761, 2
6762, 43
6763, 0
6764, 47
6765, 42
6766, 50
6767, 0
6768, 23
6769, 0
6770, 49
6771, 48
6772, 28
6773, 17
6774, 38
6775, 13
6776, 5
6777, 21
6778, 13
6779, 11
6780, 11
6781, 17
6782, 15
6783, 11
6784, 9
6785, 7
6786, 9
6787, 9
6788, 10
6789, 0
6790, 33
6791, 12
6792, 5
6793, 21
6794, 22
6795, 28
6796, 10
6797, 36
6798, 9
6799, 8
6800, 0
6801, 53
6802, 5
6803, 8
6804, 12
6805, 12
6806, 15
6807, 61
6808, 32
6809, 22
6810, 0
6811, 77
6812, 0
6813, 66
6814, 0
6815, 33
6816, 37
6817, 31
6818, 43
6819, 22
6820, 0
6821, 18
6822, 13
6823, 68
6824, 30
6825, 11
6826, 0
6827, 28
6828, 6
6829, 28
6830, 27
6831, 11
6832, 0
6833, 49
6834, 0
6835, 67
6836, 25
6837, 12
6838, 0
6839, 23
6840, 69
6841, 30
6842, 28
6843, 71
6844, 68
6845, 31
6846, 4
6847, 65
6848, 28
6849, 39
6850, 5
6851, 23
6852, 31
6853, 13
6854, 23
6855, 7
6856, 4
6857, 7
6858, 9
6859, 13
6860, 12
6861, 0
6862, 76
6863, 73
6864, 25
6865, 19
6866, 5
6867, 5
6868, 52
6869, 9
6870, 30
6871, 4
6872, 35
6873, 20
6874, 41
6875, 53
6876, 9
6877, 23
6878, 35
6879, 9
6880, 17
6881, 65
6882, 20
6883, 41
6884, 53
6885, 9
6886, 23
6887, 65
6888, 9
6889, 12
6890, 71
6891, 40
6892, 36
6893, 28
6894, 36
6895, 71
6896, 47
6897, 34
6898, 44
6899, 0
6900, 0
6901, 24
6902, 23
6903, 74
6904, 15
6905, 50
6906, 12
6907, 0
6908, 33
6909, 0
6910, 14
6911, 49
6912, 19
6913, 0
6914, 5
6915, 0
6916, 32
6917, 0
6918, 18
6919, 7
6920, 21
6921, 19
6922, 19
6923, 21
6924, 21
6925, 5
6926, 12
6927, 33
6928, 26
6929, 35
6930, 32
6931, 32
6932, 20
6933, 20
6934, 20
6935, 34
6936, 4
6937, 9
6938, 0
6939, 55
6940, 31
6941, 0
6942, 55
6943, 30
6944, 0
6945, 55
6946, 32
6947, 0
6948, 55
6949, 35
6950, 0
6951, 55
6952, 37
6953, 0
6954, 55
6955, 32
6956, 0
6957, 55
6958, 36
6959, 0
6960, 55
6961, 44
6962, 0
6963, 55
6964, 31
6965, 16
6966, 0
6967, 34
6968, 37
6969, 36
6970, 31
6971, 2
6972, 40
6973, 41
6974, 45
6975, 0
6976, 56
6977, 64
6978, 61
6979, 57
6980, 0
6981, 18
6982, 0
6983, 21
6984, 0
6985, 28
6986, 0
6987, 19
6988, 44
6989, 32
6990, 0
6991, 20
6992, 37
6993, 17
6994, 11
6995, 0
6996, 37
6997, 42
6998, 0
6999, 80
7000, 56
7001, 0
7002, 92
7003, 46
7004, 0
7005, 82
7006, 46
7007, 0
7008, 58
7009, 40
7010, 0
7011, 61
7012, 46
7013, 0
7014, 71
7015, 46
7016, 0
7017, 31
7018, 0
7019, 13
7020, 0
7021, 49
7022, 13
7023, 0
7024, 52
7025, 0
7026, 39
7027, 0
7028, 26
7029, 13
7030, 21
7031, 0
7032, 74
7033, 5
7034, 20
7035, 17
7036, 20
7037, 17
7038, 20
7039, 39
7040, 12
7041, 0
7042, 17
7043, 0
7044, 33
7045, 5
7046, 26
7047, 11
7048, 0
7049, 20
7050, 5
7051, 21
7052, 30
7053, 17
7054, 21
7055, 12
7056, 0
7057, 20
7058, 5
7059, 10
7060, 24
7061, 24
7062, 17
7063, 24
7064, 24
7065, 17
7066, 20
7067, 20
7068, 12
7069, 0
7070, 5
7071, 7
7072, 7
7073, 7
7074, 22
7075, 22
7076, 22
7077, 22
7078, 12
7079, 12
7080, 12
7081, 25
7082, 20
7083, 21
7084, 8
7085, 19
7086, 9
7087, 8
7088, 10
7089, 51
7090, 10
7091, 14
7092, 27
7093, 19
7094, 7
7095, 7
7096, 9
7097, 13
7098, 16
7099, 21
7100, 9
7101, 9
7102, 20
7103, 9
7104, 9
7105, 7
7106, 20
7107, 0
7108, 11
7109, 0
7110, 12
7111, 33
7112, 0
7113, 5
7114, 10
7115, 24
7116, 31
7117, 7
7118, 14
7119, 11
7120, 7
7121, 19
7122, 14
7123, 11
7124, 69
7125, 10
7126, 7
7127, 13
7128, 41
7129, 37
7130, 78
7131, 2
7132, 48
7133, 30
7134, 0
7135, 56
7136, 64
7137, 61
7138, 57
7139, 0
7140, 62
7141, 18
7142, 0
7143, 21
7144, 0
7145, 49
7146, 0
7147, 17
7148, 0
7149, 39
7150, 0
7151, 49
7152, 5
7153, 33
7154, 10
7155, 7
7156, 0
7157, 38
7158, 29
7159, 27
7160, 27
7161, 37
7162, 0
7163, 41
7164, 27
7165, 0
7166, 66
7167, 33
7168, 10
7169, 7
7170, 0
7171, 42
7172, 18
7173, 0
7174, 25
7175, 0
7176, 22
7177, 45
7178, 5
7179, 29
7180, 28
7181, 29
7182, 28
7183, 29
7184, 14
7185, 0
7186, 20
7187, 0
7188, 28
7189, 5
7190, 54
7191, 29
7192, 29
7193, 20
7194, 0
7195, 18
7196, 21
7197, 0
7198, 5
7199, 7
7200, 15
7201, 15
7202, 26
7203, 26
7204, 26
7205, 2
7206, 4
7207, 4
7208, 10
7209, 10
7210, 18
7211, 18
7212, 9
7213, 10
7214, 47
7215, 10
7216, 14
7217, 27
7218, 19
7219, 6
7220, 7
7221, 26
7222, 16
7223, 9
7224, 0
7225, 12
7226, 16
7227, 21
7228, 9
7229, 9
7230, 20
7231, 9
7232, 9
7233, 7
7234, 20
7235, 0
7236, 11
7237, 0
7238, 12
7239, 33
7240, 0
7241, 5
7242, 10
7243, 24
7244, 31
7245, 7
7246, 14
7247, 11
7248, 7
7249, 19
7250, 14
7251, 11
7252, 69
7253, 10
7254, 7
7255, 13
7256, 18
7257, 0
7258, 28
7259, 0
7260, 31
7261, 0
7262, 8
7263, 0
7264, 44
7265, 32
7266, 0
7267, 20
7268, 37
7269, 17
7270, 11
7271, 0
7272, 40
7273, 0
7274, 37
7275, 42
7276, 0
7277, 75
7278, 56
7279, 0
7280, 14
7281, 0
7282, 60
7283, 41
7284, 0
7285, 13
7286, 0
7287, 58
7288, 40
7289, 0
7290, 90
7291, 52
7292, 0
7293, 87
7294, 46
7295, 0
7296, 82
7297, 46
7298, 0
7299, 92
7300, 50
7301, 0
7302, 61
7303, 46
7304, 0
7305, 60
7306, 48
7307, 0
7308, 20
7309, 0
7310, 66
7311, 46
7312, 0
7313, 22
7314, 39
7315, 36
7316, 2
7317, 28
7318, 37
7319, 0
7320, 50
7321, 42
7322, 47
7323, 0
7324, 20
7325, 0
7326, 10
7327, 32
7328, 0
7329, 42
7330, 30
7331, 31
7332, 9
7333, 0
7334, 17
7335, 14
7336, 5
7337, 34
7338, 9
7339, 12
7340, 0
7341, 24
7342, 33
7343, 9
7344, 4
7345, 28
7346, 7
7347, 9
7348, 0
7349, 28
7350, 24
7351, 32
7352, 0
7353, 5
7354, 26
7355, 43
7356, 7
7357, 0
7358, 29
7359, 33
7360, 22
7361, 9
7362, 0
7363, 21
7364, 12
7365, 65
7366, 32
7367, 22
7368, 0
7369, 50
7370, 0
7371, 21
7372, 0
7373, 30
7374, 55
7375, 0
7376, 18
7377, 29
7378, 37
7379, 7
7380, 30
7381, 27
7382, 10
7383, 0
7384, 23
7385, 28
7386, 17
7387, 5
7388, 15
7389, 19
7390, 8
7391, 0
7392, 36
7393, 18
7394, 5
7395, 19
7396, 19
7397, 8
7398, 10
7399, 0
7400, 34
7401, 0
7402, 38
7403, 38
7404, 0
7405, 26
7406, 5
7407, 37
7408, 27
7409, 25
7410, 9
7411, 32
7412, 18
7413, 0
7414, 26
7415, 24
7416, 5
7417, 4
7418, 29
7419, 29
7420, 25
7421, 9
7422, 18
7423, 0
7424, 64
7425, 63
7426, 24
7427, 5
7428, 5
7429, 51
7430, 9
7431, 30
7432, 4
7433, 7
7434, 37
7435, 37
7436, 5
7437, 5
7438, 4
7439, 53
7440, 26
7441, 13
7442, 0
7443, 60
7444, 36
7445, 43
7446, 40
7447, 0
7448, 43
7449, 0
7450, 19
7451, 28
7452, 54
7453, 0
7454, 22
7455, 46
7456, 27
7457, 16
7458, 0
7459, 27
7460, 42
7461, 39
7462, 40
7463, 28
7464, 0
7465, 48
7466, 33
7467, 30
7468, 5
7469, 32
7470, 38
7471, 15
7472, 57
7473, 16
7474, 0
7475, 16
7476, 24
7477, 5
7478, 5
7479, 51
7480, 9
7481, 30
7482, 4
7483, 23
7484, 49
7485, 9
7486, 48
7487, 21
7488, 11
7489, 71
7490, 40
7491, 36
7492, 54
7493, 71
7494, 0
7495, 34
7496, 44
7497, 0
7498, 22
7499, 23
7500, 50
7501, 12
7502, 59
7503, 11
7504, 0
7505, 17
7506, 0
7507, 57
7508, 5
7509, 13
7510, 13
7511, 7
7512, 13
7513, 21
7514, 7
7515, 33
7516, 8
7517, 53
7518, 5
7519, 13
7520, 9
7521, 4
7522, 31
7523, 7
7524, 8
7525, 59
7526, 5
7527, 13
7528, 62
7529, 4
7530, 9
7531, 7
7532, 8
7533, 37
7534, 5
7535, 15
7536, 11
7537, 4
7538, 35
7539, 7
7540, 8
7541, 43
7542, 5
7543, 13
7544, 71
7545, 4
7546, 9
7547, 7
7548, 8
7549, 0
7550, 5
7551, 37
7552, 0
7553, 54
7554, 45
7555, 0
7556, 70
7557, 76
7558, 9
7559, 0
7560, 11
7561, 52
7562, 67
7563, 64
7564, 0
7565, 59
7566, 88
7567, 9
7568, 0
7569, 14
7570, 40
7571, 37
7572, 2
7573, 28
7574, 28
7575, 2
7576, 64
7577, 64
7578, 0
7579, 54
7580, 17
7581, 0
7582, 14
7583, 0
7584, 45
7585, 63
7586, 23
7587, 31
7588, 31
7589, 31
7590, 31
7591, 31
7592, 31
7593, 31
7594, 32
7595, 0
7596, 64
7597, 25
7598, 53
7599, 63
7600, 63
7601, 63
7602, 63
7603, 63
7604, 63
7605, 54
7606, 0
7607, 11
7608, 6
7609, 23
7610, 23
7611, 11
7612, 43
7613, 47
7614, 33
7615, 25
7616, 25
7617, 25
7618, 23
7619, 23
7620, 27
7621, 23
7622, 23
7623, 25
7624, 23
7625, 24
7626, 0
7627, 50
7628, 0
7629, 8
7630, 0
7631, 19
7632, 18
7633, 19
7634, 34
7635, 50
7636, 55
7637, 54
7638, 17
7639, 0
7640, 18
7641, 19
7642, 8
7643, 0
7644, 21
7645, 0
7646, 54
7647, 19
7648, 5
7649, 24
7650, 27
7651, 9
7652, 11
7653, 11
7654, 0
7655, 0
7656, 30
7657, 22
7658, 21
7659, 23
7660, 22
7661, 31
7662, 60
7663, 20
7664, 30
7665, 5
7666, 0
7667, 22
7668, 49
7669, 0
7670, 26
7671, 44
7672, 36
7673, 54
7674, 26
7675, 41
7676, 49
7677, 9
7678, 32
7679, 0
7680, 0
7681, 14
7682, 7
7683, 68
7684, 16
7685, 5
7686, 15
7687, 33
7688, 39
7689, 9
7690, 0
7691, 23
7692, 33
7693, 45
7694, 46
7695, 31
7696, 9
7697, 9
7698, 0
7699, 18
7700, 0
7701, 0
7702, 21
7703, 0
7704, 45
7705, 45
7706, 27
7707, 7
7708, 0
7709, 15
7710, 7
7711, 47
7712, 58
7713, 28
7714, 62
7715, 0
7716, 74
7717, 23
7718, 5
7719, 40
7720, 9
7721, 24
7722, 34
7723, 45
7724, 31
7725, 21
7726, 40
7727, 38
7728, 7
7729, 9
7730, 0
7731, 10
7732, 26
7733, 36
7734, 9
7735, 0
7736, 30
7737, 24
7738, 9
7739, 40
7740, 9
7741, 37
7742, 9
7743, 48
7744, 9
7745, 19
7746, 0
7747, 13
7748, 0
7749, 19
7750, 8
7751, 19
7752, 23
7753, 0
7754, 51
7755, 44
7756, 0
7757, 45
7758, 12
7759, 0
7760, 0
7761, 53
7762, 0
7763, 44
7764, 0
7765, 18
7766, 51
7767, 0
7768, 59
7769, 47
7770, 7
7771, 50
7772, 10
7773, 0
7774, 17
7775, 0
7776, 0
7777, 28
7778, 0
7779, 20
7780, 21
7781, 36
7782, 5
7783, 19
7784, 13
7785, 14
7786, 24
7787, 5
7788, 48
7789, 27
7790, 18
7791, 0
7792, 11
7793, 30
7794, 69
7795, 29
7796, 12
7797, 0
7798, 0
7799, 23
7800, 61
7801, 5
7802, 23
7803, 11
7804, 0
7805, 61
7806, 33
7807, 5
7808, 24
7809, 8
7810, 10
7811, 0
7812, 17
7813, 0
7814, 0
7815, 19
7816, 16
7817, 19
7818, 24
7819, 0
7820, 56
7821, 2
7822, 33
7823, 2
7824, 40
7825, 12
7826, 0
7827, 51
7828, 0
7829, 18
7830, 34
7831, 14
7832, 38
7833, 7
7834, 49
7835, 10
7836, 0
7837, 18
7838, 0
7839, 0
7840, 29
7841, 0
7842, 20
7843, 0
7844, 42
7845, 45
7846, 58
7847, 0
7848, 16
7849, 13
7850, 5
7851, 43
7852, 21
7853, 12
7854, 0
7855, 45
7856, 12
7857, 0
7858, 49
7859, 2
7860, 43
7861, 32
7862, 46
7863, 52
7864, 21
7865, 25
7866, 5
7867, 35
7868, 21
7869, 33
7870, 4
7871, 5
7872, 9
7873, 9
7874, 14
7875, 9
7876, 0
7877, 19
7878, 0
7879, 12
7880, 0
7881, 0
7882, 23
7883, 36
7884, 5
7885, 23
7886, 9
7887, 0
7888, 13
7889, 43
7890, 5
7891, 5
7892, 12
7893, 10
7894, 0
7895, 18
7896, 0
7897, 63
7898, 44
7899, 39
7900, 32
7901, 22
7902, 24
7903, 52
7904, 52
7905, 52
7906, 26
7907, 27
7908, 31
7909, 31
7910, 56
7911, 56
7912, 56
7913, 56
7914, 56
7915, 56
7916, 56
7917, 56
7918, 56
7919, 56
7920, 56
7921, 56
7922, 56
7923, 56
7924, 62
7925, 62
7926, 62
7927, 62
7928, 62
7929, 62
7930, 49
7931, 49
7932, 49
7933, 49
7934, 72
7935, 72
7936, 72
7937, 72
7938, 72
7939, 72
7940, 72
7941, 72
7942, 72
7943, 72
7944, 72
7945, 72
7946, 72
7947, 72
7948, 72
7949, 72
7950, 72
7951, 72
7952, 72
7953, 72
7954, 72
7955, 72
7956, 72
7957, 72
7958, 72
7959, 72
7960, 72
7961, 72
7962, 72
7963, 72
7964, 72
7965, 72
7966, 72
7967, 72
7968, 72
7969, 72
7970, 72
7971, 72
7972, 72
7973, 72
7974, 72
7975, 72
7976, 72
7977, 72
7978, 72
7979, 72
7980, 72
7981, 72
7982, 72
7983, 72
7984, 72
7985, 72
7986, 72
7987, 72
7988, 72
7989, 72
7990, 72
7991, 72
7992, 72
7993, 72
7994, 72
7995, 72
7996, 72
7997, 33
7998, 35
7999, 37
8000, 14
8001, 19
8002, 34
8003, 14
8004, 19
8005, 34
8006, 14
8007, 18
8008, 34
8009, 14
8010, 18
8011, 34
8012, 14
8013, 23
8014, 18
8015, 34
8016, 14
8017, 23
8018, 18
8019, 34
8020, 14
8021, 23
8022, 18
8023, 33
8024, 14
8025, 23
8026, 18
8027, 33
8028, 15
8029, 19
8030, 19
8031, 15
8032, 19
8033, 19
8034, 15
8035, 18
8036, 19
8037, 15
8038, 18
8039, 19
8040, 15
8041, 26
8042, 18
8043, 19
8044, 15
8045, 26
8046, 18
8047, 19
8048, 15
8049, 26
8050, 18
8051, 18
8052, 15
8053, 26
8054, 18
8055, 18
8056, 29
8057, 41
8058, 14
8059, 23
8060, 18
8061, 43
8062, 15
8063, 26
8064, 18
8065, 28
8066, 17
8067, 31
8068, 19
8069, 30
8070, 72
8071, 72
8072, 72
8073, 72
8074, 72
8075, 72
8076, 50
8077, 51
8078, 43
8079, 44
8080, 29
8081, 7
8082, 8
8083, 29
8084, 42
8085, 19
8086, 19
8087, 11
8088, 39
8089, 43
8090, 45
8091, 39
8092, 27
8093, 18
8094, 21
8095, 20
8096, 11
8097, 31
8098, 26
8099, 71
8100, 37
8101, 2
8102, 43
8103, 0
8104, 47
8105, 50
8106, 42
8107, 42
8108, 0
8109, 30
8110, 0
8111, 62
8112, 0
8113, 27
8114, 0
8115, 28
8116, 45
8117, 40
8118, 62
8119, 58
8120, 64
8121, 53
8122, 62
8123, 0
8124, 36
8125, 0
8126, 47
8127, 21
8128, 0
8129, 29
8130, 17
8131, 0
8132, 47
8133, 32
8134, 0
8135, 39
8136, 23
8137, 0
8138, 43
8139, 41
8140, 42
8141, 0
8142, 5
8143, 5
8144, 4
8145, 24
8146, 11
8147, 45
8148, 9
8149, 9
8150, 20
8151, 4
8152, 0
8153, 23
8154, 20
8155, 40
8156, 0
8157, 16
8158, 31
8159, 43
8160, 21
8161, 58
8162, 4
8163, 21
8164, 50
8165, 7
8166, 0
8167, 18
8168, 50
8169, 18
8170, 50
8171, 0
8172, 19
8173, 24
8174, 18
8175, 7
8176, 7
8177, 9
8178, 9
8179, 22
8180, 63
8181, 32
8182, 43
8183, 42
8184, 0
8185, 49
8186, 32
8187, 0
8188, 20
8189, 0
8190, 55
8191, 60
8192, 59
8193, 59
8194, 11
8195, 59
8196, 59
8197, 59
8198, 11
8199, 15
8200, 0
8201, 28
8202, 0
8203, 36
8204, 0
8205, 73
8206, 0
8207, 73
8208, 21
8209, 20
8210, 17
8211, 15
8212, 5
8213, 12
8214, 0
8215, 4
8216, 20
8217, 33
8218, 36
8219, 21
8220, 24
8221, 7
8222, 9
8223, 0
8224, 4
8225, 40
8226, 11
8227, 40
8228, 39
8229, 11
8230, 7
8231, 0
8232, 54
8233, 16
8234, 12
8235, 0
8236, 22
8237, 10
8238, 7
8239, 0
8240, 20
8241, 0
8242, 54
8243, 7
8244, 7
8245, 9
8246, 9
8247, 17
8248, 7
8249, 14
8250, 0
8251, 50
8252, 17
8253, 15
8254, 5
8255, 31
8256, 21
8257, 20
8258, 16
8259, 15
8260, 36
8261, 28
8262, 9
8263, 18
8264, 0
8265, 55
8266, 26
8267, 5
8268, 26
8269, 48
8270, 43
8271, 20
8272, 9
8273, 13
8274, 31
8275, 26
8276, 7
8277, 23
8278, 0
8279, 50
8280, 17
8281, 0
8282, 5
8283, 4
8284, 24
8285, 21
8286, 39
8287, 9
8288, 12
8289, 2
8290, 41
8291, 38
8292, 2
8293, 44
8294, 43
8295, 49
8296, 0
8297, 0
8298, 25
8299, 32
8300, 22
8301, 0
8302, 20
8303, 0
8304, 56
8305, 0
8306, 63
8307, 0
8308, 55
8309, 60
8310, 59
8311, 59
8312, 11
8313, 59
8314, 59
8315, 59
8316, 11
8317, 15
8318, 0
8319, 33
8320, 0
8321, 23
8322, 37
8323, 30
8324, 30
8325, 29
8326, 2
8327, 45
8328, 46
8329, 5
8330, 4
8331, 26
8332, 39
8333, 11
8334, 11
8335, 9
8336, 18
8337, 0
8338, 30
8339, 0
8340, 28
8341, 38
8342, 31
8343, 2
8344, 36
8345, 68
8346, 78
8347, 40
8348, 40
8349, 52
8350, 5
8351, 0
8352, 68
8353, 0
8354, 50
8355, 29
8356, 35
8357, 42
8358, 13
8359, 31
8360, 40
8361, 18
8362, 50
8363, 69
8364, 40
8365, 31
8366, 9
8367, 35
8368, 9
8369, 0
8370, 31
8371, 13
8372, 31
8373, 40
8374, 18
8375, 51
8376, 61
8377, 25
8378, 9
8379, 0
8380, 13
8381, 13
8382, 31
8383, 18
8384, 18
8385, 37
8386, 49
8387, 7
8388, 0
8389, 23
8390, 0
8391, 40
8392, 31
8393, 2
8394, 65
8395, 64
8396, 31
8397, 31
8398, 5
8399, 25
8400, 0
8401, 23
8402, 36
8403, 34
8404, 26
8405, 33
8406, 63
8407, 0
8408, 63
8409, 24
8410, 7
8411, 0
8412, 26
8413, 53
8414, 7
8415, 25
8416, 53
8417, 7
8418, 34
8419, 0
8420, 35
8421, 0
8422, 41
8423, 20
8424, 65
8425, 19
8426, 28
8427, 33
8428, 0
8429, 41
8430, 65
8431, 64
8432, 31
8433, 31
8434, 35
8435, 5
8436, 4
8437, 6
8438, 21
8439, 0
8440, 23
8441, 36
8442, 34
8443, 26
8444, 33
8445, 63
8446, 0
8447, 63
8448, 24
8449, 7
8450, 0
8451, 68
8452, 39
8453, 27
8454, 0
8455, 26
8456, 53
8457, 7
8458, 25
8459, 53
8460, 7
8461, 0
8462, 20
8463, 2
8464, 10
8465, 11
8466, 9
8467, 34
8468, 33
8469, 0
8470, 26
8471, 0
8472, 5
8473, 0
8474, 76
8475, 0
8476, 7
8477, 27
8478, 68
8479, 39
8480, 39
8481, 5
8482, 0
8483, 49
8484, 66
8485, 0
8486, 30
8487, 39
8488, 0
8489, 4
8490, 0
8491, 61
8492, 61
8493, 0
8494, 60
8495, 31
8496, 32
8497, 7
8498, 0
8499, 29
8500, 67
8501, 67
8502, 0
8503, 30
8504, 11
8505, 0
8506, 9
8507, 0
8508, 4
8509, 0
8510, 42
8511, 0
8512, 4
8513, 49
8514, 26
8515, 9
8516, 0
8517, 39
8518, 0
8519, 23
8520, 0
8521, 12
8522, 0
8523, 0
8524, 30
8525, 67
8526, 77
8527, 70
8528, 24
8529, 0
8530, 0
8531, 56
8532, 13
8533, 25
8534, 39
8535, 54
8536, 0
8537, 0
8538, 22
8539, 32
8540, 0
8541, 21
8542, 0
8543, 49
8544, 0
8545, 36
8546, 0
8547, 22
8548, 40
8549, 33
8550, 32
8551, 33
8552, 42
8553, 0
8554, 43
8555, 0
8556, 67
8557, 63
8558, 0
8559, 73
8560, 0
8561, 15
8562, 0
8563, 23
8564, 0
8565, 26
8566, 0
8567, 22
8568, 40
8569, 33
8570, 32
8571, 33
8572, 41
8573, 2
8574, 20
8575, 5
8576, 19
8577, 19
8578, 0
8579, 17
8580, 4
8581, 58
8582, 19
8583, 56
8584, 57
8585, 11
8586, 7
8587, 0
8588, 14
8589, 7
8590, 52
8591, 54
8592, 15
8593, 5
8594, 0
8595, 31
8596, 19
8597, 22
8598, 7
8599, 0
8600, 45
8601, 20
8602, 7
8603, 0
8604, 41
8605, 26
8606, 60
8607, 37
8608, 22
8609, 4
8610, 68
8611, 49
8612, 7
8613, 0
8614, 18
8615, 0
8616, 26
8617, 0
8618, 9
8619, 35
8620, 7
8621, 17
8622, 0
8623, 15
8624, 0
8625, 27
8626, 26
8627, 27
8628, 0
8629, 7
8630, 48
8631, 18
8632, 0
8633, 22
8634, 0
8635, 35
8636, 0
8637, 30
8638, 0
8639, 32
8640, 0
8641, 34
8642, 0
8643, 12
8644, 0
8645, 0
8646, 27
8647, 26
8648, 0
8649, 23
8650, 0
8651, 16
8652, 0
8653, 29
8654, 29
8655, 0
8656, 19
8657, 10
8658, 19
8659, 75
8660, 74
8661, 25
8662, 0
8663, 71
8664, 59
8665, 37
8666, 0
8667, 37
8668, 62
8669, 47
8670, 19
8671, 32
8672, 40
8673, 44
8674, 5
8675, 37
8676, 42
8677, 13
8678, 0
8679, 32
8680, 62
8681, 47
8682, 19
8683, 32
8684, 40
8685, 44
8686, 5
8687, 37
8688, 8
8689, 0
8690, 48
8691, 0
8692, 30
8693, 52
8694, 0
8695, 53
8696, 0
8697, 65
8698, 45
8699, 69
8700, 53
8701, 61
8702, 43
8703, 32
8704, 59
8705, 0
8706, 53
8707, 67
8708, 0
8709, 21
8710, 22
8711, 37
8712, 27
8713, 0
8714, 61
8715, 57
8716, 48
8717, 23
8718, 0
8719, 34
8720, 0
8721, 19
8722, 36
8723, 36
8724, 5
8725, 32
8726, 26
8727, 7
8728, 21
8729, 27
8730, 21
8731, 29
8732, 14
8733, 52
8734, 11
8735, 0
8736, 45
8737, 55
8738, 38
8739, 5
8740, 4
8741, 41
8742, 5
8743, 46
8744, 17
8745, 4
8746, 11
8747, 7
8748, 9
8749, 9
8750, 23
8751, 0
8752, 63
8753, 18
8754, 0
8755, 20
8756, 26
8757, 7
8758, 0
8759, 37
8760, 0
8761, 29
8762, 7
8763, 53
8764, 53
8765, 5
8766, 5
8767, 7
8768, 34
8769, 9
8770, 27
8771, 21
8772, 23
8773, 4
8774, 4
8775, 4
8776, 7
8777, 63
8778, 59
8779, 5
8780, 32
8781, 24
8782, 4
8783, 7
8784, 0
8785, 20
8786, 13
8787, 0
8788, 18
8789, 5
8790, 25
8791, 10
8792, 0
8793, 5
8794, 23
8795, 27
8796, 23
8797, 22
8798, 26
8799, 22
8800, 0
8801, 67
8802, 34
8803, 30
8804, 22
8805, 12
8806, 71
8807, 40
8808, 37
8809, 2
8810, 28
8811, 38
8812, 71
8813, 34
8814, 58
8815, 32
8816, 0
8817, 20
8818, 37
8819, 37
8820, 71
8821, 13
8822, 0
8823, 11
8824, 34
8825, 20
8826, 25
8827, 29
8828, 11
8829, 29
8830, 0
8831, 35
8832, 47
8833, 5
8834, 14
8835, 9
8836, 0
8837, 38
8838, 70
8839, 20
8840, 5
8841, 21
8842, 14
8843, 20
8844, 20
8845, 11
8846, 7
8847, 8
8848, 0
8849, 42
8850, 21
8851, 18
8852, 5
8853, 24
8854, 19
8855, 11
8856, 11
8857, 23
8858, 9
8859, 11
8860, 7
8861, 9
8862, 17
8863, 9
8864, 7
8865, 16
8866, 0
8867, 57
8868, 0
8869, 53
8870, 11
8871, 11
8872, 11
8873, 11
8874, 11
8875, 11
8876, 11
8877, 11
8878, 11
8879, 11
8880, 11
8881, 11
8882, 11
8883, 11
8884, 12
8885, 35
8886, 19
8887, 5
8888, 36
8889, 35
8890, 30
8891, 5
8892, 7
8893, 9
8894, 14
8895, 15
8896, 0
8897, 30
8898, 23
8899, 33
8900, 0
8901, 5
8902, 42
8903, 53
8904, 54
8905, 50
8906, 45
8907, 50
8908, 29
8909, 31
8910, 7
8911, 49
8912, 22
8913, 49
8914, 40
8915, 23
8916, 4
8917, 29
8918, 34
8919, 7
8920, 49
8921, 40
8922, 49
8923, 29
8924, 34
8925, 9
8926, 7
8927, 9
8928, 52
8929, 44
8930, 52
8931, 21
8932, 31
8933, 7
8934, 12
8935, 65
8936, 37
8937, 2
8938, 21
8939, 2
8940, 54
8941, 34
8942, 0
8943, 24
8944, 53
8945, 22
8946, 5
8947, 26
8948, 15
8949, 33
8950, 9
8951, 44
8952, 56
8953, 9
8954, 16
8955, 59
8956, 32
8957, 22
8958, 0
8959, 31
8960, 0
8961, 18
8962, 31
8963, 43
8964, 27
8965, 5
8966, 5
8967, 51
8968, 9
8969, 30
8970, 4
8971, 23
8972, 7
8973, 33
8974, 30
8975, 30
8976, 5
8977, 11
8978, 29
8979, 28
8980, 20
8981, 11
8982, 29
8983, 58
8984, 53
8985, 9
8986, 19
8987, 7
8988, 9
8989, 4
8990, 9
8991, 52
8992, 10
8993, 41
8994, 39
8995, 37
8996, 2
8997, 28
8998, 41
8999, 25
9000, 53
9001, 0
9002, 50
9003, 52
9004, 53
9005, 58
9006, 19
9007, 0
9008, 41
9009, 39
9010, 2
9011, 28
9012, 41
9013, 30
9014, 0
9015, 53
9016, 5
9017, 58
9018, 11
9019, 0
9020, 55
9021, 5
9022, 22
9023, 13
9024, 21
9025, 37
9026, 9
9027, 9
9028, 17
9029, 0
9030, 56
9031, 5
9032, 22
9033, 13
9034, 21
9035, 37
9036, 9
9037, 9
9038, 18
9039, 0
9040, 61
9041, 28
9042, 5
9043, 19
9044, 23
9045, 21
9046, 0
9047, 19
9048, 0
9049, 59
9050, 39
9051, 2
9052, 28
9053, 59
9054, 0
9055, 17
9056, 48
9057, 44
9058, 40
9059, 0
9060, 25
9061, 56
9062, 80
9063, 15
9064, 19
9065, 28
9066, 5
9067, 26
9068, 32
9069, 7
9070, 0
9071, 7
9072, 38
9073, 38
9074, 5
9075, 19
9076, 23
9077, 23
9078, 9
9079, 21
9080, 25
9081, 21
9082, 9
9083, 4
9084, 65
9085, 21
9086, 17
9087, 0
9088, 0
9089, 0
9090, 0
9091, 0
9092, 0
9093, 40
9094, 37
9095, 2
9096, 28
9097, 41
9098, 0
9099, 42
9100, 59
9101, 0
9102, 17
9103, 47
9104, 44
9105, 20
9106, 0
9107, 25
9108, 0
9109, 23
9110, 0
9111, 35
9112, 0
9113, 50
9114, 74
9115, 15
9116, 0
9117, 19
9118, 22
9119, 5
9120, 26
9121, 33
9122, 7
9123, 0
9124, 7
9125, 48
9126, 60
9127, 23
9128, 0
9129, 30
9130, 30
9131, 5
9132, 21
9133, 23
9134, 23
9135, 9
9136, 21
9137, 25
9138, 25
9139, 9
9140, 4
9141, 65
9142, 21
9143, 17
9144, 0
9145, 7
9146, 0
9147, 23
9148, 23
9149, 23
9150, 0
9151, 25
9152, 0
9153, 63
9154, 0
9155, 38
9156, 0
9157, 44
9158, 0
9159, 54
9160, 0
9161, 26
9162, 35
9163, 36
9164, 0
9165, 58
9166, 0
9167, 22
9168, 21
9169, 21
9170, 21
9171, 21
9172, 0
9173, 69
9174, 0
9175, 23
9176, 21
9177, 21
9178, 21
9179, 21
9180, 0
9181, 44
9182, 41
9183, 0
9184, 19
9185, 0
9186, 30
9187, 0
9188, 50
9189, 68
9190, 5
9191, 19
9192, 11
9193, 0
9194, 46
9195, 0
9196, 50
9197, 0
9198, 66
9199, 68
9200, 68
9201, 5
9202, 38
9203, 17
9204, 0
9205, 50
9206, 0
9207, 69
9208, 68
9209, 68
9210, 5
9211, 38
9212, 20
9213, 0
9214, 22
9215, 21
9216, 21
9217, 21
9218, 20
9219, 2
9220, 11
9221, 18
9222, 28
9223, 5
9224, 29
9225, 11
9226, 47
9227, 28
9228, 40
9229, 67
9230, 9
9231, 26
9232, 65
9233, 7
9234, 13
9235, 9
9236, 17
9237, 0
9238, 0
9239, 23
9240, 21
9241, 21
9242, 21
9243, 20
9244, 2
9245, 11
9246, 18
9247, 28
9248, 5
9249, 29
9250, 11
9251, 47
9252, 28
9253, 43
9254, 67
9255, 9
9256, 26
9257, 66
9258, 7
9259, 13
9260, 9
9261, 18
9262, 0
9263, 0
9264, 18
9265, 0
9266, 29
9267, 28
9268, 72
9269, 73
9270, 21
9271, 0
9272, 29
9273, 17
9274, 21
9275, 5
9276, 4
9277, 6
9278, 75
9279, 12
9280, 13
9281, 13
9282, 13
9283, 0
9284, 57
9285, 0
9286, 76
9287, 13
9288, 13
9289, 42
9290, 11
9291, 2
9292, 10
9293, 11
9294, 9
9295, 21
9296, 0
9297, 0
9298, 28
9299, 0
9300, 32
9301, 28
9302, 72
9303, 73
9304, 24
9305, 0
9306, 32
9307, 17
9308, 21
9309, 5
9310, 4
9311, 6
9312, 75
9313, 12
9314, 13
9315, 13
9316, 13
9317, 0
9318, 67
9319, 0
9320, 76
9321, 13
9322, 13
9323, 42
9324, 11
9325, 2
9326, 10
9327, 11
9328, 9
9329, 24
9330, 0
9331, 0
9332, 74
9333, 71
9334, 0
9335, 56
9336, 0
9337, 69
9338, 72
9339, 0
9340, 0
9341, 26
9342, 36
9343, 35
9344, 2
9345, 28
9346, 0
9347, 64
9348, 64
9349, 0
9350, 25
9351, 5
9352, 14
9353, 35
9354, 31
9355, 0
9356, 41
9357, 0
9358, 24
9359, 49
9360, 13
9361, 26
9362, 31
9363, 9
9364, 0
9365, 69
9366, 0
9367, 68
9368, 0
9369, 24
9370, 61
9371, 41
9372, 9
9373, 0
9374, 65
9375, 0
9376, 14
9377, 35
9378, 31
9379, 0
9380, 24
9381, 52
9382, 13
9383, 26
9384, 31
9385, 9
9386, 0
9387, 53
9388, 58
9389, 0
9390, 24
9391, 64
9392, 61
9393, 9
9394, 0
9395, 21
9396, 0
9397, 19
9398, 0
9399, 0
9400, 39
9401, 37
9402, 2
9403, 42
9404, 21
9405, 0
9406, 23
9407, 5
9408, 40
9409, 30
9410, 15
9411, 39
9412, 37
9413, 2
9414, 42
9415, 18
9416, 0
9417, 26
9418, 0
9419, 78
9420, 0
9421, 33
9422, 0
9423, 51
9424, 36
9425, 51
9426, 24
9427, 0
9428, 20
9429, 39
9430, 37
9431, 2
9432, 42
9433, 67
9434, 40
9435, 0
9436, 31
9437, 0
9438, 28
9439, 49
9440, 0
9441, 51
9442, 38
9443, 29
9444, 53
9445, 41
9446, 0
9447, 51
9448, 52
9449, 5
9450, 26
9451, 44
9452, 17
9453, 50
9454, 7
9455, 11
9456, 4
9457, 19
9458, 45
9459, 0
9460, 7
9461, 9
9462, 12
9463, 0
9464, 5
9465, 44
9466, 0
9467, 4
9468, 38
9469, 29
9470, 31
9471, 10
9472, 0
9473, 25
9474, 9
9475, 0
9476, 51
9477, 26
9478, 25
9479, 15
9480, 16
9481, 5
9482, 0
9483, 4
9484, 22
9485, 55
9486, 45
9487, 7
9488, 9
9489, 0
9490, 9
9491, 29
9492, 5
9493, 18
9494, 0
9495, 20
9496, 67
9497, 37
9498, 33
9499, 57
9500, 70
9501, 39
9502, 0
9503, 44
9504, 54
9505, 34
9506, 0
9507, 19
9508, 11
9509, 37
9510, 51
9511, 5
9512, 32
9513, 20
9514, 44
9515, 9
9516, 7
9517, 45
9518, 5
9519, 27
9520, 4
9521, 11
9522, 62
9523, 36
9524, 21
9525, 42
9526, 47
9527, 0
9528, 36
9529, 36
9530, 0
9531, 19
9532, 25
9533, 20
9534, 15
9535, 5
9536, 4
9537, 37
9538, 45
9539, 9
9540, 9
9541, 17
9542, 55
9543, 11
9544, 61
9545, 36
9546, 63
9547, 37
9548, 0
9549, 20
9550, 44
9551, 14
9552, 0
9553, 25
9554, 0
9555, 46
9556, 5
9557, 14
9558, 9
9559, 4
9560, 10
9561, 64
9562, 7
9563, 8
9564, 0
9565, 14
9566, 0
9567, 61
9568, 36
9569, 63
9570, 37
9571, 0
9572, 40
9573, 46
9574, 45
9575, 38
9576, 0
9577, 18
9578, 10
9579, 5
9580, 32
9581, 47
9582, 9
9583, 10
9584, 63
9585, 37
9586, 2
9587, 43
9588, 0
9589, 47
9590, 42
9591, 50
9592, 42
9593, 43
9594, 0
9595, 20
9596, 0
9597, 66
9598, 33
9599, 30
9600, 30
9601, 0
9602, 67
9603, 69
9604, 0
9605, 25
9606, 0
9607, 14
9608, 12
9609, 11
9610, 0
9611, 19
9612, 21
9613, 48
9614, 31
9615, 22
9616, 22
9617, 5
9618, 13
9619, 0
9620, 23
9621, 33
9622, 0
9623, 24
9624, 36
9625, 0
9626, 11
9627, 30
9628, 38
9629, 32
9630, 9
9631, 0
9632, 23
9633, 9
9634, 0
9635, 22
9636, 0
9637, 43
9638, 52
9639, 11
9640, 0
9641, 28
9642, 28
9643, 57
9644, 38
9645, 0
9646, 5
9647, 62
9648, 21
9649, 0
9650, 30
9651, 37
9652, 30
9653, 0
9654, 13
9655, 0
9656, 47
9657, 0
9658, 24
9659, 38
9660, 34
9661, 9
9662, 12
9663, 66
9664, 37
9665, 2
9666, 43
9667, 0
9668, 47
9669, 42
9670, 50
9671, 42
9672, 43
9673, 0
9674, 23
9675, 0
9676, 66
9677, 31
9678, 33
9679, 30
9680, 0
9681, 67
9682, 69
9683, 0
9684, 25
9685, 0
9686, 14
9687, 12
9688, 11
9689, 0
9690, 19
9691, 21
9692, 48
9693, 31
9694, 22
9695, 22
9696, 5
9697, 13
9698, 0
9699, 23
9700, 33
9701, 0
9702, 24
9703, 36
9704, 0
9705, 11
9706, 30
9707, 38
9708, 32
9709, 9
9710, 0
9711, 23
9712, 9
9713, 0
9714, 22
9715, 0
9716, 43
9717, 52
9718, 11
9719, 0
9720, 28
9721, 28
9722, 57
9723, 38
9724, 0
9725, 5
9726, 62
9727, 21
9728, 0
9729, 30
9730, 37
9731, 30
9732, 0
9733, 13
9734, 0
9735, 47
9736, 0
9737, 24
9738, 38
9739, 34
9740, 9
9741, 15
9742, 65
9743, 37
9744, 2
9745, 43
9746, 0
9747, 47
9748, 42
9749, 50
9750, 42
9751, 43
9752, 0
9753, 22
9754, 0
9755, 66
9756, 29
9757, 35
9758, 30
9759, 0
9760, 67
9761, 69
9762, 0
9763, 25
9764, 0
9765, 14
9766, 12
9767, 11
9768, 0
9769, 19
9770, 21
9771, 48
9772, 31
9773, 22
9774, 22
9775, 5
9776, 13
9777, 0
9778, 23
9779, 33
9780, 0
9781, 24
9782, 36
9783, 0
9784, 11
9785, 30
9786, 38
9787, 32
9788, 9
9789, 0
9790, 23
9791, 9
9792, 0
9793, 22
9794, 0
9795, 43
9796, 52
9797, 11
9798, 0
9799, 28
9800, 28
9801, 57
9802, 38
9803, 0
9804, 5
9805, 62
9806, 21
9807, 0
9808, 30
9809, 37
9810, 30
9811, 0
9812, 13
9813, 0
9814, 47
9815, 0
9816, 24
9817, 38
9818, 34
9819, 9
9820, 14
9821, 40
9822, 37
9823, 28
9824, 0
9825, 34
9826, 44
9827, 50
9828, 0
9829, 23
9830, 0
9831, 17
9832, 30
9833, 32
9834, 7
9835, 24
9836, 14
9837, 9
9838, 22
9839, 32
9840, 5
9841, 13
9842, 10
9843, 8
9844, 44
9845, 5
9846, 11
9847, 9
9848, 9
9849, 0
9850, 10
9851, 32
9852, 0
9853, 36
9854, 0
9855, 32
9856, 32
9857, 29
9858, 11
9859, 9
9860, 0
9861, 17
9862, 14
9863, 24
9864, 5
9865, 35
9866, 18
9867, 10
9868, 0
9869, 4
9870, 6
9871, 32
9872, 12
9873, 8
9874, 2
9875, 12
9876, 5
9877, 11
9878, 15
9879, 15
9880, 19
9881, 4
9882, 13
9883, 7
9884, 9
9885, 9
9886, 0
9887, 21
9888, 21
9889, 5
9890, 41
9891, 24
9892, 23
9893, 9
9894, 31
9895, 39
9896, 27
9897, 9
9898, 24
9899, 21
9900, 35
9901, 9
9902, 24
9903, 13
9904, 9
9905, 0
9906, 15
9907, 40
9908, 37
9909, 67
9910, 2
9911, 16
9912, 150
9913, 0
9914, 17
9915, 22
9916, 0
9917, 23
9918, 28
9919, 33
9920, 0
9921, 64
9922, 0
9923, 23
9924, 35
9925, 35
9926, 7
9927, 16
9928, 25
9929, 10
9930, 0
9931, 23
9932, 50
9933, 5
9934, 14
9935, 13
9936, 8
9937, 0
9938, 47
9939, 5
9940, 14
9941, 14
9942, 9
9943, 10
9944, 0
9945, 47
9946, 20
9947, 0
9948, 17
9949, 51
9950, 9
9951, 0
9952, 17
9953, 19
9954, 16
9955, 5
9956, 54
9957, 17
9958, 15
9959, 0
9960, 4
9961, 25
9962, 0
9963, 17
9964, 34
9965, 21
9966, 7
9967, 0
9968, 32
9969, 0
9970, 20
9971, 9
9972, 9
9973, 0
9974, 45
9975, 18
9976, 5
9977, 26
9978, 41
9979, 9
9980, 0
9981, 63
9982, 15
9983, 40
9984, 37
9985, 52
9986, 42
9987, 16
9988, 43
9989, 2
9990, 42
9991, 59
9992, 0
9993, 35
9994, 0
9995, 23
9996, 28
9997, 33
9998, 0
9999, 64
10000, 0
10001, 17
10002, 46
10003, 32
10004, 9
10005, 0
10006, 45
10007, 18
10008, 0
10009, 17
10010, 25
10011, 22
10012, 5
10013, 49
10014, 17
10015, 15
10016, 0
10017, 4
10018, 35
10019, 21
10020, 9
10021, 31
10022, 34
10023, 26
10024, 9
10025, 0
10026, 24
10027, 34
10028, 21
10029, 7
10030, 9
10031, 0
10032, 5
10033, 26
10034, 41
10035, 9
10036, 63
10037, 15
10038, 58
10039, 39
10040, 37
10041, 2
10042, 36
10043, 37
10044, 2
10045, 22
10046, 0
10047, 59
10048, 58
10049, 52
10050, 47
10051, 57
10052, 23
10053, 47
10054, 60
10055, 0
10056, 15
10057, 0
10058, 53
10059, 23
10060, 61
10061, 60
10062, 48
10063, 0
10064, 27
10065, 44
10066, 32
10067, 0
10068, 23
10069, 23
10070, 23
10071, 0
10072, 23
10073, 5
10074, 19
10075, 16
10076, 15
10077, 0
10078, 21
10079, 5
10080, 17
10081, 13
10082, 0
10083, 21
10084, 5
10085, 19
10086, 9
10087, 13
10088, 0
10089, 54
10090, 5
10091, 26
10092, 21
10093, 19
10094, 9
10095, 4
10096, 28
10097, 15
10098, 9
10099, 7
10100, 4
10101, 19
10102, 11
10103, 7
10104, 7
10105, 7
10106, 9
10107, 16
10108, 0
10109, 60
10110, 0
10111, 5
10112, 4
10113, 60
10114, 30
10115, 28
10116, 9
10117, 0
10118, 7
10119, 27
10120, 70
10121, 5
10122, 64
10123, 4
10124, 7
10125, 39
10126, 37
10127, 2
10128, 36
10129, 2
10130, 41
10131, 0
10132, 17
10133, 27
10134, 17
10135, 30
10136, 0
10137, 21
10138, 0
10139, 16
10140, 0
10141, 42
10142, 53
10143, 63
10144, 26
10145, 51
10146, 45
10147, 52
10148, 16
10149, 0
10150, 28
10151, 61
10152, 25
10153, 20
10154, 12
10155, 27
10156, 0
10157, 38
10158, 43
10159, 49
10160, 10
10161, 29
10162, 12
10163, 6
10164, 21
10165, 27
10166, 11
10167, 36
10168, 0
10169, 60
10170, 60
10171, 25
10172, 0
10173, 61
10174, 5
10175, 30
10176, 7
10177, 44
10178, 49
10179, 5
10180, 30
10181, 27
10182, 4
10183, 37
10184, 35
10185, 7
10186, 8
10187, 24
10188, 51
10189, 7
10190, 4
10191, 7
10192, 4
10193, 0
10194, 29
10195, 55
10196, 29
10197, 24
10198, 0
10199, 29
10200, 17
10201, 43
10202, 19
10203, 6
10204, 16
10205, 16
10206, 30
10207, 11
10208, 0
10209, 52
10210, 36
10211, 5
10212, 21
10213, 26
10214, 20
10215, 22
10216, 4
10217, 28
10218, 36
10219, 4
10220, 37
10221, 7
10222, 7
10223, 4
10224, 0
10225, 32
10226, 0
10227, 28
10228, 32
10229, 32
10230, 64
10231, 27
10232, 0
10233, 40
10234, 5
10235, 26
10236, 40
10237, 16
10238, 4
10239, 0
10240, 21
10241, 5
10242, 31
10243, 57
10244, 7
10245, 25
10246, 17
10247, 4
10248, 0
10249, 44
10250, 0
10251, 36
10252, 57
10253, 5
10254, 56
10255, 44
10256, 48
10257, 9
10258, 4
10259, 0
10260, 47
10261, 5
10262, 21
10263, 28
10264, 33
10265, 4
10266, 34
10267, 7
10268, 9
10269, 4
10270, 0
10271, 50
10272, 0
10273, 46
10274, 5
10275, 26
10276, 26
10277, 40
10278, 27
10279, 8
10280, 7
10281, 59
10282, 26
10283, 7
10284, 33
10285, 35
10286, 7
10287, 9
10288, 26
10289, 4
10290, 0
10291, 27
10292, 5
10293, 25
10294, 22
10295, 4
10296, 0
10297, 50
10298, 21
10299, 5
10300, 21
10301, 31
10302, 9
10303, 9
10304, 4
10305, 0
10306, 35
10307, 0
10308, 45
10309, 32
10310, 5
10311, 60
10312, 4
10313, 0
10314, 32
10315, 0
10316, 54
10317, 5
10318, 17
10319, 21
10320, 20
10321, 44
10322, 20
10323, 7
10324, 4
10325, 0
10326, 5
10327, 24
10328, 4
10329, 60
10330, 26
10331, 28
10332, 9
10333, 33
10334, 15
10335, 11
10336, 4
