1, 20
2, 2
3, 74
4, 2
5, 36
6, 24
7, 2
8, 17
9, 17
10, 2
11, 47
12, 2
13, 63
14, 2
15, 2
16, 18
17, 16
18, 22
19, 24
20, 1
21, 22
22, 19
23, 22
24, 49
25, 1
26, 9
27, 1
28, 34
29, 52
30, 31
31, 21
32, 18
33, 25
34, 26
35, 9
36, 36
37, 15
38, 19
39, 3
40, 22
41, 20
42, 2
43, 68
44, 2
45, 39
46, 23
47, 2
48, 17
49, 17
50, 2
51, 47
52, 2
53, 55
54, 2
55, 14
56, 16
57, 28
58, 24
59, 45
60, 1
61, 22
62, 24
63, 1
64, 23
65, 23
66, 1
67, 28
68, 26
69, 1
70, 13
71, 21
72, 27
73, 12
74, 9
75, 1
76, 41
77, 1
78, 16
79, 16
80, 1
81, 18
82, 20
83, 2
84, 77
85, 2
86, 44
87, 37
88, 1
89, 30
90, 41
91, 15
92, 70
93, 2
94, 44
95, 2
96, 14
97, 16
98, 7
99, 1
100, 53
101, 1
102, 16
103, 21
104, 37
105, 38
106, 20
107, 1
108, 9
109, 1
110, 50
111, 54
112, 32
113, 36
114, 1
115, 19
116, 39
117, 29
118, 1
119, 52
120, 36
121, 21
122, 1
123, 42
124, 25
125, 9
126, 72
127, 11
128, 21
129, 25
130, 1
131, 55
132, 32
133, 45
134, 36
135, 1
136, 43
137, 1
138, 25
139, 1
140, 24
141, 62
142, 59
143, 11
144, 46
145, 30
146, 18
147, 1
148, 20
149, 13
150, 16
151, 1
152, 55
153, 51
154, 1
155, 34
156, 58
157, 27
158, 80
159, 48
160, 1
161, 37
162, 24
163, 1
164, 40
165, 1
166, 36
167, 50
168, 66
169, 47
170, 1
171, 48
172, 3
173, 35
174, 51
175, 15
176, 26
177, 46
178, 44
179, 9
180, 47
181, 44
182, 12
183, 78
184, 33
185, 9
186, 1
187, 65
188, 49
189, 24
190, 39
191, 37
192, 2
193, 30
194, 41
195, 32
196, 15
197, 52
198, 41
199, 1
200, 17
201, 16
202, 1
203, 72
204, 27
205, 57
206, 1
207, 37
208, 19
209, 1
210, 38
211, 1
212, 27
213, 30
214, 1
215, 12
216, 39
217, 29
218, 30
219, 34
220, 12
221, 22
222, 21
223, 18
224, 12
225, 47
226, 21
227, 1
228, 20
229, 18
230, 67
231, 26
232, 23
233, 20
234, 28
235, 28
236, 29
237, 32
238, 29
239, 35
240, 18
241, 54
242, 15
243, 1
244, 57
245, 12
246, 36
247, 27
248, 73
249, 22
250, 15
251, 1
252, 24
253, 14
254, 25
255, 21
256, 31
257, 17
258, 15
259, 24
260, 44
261, 71
262, 1
263, 28
264, 29
265, 18
266, 12
267, 15
268, 21
269, 40
270, 37
271, 2
272, 62
273, 46
274, 51
275, 1
276, 17
277, 1
278, 16
279, 1
280, 38
281, 26
282, 27
283, 53
284, 47
285, 31
286, 36
287, 36
288, 80
289, 1
290, 9
291, 1
292, 53
293, 18
294, 29
295, 51
296, 55
297, 62
298, 38
299, 17
300, 20
301, 10
302, 8
303, 22
304, 25
305, 32
306, 14
307, 37
308, 30
309, 22
310, 34
311, 68
312, 16
313, 39
314, 14
315, 54
316, 41
317, 43
318, 12
319, 43
320, 14
321, 25
322, 27
323, 35
324, 28
325, 49
326, 17
327, 28
328, 37
329, 35
330, 21
331, 14
332, 34
333, 11
334, 31
335, 3
336, 21
337, 20
338, 2
339, 70
340, 2
341, 39
342, 37
343, 2
344, 57
345, 38
346, 2
347, 17
348, 17
349, 2
350, 47
351, 2
352, 55
353, 2
354, 6
355, 6
356, 22
357, 1
358, 14
359, 1
360, 15
361, 17
362, 24
363, 46
364, 36
365, 34
366, 35
367, 41
368, 50
369, 50
370, 50
371, 50
372, 50
373, 50
374, 38
375, 1
376, 12
377, 24
378, 14
379, 16
380, 35
381, 43
382, 51
383, 51
384, 51
385, 51
386, 35
387, 3
388, 32
389, 32
390, 32
391, 32
392, 32
393, 32
394, 32
395, 32
396, 32
397, 32
398, 32
399, 32
400, 32
401, 32
402, 32
403, 27
404, 1
405, 22
406, 19
407, 2
408, 1
409, 59
410, 1
411, 62
412, 1
413, 75
414, 1
415, 6
416, 9
417, 1
418, 37
419, 33
420, 31
421, 1
422, 35
423, 35
424, 1
425, 25
426, 1
427, 31
428, 50
429, 15
430, 18
431, 6
432, 16
433, 20
434, 25
435, 20
436, 12
437, 32
438, 3
439, 44
440, 51
441, 15
442, 17
443, 6
444, 26
445, 24
446, 20
447, 29
448, 33
449, 18
450, 15
451, 12
452, 3
453, 28
454, 3
455, 42
456, 40
457, 42
458, 50
459, 30
460, 24
461, 39
462, 35
463, 1
464, 37
465, 14
466, 8
467, 28
468, 32
469, 20
470, 13
471, 22
472, 15
473, 17
474, 39
475, 15
476, 33
477, 29
478, 12
479, 33
480, 1
481, 42
482, 40
483, 42
484, 39
485, 30
486, 34
487, 39
488, 35
489, 19
490, 1
491, 37
492, 34
493, 8
494, 28
495, 32
496, 20
497, 13
498, 22
499, 15
500, 17
501, 28
502, 20
503, 17
504, 30
505, 21
506, 15
507, 33
508, 29
509, 12
510, 1
511, 33
512, 1
513, 18
514, 40
515, 37
516, 2
517, 31
518, 50
519, 1
520, 14
521, 16
522, 1
523, 36
524, 34
525, 35
526, 1
527, 38
528, 43
529, 58
530, 1
531, 19
532, 27
533, 20
534, 1
535, 23
536, 29
537, 18
538, 33
539, 24
540, 1
541, 57
542, 34
543, 34
544, 34
545, 34
546, 34
547, 34
548, 34
549, 34
550, 34
551, 34
552, 34
553, 34
554, 34
555, 34
556, 34
557, 10
558, 1
559, 58
560, 45
561, 45
562, 45
563, 45
564, 10
565, 1
566, 41
567, 56
568, 56
569, 56
570, 56
571, 56
572, 56
573, 51
574, 1
575, 27
576, 15
577, 25
578, 1
579, 41
580, 39
581, 20
582, 7
583, 13
584, 9
585, 1
586, 44
587, 68
588, 75
589, 1
590, 9
591, 1
592, 58
593, 38
594, 44
595, 31
596, 49
597, 60
598, 34
599, 1
600, 30
601, 42
602, 29
603, 44
604, 45
605, 30
606, 1
607, 11
608, 12
609, 1
610, 27
611, 28
612, 1
613, 23
614, 22
615, 31
616, 27
617, 12
618, 21
619, 14
620, 1
621, 44
622, 25
623, 30
624, 29
625, 14
626, 23
627, 11
628, 24
629, 1
630, 45
631, 49
632, 66
633, 14
634, 20
635, 1
636, 13
637, 1
638, 31
639, 34
640, 51
641, 11
642, 1
643, 30
644, 67
645, 1
646, 10
647, 26
648, 53
649, 20
650, 14
651, 21
652, 11
653, 29
654, 1
655, 51
656, 66
657, 42
658, 29
659, 42
660, 46
661, 43
662, 23
663, 14
664, 1
665, 41
666, 1
667, 23
668, 1
669, 10
670, 16
671, 36
672, 28
673, 49
674, 20
675, 14
676, 1
677, 44
678, 1
679, 31
680, 35
681, 16
682, 12
683, 20
684, 14
685, 11
686, 20
687, 39
688, 11
689, 27
690, 1
691, 18
692, 20
693, 2
694, 69
695, 2
696, 36
697, 23
698, 2
699, 17
700, 17
701, 2
702, 47
703, 2
704, 63
705, 2
706, 18
707, 16
708, 22
709, 24
710, 1
711, 22
712, 19
713, 21
714, 25
715, 1
716, 9
717, 1
718, 34
719, 51
720, 29
721, 19
722, 17
723, 9
724, 37
725, 11
726, 20
727, 3
728, 22
729, 1
730, 20
731, 2
732, 72
733, 2
734, 40
735, 37
736, 3
737, 64
738, 2
739, 52
740, 2
741, 48
742, 2
743, 17
744, 16
745, 18
746, 32
747, 24
748, 22
749, 22
750, 11
751, 41
752, 9
753, 31
754, 21
755, 20
756, 2
757, 73
758, 2
759, 35
760, 23
761, 2
762, 17
763, 17
764, 2
765, 47
766, 2
767, 57
768, 2
769, 17
770, 16
771, 36
772, 34
773, 35
774, 35
775, 43
776, 23
777, 24
778, 19
779, 1
780, 22
781, 19
782, 24
783, 1
784, 1
785, 40
786, 21
787, 39
788, 1
789, 14
790, 23
791, 1
792, 31
793, 1
794, 18
795, 1
796, 9
797, 34
798, 31
799, 31
800, 36
801, 34
802, 25
803, 1
804, 26
805, 29
806, 46
807, 27
808, 15
809, 20
810, 1
811, 20
812, 11
813, 7
814, 23
815, 18
816, 22
817, 12
818, 23
819, 25
820, 20
821, 28
822, 25
823, 20
824, 17
825, 14
826, 13
827, 22
828, 10
829, 27
830, 49
831, 21
832, 17
833, 32
834, 27
835, 19
836, 21
837, 15
838, 24
839, 17
840, 14
841, 19
842, 8
843, 1
844, 21
845, 1
846, 21
847, 20
848, 2
849, 70
850, 2
851, 22
852, 24
853, 2
854, 17
855, 17
856, 2
857, 47
858, 2
859, 63
860, 2
861, 38
862, 2
863, 96
864, 2
865, 24
866, 2
867, 46
868, 2
869, 14
870, 16
871, 31
872, 18
873, 1
874, 23
875, 20
876, 2
877, 44
878, 37
879, 2
880, 30
881, 71
882, 21
883, 15
884, 29
885, 35
886, 2
887, 39
888, 1
889, 16
890, 16
891, 10
892, 59
893, 1
894, 40
895, 1
896, 22
897, 44
898, 44
899, 15
900, 1
901, 24
902, 13
903, 43
904, 51
905, 17
906, 1
907, 9
908, 1
909, 42
910, 37
911, 38
912, 1
913, 45
914, 40
915, 28
916, 1
917, 46
918, 50
919, 56
920, 51
921, 1
922, 34
923, 34
924, 1
925, 16
926, 24
927, 33
928, 14
929, 28
930, 11
931, 28
932, 1
933, 29
934, 44
935, 44
936, 1
937, 17
938, 1
939, 40
940, 7
941, 42
942, 39
943, 40
944, 69
945, 15
946, 49
947, 56
948, 15
949, 14
950, 45
951, 11
952, 21
953, 1
954, 32
955, 39
956, 1
957, 24
958, 24
959, 1
960, 76
961, 40
962, 1
963, 28
964, 41
965, 66
966, 13
967, 48
968, 46
969, 21
970, 20
971, 51
972, 17
973, 14
974, 11
975, 1
976, 16
977, 30
978, 1
979, 48
980, 36
981, 38
982, 57
983, 1
984, 20
985, 1
986, 10
987, 28
988, 56
989, 47
990, 20
991, 48
992, 14
993, 11
994, 33
995, 1
996, 37
997, 41
998, 43
999, 1
1000, 17
1001, 1
1002, 42
1003, 7
1004, 76
1005, 36
1006, 15
1007, 14
1008, 45
1009, 11
1010, 19
1011, 1
1012, 42
1013, 40
1014, 42
1015, 1
1016, 35
1017, 1
1018, 52
1019, 35
1020, 51
1021, 6
1022, 50
1023, 40
1024, 1
1025, 23
1026, 1
1027, 33
1028, 10
1029, 33
1030, 1
1031, 10
1032, 1
1033, 7
1034, 30
1035, 1
1036, 35
1037, 68
1038, 76
1039, 72
1040, 76
1041, 72
1042, 80
1043, 1
1044, 19
1045, 23
1046, 18
1047, 30
1048, 11
1049, 1
1050, 20
1051, 1
1052, 29
1053, 25
1054, 13
1055, 50
1056, 75
1057, 80
1058, 65
1059, 80
1060, 61
1061, 13
1062, 76
1063, 80
1064, 65
1065, 80
1066, 61
1067, 12
1068, 44
1069, 80
1070, 65
1071, 80
1072, 61
1073, 12
1074, 80
1075, 65
1076, 80
1077, 61
1078, 12
1079, 79
1080, 34
1081, 80
1082, 61
1083, 12
1084, 66
1085, 80
1086, 61
1087, 12
1088, 35
1089, 80
1090, 61
1091, 12
1092, 80
1093, 61
1094, 12
1095, 79
1096, 30
1097, 12
1098, 62
1099, 12
1100, 31
1101, 15
1102, 1
1103, 20
1104, 1
1105, 40
1106, 1
1107, 11
1108, 1
1109, 24
1110, 23
1111, 41
1112, 39
1113, 41
1114, 1
1115, 41
1116, 40
1117, 40
1118, 1
1119, 40
1120, 40
1121, 41
1122, 28
1123, 26
1124, 20
1125, 1
1126, 20
1127, 15
1128, 16
1129, 1
1130, 59
1131, 1
1132, 48
1133, 35
1134, 20
1135, 33
1136, 61
1137, 1
1138, 74
1139, 77
1140, 76
1141, 1
1142, 31
1143, 1
1144, 79
1145, 15
1146, 5
1147, 38
1148, 25
1149, 33
1150, 41
1151, 10
1152, 41
1153, 44
1154, 31
1155, 30
1156, 42
1157, 45
1158, 51
1159, 34
1160, 37
1161, 15
1162, 26
1163, 50
1164, 15
1165, 24
1166, 12
1167, 9
1168, 1
1169, 35
1170, 1
1171, 40
1172, 1
1173, 28
1174, 28
1175, 1
1176, 26
1177, 27
1178, 29
1179, 35
1180, 41
1181, 1
1182, 9
1183, 1
1184, 39
1185, 34
1186, 1
1187, 25
1188, 51
1189, 22
1190, 1
1191, 28
1192, 1
1193, 48
1194, 1
1195, 48
1196, 1
1197, 21
1198, 32
1199, 29
1200, 23
1201, 58
1202, 61
1203, 55
1204, 44
1205, 14
1206, 29
1207, 11
1208, 1
1209, 32
1210, 58
1211, 55
1212, 11
1213, 23
1214, 35
1215, 1
1216, 33
1217, 43
1218, 1
1219, 43
1220, 30
1221, 1
1222, 25
1223, 28
1224, 1
1225, 48
1226, 1
1227, 52
1228, 29
1229, 24
1230, 20
1231, 2
1232, 75
1233, 2
1234, 39
1235, 37
1236, 2
1237, 22
1238, 2
1239, 41
1240, 2
1241, 17
1242, 17
1243, 2
1244, 47
1245, 2
1246, 65
1247, 2
1248, 19
1249, 16
1250, 30
1251, 27
1252, 39
1253, 39
1254, 34
1255, 39
1256, 13
1257, 24
1258, 23
1259, 31
1260, 1
1261, 22
1262, 17
1263, 8
1264, 14
1265, 16
1266, 22
1267, 22
1268, 31
1269, 13
1270, 16
1271, 51
1272, 26
1273, 31
1274, 22
1275, 24
1276, 47
1277, 38
1278, 19
1279, 18
1280, 15
1281, 32
1282, 49
1283, 48
1284, 13
1285, 50
1286, 40
1287, 15
1288, 1
1289, 30
1290, 31
1291, 41
1292, 55
1293, 25
1294, 23
1295, 1
1296, 31
1297, 75
1298, 49
1299, 55
1300, 25
1301, 23
1302, 1
1303, 15
1304, 1
1305, 12
1306, 9
1307, 23
1308, 43
1309, 42
1310, 5
1311, 44
1312, 31
1313, 2
1314, 19
1315, 18
1316, 84
1317, 64
1318, 65
1319, 61
1320, 62
1321, 70
1322, 68
1323, 51
1324, 52
1325, 67
1326, 54
1327, 49
1328, 51
1329, 13
1330, 17
1331, 26
1332, 59
1333, 16
1334, 29
1335, 13
1336, 14
1337, 40
1338, 24
1339, 70
1340, 9
1341, 70
1342, 10
1343, 1
1344, 17
1345, 15
1346, 1
1347, 22
1348, 20
1349, 49
1350, 37
1351, 37
1352, 25
1353, 20
1354, 28
1355, 1
1356, 56
1357, 49
1358, 43
1359, 38
1360, 38
1361, 36
1362, 48
1363, 19
1364, 1
1365, 40
1366, 17
1367, 1
1368, 11
1369, 1
1370, 30
1371, 32
1372, 1
1373, 36
1374, 1
1375, 24
1376, 16
1377, 36
1378, 20
1379, 35
1380, 25
1381, 29
1382, 28
1383, 35
1384, 25
1385, 1
1386, 39
1387, 30
1388, 22
1389, 16
1390, 1
1391, 29
1392, 28
1393, 28
1394, 12
1395, 9
1396, 1
1397, 1
1398, 79
1399, 1
1400, 17
1401, 1
1402, 23
1403, 1
1404, 40
1405, 37
1406, 2
1407, 22
1408, 56
1409, 1
1410, 19
1411, 20
1412, 22
1413, 55
1414, 71
1415, 53
1416, 40
1417, 45
1418, 49
1419, 30
1420, 39
1421, 30
1422, 35
1423, 69
1424, 62
1425, 9
1426, 35
1427, 9
1428, 28
1429, 23
1430, 9
1431, 48
1432, 28
1433, 28
1434, 37
1435, 9
1436, 34
1437, 25
1438, 19
1439, 80
1440, 35
1441, 19
1442, 28
1443, 30
1444, 43
1445, 71
1446, 23
1447, 29
1448, 66
1449, 70
1450, 32
1451, 32
1452, 47
1453, 30
1454, 36
1455, 33
1456, 61
1457, 48
1458, 48
1459, 33
1460, 59
1461, 59
1462, 33
1463, 80
1464, 49
1465, 84
1466, 49
1467, 84
1468, 49
1469, 83
1470, 49
1471, 39
1472, 33
1473, 53
1474, 33
1475, 49
1476, 31
1477, 25
1478, 46
1479, 62
1480, 25
1481, 47
1482, 62
1483, 44
1484, 61
1485, 46
1486, 44
1487, 1
1488, 31
1489, 23
1490, 72
1491, 46
1492, 37
1493, 1
1494, 15
1495, 28
1496, 27
1497, 30
1498, 31
1499, 35
1500, 23
1501, 40
1502, 37
1503, 2
1504, 31
1505, 70
1506, 2
1507, 51
1508, 19
1509, 16
1510, 1
1511, 57
1512, 52
1513, 34
1514, 41
1515, 27
1516, 41
1517, 24
1518, 51
1519, 20
1520, 52
1521, 1
1522, 37
1523, 37
1524, 18
1525, 8
1526, 1
1527, 27
1528, 37
1529, 1
1530, 27
1531, 21
1532, 21
1533, 1
1534, 15
1535, 37
1536, 1
1537, 77
1538, 18
1539, 71
1540, 19
1541, 13
1542, 21
1543, 30
1544, 1
1545, 60
1546, 32
1547, 32
1548, 24
1549, 23
1550, 35
1551, 29
1552, 24
1553, 24
1554, 38
1555, 31
1556, 19
1557, 18
1558, 15
1559, 1
1560, 46
1561, 48
1562, 1
1563, 47
1564, 60
1565, 25
1566, 31
1567, 25
1568, 23
1569, 15
1570, 12
1571, 9
1572, 24
1573, 1
1574, 17
1575, 14
1576, 53
1577, 9
1578, 18
1579, 23
1580, 40
1581, 37
1582, 2
1583, 22
1584, 41
1585, 70
1586, 2
1587, 65
1588, 1
1589, 19
1590, 16
1591, 41
1592, 30
1593, 27
1594, 39
1595, 39
1596, 34
1597, 47
1598, 13
1599, 24
1600, 27
1601, 31
1602, 1
1603, 22
1604, 17
1605, 8
1606, 14
1607, 16
1608, 22
1609, 22
1610, 31
1611, 13
1612, 16
1613, 55
1614, 26
1615, 31
1616, 22
1617, 24
1618, 47
1619, 38
1620, 19
1621, 18
1622, 15
1623, 32
1624, 49
1625, 48
1626, 13
1627, 50
1628, 40
1629, 15
1630, 1
1631, 30
1632, 31
1633, 41
1634, 55
1635, 25
1636, 23
1637, 1
1638, 31
1639, 75
1640, 49
1641, 55
1642, 25
1643, 23
1644, 1
1645, 15
1646, 1
1647, 12
1648, 9
1649, 23
1650, 20
1651, 2
1652, 71
1653, 2
1654, 33
1655, 23
1656, 2
1657, 17
1658, 17
1659, 2
1660, 47
1661, 2
1662, 57
1663, 2
1664, 38
1665, 2
1666, 93
1667, 2
1668, 24
1669, 2
1670, 40
1671, 2
1672, 15
1673, 16
1674, 35
1675, 50
1676, 23
1677, 24
1678, 19
1679, 1
1680, 22
1681, 19
1682, 24
1683, 1
1684, 71
1685, 10
1686, 13
1687, 26
1688, 9
1689, 78
1690, 19
1691, 1
1692, 20
1693, 2
1694, 72
1695, 2
1696, 39
1697, 37
1698, 3
1699, 23
1700, 2
1701, 17
1702, 17
1703, 2
1704, 47
1705, 2
1706, 65
1707, 2
1708, 38
1709, 2
1710, 97
1711, 2
1712, 24
1713, 2
1714, 52
1715, 2
1716, 27
1717, 34
1718, 34
1719, 34
1720, 34
1721, 36
1722, 32
1723, 33
1724, 1
1725, 1
1726, 19
1727, 16
1728, 28
1729, 61
1730, 24
1731, 51
1732, 40
1733, 1
1734, 22
1735, 24
1736, 29
1737, 1
1738, 36
1739, 28
1740, 8
1741, 5
1742, 15
1743, 30
1744, 35
1745, 20
1746, 25
1747, 37
1748, 34
1749, 25
1750, 12
1751, 31
1752, 9
1753, 12
1754, 12
1755, 29
1756, 14
1757, 19
1758, 20
1759, 14
1760, 19
1761, 1
1762, 32
1763, 19
1764, 31
1765, 14
1766, 14
1767, 14
1768, 14
1769, 14
1770, 38
1771, 36
1772, 36
1773, 36
1774, 12
1775, 17
1776, 20
1777, 22
1778, 29
1779, 29
1780, 24
1781, 9
1782, 1
1783, 23
1784, 45
1785, 43
1786, 44
1787, 44
1788, 44
1789, 51
1790, 49
1791, 50
1792, 20
1793, 1
1794, 9
1795, 1
1796, 31
1797, 46
1798, 46
1799, 46
1800, 45
1801, 17
1802, 21
1803, 1
1804, 19
1805, 32
1806, 28
1807, 17
1808, 53
1809, 17
1810, 31
1811, 30
1812, 30
1813, 11
1814, 28
1815, 46
1816, 9
1817, 36
1818, 11
1819, 22
1820, 1
1821, 1
1822, 30
1823, 46
1824, 47
1825, 26
1826, 5
1827, 24
1828, 24
1829, 30
1830, 20
1831, 19
1832, 11
1833, 22
1834, 41
1835, 11
1836, 24
1837, 21
1838, 20
1839, 1
1840, 23
1841, 20
1842, 2
1843, 70
1844, 2
1845, 39
1846, 39
1847, 2
1848, 77
1849, 2
1850, 46
1851, 2
1852, 1
1853, 14
1854, 1
1855, 16
1856, 28
1857, 24
1858, 38
1859, 49
1860, 49
1861, 49
1862, 14
1863, 12
1864, 38
1865, 16
1866, 45
1867, 59
1868, 76
1869, 92
1870, 45
1871, 1
1872, 44
1873, 34
1874, 34
1875, 35
1876, 51
1877, 50
1878, 50
1879, 45
1880, 1
1881, 44
1882, 38
1883, 39
1884, 39
1885, 54
1886, 54
1887, 55
1888, 50
1889, 1
1890, 45
1891, 34
1892, 35
1893, 34
1894, 50
1895, 50
1896, 51
1897, 45
1898, 1
1899, 92
1900, 1
1901, 37
1902, 55
1903, 1
1904, 22
1905, 19
1906, 1
1907, 32
1908, 21
1909, 23
1910, 13
1911, 33
1912, 9
1913, 21
1914, 23
1915, 1
1916, 9
1917, 1
1918, 39
1919, 29
1920, 54
1921, 25
1922, 15
1923, 15
1924, 15
1925, 24
1926, 48
1927, 48
1928, 48
1929, 11
1930, 34
1931, 34
1932, 34
1933, 32
1934, 1
1935, 1
1936, 36
1937, 30
1938, 52
1939, 1
1940, 35
1941, 15
1942, 3
1943, 22
1944, 27
1945, 39
1946, 39
1947, 39
1948, 9
1949, 47
1950, 55
1951, 9
1952, 64
1953, 65
1954, 65
1955, 9
1956, 64
1957, 64
1958, 64
1959, 12
1960, 9
1961, 6
1962, 22
1963, 54
1964, 54
1965, 54
1966, 9
1967, 1
1968, 25
1969, 1
1970, 33
1971, 51
1972, 32
1973, 17
1974, 1
1975, 19
1976, 24
1977, 53
1978, 46
1979, 44
1980, 41
1981, 1
1982, 29
1983, 41
1984, 41
1985, 41
1986, 49
1987, 74
1988, 14
1989, 1
1990, 11
1991, 22
1992, 1
1993, 18
1994, 20
1995, 2
1996, 40
1997, 39
1998, 2
1999, 77
2000, 29
2001, 2
2002, 33
2003, 2
2004, 1
2005, 14
2006, 16
2007, 1
2008, 38
2009, 49
2010, 49
2011, 49
2012, 1
2013, 12
2014, 41
2015, 16
2016, 1
2017, 45
2018, 59
2019, 76
2020, 50
2021, 51
2022, 45
2023, 1
2024, 44
2025, 34
2026, 34
2027, 35
2028, 51
2029, 50
2030, 50
2031, 45
2032, 1
2033, 44
2034, 34
2035, 35
2036, 35
2037, 50
2038, 50
2039, 51
2040, 46
2041, 1
2042, 45
2043, 34
2044, 35
2045, 34
2046, 50
2047, 50
2048, 51
2049, 45
2050, 1
2051, 75
2052, 27
2053, 1
2054, 31
2055, 1
2056, 76
2057, 37
2058, 1
2059, 20
2060, 27
2061, 1
2062, 32
2063, 1
2064, 37
2065, 49
2066, 46
2067, 46
2068, 49
2069, 1
2070, 40
2071, 52
2072, 49
2073, 49
2074, 52
2075, 1
2076, 23
2077, 20
2078, 1
2079, 34
2080, 25
2081, 24
2082, 16
2083, 37
2084, 9
2085, 25
2086, 24
2087, 1
2088, 9
2089, 1
2090, 45
2091, 29
2092, 48
2093, 46
2094, 25
2095, 17
2096, 15
2097, 15
2098, 15
2099, 17
2100, 34
2101, 34
2102, 34
2103, 11
2104, 30
2105, 30
2106, 30
2107, 32
2108, 1
2109, 1
2110, 45
2111, 30
2112, 49
2113, 44
2114, 1
2115, 38
2116, 18
2117, 1
2118, 15
2119, 22
2120, 29
2121, 29
2122, 29
2123, 1
2124, 47
2125, 34
2126, 1
2127, 45
2128, 45
2129, 45
2130, 1
2131, 45
2132, 45
2133, 45
2134, 12
2135, 9
2136, 1
2137, 15
2138, 38
2139, 38
2140, 38
2141, 9
2142, 25
2143, 1
2144, 1
2145, 35
2146, 21
2147, 48
2148, 46
2149, 1
2150, 35
2151, 20
2152, 1
2153, 19
2154, 17
2155, 79
2156, 24
2157, 31
2158, 31
2159, 31
2160, 49
2161, 60
2162, 14
2163, 11
2164, 22
2165, 1
2166, 18
2167, 20
2168, 2
2169, 40
2170, 39
2171, 2
2172, 60
2173, 29
2174, 2
2175, 38
2176, 2
2177, 1
2178, 14
2179, 16
2180, 57
2181, 1
2182, 40
2183, 50
2184, 50
2185, 50
2186, 1
2187, 31
2188, 50
2189, 1
2190, 41
2191, 16
2192, 1
2193, 22
2194, 27
2195, 1
2196, 23
2197, 22
2198, 1
2199, 24
2200, 1
2201, 25
2202, 24
2203, 1
2204, 18
2205, 30
2206, 9
2207, 1
2208, 25
2209, 24
2210, 1
2211, 9
2212, 1
2213, 33
2214, 48
2215, 37
2216, 1
2217, 36
2218, 44
2219, 23
2220, 1
2221, 10
2222, 21
2223, 24
2224, 35
2225, 20
2226, 14
2227, 11
2228, 1
2229, 38
2230, 30
2231, 1
2232, 10
2233, 21
2234, 24
2235, 33
2236, 43
2237, 43
2238, 20
2239, 14
2240, 11
2241, 1
2242, 22
2243, 25
2244, 1
2245, 30
2246, 23
2247, 55
2248, 1
2249, 39
2250, 20
2251, 1
2252, 53
2253, 15
2254, 21
2255, 24
2256, 30
2257, 37
2258, 49
2259, 14
2260, 11
2261, 21
2262, 22
2263, 1
2264, 30
2265, 56
2266, 62
2267, 33
2268, 28
2269, 1
2270, 24
2271, 36
2272, 36
2273, 36
2274, 24
2275, 36
2276, 36
2277, 36
2278, 22
2279, 33
2280, 1
2281, 23
2282, 36
2283, 36
2284, 36
2285, 23
2286, 36
2287, 36
2288, 36
2289, 21
2290, 33
2291, 1
2292, 23
2293, 36
2294, 36
2295, 36
2296, 23
2297, 36
2298, 36
2299, 36
2300, 21
2301, 33
2302, 1
2303, 24
2304, 36
2305, 36
2306, 36
2307, 24
2308, 36
2309, 36
2310, 36
2311, 22
2312, 33
2313, 1
2314, 21
2315, 21
2316, 22
2317, 1
2318, 26
2319, 29
2320, 1
2321, 31
2322, 47
2323, 22
2324, 1
2325, 18
2326, 20
2327, 2
2328, 75
2329, 2
2330, 37
2331, 24
2332, 2
2333, 17
2334, 17
2335, 2
2336, 47
2337, 2
2338, 65
2339, 2
2340, 19
2341, 16
2342, 38
2343, 24
2344, 1
2345, 22
2346, 19
2347, 1
2348, 1
2349, 8
2350, 13
2351, 16
2352, 19
2353, 22
2354, 25
2355, 28
2356, 28
2357, 24
2358, 21
2359, 18
2360, 15
2361, 12
2362, 9
2363, 20
2364, 1
2365, 23
2366, 1
2367, 39
2368, 39
2369, 2
2370, 77
2371, 2
2372, 15
2373, 44
2374, 64
2375, 29
2376, 15
2377, 16
2378, 1
2379, 23
2380, 27
2381, 49
2382, 1
2383, 37
2384, 20
2385, 1
2386, 24
2387, 22
2388, 40
2389, 60
2390, 9
2391, 3
2392, 9
2393, 3
2394, 26
2395, 29
2396, 1
2397, 20
2398, 1
2399, 24
2400, 12
2401, 16
2402, 26
2403, 71
2404, 27
2405, 32
2406, 17
2407, 24
2408, 14
2409, 11
2410, 19
2411, 19
2412, 20
2413, 2
2414, 75
2415, 2
2416, 39
2417, 39
2418, 2
2419, 32
2420, 2
2421, 15
2422, 49
2423, 54
2424, 30
2425, 1
2426, 20
2427, 16
2428, 1
2429, 44
2430, 1
2431, 32
2432, 27
2433, 46
2434, 3
2435, 37
2436, 20
2437, 3
2438, 24
2439, 22
2440, 46
2441, 60
2442, 9
2443, 3
2444, 9
2445, 3
2446, 26
2447, 29
2448, 5
2449, 30
2450, 1
2451, 16
2452, 23
2453, 27
2454, 43
2455, 11
2456, 12
2457, 16
2458, 54
2459, 27
2460, 29
2461, 33
2462, 49
2463, 17
2464, 24
2465, 14
2466, 11
2467, 19
2468, 24
2469, 33
2470, 39
2471, 2
2472, 32
2473, 2
2474, 15
2475, 101
2476, 39
2477, 1
2478, 16
2479, 16
2480, 1
2481, 54
2482, 84
2483, 41
2484, 1
2485, 31
2486, 27
2487, 27
2488, 1
2489, 37
2490, 24
2491, 1
2492, 21
2493, 58
2494, 44
2495, 1
2496, 11
2497, 23
2498, 60
2499, 43
2500, 1
2501, 11
2502, 59
2503, 46
2504, 1
2505, 11
2506, 80
2507, 48
2508, 1
2509, 11
2510, 80
2511, 50
2512, 1
2513, 11
2514, 45
2515, 45
2516, 1
2517, 11
2518, 59
2519, 49
2520, 1
2521, 11
2522, 50
2523, 50
2524, 58
2525, 1
2526, 11
2527, 52
2528, 52
2529, 47
2530, 20
2531, 34
2532, 40
2533, 3
2534, 33
2535, 15
2536, 61
2537, 3
2538, 16
2539, 62
2540, 79
2541, 41
2542, 2
2543, 17
2544, 17
2545, 2
2546, 55
2547, 78
2548, 42
2549, 2
2550, 80
2551, 78
2552, 28
2553, 28
2554, 2
2555, 38
2556, 25
2557, 2
2558, 15
2559, 17
2560, 2
2561, 38
2562, 39
2563, 38
2564, 59
2565, 59
2566, 24
2567, 38
2568, 24
2569, 32
2570, 10
2571, 7
2572, 46
2573, 45
2574, 47
2575, 50
2576, 52
2577, 47
2578, 51
2579, 59
2580, 48
2581, 21
2582, 20
2583, 2
2584, 73
2585, 2
2586, 44
2587, 37
2588, 2
2589, 30
2590, 15
2591, 62
2592, 31
2593, 1
2594, 19
2595, 16
2596, 7
2597, 3
2598, 73
2599, 1
2600, 15
2601, 13
2602, 24
2603, 21
2604, 43
2605, 19
2606, 1
2607, 27
2608, 37
2609, 16
2610, 3
2611, 25
2612, 40
2613, 16
2614, 3
2615, 25
2616, 43
2617, 16
2618, 1
2619, 25
2620, 42
2621, 16
2622, 1
2623, 9
2624, 3
2625, 35
2626, 39
2627, 38
2628, 1
2629, 17
2630, 1
2631, 20
2632, 62
2633, 9
2634, 34
2635, 11
2636, 32
2637, 3
2638, 46
2639, 36
2640, 35
2641, 23
2642, 1
2643, 41
2644, 5
2645, 30
2646, 44
2647, 34
2648, 15
2649, 1
2650, 22
2651, 28
2652, 13
2653, 17
2654, 36
2655, 68
2656, 47
2657, 46
2658, 20
2659, 14
2660, 30
2661, 24
2662, 11
2663, 33
2664, 21
2665, 34
2666, 11
2667, 33
2668, 1
2669, 52
2670, 50
2671, 23
2672, 5
2673, 27
2674, 35
2675, 1
2676, 30
2677, 1
2678, 31
2679, 15
2680, 14
2681, 36
2682, 15
2683, 14
2684, 11
2685, 1
2686, 38
2687, 25
2688, 17
2689, 45
2690, 19
2691, 62
2692, 47
2693, 46
2694, 14
2695, 9
2696, 42
2697, 19
2698, 19
2699, 47
2700, 19
2701, 19
2702, 12
2703, 17
2704, 14
2705, 1
2706, 37
2707, 23
2708, 19
2709, 46
2710, 46
2711, 47
2712, 17
2713, 50
2714, 14
2715, 11
2716, 1
2717, 20
2718, 21
2719, 34
2720, 11
2721, 36
2722, 1
2723, 47
2724, 38
2725, 35
2726, 1
2727, 30
2728, 33
2729, 1
2730, 10
2731, 31
2732, 1
2733, 40
2734, 21
2735, 17
2736, 51
2737, 19
2738, 37
2739, 59
2740, 57
2741, 66
2742, 14
2743, 23
2744, 34
2745, 47
2746, 14
2747, 48
2748, 16
2749, 15
2750, 14
2751, 11
2752, 35
2753, 3
2754, 40
2755, 38
2756, 1
2757, 17
2758, 1
2759, 29
2760, 44
2761, 43
2762, 34
2763, 15
2764, 48
2765, 15
2766, 14
2767, 11
2768, 30
2769, 23
2770, 1
2771, 14
2772, 18
2773, 16
2774, 1
2775, 9
2776, 1
2777, 19
2778, 33
2779, 36
2780, 1
2781, 63
2782, 20
2783, 1
2784, 23
2785, 51
2786, 51
2787, 43
2788, 1
2789, 47
2790, 47
2791, 47
2792, 47
2793, 21
2794, 1
2795, 23
2796, 51
2797, 51
2798, 43
2799, 5
2800, 47
2801, 47
2802, 47
2803, 47
2804, 21
2805, 3
2806, 22
2807, 51
2808, 51
2809, 42
2810, 1
2811, 66
2812, 20
2813, 3
2814, 30
2815, 51
2816, 51
2817, 1
2818, 62
2819, 20
2820, 1
2821, 27
2822, 51
2823, 5
2824, 57
2825, 20
2826, 18
2827, 1
2828, 17
2829, 13
2830, 16
2831, 1
2832, 78
2833, 37
2834, 51
2835, 42
2836, 28
2837, 1
2838, 37
2839, 20
2840, 1
2841, 49
2842, 1
2843, 5
2844, 17
2845, 26
2846, 47
2847, 39
2848, 21
2849, 13
2850, 17
2851, 52
2852, 41
2853, 30
2854, 15
2855, 27
2856, 23
2857, 18
2858, 10
2859, 30
2860, 18
2861, 12
2862, 9
2863, 21
2864, 20
2865, 2
2866, 71
2867, 2
2868, 40
2869, 23
2870, 2
2871, 17
2872, 17
2873, 2
2874, 47
2875, 2
2876, 57
2877, 2
2878, 38
2879, 2
2880, 93
2881, 2
2882, 24
2883, 2
2884, 44
2885, 2
2886, 1
2887, 15
2888, 16
2889, 36
2890, 34
2891, 35
2892, 24
2893, 21
2894, 15
2895, 1
2896, 22
2897, 19
2898, 1
2899, 13
2900, 28
2901, 9
2902, 1
2903, 23
2904, 1
2905, 9
2906, 37
2907, 33
2908, 31
2909, 1
2910, 35
2911, 35
2912, 1
2913, 25
2914, 19
2915, 20
2916, 2
2917, 75
2918, 2
2919, 39
2920, 38
2921, 2
2922, 81
2923, 2
2924, 72
2925, 2
2926, 28
2927, 2
2928, 13
2929, 4
2930, 78
2931, 88
2932, 77
2933, 51
2934, 4
2935, 13
2936, 14
2937, 62
2938, 44
2939, 18
2940, 4
2941, 24
2942, 12
2943, 33
2944, 50
2945, 45
2946, 16
2947, 1
2948, 26
2949, 47
2950, 16
2951, 1
2952, 9
2953, 1
2954, 15
2955, 42
2956, 34
2957, 34
2958, 22
2959, 38
2960, 31
2961, 28
2962, 1
2963, 28
2964, 28
2965, 35
2966, 35
2967, 5
2968, 39
2969, 43
2970, 66
2971, 26
2972, 53
2973, 36
2974, 23
2975, 30
2976, 46
2977, 23
2978, 22
2979, 11
2980, 40
2981, 35
2982, 26
2983, 1
2984, 30
2985, 31
2986, 20
2987, 17
2988, 37
2989, 29
2990, 35
2991, 14
2992, 30
2993, 11
2994, 22
2995, 1
2996, 17
2997, 1
2998, 21
2999, 19
3000, 12
3001, 1
3002, 33
3003, 1
3004, 31
3005, 42
3006, 36
3007, 34
3008, 31
3009, 49
3010, 35
3011, 54
3012, 58
3013, 1
3014, 11
3015, 39
3016, 15
3017, 1
3018, 38
3019, 51
3020, 3
3021, 31
3022, 47
3023, 84
3024, 28
3025, 15
3026, 32
3027, 76
3028, 80
3029, 20
3030, 60
3031, 17
3032, 21
3033, 1
3034, 9
3035, 6
3036, 35
3037, 32
3038, 32
3039, 5
3040, 47
3041, 5
3042, 31
3043, 30
3044, 66
3045, 27
3046, 37
3047, 11
3048, 19
3049, 65
3050, 26
3051, 1
3052, 55
3053, 50
3054, 50
3055, 45
3056, 45
3057, 1
3058, 20
3059, 20
3060, 1
3061, 24
3062, 28
3063, 34
3064, 18
3065, 49
3066, 56
3067, 9
3068, 29
3069, 59
3070, 14
3071, 11
3072, 27
3073, 1
3074, 50
3075, 47
3076, 46
3077, 42
3078, 42
3079, 1
3080, 54
3081, 47
3082, 1
3083, 22
3084, 22
3085, 41
3086, 35
3087, 50
3088, 27
3089, 88
3090, 37
3091, 25
3092, 1
3093, 48
3094, 36
3095, 40
3096, 36
3097, 28
3098, 21
3099, 20
3100, 90
3101, 25
3102, 27
3103, 14
3104, 11
3105, 1
3106, 41
3107, 38
3108, 1
3109, 36
3110, 23
3111, 17
3112, 15
3113, 83
3114, 11
3115, 22
3116, 23
3117, 33
3118, 39
3119, 2
3120, 32
3121, 2
3122, 15
3123, 59
3124, 64
3125, 40
3126, 1
3127, 18
3128, 16
3129, 1
3130, 52
3131, 1
3132, 9
3133, 1
3134, 50
3135, 32
3136, 1
3137, 21
3138, 17
3139, 26
3140, 23
3141, 9
3142, 33
3143, 11
3144, 19
3145, 1
3146, 48
3147, 29
3148, 1
3149, 20
3150, 13
3151, 9
3152, 33
3153, 11
3154, 20
3155, 1
3156, 49
3157, 30
3158, 1
3159, 20
3160, 13
3161, 9
3162, 33
3163, 11
3164, 20
3165, 1
3166, 54
3167, 35
3168, 5
3169, 20
3170, 67
3171, 9
3172, 13
3173, 11
3174, 20
3175, 1
3176, 55
3177, 36
3178, 1
3179, 20
3180, 67
3181, 9
3182, 13
3183, 11
3184, 20
3185, 22
3186, 1
3187, 15
3188, 17
3189, 16
3190, 1
3191, 31
3192, 31
3193, 30
3194, 33
3195, 1
3196, 37
3197, 24
3198, 3
3199, 14
3200, 29
3201, 1
3202, 54
3203, 54
3204, 96
3205, 41
3206, 65
3207, 19
3208, 33
3209, 37
3210, 2
3211, 72
3212, 15
3213, 24
3214, 39
3215, 1
3216, 16
3217, 16
3218, 1
3219, 39
3220, 41
3221, 1
3222, 65
3223, 50
3224, 43
3225, 42
3226, 1
3227, 21
3228, 100
3229, 15
3230, 38
3231, 34
3232, 35
3233, 28
3234, 39
3235, 34
3236, 13
3237, 30
3238, 15
3239, 21
3240, 19
3241, 23
3242, 12
3243, 25
3244, 100
3245, 32
3246, 17
3247, 25
3248, 34
3249, 28
3250, 22
3251, 12
3252, 25
3253, 18
3254, 1
3255, 30
3256, 25
3257, 3
3258, 9
3259, 1
3260, 31
3261, 63
3262, 80
3263, 77
3264, 79
3265, 77
3266, 71
3267, 1
3268, 42
3269, 19
3270, 1
3271, 14
3272, 14
3273, 19
3274, 34
3275, 7
3276, 72
3277, 36
3278, 79
3279, 56
3280, 25
3281, 35
3282, 20
3283, 28
3284, 14
3285, 25
3286, 28
3287, 28
3288, 28
3289, 14
3290, 11
3291, 48
3292, 81
3293, 27
3294, 35
3295, 11
3296, 39
3297, 35
3298, 20
3299, 39
3300, 39
3301, 2
3302, 66
3303, 55
3304, 2
3305, 15
3306, 66
3307, 45
3308, 56
3309, 1
3310, 17
3311, 16
3312, 1
3313, 25
3314, 15
3315, 1
3316, 10
3317, 52
3318, 1
3319, 9
3320, 1
3321, 20
3322, 42
3323, 44
3324, 45
3325, 18
3326, 23
3327, 1
3328, 16
3329, 56
3330, 16
3331, 17
3332, 19
3333, 29
3334, 14
3335, 17
3336, 11
3337, 25
3338, 1
3339, 11
3340, 29
3341, 48
3342, 43
3343, 19
3344, 26
3345, 8
3346, 30
3347, 44
3348, 44
3349, 46
3350, 1
3351, 18
3352, 23
3353, 1
3354, 16
3355, 15
3356, 57
3357, 16
3358, 17
3359, 19
3360, 30
3361, 14
3362, 18
3363, 11
3364, 25
3365, 1
3366, 11
3367, 30
3368, 48
3369, 44
3370, 20
3371, 27
3372, 1
3373, 44
3374, 46
3375, 44
3376, 47
3377, 5
3378, 38
3379, 28
3380, 21
3381, 1
3382, 22
3383, 16
3384, 16
3385, 1
3386, 46
3387, 27
3388, 27
3389, 1
3390, 41
3391, 1
3392, 79
3393, 62
3394, 29
3395, 50
3396, 1
3397, 37
3398, 18
3399, 1
3400, 23
3401, 11
3402, 15
3403, 25
3404, 25
3405, 9
3406, 1
3407, 63
3408, 19
3409, 26
3410, 39
3411, 39
3412, 2
3413, 66
3414, 15
3415, 66
3416, 45
3417, 17
3418, 16
3419, 1
3420, 52
3421, 1
3422, 9
3423, 1
3424, 44
3425, 33
3426, 32
3427, 1
3428, 41
3429, 17
3430, 1
3431, 20
3432, 42
3433, 44
3434, 45
3435, 5
3436, 23
3437, 1
3438, 16
3439, 14
3440, 16
3441, 19
3442, 40
3443, 14
3444, 11
3445, 26
3446, 8
3447, 30
3448, 44
3449, 44
3450, 46
3451, 1
3452, 23
3453, 1
3454, 16
3455, 15
3456, 16
3457, 19
3458, 42
3459, 14
3460, 11
3461, 27
3462, 1
3463, 44
3464, 46
3465, 44
3466, 47
3467, 5
3468, 38
3469, 28
3470, 21
3471, 1
3472, 22
3473, 16
3474, 16
3475, 1
3476, 46
3477, 27
3478, 27
3479, 1
3480, 37
3481, 18
3482, 1
3483, 23
3484, 11
3485, 15
3486, 25
3487, 25
3488, 9
3489, 1
3490, 63
3491, 19
3492, 26
3493, 40
3494, 37
3495, 2
3496, 45
3497, 34
3498, 37
3499, 26
3500, 36
3501, 40
3502, 1
3503, 13
3504, 15
3505, 14
3506, 1
3507, 25
3508, 13
3509, 42
3510, 30
3511, 14
3512, 38
3513, 1
3514, 35
3515, 17
3516, 1
3517, 11
3518, 1
3519, 41
3520, 1
3521, 10
3522, 10
3523, 1
3524, 73
3525, 1
3526, 26
3527, 16
3528, 14
3529, 7
3530, 1
3531, 27
3532, 31
3533, 19
3534, 1
3535, 22
3536, 27
3537, 30
3538, 5
3539, 16
3540, 7
3541, 1
3542, 13
3543, 46
3544, 46
3545, 7
3546, 1
3547, 58
3548, 16
3549, 24
3550, 24
3551, 7
3552, 20
3553, 1
3554, 19
3555, 1
3556, 34
3557, 1
3558, 9
3559, 1
3560, 1
3561, 35
3562, 27
3563, 17
3564, 28
3565, 17
3566, 13
3567, 15
3568, 15
3569, 69
3570, 13
3571, 1
3572, 1
3573, 53
3574, 38
3575, 30
3576, 32
3577, 12
3578, 16
3579, 22
3580, 14
3581, 18
3582, 40
3583, 9
3584, 17
3585, 7
3586, 15
3587, 1
3588, 1
3589, 54
3590, 38
3591, 30
3592, 32
3593, 12
3594, 16
3595, 22
3596, 14
3597, 18
3598, 40
3599, 9
3600, 17
3601, 7
3602, 15
3603, 1
3604, 1
3605, 55
3606, 38
3607, 30
3608, 32
3609, 46
3610, 14
3611, 48
3612, 14
3613, 15
3614, 1
3615, 12
3616, 20
3617, 2
3618, 71
3619, 2
3620, 40
3621, 24
3622, 2
3623, 17
3624, 17
3625, 2
3626, 47
3627, 2
3628, 80
3629, 2
3630, 38
3631, 2
3632, 116
3633, 2
3634, 24
3635, 2
3636, 67
3637, 2
3638, 15
3639, 25
3640, 16
3641, 14
3642, 24
3643, 48
3644, 33
3645, 19
3646, 1
3647, 22
3648, 24
3649, 27
3650, 1
3651, 22
3652, 19
3653, 23
3654, 20
3655, 2
3656, 71
3657, 2
3658, 39
3659, 37
3660, 3
3661, 23
3662, 2
3663, 17
3664, 17
3665, 2
3666, 47
3667, 2
3668, 51
3669, 2
3670, 12
3671, 16
3672, 22
3673, 8
3674, 5
3675, 28
3676, 19
3677, 9
3678, 12
3679, 20
3680, 16
3681, 20
3682, 2
3683, 70
3684, 2
3685, 32
3686, 23
3687, 2
3688, 17
3689, 17
3690, 2
3691, 47
3692, 2
3693, 55
3694, 2
3695, 38
3696, 2
3697, 92
3698, 2
3699, 24
3700, 2
3701, 38
3702, 2
3703, 14
3704, 16
3705, 12
3706, 16
3707, 24
3708, 1
3709, 22
3710, 17
3711, 26
3712, 27
3713, 1
3714, 9
3715, 1
3716, 30
3717, 54
3718, 34
3719, 21
3720, 16
3721, 9
3722, 70
3723, 11
3724, 19
3725, 3
3726, 18
3727, 1
3728, 20
3729, 2
3730, 67
3731, 2
3732, 39
3733, 37
3734, 2
3735, 41
3736, 2
3737, 51
3738, 2
3739, 2
3740, 11
3741, 13
3742, 16
3743, 1
3744, 20
3745, 39
3746, 39
3747, 39
3748, 22
3749, 1
3750, 19
3751, 15
3752, 34
3753, 33
3754, 25
3755, 38
3756, 38
3757, 18
3758, 58
3759, 59
3760, 7
3761, 15
