1, 42
2, 39
3, 3
4, 32
5, 29
6, 40
7, 3
8, 42
9, 41
10, 24
11, 29
12, 3
13, 42
14, 58
15, 0
16, 82
17, 0
18, 31
19, 29
20, 29
21, 27
22, 21
23, 32
24, 10
25, 51
26, 32
27, 0
28, 24
29, 25
30, 23
31, 18
32, 23
33, 8
34, 35
35, 24
36, 7
37, 0
38, 49
39, 43
40, 64
41, 76
42, 43
43, 50
44, 48
45, 26
46, 7
47, 46
48, 52
49, 0
50, 40
51, 41
52, 40
53, 27
54, 7
55, 34
56, 93
57, 63
58, 8
59, 15
60, 86
61, 42
62, 39
63, 3
64, 32
65, 29
66, 40
67, 3
68, 42
69, 41
70, 24
71, 29
72, 3
73, 42
74, 58
75, 3
76, 38
77, 40
78, 3
79, 0
80, 82
81, 0
82, 61
83, 0
84, 31
85, 29
86, 29
87, 27
88, 21
89, 32
90, 10
91, 51
92, 32
93, 0
94, 24
95, 25
96, 23
97, 18
98, 23
99, 8
100, 35
101, 24
102, 7
103, 0
104, 49
105, 43
106, 64
107, 76
108, 43
109, 50
110, 48
111, 26
112, 7
113, 46
114, 52
115, 0
116, 40
117, 41
118, 40
119, 27
120, 7
121, 34
122, 93
123, 63
124, 8
125, 15
126, 86
127, 34
128, 38
129, 3
130, 34
131, 0
132, 0
133, 50
134, 21
135, 26
136, 0
137, 29
138, 59
139, 5
140, 13
141, 15
142, 7
143, 6
144, 0
145, 12
146, 16
147, 7
148, 7
149, 0
150, 15
151, 16
152, 4
153, 7
154, 2
155, 17
156, 0
157, 71
158, 43
159, 48
160, 0
161, 64
162, 76
163, 28
164, 28
165, 29
166, 0
167, 67
168, 57
169, 43
170, 48
171, 74
172, 0
173, 76
174, 59
175, 29
176, 24
177, 18
178, 18
179, 48
180, 12
181, 5
182, 35
183, 27
184, 9
185, 5
186, 48
187, 29
188, 34
189, 22
190, 26
191, 42
192, 0
193, 51
194, 28
195, 51
196, 38
197, 0
198, 15
199, 50
200, 0
201, 42
202, 35
203, 26
204, 45
205, 0
206, 40
207, 35
208, 24
209, 21
210, 19
211, 43
212, 24
213, 5
214, 35
215, 37
216, 9
217, 53
218, 42
219, 0
220, 40
221, 39
222, 2
223, 34
224, 2
225, 0
226, 23
227, 31
228, 37
229, 0
230, 23
231, 0
232, 28
233, 31
234, 68
235, 12
236, 0
237, 33
238, 69
239, 25
240, 36
241, 65
242, 26
243, 0
244, 24
245, 53
246, 68
247, 13
248, 13
249, 13
250, 19
251, 36
252, 2
253, 40
254, 21
255, 79
256, 24
257, 48
258, 45
259, 0
260, 40
261, 53
262, 44
263, 24
264, 49
265, 60
266, 13
267, 13
268, 13
269, 19
270, 36
271, 2
272, 41
273, 0
274, 34
275, 60
276, 38
277, 40
278, 43
279, 34
280, 41
281, 38
282, 61
283, 18
284, 66
285, 29
286, 39
287, 11
288, 43
289, 42
290, 32
291, 97
292, 17
293, 42
294, 58
295, 0
296, 0
297, 29
298, 22
299, 0
300, 29
301, 0
302, 2
303, 20
304, 2
305, 0
306, 52
307, 7
308, 41
309, 5
310, 7
311, 69
312, 52
313, 60
314, 15
315, 43
316, 22
317, 37
318, 13
319, 48
320, 50
321, 34
322, 16
323, 34
324, 18
325, 0
326, 28
327, 38
328, 5
329, 62
330, 72
331, 0
332, 44
333, 74
334, 11
335, 10
336, 6
337, 13
338, 20
339, 9
340, 24
341, 0
342, 19
343, 26
344, 27
345, 27
346, 30
347, 0
348, 54
349, 23
350, 15
351, 44
352, 18
353, 37
354, 60
355, 32
356, 35
357, 89
358, 16
359, 22
360, 15
361, 56
362, 23
363, 49
364, 80
365, 79
366, 85
367, 31
368, 70
369, 10
370, 61
371, 31
372, 27
373, 55
374, 21
375, 34
376, 5
377, 19
378, 9
379, 80
380, 30
381, 22
382, 64
383, 54
384, 51
385, 79
386, 61
387, 24
388, 6
389, 19
390, 6
391, 9
392, 37
393, 49
394, 37
395, 43
396, 25
397, 33
398, 34
399, 56
400, 24
401, 33
402, 37
403, 32
404, 33
405, 33
406, 37
407, 31
408, 31
409, 55
410, 48
411, 59
412, 46
413, 32
414, 12
415, 17
416, 4
417, 46
418, 99
419, 108
420, 41
421, 77
422, 22
423, 40
424, 56
425, 52
426, 34
427, 13
428, 0
429, 0
430, 2
431, 16
432, 2
433, 0
434, 6
435, 19
436, 21
437, 22
438, 22
439, 22
440, 18
441, 22
442, 22
443, 22
444, 28
445, 0
446, 41
447, 50
448, 19
449, 29
450, 47
451, 27
452, 37
453, 61
454, 9
455, 44
456, 22
457, 42
458, 50
459, 30
460, 66
461, 61
462, 35
463, 35
464, 13
465, 14
466, 48
467, 13
468, 41
469, 18
470, 0
471, 35
472, 39
473, 66
474, 14
475, 49
476, 37
477, 17
478, 53
479, 38
480, 0
481, 0
482, 21
483, 0
484, 14
485, 24
486, 42
487, 39
488, 32
489, 0
490, 31
491, 26
492, 15
493, 9
494, 0
495, 19
496, 62
497, 20
498, 49
499, 44
500, 44
501, 44
502, 16
503, 0
504, 53
505, 42
506, 0
507, 39
508, 0
509, 5
510, 0
511, 18
512, 25
513, 13
514, 0
515, 22
516, 28
517, 9
518, 0
519, 32
520, 31
521, 14
522, 51
523, 23
524, 23
525, 34
526, 19
527, 55
528, 12
529, 26
530, 37
531, 0
532, 8
533, 13
534, 32
535, 31
536, 22
537, 14
538, 29
539, 5
540, 27
541, 48
542, 12
543, 0
544, 14
545, 48
546, 52
547, 40
548, 39
549, 2
550, 34
551, 2
552, 0
553, 28
554, 11
555, 0
556, 28
557, 0
558, 37
559, 27
560, 71
561, 29
562, 0
563, 55
564, 89
565, 49
566, 8
567, 0
568, 87
569, 37
570, 38
571, 20
572, 17
573, 43
574, 25
575, 45
576, 20
577, 25
578, 13
579, 7
580, 74
581, 46
582, 52
583, 40
584, 34
585, 42
586, 38
587, 70
588, 60
589, 23
590, 42
591, 24
592, 15
593, 30
594, 48
595, 54
596, 16
597, 28
598, 59
599, 17
600, 71
601, 0
602, 70
603, 28
604, 24
605, 36
606, 21
607, 5
608, 19
609, 5
610, 51
611, 27
612, 35
613, 9
614, 60
615, 61
616, 9
617, 0
618, 17
619, 55
620, 0
621, 69
622, 45
623, 68
624, 69
625, 11
626, 51
627, 65
628, 59
629, 28
630, 31
631, 52
632, 10
633, 5
634, 34
635, 35
636, 82
637, 12
638, 45
639, 47
640, 60
641, 44
642, 31
643, 29
644, 53
645, 24
646, 54
647, 43
648, 29
649, 51
650, 62
651, 36
652, 61
653, 49
654, 50
655, 0
656, 31
657, 39
658, 57
659, 47
660, 85
661, 69
662, 0
663, 0
664, 21
665, 0
666, 14
667, 23
668, 0
669, 42
670, 39
671, 3
672, 16
673, 68
674, 44
675, 3
676, 41
677, 65
678, 72
679, 83
680, 3
681, 14
682, 122
683, 10
684, 43
685, 0
686, 61
687, 0
688, 19
689, 25
690, 14
691, 9
692, 28
693, 49
694, 43
695, 8
696, 0
697, 56
698, 0
699, 22
700, 0
701, 26
702, 0
703, 12
704, 6
705, 68
706, 12
707, 25
708, 24
709, 22
710, 6
711, 32
712, 29
713, 12
714, 34
715, 27
716, 8
717, 25
718, 46
719, 16
720, 15
721, 11
722, 27
723, 25
724, 26
725, 13
726, 26
727, 41
728, 31
729, 0
730, 13
731, 53
732, 0
733, 0
734, 14
735, 39
736, 31
737, 14
738, 42
739, 39
740, 3
741, 54
742, 68
743, 44
744, 3
745, 41
746, 65
747, 72
748, 83
749, 3
750, 14
751, 122
752, 10
753, 43
754, 0
755, 42
756, 33
757, 0
758, 61
759, 0
760, 34
761, 23
762, 0
763, 22
764, 25
765, 21
766, 16
767, 22
768, 60
769, 42
770, 51
771, 43
772, 0
773, 29
774, 25
775, 21
776, 12
777, 13
778, 28
779, 60
780, 12
781, 36
782, 26
783, 23
784, 6
785, 8
786, 50
787, 4
788, 45
789, 22
790, 33
791, 26
792, 9
793, 27
794, 5
795, 0
796, 19
797, 21
798, 14
799, 9
800, 29
801, 49
802, 43
803, 7
804, 77
805, 95
806, 47
807, 14
808, 0
809, 56
810, 0
811, 22
812, 22
813, 12
814, 6
815, 26
816, 31
817, 21
818, 56
819, 16
820, 15
821, 11
822, 38
823, 19
824, 11
825, 27
826, 26
827, 41
828, 31
829, 0
830, 13
831, 53
832, 0
833, 0
834, 14
835, 39
836, 31
837, 14
838, 42
839, 39
840, 3
841, 24
842, 3
843, 65
844, 89
845, 69
846, 3
847, 14
848, 122
849, 10
850, 43
851, 42
852, 33
853, 0
854, 61
855, 0
856, 34
857, 23
858, 0
859, 22
860, 25
861, 21
862, 16
863, 22
864, 60
865, 42
866, 51
867, 43
868, 0
869, 29
870, 25
871, 21
872, 12
873, 13
874, 28
875, 60
876, 12
877, 36
878, 26
879, 23
880, 6
881, 8
882, 50
883, 4
884, 45
885, 22
886, 33
887, 26
888, 9
889, 27
890, 5
891, 54
892, 20
893, 25
894, 11
895, 25
896, 4
897, 0
898, 89
899, 42
900, 33
901, 25
902, 32
903, 0
904, 0
905, 74
906, 57
907, 22
908, 55
909, 52
910, 65
911, 25
912, 23
913, 72
914, 77
915, 41
916, 18
917, 40
918, 58
919, 0
920, 36
921, 49
922, 28
923, 34
924, 26
925, 12
926, 21
927, 6
928, 28
929, 23
930, 8
931, 34
932, 33
933, 29
934, 41
935, 26
936, 24
937, 25
938, 0
939, 0
940, 0
941, 19
942, 25
943, 47
944, 30
945, 47
946, 71
947, 14
948, 8
949, 44
950, 43
951, 44
952, 53
953, 21
954, 41
955, 26
956, 26
957, 31
958, 21
959, 54
960, 16
961, 15
962, 21
963, 31
964, 21
965, 0
966, 0
967, 84
968, 94
969, 18
970, 29
971, 104
972, 0
973, 11
974, 16
975, 9
976, 98
977, 39
978, 82
979, 28
980, 53
981, 42
982, 52
983, 24
984, 61
985, 31
986, 15
987, 18
988, 19
989, 54
990, 0
991, 14
992, 39
993, 31
994, 25
995, 14
996, 42
997, 39
998, 37
999, 34
1000, 45
1001, 40
1002, 75
1003, 45
1004, 0
1005, 27
1006, 27
1007, 26
1008, 0
1009, 26
1010, 0
1011, 43
1012, 0
1013, 23
1014, 53
1015, 28
1016, 72
1017, 24
1018, 0
1019, 28
1020, 0
1021, 32
1022, 23
1023, 29
1024, 0
1025, 38
1026, 44
1027, 44
1028, 44
1029, 44
1030, 44
1031, 44
1032, 39
1033, 0
1034, 17
1035, 7
1036, 28
1037, 28
1038, 28
1039, 28
1040, 0
1041, 28
1042, 28
1043, 28
1044, 28
1045, 28
1046, 28
1047, 28
1048, 28
1049, 28
1050, 28
1051, 30
1052, 0
1053, 25
1054, 7
1055, 39
1056, 39
1057, 39
1058, 41
1059, 0
1060, 30
1061, 17
1062, 27
1063, 27
1064, 33
1065, 36
1066, 0
1067, 0
1068, 32
1069, 44
1070, 29
1071, 26
1072, 16
1073, 35
1074, 53
1075, 32
1076, 0
1077, 31
1078, 67
1079, 45
1080, 87
1081, 10
1082, 24
1083, 29
1084, 65
1085, 24
1086, 28
1087, 54
1088, 60
1089, 51
1090, 49
1091, 15
1092, 32
1093, 20
1094, 58
1095, 13
1096, 33
1097, 13
1098, 17
1099, 52
1100, 0
1101, 0
1102, 50
1103, 32
1104, 51
1105, 45
1106, 50
1107, 50
1108, 65
1109, 46
1110, 29
1111, 65
1112, 28
1113, 60
1114, 44
1115, 21
1116, 19
1117, 21
1118, 62
1119, 6
1120, 62
1121, 64
1122, 22
1123, 23
1124, 0
1125, 0
1126, 14
1127, 65
1128, 40
1129, 35
1130, 0
1131, 21
1132, 29
1133, 0
1134, 68
1135, 84
1136, 108
1137, 42
1138, 39
1139, 42
1140, 0
1141, 79
1142, 36
1143, 0
1144, 37
1145, 34
1146, 45
1147, 40
1148, 75
1149, 45
1150, 0
1151, 29
1152, 29
1153, 28
1154, 0
1155, 31
1156, 0
1157, 29
1158, 0
1159, 23
1160, 49
1161, 28
1162, 51
1163, 23
1164, 5
1165, 6
1166, 31
1167, 0
1168, 30
1169, 0
1170, 36
1171, 23
1172, 29
1173, 0
1174, 29
1175, 0
1176, 45
1177, 44
1178, 44
1179, 44
1180, 44
1181, 44
1182, 44
1183, 39
1184, 0
1185, 46
1186, 0
1187, 19
1188, 7
1189, 28
1190, 28
1191, 28
1192, 28
1193, 0
1194, 28
1195, 28
1196, 28
1197, 28
1198, 28
1199, 28
1200, 28
1201, 28
1202, 28
1203, 28
1204, 30
1205, 0
1206, 28
1207, 7
1208, 39
1209, 39
1210, 39
1211, 41
1212, 0
1213, 30
1214, 17
1215, 26
1216, 22
1217, 27
1218, 33
1219, 36
1220, 0
1221, 32
1222, 0
1223, 5
1224, 32
1225, 44
1226, 29
1227, 26
1228, 16
1229, 35
1230, 53
1231, 32
1232, 0
1233, 32
1234, 44
1235, 28
1236, 23
1237, 26
1238, 24
1239, 14
1240, 12
1241, 13
1242, 51
1243, 41
1244, 38
1245, 28
1246, 23
1247, 13
1248, 18
1249, 0
1250, 33
1251, 0
1252, 67
1253, 44
1254, 17
1255, 89
1256, 10
1257, 23
1258, 18
1259, 29
1260, 65
1261, 24
1262, 28
1263, 54
1264, 60
1265, 53
1266, 49
1267, 15
1268, 32
1269, 20
1270, 58
1271, 13
1272, 33
1273, 13
1274, 17
1275, 52
1276, 0
1277, 0
1278, 50
1279, 31
1280, 19
1281, 51
1282, 45
1283, 50
1284, 50
1285, 65
1286, 66
1287, 29
1288, 65
1289, 28
1290, 34
1291, 60
1292, 44
1293, 21
1294, 19
1295, 21
1296, 62
1297, 6
1298, 62
1299, 64
1300, 22
1301, 23
1302, 0
1303, 0
1304, 14
1305, 27
1306, 52
1307, 40
1308, 25
1309, 15
1310, 7
1311, 20
1312, 0
1313, 23
1314, 32
1315, 0
1316, 43
1317, 41
1318, 46
1319, 56
1320, 52
1321, 38
1322, 37
1323, 40
1324, 37
1325, 2
1326, 31
1327, 0
1328, 51
1329, 0
1330, 51
1331, 30
1332, 32
1333, 25
1334, 0
1335, 36
1336, 52
1337, 44
1338, 44
1339, 44
1340, 44
1341, 44
1342, 44
1343, 39
1344, 0
1345, 19
1346, 14
1347, 31
1348, 21
1349, 30
1350, 16
1351, 43
1352, 6
1353, 0
1354, 25
1355, 26
1356, 21
1357, 34
1358, 0
1359, 51
1360, 34
1361, 91
1362, 0
1363, 41
1364, 35
1365, 80
1366, 0
1367, 12
1368, 9
1369, 11
1370, 31
1371, 48
1372, 30
1373, 21
1374, 25
1375, 65
1376, 0
1377, 62
1378, 60
1379, 37
1380, 16
1381, 12
1382, 30
1383, 27
1384, 5
1385, 14
1386, 35
1387, 29
1388, 34
1389, 14
1390, 13
1391, 2
1392, 23
1393, 0
1394, 36
1395, 50
1396, 58
1397, 15
1398, 34
1399, 0
1400, 62
1401, 25
1402, 19
1403, 5
1404, 90
1405, 25
1406, 46
1407, 27
1408, 27
1409, 13
1410, 25
1411, 29
1412, 11
1413, 7
1414, 8
1415, 18
1416, 68
1417, 3
1418, 19
1419, 36
1420, 11
1421, 7
1422, 33
1423, 9
1424, 0
1425, 27
1426, 38
1427, 16
1428, 24
1429, 37
1430, 3
1431, 31
1432, 26
1433, 30
1434, 19
1435, 37
1436, 17
1437, 51
1438, 50
1439, 18
1440, 49
1441, 50
1442, 0
1443, 28
1444, 17
1445, 14
1446, 52
1447, 40
1448, 25
1449, 15
1450, 7
1451, 20
1452, 14
1453, 59
1454, 99
1455, 108
1456, 42
1457, 39
1458, 3
1459, 24
1460, 102
1461, 37
1462, 3
1463, 14
1464, 118
1465, 10
1466, 41
1467, 42
1468, 0
1469, 51
1470, 0
1471, 28
1472, 42
1473, 36
1474, 73
1475, 57
1476, 0
1477, 54
1478, 0
1479, 15
1480, 23
1481, 29
1482, 0
1483, 37
1484, 35
1485, 27
1486, 12
1487, 13
1488, 0
1489, 38
1490, 39
1491, 11
1492, 48
1493, 32
1494, 38
1495, 41
1496, 26
1497, 9
1498, 7
1499, 0
1500, 24
1501, 42
1502, 16
1503, 35
1504, 28
1505, 47
1506, 55
1507, 2
1508, 0
1509, 21
1510, 29
1511, 0
1512, 16
1513, 17
1514, 0
1515, 28
1516, 0
1517, 30
1518, 0
1519, 24
1520, 50
1521, 0
1522, 47
1523, 0
1524, 23
1525, 21
1526, 22
1527, 39
1528, 0
1529, 39
1530, 0
1531, 29
1532, 37
1533, 20
1534, 73
1535, 0
1536, 26
1537, 37
1538, 67
1539, 20
1540, 51
1541, 2
1542, 0
1543, 0
1544, 0
1545, 69
1546, 7
1547, 52
1548, 17
1549, 0
1550, 33
1551, 25
1552, 17
1553, 62
1554, 0
1555, 19
1556, 48
1557, 13
1558, 0
1559, 37
1560, 19
1561, 31
1562, 47
1563, 0
1564, 35
1565, 42
1566, 12
1567, 36
1568, 64
1569, 39
1570, 0
1571, 36
1572, 29
1573, 17
1574, 15
1575, 27
1576, 37
1577, 37
1578, 18
1579, 43
1580, 13
1581, 51
1582, 12
1583, 0
1584, 35
1585, 10
1586, 13
1587, 11
1588, 0
1589, 35
1590, 49
1591, 16
1592, 0
1593, 28
1594, 0
1595, 26
1596, 79
1597, 0
1598, 34
1599, 9
1600, 19
1601, 37
1602, 29
1603, 16
1604, 9
1605, 0
1606, 37
1607, 53
1608, 16
1609, 53
1610, 23
1611, 34
1612, 9
1613, 54
1614, 68
1615, 75
1616, 14
1617, 19
1618, 37
1619, 17
1620, 77
1621, 15
1622, 34
1623, 9
1624, 56
1625, 18
1626, 10
1627, 0
1628, 0
1629, 31
1630, 44
1631, 44
1632, 44
1633, 44
1634, 44
1635, 44
1636, 39
1637, 29
1638, 51
1639, 51
1640, 51
1641, 41
1642, 13
1643, 24
1644, 23
1645, 23
1646, 23
1647, 27
1648, 0
1649, 28
1650, 17
1651, 14
1652, 52
1653, 40
1654, 25
1655, 18
1656, 25
1657, 68
1658, 71
1659, 85
1660, 14
1661, 42
1662, 39
1663, 3
1664, 24
1665, 102
1666, 37
1667, 3
1668, 14
1669, 116
1670, 10
1671, 41
1672, 42
1673, 0
1674, 52
1675, 69
1676, 25
1677, 0
1678, 51
1679, 0
1680, 28
1681, 42
1682, 36
1683, 73
1684, 57
1685, 0
1686, 54
1687, 0
1688, 37
1689, 0
1690, 22
1691, 21
1692, 49
1693, 18
1694, 19
1695, 0
1696, 0
1697, 15
1698, 17
1699, 29
1700, 0
1701, 37
1702, 35
1703, 27
1704, 24
1705, 13
1706, 0
1707, 38
1708, 39
1709, 11
1710, 48
1711, 32
1712, 38
1713, 41
1714, 26
1715, 9
1716, 7
1717, 0
1718, 24
1719, 42
1720, 16
1721, 35
1722, 28
1723, 47
1724, 55
1725, 2
1726, 0
1727, 35
1728, 42
1729, 42
1730, 20
1731, 20
1732, 37
1733, 27
1734, 25
1735, 0
1736, 12
1737, 36
1738, 64
1739, 51
1740, 52
1741, 33
1742, 0
1743, 16
1744, 18
1745, 0
1746, 23
1747, 21
1748, 22
1749, 39
1750, 0
1751, 27
1752, 76
1753, 10
1754, 28
1755, 51
1756, 19
1757, 36
1758, 4
1759, 0
1760, 25
1761, 67
1762, 19
1763, 49
1764, 3
1765, 0
1766, 20
1767, 27
1768, 0
1769, 25
1770, 20
1771, 19
1772, 18
1773, 6
1774, 11
1775, 49
1776, 14
1777, 9
1778, 52
1779, 0
1780, 63
1781, 20
1782, 44
1783, 44
1784, 44
1785, 44
1786, 44
1787, 44
1788, 40
1789, 0
1790, 0
1791, 0
1792, 46
1793, 14
1794, 9
1795, 51
1796, 51
1797, 51
1798, 42
1799, 0
1800, 29
1801, 25
1802, 14
1803, 9
1804, 23
1805, 23
1806, 23
1807, 27
1808, 0
1809, 75
1810, 0
1811, 13
1812, 26
1813, 0
1814, 10
1815, 23
1816, 18
1817, 0
1818, 25
1819, 17
1820, 59
1821, 0
1822, 19
1823, 45
1824, 11
1825, 11
1826, 2
1827, 0
1828, 61
1829, 28
1830, 63
1831, 56
1832, 17
1833, 14
1834, 8
1835, 26
1836, 16
1837, 37
1838, 46
1839, 40
1840, 13
1841, 47
1842, 12
1843, 0
1844, 43
1845, 10
1846, 13
1847, 12
1848, 10
1849, 0
1850, 58
1851, 45
1852, 16
1853, 26
1854, 79
1855, 42
1856, 9
1857, 19
1858, 37
1859, 54
1860, 16
1861, 9
1862, 0
1863, 33
1864, 45
1865, 16
1866, 53
1867, 23
1868, 42
1869, 9
1870, 54
1871, 68
1872, 75
1873, 14
1874, 19
1875, 37
1876, 17
1877, 77
1878, 15
1879, 42
1880, 9
1881, 56
1882, 18
1883, 10
1884, 0
1885, 28
1886, 17
1887, 14
1888, 52
1889, 40
1890, 25
1891, 18
1892, 25
1893, 91
1894, 22
1895, 72
1896, 53
1897, 11
1898, 12
1899, 21
1900, 18
1901, 39
1902, 20
1903, 21
1904, 22
1905, 14
1906, 22
1907, 60
1908, 38
1909, 26
1910, 45
1911, 0
1912, 88
1913, 39
1914, 0
1915, 14
1916, 25
1917, 47
1918, 0
1919, 14
1920, 65
1921, 40
1922, 35
1923, 27
1924, 42
1925, 39
1926, 33
1927, 41
1928, 49
1929, 72
1930, 41
1931, 63
1932, 0
1933, 25
1934, 83
1935, 68
1936, 64
1937, 68
1938, 48
1939, 36
1940, 35
1941, 82
1942, 35
1943, 0
1944, 71
1945, 46
1946, 15
1947, 37
1948, 66
1949, 46
1950, 31
1951, 67
1952, 96
1953, 0
1954, 55
1955, 47
1956, 48
1957, 33
1958, 65
1959, 9
1960, 0
1961, 42
1962, 26
1963, 8
1964, 22
1965, 24
1966, 33
1967, 104
1968, 67
1969, 81
1970, 77
1971, 35
1972, 125
1973, 10
1974, 0
1975, 2
1976, 66
1977, 2
1978, 29
1979, 37
1980, 42
1981, 52
1982, 66
1983, 84
1984, 51
1985, 113
1986, 0
1987, 14
1988, 46
1989, 44
1990, 58
1991, 76
1992, 41
1993, 20
1994, 65
1995, 15
1996, 42
1997, 39
1998, 36
1999, 31
2000, 0
2001, 0
2002, 33
2003, 50
2004, 30
2005, 16
2006, 12
2007, 47
2008, 11
2009, 50
2010, 50
2011, 59
2012, 47
2013, 61
2014, 33
2015, 46
2016, 3
2017, 0
2018, 32
2019, 33
2020, 50
2021, 16
2022, 21
2023, 17
2024, 28
2025, 28
2026, 30
2027, 0
2028, 30
2029, 25
2030, 19
2031, 26
2032, 20
2033, 48
2034, 10
2035, 0
2036, 30
2037, 26
2038, 50
2039, 17
2040, 16
2041, 52
2042, 26
2043, 14
2044, 20
2045, 27
2046, 27
2047, 40
2048, 36
2049, 6
2050, 0
2051, 35
2052, 43
2053, 51
2054, 0
2055, 25
2056, 51
2057, 83
2058, 68
2059, 48
2060, 36
2061, 35
2062, 82
2063, 35
2064, 0
2065, 36
2066, 39
2067, 16
2068, 46
2069, 18
2070, 8
2071, 24
2072, 12
2073, 18
2074, 20
2075, 11
2076, 24
2077, 24
2078, 15
2079, 31
2080, 27
2081, 29
2082, 34
2083, 21
2084, 23
2085, 28
2086, 39
2087, 10
2088, 0
2089, 40
2090, 46
2091, 20
2092, 42
2093, 5
2094, 8
2095, 0
2096, 14
2097, 41
2098, 38
2099, 41
2100, 40
2101, 29
2102, 29
2103, 33
2104, 34
2105, 36
2106, 43
2107, 51
2108, 0
2109, 0
2110, 14
2111, 57
2112, 18
2113, 59
2114, 18
2115, 26
2116, 22
2117, 9
2118, 42
2119, 39
2120, 36
2121, 0
2122, 0
2123, 33
2124, 50
2125, 30
2126, 16
2127, 12
2128, 47
2129, 11
2130, 45
2131, 50
2132, 54
2133, 47
2134, 61
2135, 33
2136, 46
2137, 3
2138, 0
2139, 32
2140, 33
2141, 50
2142, 16
2143, 21
2144, 17
2145, 28
2146, 28
2147, 30
2148, 0
2149, 30
2150, 25
2151, 19
2152, 26
2153, 20
2154, 48
2155, 10
2156, 0
2157, 30
2158, 26
2159, 50
2160, 17
2161, 16
2162, 52
2163, 26
2164, 14
2165, 20
2166, 27
2167, 27
2168, 40
2169, 36
2170, 6
2171, 0
2172, 35
2173, 43
2174, 51
2175, 0
2176, 25
2177, 51
2178, 83
2179, 68
2180, 48
2181, 36
2182, 35
2183, 82
2184, 35
2185, 0
2186, 36
2187, 39
2188, 16
2189, 46
2190, 18
2191, 8
2192, 24
2193, 12
2194, 18
2195, 20
2196, 11
2197, 24
2198, 24
2199, 15
2200, 31
2201, 27
2202, 29
2203, 34
2204, 21
2205, 23
2206, 28
2207, 39
2208, 10
2209, 0
2210, 40
2211, 46
2212, 20
2213, 42
2214, 5
2215, 8
2216, 0
2217, 14
2218, 41
2219, 38
2220, 41
2221, 40
2222, 29
2223, 29
2224, 33
2225, 34
2226, 36
2227, 43
2228, 51
2229, 0
2230, 0
2231, 14
2232, 57
2233, 18
2234, 59
2235, 18
2236, 26
2237, 22
2238, 9
2239, 40
2240, 39
2241, 2
2242, 34
2243, 2
2244, 0
2245, 26
2246, 11
2247, 0
2248, 26
2249, 0
2250, 62
2251, 45
2252, 31
2253, 68
2254, 40
2255, 24
2256, 35
2257, 43
2258, 84
2259, 0
2260, 34
2261, 58
2262, 33
2263, 18
2264, 6
2265, 0
2266, 42
2267, 50
2268, 32
2269, 32
2270, 20
2271, 46
2272, 32
2273, 8
2274, 44
2275, 0
2276, 64
2277, 15
2278, 61
2279, 51
2280, 46
2281, 24
2282, 22
2283, 43
2284, 0
2285, 74
2286, 17
2287, 110
2288, 9
2289, 11
2290, 36
2291, 10
2292, 30
2293, 43
2294, 8
2295, 20
2296, 29
2297, 18
2298, 17
2299, 39
2300, 67
2301, 31
2302, 61
2303, 24
2304, 14
2305, 36
2306, 9
2307, 11
2308, 0
2309, 41
2310, 41
2311, 70
2312, 35
2313, 25
2314, 0
2315, 96
2316, 38
2317, 29
2318, 32
2319, 70
2320, 40
2321, 54
2322, 35
2323, 39
2324, 7
2325, 47
2326, 7
2327, 24
2328, 19
2329, 32
2330, 24
2331, 47
2332, 0
2333, 25
2334, 77
2335, 16
2336, 0
2337, 21
2338, 69
2339, 4
2340, 0
2341, 45
2342, 0
2343, 123
2344, 38
2345, 20
2346, 27
2347, 39
2348, 27
2349, 60
2350, 71
2351, 34
2352, 36
2353, 107
2354, 29
2355, 48
2356, 29
2357, 41
2358, 22
2359, 16
2360, 58
2361, 50
2362, 51
2363, 30
2364, 32
2365, 72
2366, 85
2367, 11
2368, 0
2369, 73
2370, 27
2371, 15
2372, 41
2373, 22
2374, 47
2375, 38
2376, 26
2377, 28
2378, 31
2379, 4
2380, 23
2381, 29
2382, 26
2383, 12
2384, 66
2385, 0
2386, 44
2387, 69
2388, 0
2389, 28
2390, 51
2391, 71
2392, 17
2393, 46
2394, 40
2395, 81
2396, 50
2397, 28
2398, 42
2399, 37
2400, 39
2401, 45
2402, 57
2403, 0
2404, 43
2405, 23
2406, 35
2407, 31
2408, 35
2409, 18
2410, 55
2411, 29
2412, 42
2413, 0
2414, 0
2415, 14
2416, 69
2417, 35
2418, 22
2419, 31
2420, 0
2421, 0
2422, 21
2423, 0
2424, 14
2425, 21
2426, 0
2427, 40
2428, 39
2429, 2
2430, 34
2431, 3
2432, 27
2433, 37
2434, 0
2435, 26
2436, 11
2437, 0
2438, 26
2439, 0
2440, 58
2441, 0
2442, 62
2443, 45
2444, 31
2445, 68
2446, 40
2447, 24
2448, 35
2449, 43
2450, 84
2451, 0
2452, 34
2453, 58
2454, 33
2455, 18
2456, 6
2457, 0
2458, 42
2459, 50
2460, 32
2461, 32
2462, 20
2463, 46
2464, 32
2465, 8
2466, 44
2467, 0
2468, 64
2469, 15
2470, 61
2471, 51
2472, 46
2473, 24
2474, 22
2475, 43
2476, 0
2477, 74
2478, 17
2479, 110
2480, 9
2481, 11
2482, 36
2483, 10
2484, 30
2485, 43
2486, 8
2487, 20
2488, 29
2489, 18
2490, 17
2491, 39
2492, 67
2493, 31
2494, 61
2495, 24
2496, 14
2497, 36
2498, 9
2499, 11
2500, 0
2501, 41
2502, 41
2503, 70
2504, 35
2505, 25
2506, 0
2507, 96
2508, 38
2509, 29
2510, 32
2511, 70
2512, 40
2513, 54
2514, 35
2515, 39
2516, 7
2517, 47
2518, 7
2519, 24
2520, 19
2521, 32
2522, 24
2523, 47
2524, 0
2525, 25
2526, 77
2527, 16
2528, 0
2529, 21
2530, 69
2531, 4
2532, 0
2533, 45
2534, 0
2535, 123
2536, 38
2537, 20
2538, 27
2539, 39
2540, 27
2541, 60
2542, 71
2543, 34
2544, 36
2545, 107
2546, 29
2547, 48
2548, 29
2549, 41
2550, 22
2551, 16
2552, 58
2553, 50
2554, 51
2555, 30
2556, 32
2557, 72
2558, 85
2559, 11
2560, 0
2561, 73
2562, 27
2563, 15
2564, 41
2565, 22
2566, 47
2567, 38
2568, 26
2569, 28
2570, 31
2571, 4
2572, 23
2573, 29
2574, 26
2575, 12
2576, 66
2577, 0
2578, 44
2579, 69
2580, 0
2581, 28
2582, 51
2583, 71
2584, 17
2585, 46
2586, 40
2587, 81
2588, 50
2589, 28
2590, 42
2591, 37
2592, 39
2593, 45
2594, 57
2595, 0
2596, 43
2597, 23
2598, 35
2599, 31
2600, 35
2601, 18
2602, 55
2603, 29
2604, 42
2605, 0
2606, 0
2607, 14
2608, 69
2609, 35
2610, 22
2611, 31
2612, 0
2613, 0
2614, 21
2615, 0
2616, 14
2617, 21
2618, 42
2619, 39
2620, 3
2621, 53
2622, 87
2623, 72
2624, 43
2625, 3
2626, 14
2627, 126
2628, 10
2629, 45
2630, 0
2631, 27
2632, 43
2633, 42
2634, 15
2635, 7
2636, 10
2637, 10
2638, 10
2639, 20
2640, 18
2641, 18
2642, 80
2643, 10
2644, 0
2645, 39
2646, 54
2647, 24
2648, 0
2649, 17
2650, 38
2651, 17
2652, 38
2653, 12
2654, 13
2655, 10
2656, 19
2657, 39
2658, 11
2659, 46
2660, 32
2661, 7
2662, 12
2663, 28
2664, 22
2665, 30
2666, 13
2667, 15
2668, 0
2669, 32
2670, 0
2671, 31
2672, 44
2673, 42
2674, 0
2675, 87
2676, 31
2677, 68
2678, 0
2679, 0
2680, 42
2681, 14
2682, 7
2683, 32
2684, 20
2685, 39
2686, 38
2687, 54
2688, 24
2689, 0
2690, 0
2691, 24
2692, 13
2693, 37
2694, 0
2695, 38
2696, 17
2697, 38
2698, 12
2699, 13
2700, 10
2701, 19
2702, 39
2703, 11
2704, 46
2705, 32
2706, 7
2707, 12
2708, 28
2709, 22
2710, 30
2711, 5
2712, 7
2713, 13
2714, 5
2715, 14
2716, 14
2717, 32
2718, 30
2719, 26
2720, 79
2721, 24
2722, 32
2723, 33
2724, 0
2725, 14
2726, 41
2727, 33
2728, 34
2729, 86
2730, 22
2731, 16
2732, 22
2733, 0
2734, 33
2735, 32
2736, 28
2737, 24
2738, 41
2739, 39
2740, 2
2741, 18
2742, 2
2743, 39
2744, 2
2745, 0
2746, 0
2747, 46
2748, 34
2749, 33
2750, 0
2751, 52
2752, 22
2753, 16
2754, 35
2755, 43
2756, 41
2757, 0
2758, 0
2759, 0
2760, 0
2761, 63
2762, 58
2763, 25
2764, 35
2765, 44
2766, 43
2767, 43
2768, 0
2769, 0
2770, 66
2771, 30
2772, 0
2773, 0
2774, 69
2775, 63
2776, 0
2777, 0
2778, 30
2779, 22
2780, 0
2781, 0
2782, 21
2783, 33
2784, 83
2785, 0
2786, 22
2787, 40
2788, 84
2789, 0
2790, 0
2791, 25
2792, 34
2793, 83
2794, 0
2795, 28
2796, 38
2797, 85
2798, 0
2799, 39
2800, 51
2801, 85
2802, 0
2803, 70
2804, 48
2805, 32
2806, 43
2807, 86
2808, 0
2809, 25
2810, 34
2811, 85
2812, 0
2813, 0
2814, 0
2815, 19
2816, 32
2817, 19
2818, 29
2819, 18
2820, 22
2821, 22
2822, 21
2823, 23
2824, 0
2825, 0
2826, 27
2827, 30
2828, 0
2829, 0
2830, 45
2831, 16
2832, 6
2833, 9
2834, 37
2835, 29
2836, 0
2837, 0
2838, 34
2839, 25
2840, 38
2841, 33
2842, 45
2843, 42
2844, 0
2845, 8
2846, 28
2847, 90
2848, 0
2849, 28
2850, 31
2851, 0
2852, 41
2853, 46
2854, 48
2855, 47
2856, 0
2857, 0
2858, 44
2859, 35
2860, 6
2861, 98
2862, 40
2863, 0
2864, 0
2865, 34
2866, 23
2867, 56
2868, 18
2869, 27
2870, 9
2871, 0
2872, 43
2873, 21
2874, 6
2875, 16
2876, 0
2877, 24
2878, 37
2879, 35
2880, 22
2881, 0
2882, 25
2883, 36
2884, 0
2885, 46
2886, 0
2887, 25
2888, 38
2889, 6
2890, 26
2891, 28
2892, 67
2893, 43
2894, 0
2895, 14
2896, 0
2897, 31
2898, 29
2899, 38
2900, 34
2901, 0
2902, 44
2903, 0
2904, 32
2905, 0
2906, 0
2907, 0
2908, 59
2909, 68
2910, 69
2911, 70
2912, 12
2913, 27
2914, 75
2915, 51
2916, 0
2917, 0
2918, 23
2919, 87
2920, 42
2921, 39
2922, 3
2923, 40
2924, 40
2925, 55
2926, 75
2927, 48
2928, 26
2929, 54
2930, 70
2931, 37
2932, 36
2933, 74
2934, 71
2935, 64
2936, 0
2937, 38
2938, 40
2939, 0
2940, 46
2941, 16
2942, 47
2943, 5
2944, 8
2945, 5
2946, 42
2947, 0
2948, 23
2949, 32
2950, 22
2951, 23
2952, 42
2953, 42
2954, 44
2955, 41
2956, 0
2957, 22
2958, 32
2959, 21
2960, 23
2961, 43
2962, 42
2963, 42
2964, 41
2965, 0
2966, 22
2967, 32
2968, 22
2969, 23
2970, 43
2971, 43
2972, 44
2973, 42
2974, 0
2975, 23
2976, 34
2977, 24
2978, 23
2979, 43
2980, 43
2981, 44
2982, 42
2983, 0
2984, 19
2985, 61
2986, 0
2987, 30
2988, 27
2989, 48
2990, 27
2991, 20
2992, 20
2993, 51
2994, 43
2995, 18
2996, 18
2997, 19
2998, 32
2999, 32
3000, 32
3001, 32
3002, 32
3003, 33
3004, 4
3005, 0
3006, 26
3007, 27
3008, 33
3009, 16
3010, 22
3011, 18
3012, 26
3013, 26
3014, 28
3015, 0
3016, 22
3017, 16
3018, 26
3019, 33
3020, 16
3021, 8
3022, 20
3023, 17
3024, 20
3025, 16
3026, 27
3027, 20
3028, 20
3029, 48
3030, 42
3031, 3
3032, 0
3033, 31
3034, 16
3035, 10
3036, 11
3037, 18
3038, 29
3039, 29
3040, 30
3041, 47
3042, 41
3043, 42
3044, 5
3045, 0
3046, 16
3047, 20
3048, 66
3049, 24
3050, 35
3051, 14
3052, 24
3053, 37
3054, 0
3055, 14
3056, 65
3057, 40
3058, 35
3059, 11
3060, 0
3061, 42
3062, 39
3063, 3
3064, 40
3065, 40
3066, 55
3067, 75
3068, 48
3069, 26
3070, 54
3071, 70
3072, 37
3073, 36
3074, 74
3075, 71
3076, 64
3077, 27
3078, 37
3079, 0
3080, 58
3081, 0
3082, 38
3083, 40
3084, 0
3085, 46
3086, 16
3087, 47
3088, 5
3089, 8
3090, 5
3091, 42
3092, 0
3093, 23
3094, 32
3095, 22
3096, 23
3097, 42
3098, 42
3099, 44
3100, 41
3101, 0
3102, 22
3103, 32
3104, 21
3105, 23
3106, 43
3107, 42
3108, 42
3109, 41
3110, 0
3111, 22
3112, 32
3113, 22
3114, 23
3115, 43
3116, 43
3117, 44
3118, 42
3119, 0
3120, 23
3121, 34
3122, 24
3123, 23
3124, 43
3125, 43
3126, 44
3127, 42
3128, 0
3129, 19
3130, 61
3131, 0
3132, 30
3133, 27
3134, 48
3135, 27
3136, 20
3137, 20
3138, 51
3139, 43
3140, 18
3141, 18
3142, 19
3143, 32
3144, 32
3145, 32
3146, 32
3147, 32
3148, 33
3149, 4
3150, 0
3151, 26
3152, 27
3153, 33
3154, 16
3155, 22
3156, 18
3157, 26
3158, 26
3159, 27
3160, 4
3161, 0
3162, 22
3163, 16
3164, 26
3165, 33
3166, 16
3167, 8
3168, 20
3169, 17
3170, 20
3171, 16
3172, 27
3173, 20
3174, 20
3175, 48
3176, 42
3177, 3
3178, 0
3179, 31
3180, 16
3181, 10
3182, 11
3183, 18
3184, 29
3185, 29
3186, 30
3187, 47
3188, 41
3189, 42
3190, 5
3191, 0
3192, 16
3193, 20
3194, 66
3195, 24
3196, 35
3197, 14
3198, 24
3199, 37
3200, 0
3201, 14
3202, 65
3203, 40
3204, 35
3205, 11
3206, 34
3207, 38
3208, 3
3209, 64
3210, 0
3211, 28
3212, 79
3213, 11
3214, 49
3215, 26
3216, 62
3217, 5
3218, 19
3219, 25
3220, 28
3221, 42
3222, 59
3223, 7
3224, 16
3225, 0
3226, 24
3227, 68
3228, 70
3229, 0
3230, 22
3231, 17
3232, 41
3233, 46
3234, 19
3235, 64
3236, 49
3237, 7
3238, 55
3239, 52
3240, 10
3241, 17
3242, 60
3243, 41
3244, 48
3245, 40
3246, 15
3247, 56
3248, 34
3249, 39
3250, 49
3251, 52
3252, 40
3253, 37
3254, 2
3255, 49
3256, 0
3257, 51
3258, 0
3259, 42
3260, 45
3261, 29
3262, 11
3263, 14
3264, 13
3265, 18
3266, 42
3267, 45
3268, 0
3269, 27
3270, 46
3271, 4
3272, 12
3273, 0
3274, 34
3275, 60
3276, 4
3277, 11
3278, 18
3279, 0
3280, 29
3281, 50
3282, 13
3283, 15
3284, 0
3285, 29
3286, 50
3287, 4
3288, 11
3289, 18
3290, 0
3291, 26
3292, 44
3293, 3
3294, 14
3295, 15
3296, 0
3297, 26
3298, 44
3299, 4
3300, 11
3301, 14
3302, 15
3303, 0
3304, 31
3305, 54
3306, 4
3307, 11
3308, 14
3309, 16
3310, 0
3311, 30
3312, 52
3313, 4
3314, 11
3315, 11
3316, 14
3317, 15
3318, 0
3319, 29
3320, 50
3321, 4
3322, 11
3323, 14
3324, 18
3325, 0
3326, 32
3327, 56
3328, 4
3329, 11
3330, 14
3331, 18
3332, 0
3333, 53
3334, 15
3335, 15
3336, 14
3337, 14
3338, 14
3339, 0
3340, 14
3341, 37
3342, 37
3343, 36
3344, 36
3345, 37
3346, 0
3347, 17
3348, 19
3349, 19
3350, 18
3351, 18
3352, 19
3353, 0
3354, 23
3355, 31
3356, 2
3357, 6
3358, 29
3359, 29
3360, 29
3361, 40
3362, 29
3363, 33
3364, 2
3365, 23
3366, 0
3367, 20
3368, 25
3369, 24
3370, 29
3371, 28
3372, 27
3373, 26
3374, 29
3375, 0
3376, 26
3377, 29
3378, 27
3379, 28
3380, 0
3381, 19
3382, 25
3383, 11
3384, 5
3385, 5
3386, 6
3387, 31
3388, 17
3389, 17
3390, 25
3391, 25
3392, 25
3393, 5
3394, 5
3395, 8
3396, 13
3397, 24
3398, 16
3399, 10
3400, 17
3401, 8
3402, 19
3403, 13
3404, 22
3405, 14
3406, 9
3407, 20
3408, 15
3409, 24
3410, 0
3411, 34
3412, 23
3413, 56
3414, 18
3415, 39
3416, 27
3417, 11
3418, 6
3419, 12
3420, 11
3421, 0
3422, 33
3423, 37
3424, 2
3425, 71
3426, 0
3427, 34
3428, 42
3429, 0
3430, 30
3431, 61
3432, 12
3433, 6
3434, 6
3435, 5
3436, 8
3437, 9
3438, 32
3439, 26
3440, 21
3441, 47
3442, 28
3443, 18
3444, 26
3445, 15
3446, 12
3447, 22
3448, 32
3449, 35
3450, 58
3451, 21
3452, 33
3453, 6
3454, 0
3455, 22
3456, 30
3457, 24
3458, 36
3459, 26
3460, 36
3461, 37
3462, 40
3463, 40
3464, 26
3465, 40
3466, 41
3467, 18
3468, 30
3469, 41
3470, 34
3471, 0
3472, 0
3473, 22
3474, 17
3475, 41
3476, 39
3477, 26
3478, 25
3479, 11
3480, 21
3481, 66
3482, 38
3483, 75
3484, 45
3485, 40
3486, 30
3487, 72
3488, 75
3489, 75
3490, 0
3491, 23
3492, 21
3493, 22
3494, 0
3495, 20
3496, 0
3497, 29
3498, 23
3499, 52
3500, 19
3501, 28
3502, 52
3503, 20
3504, 21
3505, 0
3506, 14
3507, 65
3508, 40
3509, 35
3510, 36
3511, 21
3512, 42
3513, 41
3514, 38
3515, 3
3516, 33
3517, 0
3518, 0
3519, 54
3520, 15
3521, 20
3522, 0
3523, 26
3524, 5
3525, 19
3526, 27
3527, 27
3528, 27
3529, 27
3530, 27
3531, 27
3532, 27
3533, 29
3534, 0
3535, 28
3536, 34
3537, 30
3538, 34
3539, 30
3540, 30
3541, 15
3542, 0
3543, 0
3544, 54
3545, 31
3546, 22
3547, 8
3548, 32
3549, 37
3550, 38
3551, 46
3552, 8
3553, 0
3554, 0
3555, 0
3556, 49
3557, 5
3558, 49
3559, 40
3560, 32
3561, 9
3562, 56
3563, 0
3564, 45
3565, 34
3566, 25
3567, 54
3568, 0
3569, 16
3570, 33
3571, 35
3572, 0
3573, 65
3574, 41
3575, 35
3576, 14
3577, 62
3578, 37
3579, 41
3580, 38
3581, 3
3582, 46
3583, 0
3584, 54
3585, 15
3586, 19
3587, 0
3588, 11
3589, 6
3590, 46
3591, 26
3592, 0
3593, 30
3594, 44
3595, 0
3596, 26
3597, 21
3598, 27
3599, 27
3600, 27
3601, 27
3602, 27
3603, 27
3604, 27
3605, 29
3606, 0
3607, 28
3608, 34
3609, 30
3610, 34
3611, 30
3612, 30
3613, 15
3614, 0
3615, 11
3616, 6
3617, 39
3618, 29
3619, 33
3620, 0
3621, 61
3622, 31
3623, 8
3624, 13
3625, 31
3626, 45
3627, 0
3628, 15
3629, 37
3630, 8
3631, 9
3632, 5
3633, 57
3634, 36
3635, 18
3636, 52
3637, 25
3638, 28
3639, 67
3640, 25
3641, 19
3642, 60
3643, 46
3644, 29
3645, 0
3646, 32
3647, 20
3648, 27
3649, 38
3650, 0
3651, 18
3652, 46
3653, 35
3654, 29
3655, 4
3656, 26
3657, 76
3658, 32
3659, 49
3660, 15
3661, 65
3662, 87
3663, 17
3664, 53
3665, 26
3666, 66
3667, 43
3668, 43
3669, 18
3670, 69
3671, 37
3672, 36
3673, 12
3674, 12
3675, 63
3676, 59
3677, 4
3678, 0
3679, 11
3680, 12
3681, 14
3682, 4
3683, 92
3684, 41
3685, 33
3686, 63
3687, 41
3688, 2
3689, 36
3690, 19
3691, 41
3692, 0
3693, 18
3694, 33
3695, 29
3696, 57
3697, 62
3698, 26
3699, 18
3700, 68
3701, 43
3702, 10
3703, 6
3704, 28
3705, 26
3706, 28
3707, 26
3708, 35
3709, 44
3710, 11
3711, 59
3712, 11
3713, 21
3714, 46
3715, 42
3716, 31
3717, 18
3718, 7
3719, 16
3720, 21
3721, 37
3722, 15
3723, 58
3724, 47
3725, 22
3726, 14
3727, 15
3728, 0
3729, 48
3730, 33
3731, 25
3732, 44
3733, 59
3734, 0
3735, 11
3736, 6
3737, 34
3738, 25
3739, 10
3740, 9
3741, 44
3742, 46
3743, 35
3744, 64
3745, 36
3746, 11
3747, 34
3748, 30
3749, 9
3750, 33
3751, 10
3752, 7
3753, 18
3754, 25
3755, 41
3756, 11
3757, 22
3758, 23
3759, 10
3760, 9
3761, 45
3762, 40
3763, 29
3764, 53
3765, 30
3766, 67
3767, 29
3768, 1
3769, 34
3770, 38
3771, 28
3772, 37
3773, 0
3774, 39
3775, 45
3776, 37
3777, 0
3778, 18
3779, 48
3780, 53
3781, 47
3782, 49
3783, 5
3784, 0
3785, 30
3786, 40
3787, 29
3788, 19
3789, 58
3790, 32
3791, 12
3792, 38
3793, 5
3794, 0
3795, 14
3796, 41
3797, 52
3798, 92
3799, 59
3800, 53
3801, 13
3802, 23
3803, 23
3804, 18
3805, 22
3806, 85
3807, 54
3808, 25
3809, 76
3810, 25
3811, 25
3812, 60
3813, 59
3814, 77
3815, 23
3816, 34
3817, 15
3818, 28
3819, 20
3820, 25
3821, 10
3822, 35
3823, 36
3824, 11
3825, 69
3826, 20
3827, 37
3828, 16
3829, 14
3830, 20
3831, 64
3832, 23
3833, 55
3834, 16
3835, 17
3836, 51
3837, 14
3838, 39
3839, 40
3840, 14
3841, 18
3842, 12
3843, 20
3844, 42
3845, 39
3846, 0
3847, 37
3848, 45
3849, 0
3850, 89
3851, 0
3852, 28
3853, 0
3854, 31
3855, 65
3856, 69
3857, 37
3858, 45
3859, 24
3860, 34
3861, 37
3862, 31
3863, 0
3864, 14
3865, 66
3866, 12
3867, 19
3868, 30
3869, 46
3870, 56
3871, 32
3872, 17
3873, 11
3874, 33
3875, 28
3876, 37
3877, 58
3878, 20
3879, 66
3880, 74
3881, 10
3882, 42
3883, 39
3884, 2
3885, 55
3886, 2
3887, 40
3888, 42
3889, 59
3890, 55
3891, 68
3892, 0
3893, 70
3894, 70
3895, 38
3896, 0
3897, 29
3898, 41
3899, 0
3900, 69
3901, 65
3902, 62
3903, 51
3904, 68
3905, 19
3906, 25
3907, 19
3908, 27
3909, 18
3910, 13
3911, 24
3912, 61
3913, 0
3914, 27
3915, 24
3916, 37
3917, 81
3918, 14
3919, 14
3920, 52
3921, 8
3922, 0
3923, 28
3924, 24
3925, 37
3926, 81
3927, 14
3928, 14
3929, 52
3930, 8
3931, 0
3932, 0
3933, 34
3934, 23
3935, 56
3936, 18
3937, 39
3938, 27
3939, 11
3940, 51
3941, 71
3942, 75
3943, 47
3944, 48
3945, 15
3946, 31
3947, 32
3948, 17
3949, 11
3950, 14
3951, 36
3952, 36
3953, 68
3954, 0
3955, 16
3956, 49
3957, 39
3958, 47
3959, 48
3960, 38
3961, 0
3962, 43
3963, 40
3964, 2
3965, 55
3966, 2
3967, 40
3968, 42
3969, 59
3970, 55
3971, 68
3972, 40
3973, 33
3974, 46
3975, 55
3976, 44
3977, 68
3978, 36
3979, 42
3980, 38
3981, 0
3982, 0
3983, 69
3984, 65
3985, 62
3986, 52
3987, 68
3988, 19
3989, 0
3990, 51
3991, 0
3992, 22
3993, 21
3994, 13
3995, 40
3996, 45
3997, 0
3998, 41
3999, 34
4000, 40
4001, 35
4002, 17
4003, 19
4004, 35
4005, 24
4006, 0
4007, 40
4008, 34
4009, 40
4010, 35
4011, 17
4012, 19
4013, 35
4014, 24
4015, 0
4016, 11
4017, 44
4018, 30
4019, 23
4020, 54
4021, 38
4022, 30
4023, 31
4024, 22
4025, 42
4026, 12
4027, 51
4028, 0
4029, 11
4030, 45
4031, 29
4032, 0
4033, 46
4034, 27
4035, 19
4036, 34
4037, 27
4038, 19
4039, 39
4040, 0
4041, 34
4042, 23
4043, 56
4044, 18
4045, 39
4046, 27
4047, 11
4048, 25
4049, 51
4050, 71
4051, 75
4052, 46
4053, 49
4054, 48
4055, 15
4056, 32
4057, 33
4058, 17
4059, 11
4060, 14
4061, 36
4062, 36
4063, 68
4064, 0
4065, 43
4066, 40
4067, 2
4068, 55
4069, 2
4070, 40
4071, 42
4072, 59
4073, 55
4074, 68
4075, 40
4076, 33
4077, 46
4078, 55
4079, 44
4080, 68
4081, 36
4082, 0
4083, 0
4084, 69
4085, 65
4086, 62
4087, 52
4088, 68
4089, 19
4090, 0
4091, 22
4092, 21
4093, 13
4094, 40
4095, 45
4096, 0
4097, 41
4098, 34
4099, 40
4100, 35
4101, 17
4102, 19
4103, 35
4104, 24
4105, 0
4106, 40
4107, 34
4108, 40
4109, 35
4110, 17
4111, 19
4112, 35
4113, 24
4114, 0
4115, 11
4116, 44
4117, 30
4118, 23
4119, 54
4120, 38
4121, 30
4122, 31
4123, 22
4124, 42
4125, 12
4126, 51
4127, 0
4128, 11
4129, 45
4130, 29
4131, 0
4132, 46
4133, 27
4134, 19
4135, 34
4136, 27
4137, 19
4138, 39
4139, 0
4140, 34
4141, 23
4142, 56
4143, 18
4144, 39
4145, 27
4146, 11
4147, 25
4148, 51
4149, 71
4150, 75
4151, 46
4152, 49
4153, 48
4154, 15
4155, 32
4156, 33
4157, 17
4158, 11
4159, 14
4160, 36
4161, 36
4162, 68
4163, 34
4164, 38
4165, 27
4166, 38
4167, 0
4168, 14
4169, 41
4170, 28
4171, 31
4172, 26
4173, 43
4174, 42
4175, 37
4176, 14
4177, 11
4178, 39
4179, 10
4180, 11
4181, 39
4182, 66
4183, 14
4184, 22
4185, 48
4186, 43
4187, 39
4188, 36
4189, 42
4190, 0
4191, 14
4192, 49
4193, 25
4194, 39
4195, 33
4196, 39
4197, 36
4198, 42
4199, 39
4200, 0
4201, 0
4202, 0
4203, 14
4204, 33
4205, 50
4206, 74
4207, 34
4208, 41
4209, 38
4210, 3
4211, 45
4212, 0
4213, 58
4214, 0
4215, 28
4216, 26
4217, 26
4218, 54
4219, 22
4220, 21
4221, 17
4222, 42
4223, 37
4224, 0
4225, 43
4226, 0
4227, 21
4228, 41
4229, 24
4230, 24
4231, 30
4232, 37
4233, 5
4234, 30
4235, 52
4236, 48
4237, 23
4238, 60
4239, 37
4240, 45
4241, 0
4242, 16
4243, 25
4244, 30
4245, 14
4246, 5
4247, 36
4248, 48
4249, 47
4250, 41
4251, 48
4252, 19
4253, 44
4254, 45
4255, 0
4256, 14
4257, 65
4258, 40
4259, 35
4260, 11
4261, 41
4262, 38
4263, 3
4264, 45
4265, 39
4266, 0
4267, 28
4268, 26
4269, 26
4270, 53
4271, 26
4272, 21
4273, 17
4274, 42
4275, 37
4276, 0
4277, 43
4278, 0
4279, 28
4280, 42
4281, 26
4282, 42
4283, 25
4284, 51
4285, 43
4286, 0
4287, 21
4288, 44
4289, 75
4290, 19
4291, 20
4292, 30
4293, 14
4294, 54
4295, 0
4296, 16
4297, 25
4298, 35
4299, 42
4300, 58
4301, 7
4302, 29
4303, 18
4304, 31
4305, 0
4306, 14
4307, 65
4308, 40
4309, 35
4310, 11
