1, 43
2, 35
3, 1
4, 31
5, 26
6, 0
7, 0
8, 33
9, 24
10, 45
11, 3
12, 0
13, 31
14, 40
15, 20
16, 10
17, 78
18, 3
19, 0
20, 24
21, 13
22, 0
23, 54
24, 0
25, 29
26, 47
27, 0
28, 83
29, 18
30, 0
31, 46
32, 0
33, 43
34, 47
35, 0
36, 9
37, 0
38, 22
39, 36
40, 31
41, 0
42, 37
43, 31
44, 3
45, 0
46, 68
47, 3
48, 0
49, 85
50, 0
51, 39
52, 35
53, 1
54, 31
55, 44
56, 0
57, 0
58, 33
59, 24
60, 45
61, 3
62, 0
63, 31
64, 37
65, 20
66, 10
67, 78
68, 3
69, 0
70, 24
71, 13
72, 0
73, 42
74, 0
75, 29
76, 47
77, 0
78, 83
79, 18
80, 0
81, 46
82, 0
83, 34
84, 43
85, 38
86, 0
87, 9
88, 0
89, 22
90, 36
91, 31
92, 0
93, 37
94, 31
95, 3
96, 0
97, 68
98, 3
99, 0
100, 85
101, 0
102, 0
103, 41
104, 41
105, 41
106, 41
107, 41
108, 41
109, 41
110, 0
111, 16
112, 0
113, 29
114, 25
115, 35
116, 28
117, 42
118, 0
119, 47
120, 49
121, 14
122, 1
123, 49
124, 32
125, 45
126, 12
127, 7
128, 10
129, 48
130, 18
131, 0
132, 21
133, 20
134, 17
135, 5
136, 3
137, 0
138, 52
139, 17
140, 29
141, 24
142, 18
143, 16
144, 20
145, 4
146, 23
147, 31
148, 30
149, 3
150, 20
151, 0
152, 8
153, 0
154, 28
155, 8
156, 17
157, 10
158, 31
159, 9
160, 33
161, 12
162, 30
163, 3
164, 3
165, 0
166, 50
167, 27
168, 1
169, 1
170, 0
171, 9
172, 42
173, 10
174, 39
175, 36
176, 0
177, 33
178, 50
179, 29
180, 39
181, 0
182, 17
183, 0
184, 52
185, 14
186, 67
187, 66
188, 68
189, 8
190, 0
191, 16
192, 0
193, 70
194, 0
195, 64
196, 22
197, 8
198, 5
199, 22
200, 9
201, 17
202, 21
203, 3
204, 0
205, 18
206, 18
207, 45
208, 0
209, 24
210, 18
211, 25
212, 3
213, 3
214, 0
215, 14
216, 82
217, 0
218, 28
219, 14
220, 24
221, 0
222, 25
223, 14
224, 16
225, 0
226, 23
227, 7
228, 7
229, 35
230, 0
231, 27
232, 11
233, 4
234, 5
235, 3
236, 3
237, 3
238, 3
239, 0
240, 8
241, 17
242, 0
243, 27
244, 24
245, 29
246, 43
247, 0
248, 42
249, 36
250, 31
251, 0
252, 27
253, 25
254, 4
255, 16
256, 28
257, 3
258, 4
259, 4
260, 5
261, 3
262, 6
263, 19
264, 3
265, 0
266, 10
267, 54
268, 3
269, 3
270, 0
271, 31
272, 35
273, 0
274, 14
275, 22
276, 16
277, 39
278, 3
279, 4
280, 0
281, 23
282, 35
283, 0
284, 9
285, 38
286, 21
287, 13
288, 16
289, 3
290, 0
291, 54
292, 39
293, 3
294, 0
295, 22
296, 35
297, 35
298, 45
299, 3
300, 3
301, 3
302, 0
303, 25
304, 0
305, 0
306, 18
307, 4
308, 0
309, 34
310, 84
311, 39
312, 36
313, 29
314, 27
315, 24
316, 30
317, 26
318, 0
319, 0
320, 15
321, 36
322, 19
323, 18
324, 0
325, 10
326, 13
327, 14
328, 10
329, 3
330, 0
331, 12
332, 14
333, 6
334, 3
335, 0
336, 32
337, 24
338, 9
339, 29
340, 30
341, 26
342, 55
343, 10
344, 3
345, 36
346, 3
347, 10
348, 25
349, 25
350, 28
351, 6
352, 3
353, 3
354, 3
355, 0
356, 23
357, 41
358, 0
359, 39
360, 36
361, 29
362, 27
363, 24
364, 30
365, 26
366, 24
367, 0
368, 0
369, 15
370, 36
371, 19
372, 18
373, 0
374, 10
375, 13
376, 19
377, 10
378, 3
379, 0
380, 12
381, 14
382, 6
383, 3
384, 0
385, 32
386, 18
387, 9
388, 29
389, 30
390, 26
391, 10
392, 3
393, 36
394, 3
395, 10
396, 25
397, 25
398, 28
399, 6
400, 3
401, 3
402, 3
403, 0
404, 23
405, 41
406, 0
407, 39
408, 36
409, 29
410, 0
411, 15
412, 29
413, 0
414, 29
415, 9
416, 9
417, 0
418, 11
419, 16
420, 33
421, 10
422, 9
423, 9
424, 11
425, 10
426, 43
427, 24
428, 51
429, 5
430, 3
431, 10
432, 10
433, 16
434, 5
435, 23
436, 9
437, 9
438, 15
439, 3
440, 7
441, 17
442, 3
443, 3
444, 10
445, 12
446, 14
447, 23
448, 9
449, 4
450, 26
451, 23
452, 8
453, 16
454, 44
455, 56
456, 8
457, 21
458, 8
459, 16
460, 13
461, 3
462, 10
463, 3
464, 3
465, 3
466, 3
467, 0
468, 23
469, 24
470, 50
471, 0
472, 39
473, 36
474, 29
475, 27
476, 0
477, 12
478, 9
479, 7
480, 8
481, 20
482, 45
483, 3
484, 0
485, 5
486, 45
487, 45
488, 45
489, 45
490, 45
491, 45
492, 37
493, 0
494, 7
495, 12
496, 12
497, 12
498, 12
499, 0
500, 12
501, 12
502, 12
503, 12
504, 12
505, 12
506, 12
507, 12
508, 12
509, 12
510, 12
511, 1
512, 15
513, 23
514, 23
515, 23
516, 23
517, 1
518, 0
519, 39
520, 21
521, 14
522, 23
523, 14
524, 48
525, 3
526, 0
527, 41
528, 21
529, 17
530, 10
531, 36
532, 11
533, 10
534, 22
535, 17
536, 19
537, 14
538, 5
539, 3
540, 3
541, 3
542, 58
543, 3
544, 0
545, 0
546, 24
547, 0
548, 54
549, 57
550, 70
551, 39
552, 36
553, 29
554, 26
555, 0
556, 12
557, 0
558, 16
559, 14
560, 15
561, 0
562, 5
563, 45
564, 45
565, 45
566, 45
567, 45
568, 45
569, 37
570, 0
571, 7
572, 12
573, 12
574, 12
575, 12
576, 0
577, 12
578, 12
579, 12
580, 12
581, 12
582, 12
583, 12
584, 12
585, 12
586, 12
587, 12
588, 1
589, 15
590, 23
591, 23
592, 23
593, 23
594, 1
595, 0
596, 29
597, 23
598, 0
599, 20
600, 51
601, 3
602, 0
603, 13
604, 0
605, 7
606, 3
607, 0
608, 39
609, 21
610, 7
611, 10
612, 14
613, 23
614, 14
615, 41
616, 3
617, 0
618, 41
619, 21
620, 17
621, 10
622, 17
623, 10
624, 19
625, 36
626, 31
627, 0
628, 26
629, 25
630, 56
631, 36
632, 3
633, 4
634, 25
635, 56
636, 12
637, 3
638, 3
639, 0
640, 21
641, 36
642, 3
643, 15
644, 44
645, 3
646, 3
647, 0
648, 0
649, 24
650, 0
651, 54
652, 57
653, 70
654, 39
655, 36
656, 29
657, 42
658, 0
659, 12
660, 0
661, 16
662, 14
663, 15
664, 0
665, 5
666, 45
667, 45
668, 45
669, 45
670, 45
671, 45
672, 37
673, 0
674, 7
675, 12
676, 12
677, 12
678, 12
679, 0
680, 12
681, 12
682, 12
683, 12
684, 12
685, 12
686, 12
687, 12
688, 12
689, 12
690, 12
691, 1
692, 15
693, 23
694, 23
695, 23
696, 23
697, 1
698, 0
699, 29
700, 23
701, 0
702, 20
703, 51
704, 3
705, 0
706, 13
707, 0
708, 7
709, 3
710, 0
711, 39
712, 21
713, 7
714, 10
715, 14
716, 37
717, 5
718, 6
719, 23
720, 19
721, 15
722, 17
723, 19
724, 3
725, 5
726, 11
727, 31
728, 14
729, 16
730, 19
731, 3
732, 14
733, 34
734, 3
735, 3
736, 0
737, 41
738, 21
739, 17
740, 10
741, 17
742, 10
743, 19
744, 36
745, 31
746, 0
747, 26
748, 25
749, 56
750, 36
751, 3
752, 4
753, 25
754, 56
755, 12
756, 3
757, 3
758, 0
759, 21
760, 36
761, 3
762, 15
763, 44
764, 3
765, 3
766, 0
767, 0
768, 24
769, 0
770, 54
771, 57
772, 70
773, 39
774, 36
775, 29
776, 26
777, 26
778, 0
779, 12
780, 0
781, 16
782, 14
783, 15
784, 0
785, 5
786, 45
787, 45
788, 45
789, 45
790, 45
791, 45
792, 37
793, 0
794, 7
795, 12
796, 12
797, 12
798, 12
799, 0
800, 12
801, 12
802, 12
803, 12
804, 12
805, 12
806, 12
807, 12
808, 12
809, 12
810, 12
811, 1
812, 0
813, 15
814, 23
815, 23
816, 23
817, 23
818, 1
819, 0
820, 29
821, 7
822, 10
823, 14
824, 23
825, 14
826, 41
827, 3
828, 0
829, 31
830, 10
831, 10
832, 17
833, 10
834, 19
835, 36
836, 0
837, 72
838, 22
839, 59
840, 3
841, 0
842, 11
843, 26
844, 38
845, 3
846, 15
847, 46
848, 3
849, 3
850, 3
851, 0
852, 24
853, 0
854, 28
855, 27
856, 0
857, 31
858, 27
859, 0
860, 36
861, 35
862, 0
863, 15
864, 20
865, 61
866, 39
867, 0
868, 18
869, 39
870, 35
871, 1
872, 35
873, 26
874, 29
875, 0
876, 17
877, 0
878, 26
879, 25
880, 37
881, 0
882, 19
883, 32
884, 3
885, 0
886, 17
887, 3
888, 0
889, 29
890, 14
891, 34
892, 0
893, 43
894, 54
895, 3
896, 0
897, 11
898, 3
899, 0
900, 20
901, 35
902, 33
903, 3
904, 0
905, 41
906, 17
907, 30
908, 18
909, 17
910, 3
911, 0
912, 12
913, 22
914, 26
915, 18
916, 31
917, 3
918, 4
919, 16
920, 20
921, 8
922, 14
923, 8
924, 3
925, 0
926, 8
927, 3
928, 3
929, 0
930, 10
931, 26
932, 7
933, 11
934, 4
935, 13
936, 8
937, 16
938, 3
939, 3
940, 3
941, 3
942, 0
943, 16
944, 61
945, 0
946, 68
947, 64
948, 0
949, 38
950, 18
951, 32
952, 35
953, 1
954, 35
955, 26
956, 0
957, 16
958, 0
959, 27
960, 47
961, 15
962, 26
963, 29
964, 25
965, 3
966, 3
967, 9
968, 0
969, 3
970, 0
971, 30
972, 33
973, 23
974, 43
975, 50
976, 3
977, 4
978, 3
979, 0
980, 21
981, 35
982, 36
983, 3
984, 0
985, 41
986, 17
987, 30
988, 17
989, 17
990, 3
991, 0
992, 39
993, 0
994, 79
995, 40
996, 37
997, 1
998, 37
999, 28
1000, 28
1001, 28
1002, 0
1003, 22
1004, 0
1005, 26
1006, 0
1007, 12
1008, 11
1009, 0
1010, 79
1011, 21
1012, 0
1013, 60
1014, 35
1015, 14
1016, 21
1017, 14
1018, 15
1019, 15
1020, 21
1021, 12
1022, 0
1023, 11
1024, 21
1025, 19
1026, 7
1027, 7
1028, 24
1029, 12
1030, 12
1031, 18
1032, 12
1033, 5
1034, 3
1035, 3
1036, 0
1037, 35
1038, 12
1039, 0
1040, 65
1041, 74
1042, 17
1043, 18
1044, 12
1045, 11
1046, 23
1047, 26
1048, 18
1049, 12
1050, 11
1051, 3
1052, 3
1053, 3
1054, 40
1055, 37
1056, 1
1057, 37
1058, 28
1059, 28
1060, 28
1061, 0
1062, 61
1063, 0
1064, 12
1065, 0
1066, 19
1067, 0
1068, 42
1069, 24
1070, 25
1071, 25
1072, 27
1073, 0
1074, 26
1075, 18
1076, 20
1077, 3
1078, 4
1079, 20
1080, 13
1081, 20
1082, 13
1083, 3
1084, 0
1085, 13
1086, 3
1087, 3
1088, 0
1089, 19
1090, 39
1091, 17
1092, 20
1093, 17
1094, 45
1095, 3
1096, 3
1097, 0
1098, 39
1099, 3
1100, 3
1101, 0
1102, 48
1103, 37
1104, 0
1105, 33
1106, 36
1107, 36
1108, 3
1109, 0
1110, 34
1111, 0
1112, 21
1113, 43
1114, 0
1115, 5
1116, 15
1117, 8
1118, 0
1119, 33
1120, 11
1121, 25
1122, 3
1123, 0
1124, 21
1125, 0
1126, 18
1127, 21
1128, 12
1129, 14
1130, 4
1131, 16
1132, 18
1133, 3
1134, 3
1135, 3
1136, 3
1137, 3
1138, 0
1139, 15
1140, 3
1141, 3
1142, 0
1143, 29
1144, 17
1145, 0
1146, 9
1147, 24
1148, 0
1149, 24
1150, 0
1151, 37
1152, 8
1153, 0
1154, 12
1155, 12
1156, 0
1157, 28
1158, 0
1159, 18
1160, 15
1161, 15
1162, 28
1163, 12
1164, 0
1165, 11
1166, 21
1167, 23
1168, 7
1169, 7
1170, 24
1171, 14
1172, 14
1173, 20
1174, 12
1175, 5
1176, 3
1177, 3
1178, 0
1179, 35
1180, 13
1181, 0
1182, 17
1183, 19
1184, 12
1185, 11
1186, 18
1187, 26
1188, 19
1189, 12
1190, 11
1191, 3
1192, 3
1193, 0
1194, 3
1195, 3
1196, 0
1197, 18
1198, 40
1199, 37
1200, 1
1201, 37
1202, 28
1203, 28
1204, 28
1205, 26
1206, 0
1207, 22
1208, 0
1209, 26
1210, 0
1211, 12
1212, 11
1213, 0
1214, 5
1215, 14
1216, 21
1217, 0
1218, 5
1219, 14
1220, 15
1221, 15
1222, 21
1223, 12
1224, 0
1225, 5
1226, 12
1227, 21
1228, 19
1229, 7
1230, 7
1231, 24
1232, 12
1233, 12
1234, 18
1235, 12
1236, 5
1237, 3
1238, 6
1239, 3
1240, 0
1241, 35
1242, 12
1243, 0
1244, 65
1245, 74
1246, 17
1247, 18
1248, 12
1249, 11
1250, 21
1251, 26
1252, 18
1253, 12
1254, 11
1255, 3
1256, 6
1257, 3
1258, 6
1259, 3
1260, 32
1261, 36
1262, 1
1263, 31
1264, 0
1265, 16
1266, 0
1267, 16
1268, 35
1269, 0
1270, 11
1271, 21
1272, 11
1273, 11
1274, 5
1275, 11
1276, 16
1277, 6
1278, 3
1279, 1
1280, 10
1281, 1
1282, 0
1283, 35
1284, 0
1285, 5
1286, 22
1287, 6
1288, 0
1289, 19
1290, 1
1291, 32
1292, 37
1293, 45
1294, 0
1295, 15
1296, 68
1297, 3
1298, 0
1299, 22
1300, 19
1301, 3
1302, 0
1303, 28
1304, 49
1305, 46
1306, 0
1307, 30
1308, 31
1309, 32
1310, 33
1311, 24
1312, 26
1313, 20
1314, 21
1315, 14
1316, 19
1317, 21
1318, 3
1319, 3
1320, 17
1321, 19
1322, 25
1323, 35
1324, 3
1325, 0
1326, 16
1327, 76
1328, 25
1329, 104
1330, 0
1331, 3
1332, 0
1333, 48
1334, 15
1335, 41
1336, 64
1337, 31
1338, 43
1339, 26
1340, 21
1341, 23
1342, 50
1343, 37
1344, 19
1345, 29
1346, 43
1347, 25
1348, 36
1349, 34
1350, 34
1351, 31
1352, 4
1353, 27
1354, 25
1355, 27
1356, 3
1357, 3
1358, 3
1359, 3
1360, 32
1361, 34
1362, 3
1363, 3
1364, 44
1365, 37
1366, 19
1367, 27
1368, 38
1369, 31
1370, 4
1371, 54
1372, 38
1373, 16
1374, 3
1375, 3
1376, 3
1377, 19
1378, 3
1379, 40
1380, 57
1381, 3
1382, 0
1383, 21
1384, 8
1385, 16
1386, 20
1387, 3
1388, 3
1389, 3
1390, 0
1391, 27
1392, 12
1393, 14
1394, 18
1395, 25
1396, 22
1397, 4
1398, 25
1399, 25
1400, 15
1401, 3
1402, 3
1403, 3
1404, 45
1405, 7
1406, 3
1407, 0
1408, 64
1409, 21
1410, 13
1411, 48
1412, 18
1413, 34
1414, 3
1415, 16
1416, 3
1417, 3
1418, 0
1419, 14
1420, 24
1421, 0
1422, 93
1423, 92
1424, 0
1425, 28
1426, 38
1427, 61
1428, 0
1429, 45
1430, 43
1431, 0
1432, 28
1433, 0
1434, 24
1435, 71
1436, 75
1437, 27
1438, 4
1439, 28
1440, 3
1441, 3
1442, 3
1443, 0
1444, 22
1445, 26
1446, 52
1447, 4
1448, 51
1449, 3
1450, 3
1451, 0
1452, 35
1453, 23
1454, 40
1455, 42
1456, 22
1457, 21
1458, 4
1459, 21
1460, 3
1461, 3
1462, 41
1463, 0
1464, 16
1465, 22
1466, 4
1467, 22
1468, 3
1469, 3
1470, 0
1471, 31
1472, 8
1473, 55
1474, 4
1475, 3
1476, 0
1477, 30
1478, 17
1479, 32
1480, 75
1481, 54
1482, 3
1483, 13
1484, 3
1485, 0
1486, 29
1487, 38
1488, 30
1489, 18
1490, 32
1491, 25
1492, 40
1493, 4
1494, 41
1495, 3
1496, 28
1497, 19
1498, 3
1499, 0
1500, 23
1501, 12
1502, 3
1503, 0
1504, 15
1505, 3
1506, 3
1507, 0
1508, 11
1509, 37
1510, 21
1511, 0
1512, 101
1513, 103
1514, 0
1515, 34
1516, 12
1517, 25
1518, 9
1519, 32
1520, 57
1521, 32
1522, 0
1523, 21
1524, 19
1525, 46
1526, 30
1527, 38
1528, 11
1529, 3
1530, 18
1531, 3
1532, 3
1533, 0
1534, 36
1535, 10
1536, 41
1537, 59
1538, 3
1539, 3
1540, 0
1541, 28
1542, 34
1543, 45
1544, 27
1545, 39
1546, 3
1547, 3
1548, 3
1549, 0
1550, 15
1551, 20
1552, 0
1553, 16
1554, 24
1555, 11
1556, 44
1557, 40
1558, 42
1559, 42
1560, 45
1561, 40
1562, 40
1563, 40
1564, 40
1565, 42
1566, 0
1567, 33
1568, 0
1569, 65
1570, 65
1571, 34
1572, 16
1573, 17
1574, 3
1575, 0
1576, 12
1577, 12
1578, 12
1579, 13
1580, 3
1581, 0
1582, 17
1583, 44
1584, 29
1585, 10
1586, 29
1587, 10
1588, 3
1589, 0
1590, 28
1591, 19
1592, 23
1593, 21
1594, 31
1595, 39
1596, 19
1597, 25
1598, 3
1599, 3
1600, 19
1601, 3
1602, 3
1603, 0
1604, 40
1605, 32
1606, 19
1607, 3
1608, 0
1609, 67
1610, 0
1611, 23
1612, 21
1613, 44
1614, 27
1615, 19
1616, 21
1617, 9
1618, 4
1619, 51
1620, 3
1621, 3
1622, 3
1623, 19
1624, 3
1625, 3
1626, 0
1627, 35
1628, 19
1629, 27
1630, 18
1631, 39
1632, 3
1633, 10
1634, 3
1635, 3
1636, 0
1637, 13
1638, 27
1639, 29
1640, 31
1641, 3
1642, 49
1643, 19
1644, 34
1645, 19
1646, 3
1647, 0
1648, 23
1649, 15
1650, 17
1651, 22
1652, 58
1653, 3
1654, 10
1655, 3
1656, 0
1657, 23
1658, 42
1659, 56
1660, 56
1661, 36
1662, 18
1663, 0
1664, 38
1665, 13
1666, 7
1667, 3
1668, 3
1669, 3
1670, 0
1671, 3
1672, 0
1673, 29
1674, 0
1675, 19
1676, 1
1677, 32
1678, 37
1679, 45
1680, 0
1681, 43
1682, 97
1683, 83
1684, 41
1685, 0
1686, 86
1687, 14
1688, 92
1689, 73
1690, 24
1691, 0
1692, 94
1693, 27
1694, 93
1695, 92
1696, 0
1697, 28
1698, 74
1699, 0
1700, 45
1701, 43
1702, 0
1703, 28
1704, 0
1705, 84
1706, 87
1707, 36
1708, 24
1709, 71
1710, 75
1711, 39
1712, 52
1713, 4
1714, 28
1715, 3
1716, 3
1717, 3
1718, 0
1719, 36
1720, 19
1721, 40
1722, 13
1723, 45
1724, 28
1725, 9
1726, 9
1727, 19
1728, 23
1729, 17
1730, 10
1731, 3
1732, 3
1733, 36
1734, 3
1735, 0
1736, 32
1737, 38
1738, 22
1739, 29
1740, 53
1741, 53
1742, 22
1743, 64
1744, 53
1745, 53
1746, 64
1747, 4
1748, 64
1749, 53
1750, 53
1751, 64
1752, 3
1753, 5
1754, 3
1755, 0
1756, 95
1757, 22
1758, 26
1759, 52
1760, 4
1761, 51
1762, 3
1763, 3
1764, 0
1765, 100
1766, 62
1767, 38
1768, 39
1769, 40
1770, 40
1771, 40
1772, 40
1773, 11
1774, 49
1775, 110
1776, 110
1777, 110
1778, 38
1779, 39
1780, 40
1781, 40
1782, 40
1783, 40
1784, 11
1785, 112
1786, 102
1787, 28
1788, 30
1789, 16
1790, 23
1791, 40
1792, 42
1793, 22
1794, 21
1795, 4
1796, 21
1797, 3
1798, 3
1799, 41
1800, 0
1801, 16
1802, 22
1803, 4
1804, 22
1805, 3
1806, 3
1807, 0
1808, 66
1809, 31
1810, 8
1811, 55
1812, 4
1813, 3
1814, 0
1815, 92
1816, 101
1817, 52
1818, 30
1819, 17
1820, 32
1821, 75
1822, 54
1823, 3
1824, 16
1825, 3
1826, 0
1827, 96
1828, 47
1829, 29
1830, 32
1831, 18
1832, 32
1833, 25
1834, 40
1835, 4
1836, 41
1837, 3
1838, 19
1839, 3
1840, 0
1841, 74
1842, 11
1843, 3
1844, 3
1845, 0
1846, 98
1847, 13
1848, 47
1849, 40
1850, 99
1851, 100
1852, 11
1853, 37
1854, 21
1855, 0
1856, 108
1857, 101
1858, 103
1859, 0
1860, 34
1861, 12
1862, 25
1863, 9
1864, 0
1865, 32
1866, 57
1867, 32
1868, 0
1869, 82
1870, 88
1871, 21
1872, 19
1873, 11
1874, 46
1875, 30
1876, 41
1877, 11
1878, 3
1879, 18
1880, 3
1881, 3
1882, 0
1883, 97
1884, 36
1885, 10
1886, 41
1887, 59
1888, 3
1889, 3
1890, 0
1891, 82
1892, 99
1893, 30
1894, 34
1895, 45
1896, 27
1897, 43
1898, 3
1899, 3
1900, 3
1901, 0
1902, 37
1903, 1
1904, 16
1905, 17
1906, 16
1907, 17
1908, 16
1909, 17
1910, 16
1911, 17
1912, 16
1913, 17
1914, 16
1915, 1
1916, 93
1917, 103
1918, 25
1919, 15
1920, 68
1921, 3
1922, 0
1923, 14
1924, 68
1925, 3
1926, 0
1927, 59
1928, 22
1929, 19
1930, 3
1931, 0
1932, 50
1933, 84
1934, 73
1935, 88
1936, 90
1937, 94
1938, 97
1939, 29
1940, 86
1941, 111
1942, 62
1943, 28
1944, 49
1945, 46
1946, 0
1947, 30
1948, 31
1949, 32
1950, 33
1951, 24
1952, 26
1953, 20
1954, 21
1955, 14
1956, 19
1957, 21
1958, 3
1959, 3
1960, 17
1961, 19
1962, 25
1963, 35
1964, 3
1965, 0
1966, 16
1967, 76
1968, 25
1969, 104
1970, 3
1971, 0
1972, 80
1973, 94
1974, 90
1975, 14
1976, 15
1977, 14
1978, 15
1979, 14
1980, 11
1981, 1
1982, 102
1983, 13
1984, 81
1985, 83
1986, 83
1987, 51
1988, 1
1989, 12
1990, 97
1991, 97
1992, 47
1993, 78
1994, 49
1995, 92
1996, 74
1997, 43
1998, 48
1999, 15
2000, 23
2001, 41
2002, 66
2003, 54
2004, 31
2005, 0
2006, 66
2007, 77
2008, 43
2009, 0
2010, 55
2011, 64
2012, 74
2013, 62
2014, 72
2015, 89
2016, 73
2017, 26
2018, 21
2019, 23
2020, 50
2021, 37
2022, 19
2023, 29
2024, 43
2025, 25
2026, 36
2027, 34
2028, 34
2029, 31
2030, 4
2031, 27
2032, 25
2033, 27
2034, 3
2035, 3
2036, 3
2037, 3
2038, 32
2039, 34
2040, 3
2041, 3
2042, 0
2043, 101
2044, 104
2045, 68
2046, 92
2047, 46
2048, 44
2049, 37
2050, 19
2051, 27
2052, 38
2053, 31
2054, 4
2055, 88
2056, 19
2057, 86
2058, 84
2059, 84
2060, 26
2061, 90
2062, 98
2063, 54
2064, 38
2065, 16
2066, 3
2067, 3
2068, 3
2069, 0
2070, 56
2071, 19
2072, 3
2073, 85
2074, 105
2075, 3
2076, 0
2077, 73
2078, 27
2079, 12
2080, 14
2081, 18
2082, 25
2083, 22
2084, 4
2085, 26
2086, 25
2087, 15
2088, 3
2089, 3
2090, 3
2091, 45
2092, 7
2093, 3
2094, 0
2095, 91
2096, 12
2097, 12
2098, 12
2099, 13
2100, 3
2101, 0
2102, 16
2103, 17
2104, 44
2105, 29
2106, 10
2107, 29
2108, 10
2109, 3
2110, 0
2111, 92
2112, 99
2113, 98
2114, 47
2115, 1
2116, 6
2117, 108
2118, 113
2119, 108
2120, 111
2121, 109
2122, 111
2123, 18
2124, 28
2125, 19
2126, 27
2127, 21
2128, 45
2129, 39
2130, 19
2131, 25
2132, 3
2133, 3
2134, 19
2135, 3
2136, 21
2137, 19
2138, 3
2139, 0
2140, 111
2141, 97
2142, 69
2143, 13
2144, 75
2145, 36
2146, 38
2147, 1
2148, 22
2149, 40
2150, 69
2151, 32
2152, 19
2153, 3
2154, 0
2155, 23
2156, 21
2157, 58
2158, 33
2159, 19
2160, 21
2161, 9
2162, 4
2163, 51
2164, 3
2165, 3
2166, 3
2167, 19
2168, 3
2169, 3
2170, 0
2171, 17
2172, 35
2173, 19
2174, 27
2175, 18
2176, 39
2177, 3
2178, 10
2179, 3
2180, 3
2181, 0
2182, 92
2183, 50
2184, 13
2185, 67
2186, 65
2187, 19
2188, 27
2189, 3
2190, 0
2191, 83
2192, 23
2193, 42
2194, 56
2195, 56
2196, 36
2197, 18
2198, 0
2199, 86
2200, 36
2201, 38
2202, 13
2203, 7
2204, 3
2205, 3
2206, 3
2207, 0
2208, 0
2209, 2
2210, 15
2211, 2
2212, 24
2213, 11
2214, 42
2215, 40
2216, 40
2217, 40
2218, 40
2219, 44
2220, 45
2221, 40
2222, 40
2223, 41
2224, 2
2225, 0
2226, 33
2227, 0
2228, 65
2229, 65
2230, 34
2231, 16
2232, 17
2233, 0
2234, 26
2235, 0
2236, 32
2237, 35
2238, 1
2239, 38
2240, 64
2241, 39
2242, 0
2243, 28
2244, 22
2245, 0
2246, 12
2247, 46
2248, 0
2249, 41
2250, 20
2251, 74
2252, 25
2253, 3
2254, 0
2255, 39
2256, 17
2257, 14
2258, 14
2259, 14
2260, 14
2261, 0
2262, 49
2263, 43
2264, 52
2265, 0
2266, 23
2267, 23
2268, 23
2269, 24
2270, 24
2271, 24
2272, 6
2273, 3
2274, 0
2275, 14
2276, 14
2277, 14
2278, 3
2279, 3
2280, 0
2281, 18
2282, 7
2283, 21
2284, 0
2285, 22
2286, 13
2287, 61
2288, 28
2289, 14
2290, 15
2291, 15
2292, 15
2293, 49
2294, 34
2295, 3
2296, 3
2297, 1
2298, 3
2299, 0
2300, 27
2301, 26
2302, 0
2303, 15
2304, 10
2305, 14
2306, 14
2307, 14
2308, 3
2309, 0
2310, 13
2311, 24
2312, 24
2313, 24
2314, 3
2315, 0
2316, 10
2317, 5
2318, 46
2319, 0
2320, 9
2321, 11
2322, 24
2323, 25
2324, 25
2325, 24
2326, 24
2327, 25
2328, 25
2329, 0
2330, 8
2331, 11
2332, 24
2333, 24
2334, 25
2335, 25
2336, 24
2337, 24
2338, 25
2339, 0
2340, 8
2341, 11
2342, 24
2343, 25
2344, 25
2345, 24
2346, 24
2347, 25
2348, 25
2349, 0
2350, 9
2351, 11
2352, 24
2353, 25
2354, 24
2355, 24
2356, 24
2357, 25
2358, 24
2359, 1
2360, 0
2361, 0
2362, 20
2363, 0
2364, 23
2365, 0
2366, 28
2367, 0
2368, 21
2369, 9
2370, 0
2371, 10
2372, 5
2373, 17
2374, 13
2375, 41
2376, 6
2377, 3
2378, 3
2379, 0
2380, 28
2381, 32
2382, 36
2383, 1
2384, 41
2385, 37
2386, 0
2387, 12
2388, 22
2389, 9
2390, 12
2391, 5
2392, 15
2393, 21
2394, 10
2395, 8
2396, 18
2397, 15
2398, 9
2399, 3
2400, 3
2401, 6
2402, 3
2403, 5
2404, 3
2405, 0
2406, 23
2407, 0
2408, 34
2409, 0
2410, 27
2411, 21
2412, 28
2413, 30
2414, 16
2415, 41
2416, 3
2417, 32
2418, 36
2419, 31
2420, 0
2421, 13
2422, 29
2423, 9
2424, 13
2425, 14
2426, 22
2427, 19
2428, 1
2429, 10
2430, 3
2431, 1
2432, 12
2433, 3
2434, 0
2435, 23
2436, 16
2437, 0
2438, 12
2439, 18
2440, 45
2441, 1
2442, 15
2443, 1
2444, 38
2445, 36
2446, 1
2447, 21
2448, 41
2449, 0
2450, 16
2451, 31
2452, 25
2453, 0
2454, 12
2455, 40
2456, 10
2457, 24
2458, 21
2459, 3
2460, 0
2461, 9
2462, 12
2463, 22
2464, 45
2465, 10
2466, 25
2467, 24
2468, 18
2469, 40
2470, 3
2471, 3
2472, 3
2473, 5
2474, 3
2475, 0
2476, 23
2477, 31
2478, 21
2479, 26
2480, 16
2481, 41
2482, 3
2483, 0
2484, 72
2485, 38
2486, 36
2487, 1
2488, 52
2489, 1
2490, 30
2491, 72
2492, 0
2493, 26
2494, 0
2495, 60
2496, 0
2497, 16
2498, 75
2499, 0
2500, 30
2501, 24
2502, 27
2503, 26
2504, 26
2505, 13
2506, 14
2507, 13
2508, 27
2509, 0
2510, 10
2511, 3
2512, 0
2513, 29
2514, 28
2515, 30
2516, 33
2517, 35
2518, 30
2519, 34
2520, 42
2521, 29
2522, 0
2523, 38
2524, 36
2525, 1
2526, 31
2527, 0
2528, 19
2529, 0
2530, 16
2531, 31
2532, 31
2533, 37
2534, 3
2535, 0
2536, 9
2537, 18
2538, 11
2539, 16
2540, 2
2541, 4
2542, 23
2543, 7
2544, 3
2545, 3
2546, 0
2547, 16
2548, 22
2549, 3
2550, 0
2551, 14
2552, 39
2553, 3
2554, 0
2555, 14
2556, 13
2557, 3
2558, 3
2559, 0
2560, 0
2561, 20
2562, 26
2563, 27
2564, 26
2565, 3
2566, 0
2567, 11
2568, 16
2569, 15
2570, 6
2571, 15
2572, 4
2573, 3
2574, 0
2575, 14
2576, 29
2577, 3
2578, 0
2579, 14
2580, 25
2581, 19
2582, 19
2583, 18
2584, 1
2585, 3
2586, 0
2587, 14
2588, 16
2589, 4
2590, 3
2591, 0
2592, 0
2593, 3
2594, 0
2595, 0
2596, 10
2597, 20
2598, 5
2599, 0
2600, 26
2601, 0
2602, 11
2603, 13
2604, 32
2605, 10
2606, 4
2607, 28
2608, 27
2609, 6
2610, 3
2611, 17
2612, 10
2613, 3
2614, 0
2615, 39
2616, 36
2617, 1
2618, 21
2619, 1
2620, 31
2621, 23
2622, 0
2623, 13
2624, 0
2625, 19
2626, 16
2627, 21
2628, 20
2629, 22
2630, 21
2631, 21
2632, 45
2633, 47
2634, 53
2635, 3
2636, 0
2637, 9
2638, 23
2639, 11
2640, 16
2641, 2
2642, 4
2643, 23
2644, 7
2645, 3
2646, 3
2647, 0
2648, 16
2649, 26
2650, 3
2651, 0
2652, 14
2653, 50
2654, 3
2655, 0
2656, 14
2657, 13
2658, 3
2659, 3
2660, 0
2661, 0
2662, 20
2663, 26
2664, 27
2665, 21
2666, 20
2667, 20
2668, 21
2669, 30
2670, 3
2671, 0
2672, 11
2673, 19
2674, 22
2675, 10
2676, 21
2677, 4
2678, 3
2679, 0
2680, 14
2681, 33
2682, 3
2683, 0
2684, 14
2685, 25
2686, 19
2687, 19
2688, 18
2689, 1
2690, 3
2691, 0
2692, 14
2693, 16
2694, 4
2695, 3
2696, 0
2697, 3
2698, 0
2699, 0
2700, 21
2701, 20
2702, 20
2703, 21
2704, 21
2705, 0
2706, 10
2707, 28
2708, 5
2709, 0
2710, 26
2711, 0
2712, 11
2713, 13
2714, 32
2715, 10
2716, 4
2717, 28
2718, 27
2719, 6
2720, 3
2721, 17
2722, 10
2723, 3
2724, 39
2725, 36
2726, 0
2727, 52
2728, 29
2729, 0
2730, 25
2731, 0
2732, 14
2733, 6
2734, 23
2735, 0
2736, 7
2737, 6
2738, 8
2739, 6
2740, 6
2741, 7
2742, 7
2743, 7
2744, 9
2745, 24
2746, 6
2747, 8
2748, 14
2749, 6
2750, 14
2751, 44
2752, 6
2753, 3
2754, 15
2755, 0
2756, 8
2757, 7
2758, 7
2759, 3
2760, 3
2761, 3
2762, 72
2763, 32
2764, 36
2765, 1
2766, 69
2767, 1
2768, 30
2769, 29
2770, 72
2771, 0
2772, 13
2773, 14
2774, 5
2775, 19
2776, 13
2777, 4
2778, 25
2779, 3
2780, 3
2781, 3
2782, 0
2783, 35
2784, 0
2785, 10
2786, 13
2787, 23
2788, 4
2789, 1
2790, 3
2791, 3
2792, 0
2793, 35
2794, 0
2795, 16
2796, 13
2797, 63
2798, 6
2799, 3
2800, 3
2801, 0
2802, 35
2803, 0
2804, 26
2805, 0
2806, 40
2807, 53
2808, 0
2809, 7
2810, 69
2811, 0
2812, 31
2813, 55
2814, 0
2815, 32
2816, 36
2817, 1
2818, 35
2819, 26
2820, 15
2821, 0
2822, 24
2823, 17
2824, 0
2825, 1
2826, 21
2827, 29
2828, 29
2829, 29
2830, 29
2831, 29
2832, 29
2833, 29
2834, 28
2835, 52
2836, 0
2837, 1
2838, 69
2839, 67
2840, 48
2841, 31
2842, 0
2843, 4
2844, 9
2845, 9
2846, 15
2847, 39
2848, 36
2849, 1
2850, 35
2851, 42
2852, 0
2853, 26
2854, 15
2855, 0
2856, 24
2857, 17
2858, 0
2859, 12
2860, 20
2861, 28
2862, 28
2863, 28
2864, 28
2865, 28
2866, 28
2867, 28
2868, 27
2869, 1
2870, 0
2871, 26
2872, 29
2873, 13
2874, 59
2875, 3
2876, 3
2877, 0
2878, 19
2879, 6
2880, 3
2881, 0
2882, 19
2883, 15
2884, 3
2885, 4
2886, 30
2887, 14
2888, 19
2889, 7
2890, 41
2891, 7
2892, 3
2893, 0
2894, 7
2895, 9
2896, 3
2897, 0
2898, 26
2899, 11
2900, 7
2901, 3
2902, 0
2903, 15
2904, 3
2905, 0
2906, 1
2907, 69
2908, 67
2909, 48
2910, 31
2911, 0
2912, 4
2913, 9
2914, 9
2915, 15
2916, 39
2917, 36
2918, 1
2919, 35
2920, 23
2921, 27
2922, 0
2923, 6
2924, 0
2925, 16
2926, 83
2927, 22
2928, 49
2929, 3
2930, 0
2931, 20
2932, 20
2933, 14
2934, 12
2935, 6
2936, 3
2937, 9
2938, 4
2939, 11
2940, 11
2941, 3
2942, 3
2943, 12
2944, 32
2945, 36
2946, 29
2947, 0
2948, 15
2949, 32
2950, 3
2951, 0
2952, 21
2953, 15
2954, 29
2955, 5
2956, 22
2957, 21
2958, 3
2959, 1
2960, 1
2961, 3
2962, 0
2963, 22
2964, 15
2965, 27
2966, 5
2967, 22
2968, 21
2969, 3
2970, 1
2971, 1
2972, 3
2973, 0
2974, 23
2975, 41
2976, 3
2977, 0
2978, 16
2979, 7
2980, 14
2981, 21
2982, 21
2983, 3
2984, 5
2985, 4
2986, 15
2987, 16
2988, 15
2989, 3
2990, 41
2991, 0
2992, 39
2993, 36
2994, 1
2995, 29
2996, 0
2997, 17
2998, 0
2999, 16
3000, 31
3001, 3
3002, 0
3003, 13
3004, 21
3005, 18
3006, 14
3007, 16
3008, 3
3009, 0
3010, 20
3011, 31
3012, 3
3013, 0
3014, 8
3015, 16
3016, 0
3017, 21
3018, 24
3019, 3
3020, 0
3021, 21
3022, 25
3023, 0
3024, 33
3025, 16
3026, 3
3027, 3
3028, 0
3029, 7
3030, 21
3031, 33
3032, 6
3033, 3
3034, 3
3035, 0
3036, 11
3037, 3
3038, 3
3039, 3
3040, 0
3041, 18
3042, 12
3043, 25
3044, 62
3045, 0
3046, 16
3047, 28
3048, 28
3049, 3
3050, 0
3051, 8
3052, 8
3053, 0
3054, 15
3055, 21
3056, 21
3057, 3
3058, 3
3059, 0
3060, 10
3061, 13
3062, 3
3063, 0
3064, 7
3065, 0
3066, 24
3067, 15
3068, 9
3069, 0
3070, 28
3071, 26
3072, 3
3073, 0
3074, 12
3075, 3
3076, 3
3077, 0
3078, 22
3079, 15
3080, 9
3081, 0
3082, 28
3083, 26
3084, 3
3085, 0
3086, 11
3087, 3
3088, 3
3089, 0
3090, 33
3091, 19
3092, 9
3093, 24
3094, 9
3095, 3
3096, 3
3097, 0
3098, 14
3099, 14
3100, 16
3101, 16
3102, 0
3103, 30
3104, 13
3105, 21
3106, 24
3107, 24
3108, 19
3109, 32
3110, 3
3111, 0
3112, 7
3113, 7
3114, 7
3115, 8
3116, 19
3117, 0
3118, 21
3119, 68
3120, 0
3121, 20
3122, 45
3123, 3
3124, 3
3125, 0
3126, 15
3127, 6
3128, 31
3129, 12
3130, 11
3131, 3
3132, 0
3133, 19
3134, 3
3135, 3
3136, 0
3137, 56
3138, 39
3139, 36
3140, 29
3141, 1
3142, 64
3143, 65
3144, 17
3145, 0
3146, 37
3147, 0
3148, 14
3149, 15
3150, 3
3151, 0
3152, 12
3153, 0
3154, 19
3155, 0
3156, 42
3157, 14
3158, 15
3159, 15
3160, 0
3161, 26
3162, 0
3163, 14
3164, 23
3165, 20
3166, 3
3167, 4
3168, 20
3169, 13
3170, 20
3171, 13
3172, 3
3173, 0
3174, 13
3175, 3
3176, 3
3177, 0
3178, 19
3179, 27
3180, 0
3181, 38
3182, 16
3183, 14
3184, 42
3185, 3
3186, 3
3187, 0
3188, 18
3189, 26
3190, 3
3191, 0
3192, 24
3193, 8
3194, 34
3195, 0
3196, 21
3197, 37
3198, 0
3199, 5
3200, 15
3201, 5
3202, 7
3203, 22
3204, 18
3205, 18
3206, 3
3207, 15
3208, 14
3209, 3
3210, 3
3211, 3
3212, 3
3213, 0
3214, 15
3215, 3
3216, 3
3217, 0
3218, 44
3219, 37
3220, 0
3221, 36
3222, 36
3223, 3
3224, 0
3225, 22
3226, 3
3227, 3
3228, 0
3229, 21
3230, 16
3231, 21
3232, 21
3233, 0
3234, 23
3235, 28
3236, 57
3237, 3
3238, 3
3239, 3
3240, 0
3241, 22
3242, 16
3243, 21
3244, 21
3245, 0
3246, 23
3247, 28
3248, 57
3249, 3
3250, 3
3251, 3
3252, 0
3253, 23
3254, 34
3255, 3
3256, 0
3257, 16
3258, 11
3259, 7
3260, 0
3261, 11
3262, 23
3263, 23
3264, 3
3265, 0
3266, 7
3267, 7
3268, 0
3269, 21
3270, 18
3271, 18
3272, 3
3273, 0
3274, 43
3275, 15
3276, 20
3277, 62
3278, 39
3279, 50
3280, 0
3281, 9
3282, 4
3283, 15
3284, 15
3285, 1
3286, 10
3287, 39
3288, 36
3289, 31
3290, 0
3291, 39
3292, 1
3293, 39
3294, 36
3295, 30
3296, 1
3297, 0
3298, 17
3299, 0
3300, 18
3301, 0
3302, 14
3303, 5
3304, 8
3305, 0
3306, 20
3307, 12
3308, 20
3309, 3
3310, 0
3311, 12
3312, 9
3313, 3
3314, 0
3315, 12
3316, 18
3317, 3
3318, 0
3319, 15
3320, 10
3321, 28
3322, 22
3323, 17
3324, 7
3325, 3
3326, 28
3327, 3
3328, 3
3329, 3
3330, 0
3331, 10
3332, 10
3333, 10
3334, 14
3335, 26
3336, 32
3337, 9
3338, 34
3339, 3
3340, 3
3341, 15
3342, 45
3343, 0
3344, 19
3345, 26
3346, 45
3347, 3
3348, 0
3349, 30
3350, 0
3351, 5
3352, 0
3353, 39
3354, 36
3355, 1
3356, 29
3357, 0
3358, 0
3359, 17
3360, 16
3361, 24
3362, 0
3363, 12
3364, 22
3365, 37
3366, 10
3367, 11
3368, 13
3369, 11
3370, 4
3371, 12
3372, 6
3373, 3
3374, 3
3375, 3
3376, 3
3377, 0
3378, 26
3379, 10
3380, 21
3381, 35
3382, 10
3383, 20
3384, 3
3385, 3
