1, 39
2, 34
3, 0
4, 31
5, 2
6, 0
7, 26
8, 0
9, 38
10, 0
11, 39
12, 10
13, 51
14, 0
15, 53
16, 32
17, 0
18, 64
19, 79
20, 0
21, 59
22, 0
23, 52
24, 52
25, 10
26, 0
27, 34
28, 54
29, 55
30, 1
31, 89
32, 1
33, 101
34, 1
35, 0
36, 0
37, 29
38, 1
39, 29
40, 17
41, 0
42, 19
43, 17
44, 1
45, 0
46, 58
47, 13
48, 20
49, 31
50, 31
51, 6
52, 2
53, 1
54, 6
55, 26
56, 1
57, 1
58, 0
59, 50
60, 17
61, 19
62, 17
63, 1
64, 0
65, 24
66, 31
67, 28
68, 56
69, 1
70, 1
71, 1
72, 40
73, 34
74, 38
75, 42
76, 2
77, 0
78, 0
79, 27
80, 1
81, 38
82, 1
83, 11
84, 51
85, 62
86, 1
87, 0
88, 32
89, 1
90, 24
91, 25
92, 25
93, 10
94, 13
95, 6
96, 6
97, 6
98, 10
99, 21
100, 21
101, 0
102, 32
103, 29
104, 6
105, 10
106, 13
107, 7
108, 1
109, 16
110, 1
111, 49
112, 23
113, 8
114, 1
115, 14
116, 1
117, 15
118, 1
119, 36
120, 1
121, 10
122, 18
123, 1
124, 19
125, 1
126, 13
127, 0
128, 24
129, 2
130, 1
131, 18
132, 6
133, 30
134, 1
135, 19
136, 18
137, 15
138, 1
139, 8
140, 52
141, 10
142, 10
143, 4
144, 1
145, 14
146, 22
147, 1
148, 17
149, 1
150, 1
151, 7
152, 1
153, 12
154, 1
155, 16
156, 1
157, 35
158, 21
159, 6
160, 14
161, 1
162, 8
163, 20
164, 6
165, 1
166, 17
167, 0
168, 25
169, 1
170, 6
171, 1
172, 4
173, 1
174, 1
175, 1
176, 1
177, 2
178, 38
179, 36
180, 1
181, 28
182, 1
183, 2
184, 0
185, 27
186, 28
187, 0
188, 13
189, 36
190, 34
191, 35
192, 28
193, 0
194, 41
195, 0
196, 33
197, 47
198, 29
199, 23
200, 1
201, 0
202, 35
203, 26
204, 44
205, 46
206, 46
207, 46
208, 46
209, 46
210, 40
211, 43
212, 0
213, 55
214, 25
215, 25
216, 25
217, 25
218, 0
219, 25
220, 25
221, 25
222, 25
223, 25
224, 25
225, 25
226, 25
227, 25
228, 25
229, 27
230, 0
231, 63
232, 37
233, 37
234, 37
235, 38
236, 0
237, 50
238, 16
239, 36
240, 13
241, 12
242, 1
243, 1
244, 0
245, 8
246, 54
247, 19
248, 23
249, 29
250, 15
251, 14
252, 20
253, 1
254, 0
255, 30
256, 21
257, 46
258, 118
259, 1
260, 10
261, 10
262, 46
263, 33
264, 15
265, 50
266, 28
267, 32
268, 10
269, 1
270, 29
271, 35
272, 1
273, 24
274, 17
275, 1
276, 47
277, 1
278, 0
279, 116
280, 1
281, 10
282, 10
283, 10
284, 21
285, 46
286, 33
287, 15
288, 49
289, 28
290, 32
291, 10
292, 1
293, 29
294, 19
295, 27
296, 4
297, 1
298, 24
299, 17
300, 1
301, 47
302, 1
303, 0
304, 59
305, 28
306, 20
307, 16
308, 20
309, 30
310, 30
311, 60
312, 63
313, 76
314, 12
315, 1
316, 0
317, 31
318, 14
319, 16
320, 0
321, 36
322, 17
323, 11
324, 1
325, 1
326, 1
327, 64
328, 37
329, 0
330, 20
331, 40
332, 34
333, 1
334, 1
335, 39
336, 34
337, 0
338, 28
339, 2
340, 0
341, 19
342, 17
343, 19
344, 0
345, 26
346, 16
347, 14
348, 0
349, 23
350, 13
351, 1
352, 0
353, 55
354, 1
355, 42
356, 12
357, 0
358, 73
359, 40
360, 37
361, 1
362, 0
363, 40
364, 24
365, 13
366, 6
367, 18
368, 35
369, 1
370, 0
371, 53
372, 23
373, 23
374, 0
375, 21
376, 22
377, 24
378, 30
379, 36
380, 1
381, 0
382, 45
383, 57
384, 51
385, 48
386, 0
387, 22
388, 70
389, 19
390, 1
391, 0
392, 41
393, 42
394, 58
395, 13
396, 69
397, 1
398, 9
399, 1
400, 3
401, 0
402, 45
403, 31
404, 31
405, 0
406, 51
407, 0
408, 35
409, 48
410, 60
411, 66
412, 1
413, 23
414, 1
415, 0
416, 44
417, 68
418, 0
419, 69
420, 46
421, 54
422, 1
423, 0
424, 46
425, 28
426, 51
427, 50
428, 0
429, 11
430, 1
431, 0
432, 69
433, 70
434, 16
435, 68
436, 55
437, 64
438, 64
439, 50
440, 21
441, 17
442, 4
443, 37
444, 1
445, 1
446, 1
447, 0
448, 40
449, 34
450, 28
451, 2
452, 0
453, 36
454, 27
455, 0
456, 18
457, 0
458, 39
459, 33
460, 0
461, 57
462, 37
463, 36
464, 12
465, 1
466, 0
467, 32
468, 27
469, 1
470, 17
471, 17
472, 43
473, 0
474, 22
475, 37
476, 1
477, 15
478, 31
479, 17
480, 16
481, 0
482, 40
483, 1
484, 49
485, 48
486, 28
487, 14
488, 12
489, 1
490, 0
491, 49
492, 1
493, 13
494, 0
495, 29
496, 16
497, 16
498, 26
499, 26
500, 0
501, 19
502, 15
503, 15
504, 4
505, 24
506, 20
507, 14
508, 14
509, 49
510, 0
511, 17
512, 19
513, 0
514, 15
515, 22
516, 9
517, 1
518, 1
519, 15
520, 21
521, 22
522, 1
523, 1
524, 1
525, 1
526, 39
527, 34
528, 0
529, 28
530, 2
531, 0
532, 0
533, 19
534, 0
535, 22
536, 46
537, 41
538, 0
539, 40
540, 51
541, 0
542, 27
543, 38
544, 33
545, 26
546, 1
547, 0
548, 75
549, 1
550, 1
551, 0
552, 41
553, 25
554, 29
555, 0
556, 40
557, 29
558, 1
559, 0
560, 19
561, 23
562, 43
563, 6
564, 12
565, 72
566, 22
567, 28
568, 0
569, 24
570, 15
571, 1
572, 1
573, 0
574, 36
575, 1
576, 20
577, 46
578, 23
579, 14
580, 1
581, 1
582, 1
583, 0
584, 24
585, 1
586, 20
587, 25
588, 43
589, 1
590, 31
591, 1
592, 1
593, 1
594, 40
595, 34
596, 84
597, 2
598, 0
599, 0
600, 19
601, 0
602, 25
603, 1
604, 23
605, 23
606, 27
607, 0
608, 26
609, 25
610, 30
611, 0
612, 26
613, 25
614, 32
615, 0
616, 29
617, 29
618, 29
619, 0
620, 42
621, 27
622, 28
623, 40
624, 35
625, 31
626, 0
627, 0
628, 38
629, 70
630, 29
631, 61
632, 0
633, 36
634, 49
635, 49
636, 0
637, 49
638, 48
639, 2
640, 0
641, 29
642, 47
643, 47
644, 0
645, 47
646, 47
647, 2
648, 0
649, 33
650, 25
651, 25
652, 0
653, 25
654, 25
655, 2
656, 0
657, 30
658, 21
659, 1
660, 0
661, 36
662, 23
663, 61
664, 55
665, 9
666, 0
667, 14
668, 1
669, 0
670, 31
671, 17
672, 11
673, 9
674, 0
675, 20
676, 28
677, 25
678, 11
679, 10
680, 1
681, 32
682, 30
683, 19
684, 30
685, 4
686, 36
687, 0
688, 12
689, 1
690, 0
691, 29
692, 10
693, 16
694, 4
695, 16
696, 1
697, 0
698, 9
699, 1
700, 0
701, 0
702, 34
703, 45
704, 48
705, 1
706, 0
707, 72
708, 30
709, 32
710, 0
711, 11
712, 27
713, 1
714, 0
715, 27
716, 43
717, 1
718, 35
719, 1
720, 0
721, 31
722, 1
723, 31
724, 34
725, 1
726, 1
727, 0
728, 0
729, 39
730, 0
731, 23
732, 40
733, 51
734, 1
735, 0
736, 0
737, 25
738, 46
739, 46
740, 37
741, 1
742, 0
743, 0
744, 19
745, 31
746, 0
747, 19
748, 23
749, 1
750, 17
751, 11
752, 18
753, 1
754, 46
755, 32
756, 12
757, 26
758, 20
759, 1
760, 0
761, 8
762, 18
763, 13
764, 7
765, 1
766, 0
767, 14
768, 8
769, 13
770, 10
771, 11
772, 40
773, 11
774, 23
775, 18
776, 1
777, 22
778, 16
779, 22
780, 16
781, 1
782, 1
783, 0
784, 46
785, 13
786, 43
787, 18
788, 0
789, 13
790, 38
791, 27
792, 1
793, 20
794, 7
795, 13
796, 14
797, 1
798, 22
799, 20
800, 41
801, 40
802, 0
803, 22
804, 53
805, 31
806, 1
807, 32
808, 1
809, 32
810, 1
811, 1
812, 0
813, 24
814, 9
815, 1
816, 0
817, 20
818, 18
819, 31
820, 1
821, 31
822, 27
823, 1
824, 1
825, 0
826, 27
827, 51
828, 0
829, 33
830, 33
831, 24
832, 42
833, 1
834, 19
835, 1
836, 19
837, 1
838, 20
839, 0
840, 27
841, 15
842, 19
843, 1
844, 25
845, 1
846, 0
847, 17
848, 14
849, 7
850, 0
851, 51
852, 28
853, 16
854, 27
855, 22
856, 0
857, 18
858, 41
859, 33
860, 21
861, 20
862, 12
863, 1
864, 10
865, 1
866, 30
867, 6
868, 1
869, 1
870, 17
871, 1
872, 0
873, 26
874, 49
875, 49
876, 1
877, 0
878, 11
879, 13
880, 0
881, 33
882, 33
883, 25
884, 27
885, 0
886, 17
887, 21
888, 1
889, 1
890, 0
891, 13
892, 1
893, 0
894, 22
895, 11
896, 0
897, 33
898, 33
899, 53
900, 29
901, 1
902, 1
903, 0
904, 0
905, 60
906, 22
907, 1
908, 1
909, 0
910, 0
911, 25
912, 20
913, 30
914, 48
915, 35
916, 48
917, 44
918, 29
919, 62
920, 46
921, 44
922, 0
923, 35
924, 21
925, 1
926, 0
927, 15
928, 15
929, 15
930, 12
931, 0
932, 10
933, 36
934, 35
935, 36
936, 14
937, 1
938, 0
939, 48
940, 1
941, 55
942, 11
943, 4
944, 14
945, 0
946, 22
947, 26
948, 26
949, 0
950, 18
951, 37
952, 37
953, 0
954, 16
955, 54
956, 34
957, 34
958, 53
959, 33
960, 33
961, 0
962, 32
963, 18
964, 1
965, 48
966, 0
967, 35
968, 18
969, 0
970, 34
971, 36
972, 1
973, 0
974, 47
975, 1
976, 28
977, 41
978, 19
979, 6
980, 1
981, 0
982, 46
983, 38
984, 0
985, 50
986, 28
987, 20
988, 0
989, 40
990, 11
991, 0
992, 45
993, 37
994, 0
995, 33
996, 0
997, 48
998, 45
999, 0
1000, 18
1001, 12
1002, 0
1003, 43
1004, 0
1005, 38
1006, 16
1007, 37
1008, 0
1009, 14
1010, 1
1011, 48
1012, 1
1013, 27
1014, 21
1015, 6
1016, 20
1017, 1
1018, 0
1019, 27
1020, 14
1021, 39
1022, 29
1023, 1
1024, 23
1025, 0
1026, 39
1027, 38
1028, 50
1029, 40
1030, 20
1031, 17
1032, 1
1033, 0
1034, 16
1035, 24
1036, 33
1037, 6
1038, 49
1039, 24
1040, 45
1041, 41
1042, 22
1043, 1
1044, 50
1045, 1
1046, 0
1047, 27
1048, 35
1049, 43
1050, 34
1051, 28
1052, 1
1053, 0
1054, 12
1055, 1
1056, 29
1057, 57
1058, 42
1059, 54
1060, 0
1061, 52
1062, 42
1063, 44
1064, 9
1065, 0
1066, 41
1067, 21
1068, 38
1069, 38
1070, 0
1071, 34
1072, 40
1073, 1
1074, 1
1075, 31
1076, 31
1077, 1
1078, 1
1079, 0
1080, 57
1081, 1
1082, 27
1083, 33
1084, 12
1085, 6
1086, 45
1087, 21
1088, 1
1089, 0
1090, 26
1091, 37
1092, 57
1093, 13
1094, 34
1095, 29
1096, 22
1097, 0
1098, 23
1099, 25
1100, 0
1101, 27
1102, 35
1103, 12
1104, 34
1105, 28
1106, 1
1107, 0
1108, 13
1109, 1
1110, 0
1111, 61
1112, 1
1113, 41
1114, 19
1115, 6
1116, 1
1117, 48
1118, 46
1119, 0
1120, 40
1121, 32
1122, 56
1123, 1
1124, 36
1125, 9
1126, 0
1127, 26
1128, 69
1129, 49
1130, 0
1131, 31
1132, 9
1133, 0
1134, 21
1135, 0
1136, 42
1137, 21
1138, 9
1139, 1
1140, 0
1141, 43
1142, 0
1143, 27
1144, 41
1145, 45
1146, 4
1147, 26
1148, 0
1149, 21
1150, 21
1151, 1
1152, 0
1153, 26
1154, 1
1155, 1
1156, 0
1157, 29
1158, 13
1159, 0
1160, 26
1161, 35
1162, 7
1163, 1
1164, 0
1165, 26
1166, 23
1167, 31
1168, 23
1169, 0
1170, 23
1171, 13
1172, 29
1173, 17
1174, 34
1175, 17
1176, 1
1177, 1
1178, 0
1179, 24
1180, 20
1181, 16
1182, 15
1183, 10
1184, 13
1185, 1
1186, 0
1187, 28
1188, 58
1189, 32
1190, 0
1191, 31
1192, 35
1193, 34
1194, 2
1195, 0
1196, 66
1197, 0
1198, 48
1199, 0
1200, 13
1201, 34
1202, 31
1203, 1
1204, 9
1205, 7
1206, 1
1207, 0
1208, 8
1209, 40
1210, 34
1211, 32
1212, 1
1213, 1
1214, 48
1215, 12
1216, 13
1217, 33
1218, 33
1219, 24
1220, 16
1221, 16
1222, 0
1223, 6
1224, 1
1225, 11
1226, 1
1227, 1
1228, 1
1229, 0
1230, 37
1231, 9
1232, 15
1233, 40
1234, 16
1235, 16
1236, 0
1237, 31
1238, 21
1239, 1
1240, 0
1241, 14
1242, 1
1243, 0
1244, 50
1245, 0
1246, 40
1247, 37
1248, 16
1249, 21
1250, 1
1251, 1
1252, 0
1253, 67
1254, 1
1255, 14
1256, 21
1257, 16
1258, 36
1259, 16
1260, 16
1261, 0
1262, 13
1263, 9
1264, 18
1265, 9
1266, 1
1267, 0
1268, 20
1269, 36
1270, 0
1271, 20
1272, 0
1273, 57
1274, 21
1275, 1
1276, 0
1277, 27
1278, 34
1279, 19
1280, 1
1281, 0
1282, 40
1283, 31
1284, 16
1285, 37
1286, 0
1287, 61
1288, 22
1289, 23
1290, 0
1291, 70
1292, 0
1293, 22
1294, 9
1295, 0
1296, 31
1297, 0
1298, 43
1299, 9
1300, 0
1301, 23
1302, 1
1303, 1
1304, 1
1305, 0
1306, 62
1307, 1
1308, 37
1309, 23
1310, 0
1311, 14
1312, 22
1313, 32
1314, 16
1315, 34
1316, 27
1317, 1
1318, 0
1319, 22
1320, 36
1321, 16
1322, 16
1323, 0
1324, 41
1325, 37
1326, 19
1327, 19
1328, 1
1329, 1
1330, 0
1331, 21
1332, 16
1333, 36
1334, 16
1335, 0
1336, 13
1337, 9
1338, 18
1339, 9
1340, 1
1341, 20
1342, 40
1343, 38
1344, 0
1345, 24
1346, 32
1347, 28
1348, 29
1349, 0
1350, 22
1351, 27
1352, 20
1353, 27
1354, 27
1355, 1
1356, 0
1357, 34
1358, 55
1359, 32
1360, 54
1361, 39
1362, 37
1363, 58
1364, 58
1365, 1
1366, 1
1367, 55
1368, 54
1369, 14
1370, 42
1371, 51
1372, 42
1373, 42
1374, 32
1375, 68
1376, 28
1377, 1
1378, 0
1379, 11
1380, 1
1381, 1
1382, 1
1383, 1
1384, 1
1385, 0
1386, 64
1387, 56
1388, 1
1389, 1
1390, 0
1391, 0
1392, 37
1393, 40
1394, 20
1395, 47
1396, 0
1397, 14
1398, 22
1399, 27
1400, 22
1401, 27
1402, 0
1403, 53
1404, 32
1405, 32
1406, 1
1407, 1
1408, 33
1409, 34
1410, 0
1411, 28
1412, 2
1413, 0
1414, 19
1415, 0
1416, 26
1417, 73
1418, 0
1419, 40
1420, 34
1421, 0
1422, 39
1423, 0
1424, 48
1425, 25
1426, 21
1427, 1
1428, 48
1429, 1
1430, 1
1431, 0
1432, 0
1433, 25
1434, 22
1435, 0
1436, 21
1437, 20
1438, 11
1439, 15
1440, 14
1441, 14
1442, 14
1443, 2
1444, 0
1445, 16
1446, 16
1447, 16
1448, 38
1449, 36
1450, 36
1451, 36
1452, 1
1453, 35
1454, 1
1455, 0
1456, 32
1457, 33
1458, 0
1459, 38
1460, 40
1461, 31
1462, 31
1463, 31
1464, 0
1465, 44
1466, 44
1467, 0
1468, 42
1469, 42
1470, 42
1471, 0
1472, 42
1473, 42
1474, 42
1475, 1
1476, 1
1477, 0
1478, 38
1479, 33
1480, 33
1481, 33
1482, 1
1483, 1
1484, 0
1485, 23
1486, 28
1487, 15
1488, 0
1489, 39
1490, 27
1491, 29
1492, 29
1493, 32
1494, 0
1495, 41
1496, 31
1497, 31
1498, 31
1499, 0
1500, 44
1501, 50
1502, 1
1503, 1
1504, 9
1505, 1
1506, 1
1507, 0
1508, 0
1509, 18
1510, 43
1511, 45
1512, 43
1513, 0
1514, 40
1515, 0
1516, 15
1517, 0
1518, 22
1519, 20
1520, 30
1521, 31
1522, 31
1523, 47
1524, 47
1525, 48
1526, 46
1527, 9
1528, 1
1529, 0
1530, 21
1531, 20
1532, 30
1533, 30
1534, 31
1535, 48
1536, 47
1537, 47
1538, 46
1539, 9
1540, 1
1541, 0
1542, 21
1543, 20
1544, 30
1545, 31
1546, 31
1547, 47
1548, 47
1549, 48
1550, 46
1551, 9
1552, 1
1553, 0
1554, 22
1555, 20
1556, 30
1557, 31
1558, 30
1559, 47
1560, 47
1561, 48
1562, 46
1563, 9
1564, 1
1565, 0
1566, 18
1567, 20
1568, 20
1569, 9
1570, 1
1571, 0
1572, 53
1573, 22
1574, 22
1575, 22
1576, 12
1577, 1
1578, 1
1579, 0
1580, 39
1581, 34
1582, 0
1583, 30
1584, 2
1585, 0
1586, 19
1587, 1
1588, 43
1589, 1
1590, 45
1591, 14
1592, 0
1593, 28
1594, 17
1595, 49
1596, 8
1597, 1
1598, 1
1599, 13
1600, 1
1601, 0
1602, 56
1603, 1
1604, 37
1605, 32
1606, 47
1607, 0
1608, 35
1609, 15
1610, 0
1611, 22
1612, 0
1613, 21
1614, 1
1615, 0
1616, 38
1617, 1
1618, 10
1619, 51
1620, 17
1621, 0
1622, 21
1623, 35
1624, 0
1625, 92
1626, 19
1627, 92
1628, 19
1629, 92
1630, 1
1631, 1
1632, 33
1633, 34
1634, 0
1635, 32
1636, 2
1637, 0
1638, 24
1639, 0
1640, 23
1641, 1
1642, 47
1643, 17
1644, 0
1645, 14
1646, 30
1647, 18
1648, 34
1649, 14
1650, 8
1651, 1
1652, 1
1653, 13
1654, 1
1655, 0
1656, 56
1657, 1
1658, 37
1659, 32
1660, 47
1661, 0
1662, 35
1663, 15
1664, 0
1665, 22
1666, 0
1667, 21
1668, 1
1669, 0
1670, 38
1671, 1
1672, 10
1673, 20
1674, 30
1675, 10
1676, 6
1677, 0
1678, 25
1679, 30
1680, 91
1681, 0
1682, 23
1683, 91
1684, 0
1685, 23
1686, 91
1687, 1
1688, 1
1689, 40
1690, 34
1691, 0
1692, 32
1693, 44
1694, 34
1695, 34
1696, 56
1697, 64
1698, 2
1699, 0
1700, 24
1701, 0
1702, 29
1703, 1
1704, 35
1705, 35
1706, 0
1707, 40
1708, 10
1709, 20
1710, 30
1711, 17
1712, 0
1713, 25
1714, 51
1715, 16
1716, 20
1717, 20
1718, 1
1719, 0
1720, 39
1721, 31
1722, 49
1723, 14
1724, 28
1725, 1
1726, 49
1727, 1
1728, 35
1729, 39
1730, 9
1731, 1
1732, 1
1733, 0
1734, 69
1735, 47
1736, 1
1737, 0
1738, 56
1739, 1
1740, 35
1741, 43
1742, 65
1743, 17
1744, 25
1745, 1
1746, 1
1747, 0
1748, 33
1749, 34
1750, 28
1751, 22
1752, 2
1753, 0
1754, 31
1755, 30
1756, 0
1757, 26
1758, 48
1759, 80
1760, 0
1761, 0
1762, 40
1763, 34
1764, 0
1765, 56
1766, 58
1767, 0
1768, 25
1769, 55
1770, 42
1771, 11
1772, 0
1773, 30
1774, 23
1775, 22
1776, 23
1777, 23
1778, 12
1779, 13
1780, 12
1781, 23
1782, 1
1783, 55
1784, 54
1785, 56
1786, 59
1787, 61
1788, 56
1789, 60
1790, 68
1791, 55
1792, 1
1793, 1
1794, 39
1795, 34
1796, 0
1797, 25
1798, 2
1799, 0
1800, 28
1801, 0
1802, 23
1803, 24
1804, 0
1805, 40
1806, 34
1807, 10
1808, 0
1809, 43
1810, 0
1811, 14
1812, 12
1813, 58
1814, 7
1815, 8
1816, 58
1817, 46
1818, 7
1819, 1
1820, 47
1821, 7
1822, 1
1823, 1
1824, 1
1825, 0
1826, 0
1827, 21
1828, 29
1829, 0
1830, 23
1831, 32
1832, 32
1833, 38
1834, 1
1835, 0
1836, 18
1837, 16
1838, 15
1839, 25
1840, 8
1841, 39
1842, 1
1843, 1
1844, 0
1845, 19
1846, 20
1847, 1
1848, 0
1849, 33
1850, 29
1851, 1
1852, 0
1853, 37
1854, 49
1855, 1
1856, 0
1857, 48
1858, 20
1859, 1
1860, 1
1861, 0
1862, 0
1863, 22
1864, 22
1865, 6
1866, 0
1867, 50
1868, 31
1869, 31
1870, 31
1871, 31
1872, 6
1873, 1
1874, 0
1875, 78
1876, 11
1877, 11
1878, 11
1879, 11
1880, 6
1881, 1
1882, 0
1883, 29
1884, 4
1885, 26
1886, 34
1887, 26
1888, 34
1889, 12
1890, 1
1891, 0
1892, 26
1893, 40
1894, 49
1895, 51
1896, 52
1897, 1
1898, 0
1899, 55
1900, 31
1901, 31
1902, 31
1903, 31
1904, 6
1905, 12
1906, 1
1907, 0
1908, 48
1909, 26
1910, 15
1911, 43
1912, 43
1913, 43
1914, 2
1915, 1
1916, 1
1917, 0
1918, 0
1919, 0
1920, 33
1921, 34
1922, 28
1923, 25
1924, 2
1925, 0
1926, 31
1927, 30
1928, 0
1929, 22
1930, 1
1931, 65
1932, 0
1933, 38
1934, 1
1935, 34
1936, 53
1937, 82
1938, 0
1939, 7
1940, 80
1941, 40
1942, 73
1943, 1
1944, 0
1945, 35
1946, 1
1947, 25
1948, 33
1949, 33
1950, 1
1951, 0
1952, 28
1953, 1
1954, 20
1955, 31
1956, 1
1957, 0
1958, 34
1959, 1
1960, 24
1961, 35
1962, 1
1963, 0
1964, 42
1965, 1
1966, 21
1967, 65
1968, 1
1969, 0
1970, 54
1971, 1
1972, 21
1973, 71
1974, 1
1975, 1
1976, 0
1977, 0
1978, 33
1979, 34
1980, 28
1981, 37
1982, 2
1983, 0
1984, 17
1985, 19
1986, 25
1987, 0
1988, 23
1989, 0
1990, 19
1991, 1
1992, 0
1993, 40
1994, 72
1995, 42
1996, 30
1997, 18
1998, 5
1999, 50
2000, 30
2001, 33
2002, 7
2003, 1
2004, 32
2005, 0
2006, 38
2007, 72
2008, 35
2009, 0
2010, 100
2011, 86
2012, 88
2013, 43
2014, 14
2015, 59
2016, 16
2017, 8
2018, 46
2019, 1
2020, 0
2021, 72
2022, 72
2023, 72
2024, 70
2025, 70
2026, 74
2027, 70
2028, 70
2029, 72
2030, 70
2031, 70
2032, 0
2033, 21
2034, 34
2035, 31
2036, 38
2037, 1
2038, 1
2039, 2
2040, 39
2041, 36
2042, 34
2043, 55
2044, 2
2045, 0
2046, 17
2047, 22
2048, 40
2049, 8
2050, 55
2051, 26
2052, 26
2053, 26
2054, 26
2055, 26
2056, 26
2057, 26
2058, 26
2059, 26
2060, 26
2061, 26
2062, 26
2063, 26
2064, 1
2065, 0
2066, 72
2067, 33
2068, 16
2069, 31
2070, 29
2071, 22
2072, 32
2073, 28
2074, 19
2075, 22
2076, 29
2077, 22
2078, 1
2079, 1
2080, 32
2081, 1
2082, 1
2083, 1
2084, 0
2085, 57
2086, 27
2087, 9
2088, 52
2089, 45
2090, 20
2091, 18
2092, 21
2093, 32
2094, 14
2095, 12
2096, 9
2097, 1
2098, 4
2099, 1
2100, 35
2101, 1
2102, 14
2103, 1
2104, 1
2105, 0
2106, 0
2107, 2
2108, 36
2109, 34
2110, 0
2111, 43
2112, 44
2113, 13
2114, 2
2115, 0
2116, 31
2117, 30
2118, 0
2119, 25
2120, 1
2121, 0
2122, 73
2123, 0
2124, 40
2125, 12
2126, 51
2127, 0
2128, 65
2129, 1
2130, 0
2131, 41
2132, 21
2133, 27
2134, 34
2135, 0
2136, 31
2137, 27
2138, 33
2139, 0
2140, 26
2141, 20
2142, 20
2143, 1
2144, 0
2145, 45
2146, 32
2147, 23
2148, 25
2149, 17
2150, 17
2151, 1
2152, 0
2153, 25
2154, 1
2155, 0
2156, 0
2157, 45
2158, 37
2159, 34
2160, 1
2161, 0
2162, 35
2163, 62
2164, 24
2165, 10
2166, 45
2167, 1
2168, 1
2169, 0
2170, 46
2171, 64
2172, 22
2173, 11
2174, 46
2175, 1
2176, 1
2177, 0
2178, 67
2179, 66
2180, 27
2181, 18
2182, 22
2183, 1
2184, 1
2185, 65
2186, 40
2187, 0
2188, 17
2189, 19
2190, 19
2191, 0
2192, 21
2193, 40
2194, 12
2195, 12
2196, 5
2197, 73
2198, 40
2199, 35
2200, 1
2201, 25
2202, 22
2203, 7
2204, 1
2205, 42
2206, 1
2207, 1
