1, 40
2, 34
3, 28
4, 22
5, 2
6, 0
7, 27
8, 14
9, 0
10, 22
11, 0
12, 15
13, 0
14, 30
15, 0
16, 15
17, 0
18, 26
19, 0
20, 14
21, 0
22, 9
23, 29
24, 27
25, 27
26, 27
27, 27
28, 28
29, 28
30, 0
31, 29
32, 36
33, 2
34, 0
35, 24
36, 25
37, 8
38, 15
39, 2
40, 29
41, 35
42, 70
43, 0
44, 31
45, 20
46, 19
47, 12
48, 11
49, 0
50, 64
51, 19
52, 31
53, 52
54, 11
55, 31
56, 71
57, 71
58, 2
59, 23
60, 27
61, 12
62, 19
63, 12
64, 11
65, 19
66, 2
67, 0
68, 34
69, 16
70, 19
71, 33
72, 11
73, 2
74, 0
75, 20
76, 0
77, 24
78, 14
79, 0
80, 19
81, 0
82, 15
83, 0
84, 30
85, 0
86, 15
87, 0
88, 18
89, 0
90, 18
91, 0
92, 17
93, 0
94, 14
95, 0
96, 23
97, 21
98, 0
99, 18
100, 17
101, 8
102, 54
103, 0
104, 32
105, 14
106, 2
107, 8
108, 2
109, 0
110, 50
111, 1
112, 12
113, 16
114, 0
115, 46
116, 0
117, 18
118, 24
119, 24
120, 2
121, 2
122, 0
123, 24
124, 24
125, 0
126, 40
127, 40
128, 8
129, 22
130, 2
131, 4
132, 2
133, 17
134, 0
135, 40
136, 34
137, 28
138, 2
139, 0
140, 14
141, 0
142, 19
143, 0
144, 15
145, 0
146, 30
147, 0
148, 15
149, 0
150, 33
151, 41
152, 39
153, 39
154, 39
155, 27
156, 27
157, 27
158, 27
159, 27
160, 27
161, 27
162, 27
163, 11
164, 0
165, 41
166, 41
167, 41
168, 55
169, 0
170, 22
171, 17
172, 2
173, 7
174, 0
175, 12
176, 13
177, 2
178, 0
179, 25
180, 17
181, 30
182, 14
183, 2
184, 11
185, 19
186, 2
187, 0
188, 19
189, 21
190, 9
191, 2
192, 0
193, 51
194, 22
195, 29
196, 2
197, 0
198, 17
199, 7
200, 0
201, 37
202, 17
203, 7
204, 19
205, 23
206, 9
207, 2
208, 31
209, 2
210, 0
211, 36
212, 31
213, 22
214, 33
215, 2
216, 2
217, 2
218, 0
219, 15
220, 26
221, 12
222, 14
223, 14
224, 2
225, 22
226, 8
227, 19
228, 10
229, 31
230, 8
231, 2
232, 21
233, 35
234, 23
235, 14
236, 8
237, 9
238, 2
239, 2
240, 2
241, 15
242, 2
243, 0
244, 14
245, 0
246, 9
247, 20
248, 18
249, 0
250, 29
251, 36
252, 8
253, 7
254, 2
255, 22
256, 21
257, 8
258, 13
259, 13
260, 11
261, 2
262, 40
263, 34
264, 28
265, 2
266, 0
267, 21
268, 14
269, 0
270, 16
271, 0
272, 15
273, 0
274, 30
275, 0
276, 15
277, 0
278, 34
279, 0
280, 32
281, 0
282, 33
283, 0
284, 30
285, 0
286, 30
287, 0
288, 32
289, 0
290, 24
291, 0
292, 38
293, 0
294, 38
295, 0
296, 25
297, 44
298, 44
299, 44
300, 44
301, 44
302, 44
303, 38
304, 0
305, 77
306, 0
307, 77
308, 0
309, 32
310, 1
311, 30
312, 15
313, 2
314, 0
315, 15
316, 1
317, 53
318, 42
319, 42
320, 42
321, 42
322, 42
323, 42
324, 42
325, 42
326, 42
327, 42
328, 42
329, 42
330, 42
331, 42
332, 42
333, 2
334, 0
335, 24
336, 1
337, 61
338, 62
339, 62
340, 62
341, 62
342, 2
343, 0
344, 46
345, 16
346, 30
347, 24
348, 20
349, 2
350, 2
351, 0
352, 53
353, 27
354, 18
355, 15
356, 0
357, 14
358, 21
359, 0
360, 13
361, 48
362, 11
363, 2
364, 14
365, 26
366, 8
367, 24
368, 2
369, 0
370, 11
371, 2
372, 0
373, 51
374, 0
375, 83
376, 0
377, 85
378, 15
379, 18
380, 0
381, 12
382, 12
383, 0
384, 10
385, 9
386, 10
387, 11
388, 11
389, 0
390, 23
391, 28
392, 26
393, 32
394, 2
395, 19
396, 10
397, 31
398, 2
399, 2
400, 0
401, 81
402, 27
403, 0
404, 10
405, 9
406, 10
407, 11
408, 11
409, 0
410, 16
411, 7
412, 7
413, 19
414, 23
415, 9
416, 19
417, 13
418, 7
419, 2
420, 29
421, 11
422, 11
423, 15
424, 2
425, 21
426, 10
427, 21
428, 2
429, 2
430, 0
431, 14
432, 0
433, 9
434, 15
435, 0
436, 36
437, 0
438, 11
439, 20
440, 20
441, 30
442, 0
443, 57
444, 60
445, 74
446, 2
447, 14
448, 0
449, 25
450, 14
451, 0
452, 20
453, 0
454, 15
455, 0
456, 30
457, 0
458, 14
459, 0
460, 15
461, 0
462, 13
463, 0
464, 46
465, 17
466, 0
467, 16
468, 21
469, 6
470, 2
471, 0
472, 38
473, 1
474, 9
475, 9
476, 2
477, 0
478, 21
479, 1
480, 7
481, 2
482, 18
483, 0
484, 40
485, 34
486, 28
487, 2
488, 0
489, 14
490, 0
491, 17
492, 0
493, 15
494, 0
495, 30
496, 0
497, 14
498, 0
499, 9
500, 16
501, 21
502, 20
503, 16
504, 13
505, 11
506, 2
507, 40
508, 34
509, 29
510, 2
511, 0
512, 27
513, 14
514, 0
515, 22
516, 0
517, 15
518, 0
519, 33
520, 0
521, 14
522, 0
523, 16
524, 0
525, 26
526, 0
527, 46
528, 13
529, 14
530, 0
531, 9
532, 1
533, 20
534, 21
535, 13
536, 30
537, 1
538, 13
539, 23
540, 40
541, 13
542, 0
543, 30
544, 23
545, 2
546, 16
547, 22
548, 34
549, 0
550, 2
551, 7
552, 7
553, 2
554, 29
555, 10
556, 10
557, 10
558, 11
559, 11
560, 0
561, 2
562, 0
563, 20
564, 1
565, 11
566, 52
567, 41
568, 2
569, 16
570, 8
571, 2
572, 2
573, 0
574, 12
575, 19
576, 0
577, 33
578, 21
579, 21
580, 17
581, 8
582, 17
583, 2
584, 2
585, 0
586, 22
587, 15
588, 0
589, 8
590, 17
591, 30
592, 17
593, 10
594, 8
595, 15
596, 2
597, 11
598, 11
599, 11
600, 2
601, 0
602, 63
603, 39
604, 0
605, 19
606, 30
607, 12
608, 15
609, 11
610, 13
611, 0
612, 8
613, 44
614, 17
615, 21
616, 20
617, 2
618, 0
619, 9
620, 22
621, 1
622, 14
623, 29
624, 48
625, 20
626, 34
627, 23
628, 13
629, 2
630, 24
631, 48
632, 20
633, 34
634, 23
635, 13
636, 2
637, 0
638, 2
639, 15
640, 15
641, 18
642, 35
643, 18
644, 8
645, 10
646, 15
647, 2
648, 28
649, 17
650, 10
651, 17
652, 50
653, 17
654, 2
655, 11
656, 2
657, 11
658, 2
659, 20
660, 0
661, 22
662, 14
663, 0
664, 17
665, 0
666, 15
667, 0
668, 32
669, 0
670, 14
671, 0
672, 20
673, 0
674, 20
675, 0
676, 42
677, 1
678, 17
679, 24
680, 2
681, 0
682, 32
683, 23
684, 0
685, 20
686, 20
687, 20
688, 36
689, 37
690, 2
691, 17
692, 19
693, 2
694, 20
695, 18
696, 2
697, 0
698, 37
699, 19
700, 0
701, 61
702, 15
703, 56
704, 2
705, 6
706, 2
707, 0
708, 13
709, 1
710, 17
711, 2
712, 15
713, 0
714, 44
715, 34
716, 44
717, 2
718, 0
719, 14
720, 0
721, 21
722, 0
723, 15
724, 0
725, 35
726, 0
727, 14
728, 0
729, 9
730, 26
731, 15
732, 21
733, 15
734, 24
735, 20
736, 13
737, 14
738, 0
739, 11
740, 12
741, 0
742, 27
743, 0
744, 25
745, 0
746, 13
747, 10
748, 10
749, 10
750, 11
751, 0
752, 21
753, 15
754, 0
755, 28
756, 0
757, 36
758, 0
759, 29
760, 20
761, 20
762, 20
763, 20
764, 20
765, 12
766, 0
767, 37
768, 43
769, 1
770, 44
771, 44
772, 0
773, 27
774, 27
775, 0
776, 20
777, 20
778, 0
779, 20
780, 20
781, 0
782, 29
783, 29
784, 0
785, 12
786, 12
787, 15
788, 30
789, 1
790, 2
791, 26
792, 0
793, 18
794, 27
795, 2
796, 18
797, 27
798, 2
799, 0
800, 23
801, 18
802, 28
803, 25
804, 2
805, 2
806, 19
807, 30
808, 28
809, 25
810, 2
811, 2
812, 2
813, 40
814, 34
815, 44
816, 2
817, 0
818, 21
819, 14
820, 0
821, 16
822, 0
823, 15
824, 0
825, 35
826, 0
827, 15
828, 0
829, 20
830, 0
831, 39
832, 0
833, 18
834, 19
835, 13
836, 13
837, 13
838, 19
839, 16
840, 0
841, 16
842, 0
843, 35
844, 1
845, 24
846, 24
847, 0
848, 30
849, 0
850, 25
851, 0
852, 17
853, 17
854, 17
855, 0
856, 47
857, 0
858, 45
859, 0
860, 37
861, 37
862, 37
863, 0
864, 38
865, 38
866, 38
867, 2
868, 2
869, 24
870, 24
871, 0
872, 26
873, 26
874, 26
875, 2
876, 2
877, 0
878, 30
879, 16
880, 20
881, 21
882, 23
883, 21
884, 0
885, 30
886, 24
887, 66
888, 0
889, 36
890, 25
891, 0
892, 17
893, 17
894, 17
895, 0
896, 47
897, 0
898, 39
899, 2
900, 2
901, 0
902, 1
903, 2
904, 0
905, 30
906, 25
907, 20
908, 24
909, 24
910, 25
911, 25
912, 25
913, 2
914, 0
915, 27
916, 25
917, 25
918, 24
919, 2
920, 0
921, 2
922, 14
923, 0
924, 9
925, 14
926, 0
927, 36
928, 13
929, 63
930, 0
931, 23
932, 27
933, 26
934, 26
935, 27
936, 0
937, 24
938, 0
939, 39
940, 0
941, 22
942, 33
943, 2
944, 0
945, 39
946, 2
947, 14
948, 0
949, 22
950, 14
951, 0
952, 17
953, 0
954, 15
955, 0
956, 35
957, 0
958, 14
959, 0
960, 47
961, 0
962, 46
963, 0
964, 38
965, 0
966, 34
967, 0
968, 14
969, 14
970, 14
971, 0
972, 15
973, 15
974, 15
975, 0
976, 15
977, 15
978, 15
979, 0
980, 16
981, 16
982, 16
983, 0
984, 17
985, 0
986, 20
987, 1
988, 7
989, 2
990, 20
991, 1
992, 7
993, 2
994, 20
995, 1
996, 7
997, 2
998, 0
999, 21
1000, 1
1001, 8
1002, 2
1003, 21
1004, 1
1005, 8
1006, 2
1007, 21
1008, 1
1009, 8
1010, 2
1011, 0
1012, 41
1013, 1
1014, 10
1015, 10
1016, 10
1017, 2
1018, 0
1019, 37
1020, 0
1021, 13
1022, 1
1023, 19
1024, 2
1025, 0
1026, 17
1027, 1
1028, 39
1029, 40
1030, 40
1031, 0
1032, 56
1033, 56
1034, 57
1035, 0
1036, 55
1037, 2
1038, 0
1039, 16
1040, 1
1041, 39
1042, 39
1043, 40
1044, 0
1045, 57
1046, 56
1047, 56
1048, 0
1049, 55
1050, 2
1051, 0
1052, 16
1053, 1
1054, 39
1055, 40
1056, 40
1057, 0
1058, 56
1059, 56
1060, 57
1061, 0
1062, 55
1063, 2
1064, 0
1065, 17
1066, 1
1067, 39
1068, 40
1069, 39
1070, 0
1071, 57
1072, 57
1073, 57
1074, 0
1075, 55
1076, 2
1077, 15
1078, 0
1079, 40
1080, 34
1081, 54
1082, 2
1083, 0
1084, 14
1085, 0
1086, 17
1087, 0
1088, 15
1089, 0
1090, 30
1091, 0
1092, 15
1093, 0
1094, 40
1095, 0
1096, 28
1097, 0
1098, 21
1099, 28
1100, 0
1101, 20
1102, 24
1103, 0
1104, 13
1105, 9
1106, 21
1107, 19
1108, 12
1109, 21
1110, 21
1111, 11
1112, 2
1113, 21
1114, 2
1115, 11
1116, 2
1117, 0
1118, 22
1119, 17
1120, 32
1121, 24
1122, 37
1123, 25
1124, 17
1125, 2
1126, 0
1127, 14
1128, 0
1129, 9
1130, 14
1131, 12
1132, 0
1133, 36
1134, 23
1135, 52
1136, 9
1137, 12
1138, 9
1139, 12
1140, 9
1141, 2
1142, 40
1143, 34
1144, 28
1145, 2
1146, 0
1147, 14
1148, 0
1149, 21
1150, 0
1151, 15
1152, 0
1153, 30
1154, 0
1155, 15
1156, 0
1157, 39
1158, 0
1159, 32
1160, 0
1161, 33
1162, 0
1163, 37
1164, 1
1165, 21
1166, 2
1167, 0
1168, 37
1169, 1
1170, 16
1171, 2
1172, 0
1173, 67
1174, 1
1175, 30
1176, 2
1177, 0
1178, 67
1179, 23
1180, 0
1181, 17
1182, 26
1183, 15
1184, 1
1185, 2
1186, 0
1187, 14
1188, 0
1189, 9
1190, 27
1191, 24
1192, 17
1193, 20
1194, 0
1195, 29
1196, 40
1197, 8
1198, 11
1199, 2
1200, 0
1201, 21
1202, 53
1203, 0
1204, 26
1205, 11
1206, 13
1207, 0
1208, 17
1209, 17
1210, 0
1211, 32
1212, 22
1213, 2
1214, 0
1215, 26
1216, 27
1217, 19
1218, 11
1219, 19
1220, 27
1221, 16
1222, 2
1223, 11
1224, 2
1225, 2
1226, 2
1227, 22
1228, 17
1229, 10
1230, 21
1231, 11
1232, 2
1233, 2
1234, 40
1235, 34
1236, 28
1237, 2
1238, 0
1239, 14
1240, 0
1241, 22
1242, 0
1243, 15
1244, 0
1245, 30
1246, 0
1247, 14
1248, 0
1249, 41
1250, 0
1251, 9
1252, 15
1253, 32
1254, 32
1255, 14
1256, 0
1257, 11
1258, 0
1259, 29
1260, 36
1261, 19
1262, 2
1263, 0
1264, 40
1265, 27
1266, 2
1267, 34
1268, 31
1269, 2
1270, 34
1271, 40
1272, 2
1273, 34
1274, 46
1275, 2
1276, 34
1277, 46
1278, 2
1279, 22
1280, 37
1281, 2
1282, 34
1283, 32
1284, 2
1285, 0
1286, 11
1287, 22
1288, 28
1289, 12
1290, 2
1291, 0
1292, 11
1293, 22
1294, 34
1295, 12
1296, 2
1297, 0
1298, 25
1299, 20
1300, 25
1301, 19
1302, 25
1303, 21
1304, 25
1305, 24
1306, 25
1307, 26
1308, 25
1309, 21
1310, 25
1311, 25
1312, 25
1313, 33
1314, 25
1315, 20
1316, 2
1317, 44
1318, 34
1319, 29
1320, 2
1321, 0
1322, 24
1323, 14
1324, 0
1325, 19
1326, 0
1327, 14
1328, 0
1329, 9
1330, 14
1331, 0
1332, 29
1333, 36
1334, 8
1335, 8
1336, 2
1337, 15
1338, 2
1339, 17
1340, 0
1341, 19
1342, 14
1343, 0
1344, 14
1345, 0
1346, 33
1347, 0
1348, 15
1349, 0
1350, 36
1351, 36
1352, 8
1353, 8
1354, 8
1355, 0
1356, 21
1357, 8
1358, 8
1359, 27
1360, 0
1361, 12
1362, 12
1363, 12
1364, 12
1365, 0
1366, 35
1367, 16
1368, 0
1369, 15
1370, 0
1371, 36
1372, 44
1373, 1
1374, 16
1375, 16
1376, 16
1377, 15
1378, 16
1379, 15
1380, 16
1381, 16
1382, 15
1383, 16
1384, 2
1385, 0
1386, 36
1387, 43
1388, 1
1389, 16
1390, 16
1391, 15
1392, 16
1393, 16
1394, 16
1395, 15
1396, 16
1397, 15
1398, 16
1399, 2
1400, 0
1401, 35
1402, 21
1403, 1
1404, 15
1405, 15
1406, 15
1407, 15
1408, 15
1409, 8
1410, 2
1411, 0
1412, 31
1413, 52
1414, 1
1415, 34
1416, 11
1417, 37
1418, 21
1419, 20
1420, 19
1421, 21
1422, 13
1423, 13
1424, 2
1425, 5
1426, 2
1427, 0
1428, 14
1429, 0
1430, 24
1431, 36
1432, 16
1433, 15
1434, 7
1435, 8
1436, 11
1437, 27
1438, 18
1439, 18
1440, 18
1441, 18
1442, 7
1443, 7
1444, 7
1445, 1
1446, 15
1447, 20
1448, 16
1449, 13
1450, 8
1451, 28
1452, 2
1453, 8
1454, 31
1455, 11
1456, 2
1457, 20
1458, 2
1459, 0
1460, 15
1461, 0
1462, 2
1463, 20
1464, 2
1465, 0
1466, 33
1467, 0
1468, 65
1469, 0
1470, 61
1471, 0
1472, 62
1473, 0
1474, 53
1475, 0
1476, 49
1477, 0
1478, 54
1479, 0
1480, 12
1481, 0
1482, 19
1483, 14
1484, 0
1485, 23
1486, 0
1487, 18
1488, 0
1489, 21
1490, 12
1491, 0
1492, 40
1493, 34
1494, 52
1495, 2
1496, 0
1497, 14
1498, 0
1499, 20
1500, 0
1501, 15
1502, 0
1503, 30
1504, 0
1505, 15
1506, 0
1507, 46
1508, 21
1509, 0
1510, 12
1511, 16
1512, 23
1513, 28
1514, 8
1515, 46
1516, 2
1517, 6
1518, 2
1519, 0
1520, 0
1521, 30
1522, 21
1523, 12
1524, 12
1525, 8
1526, 36
1527, 2
1528, 6
1529, 2
1530, 0
1531, 32
1532, 21
1533, 12
1534, 12
1535, 8
1536, 40
1537, 2
1538, 6
1539, 2
1540, 0
1541, 36
1542, 1
1543, 19
1544, 12
1545, 68
1546, 8
1547, 12
1548, 2
1549, 6
1550, 2
1551, 0
1552, 0
1553, 38
1554, 1
1555, 18
1556, 12
1557, 76
1558, 8
1559, 12
1560, 2
1561, 6
1562, 2
1563, 0
1564, 0
1565, 14
1566, 0
1567, 14
1568, 0
1569, 9
1570, 1
1571, 0
1572, 29
1573, 40
1574, 25
1575, 10
1576, 13
1577, 8
1578, 7
1579, 2
1580, 15
1581, 14
1582, 12
1583, 22
1584, 11
1585, 0
1586, 13
1587, 39
1588, 14
1589, 50
1590, 11
1591, 0
1592, 13
1593, 15
1594, 10
1595, 15
1596, 10
1597, 8
1598, 12
1599, 23
1600, 11
1601, 0
1602, 17
1603, 12
1604, 11
1605, 0
1606, 27
1607, 41
1608, 11
1609, 2
1610, 44
1611, 34
1612, 28
1613, 2
1614, 0
1615, 14
1616, 0
1617, 19
1618, 0
1619, 13
1620, 1
1621, 28
1622, 17
1623, 9
1624, 18
1625, 10
1626, 17
1627, 2
1628, 0
1629, 15
1630, 0
1631, 33
1632, 0
1633, 14
1634, 0
1635, 62
1636, 0
1637, 75
1638, 75
1639, 16
1640, 0
1641, 15
1642, 11
1643, 10
1644, 17
1645, 52
1646, 35
1647, 26
1648, 2
1649, 13
1650, 23
1651, 2
1652, 12
1653, 34
1654, 26
1655, 2
1656, 9
1657, 2
1658, 0
1659, 61
1660, 50
1661, 22
1662, 0
1663, 15
1664, 11
1665, 17
1666, 52
1667, 22
1668, 19
1669, 2
1670, 5
1671, 2
1672, 0
1673, 41
1674, 39
1675, 0
1676, 61
1677, 89
1678, 89
1679, 89
1680, 89
1681, 44
1682, 6
1683, 2
1684, 0
1685, 38
1686, 39
1687, 0
1688, 62
1689, 47
1690, 47
1691, 47
1692, 45
1693, 45
1694, 49
1695, 45
1696, 45
1697, 47
1698, 45
1699, 45
1700, 6
1701, 2
1702, 0
1703, 41
1704, 0
1705, 9
1706, 27
1707, 27
1708, 15
1709, 0
1710, 49
1711, 36
1712, 36
1713, 23
1714, 0
1715, 24
1716, 0
1717, 54
1718, 0
1719, 52
1720, 36
1721, 24
1722, 67
1723, 25
1724, 2
1725, 0
1726, 10
1727, 51
1728, 83
1729, 15
1730, 2
1731, 25
1732, 26
1733, 25
1734, 26
1735, 25
1736, 26
1737, 19
1738, 2
1739, 0
1740, 15
1741, 0
1742, 26
1743, 38
1744, 36
1745, 16
1746, 1
1747, 20
1748, 31
1749, 15
1750, 21
1751, 2
1752, 35
1753, 44
1754, 28
1755, 19
1756, 2
1757, 0
1758, 2
1759, 21
1760, 2
1761, 0
1762, 35
1763, 36
1764, 21
1765, 66
1766, 2
1767, 0
1768, 15
1769, 1
1770, 35
1771, 2
1772, 0
1773, 83
1774, 36
1775, 14
1776, 23
1777, 17
1778, 64
1779, 2
1780, 40
1781, 34
1782, 28
1783, 2
1784, 0
1785, 14
1786, 0
1787, 18
1788, 0
1789, 15
1790, 0
1791, 30
1792, 0
1793, 14
1794, 0
1795, 73
1796, 0
1797, 9
1798, 15
1799, 15
1800, 18
1801, 16
1802, 0
1803, 30
1804, 0
1805, 57
1806, 7
1807, 22
1808, 46
1809, 11
1810, 7
1811, 68
1812, 9
1813, 11
1814, 18
1815, 39
1816, 39
1817, 56
1818, 64
1819, 17
1820, 11
1821, 11
1822, 2
1823, 9
1824, 2
1825, 18
1826, 12
1827, 2
1828, 40
1829, 34
1830, 28
1831, 2
1832, 0
1833, 14
1834, 0
1835, 18
1836, 0
1837, 15
1838, 0
1839, 30
1840, 0
1841, 14
1842, 0
1843, 51
1844, 0
1845, 17
1846, 0
1847, 46
1848, 0
1849, 80
1850, 0
1851, 25
1852, 1
1853, 24
1854, 41
1855, 2
1856, 0
1857, 59
1858, 78
1859, 78
1860, 87
1861, 87
1862, 2
1863, 2
1864, 0
1865, 21
1866, 18
1867, 14
1868, 28
1869, 0
1870, 7
1871, 24
1872, 20
1873, 0
1874, 20
1875, 14
1876, 58
1877, 49
1878, 11
1879, 15
1880, 2
1881, 0
1882, 14
1883, 55
1884, 2
1885, 2
1886, 0
1887, 12
1888, 17
1889, 29
1890, 14
1891, 0
1892, 17
1893, 0
1894, 20
1895, 20
1896, 0
1897, 20
1898, 15
1899, 17
1900, 7
1901, 14
1902, 12
1903, 16
1904, 2
1905, 0
1906, 18
1907, 7
1908, 2
1909, 0
1910, 9
1911, 20
1912, 14
1913, 0
1914, 33
1915, 12
1916, 21
1917, 0
1918, 13
1919, 23
1920, 28
1921, 22
1922, 23
1923, 28
1924, 8
1925, 2
1926, 19
1927, 16
1928, 13
1929, 8
1930, 19
1931, 2
1932, 2
1933, 13
1934, 2
1935, 0
1936, 24
1937, 8
1938, 2
1939, 0
1940, 2
1941, 40
1942, 34
1943, 28
1944, 2
1945, 0
1946, 14
1947, 0
1948, 23
1949, 0
1950, 15
1951, 0
1952, 30
1953, 0
1954, 15
1955, 0
1956, 12
1957, 0
1958, 33
1959, 1
1960, 26
1961, 2
1962, 0
1963, 47
1964, 1
1965, 22
1966, 14
1967, 22
1968, 49
1969, 2
1970, 2
1971, 2
1972, 0
1973, 48
1974, 1
1975, 22
1976, 14
1977, 22
1978, 49
1979, 2
1980, 2
1981, 2
1982, 0
1983, 29
1984, 0
1985, 51
1986, 1
1987, 23
1988, 27
1989, 2
1990, 0
1991, 14
1992, 0
1993, 9
1994, 19
1995, 27
1996, 27
1997, 0
1998, 30
1999, 36
2000, 8
2001, 10
2002, 2
2003, 0
2004, 46
2005, 46
2006, 46
2007, 0
2008, 11
2009, 22
2010, 13
2011, 2
2012, 0
2013, 22
2014, 22
2015, 22
2016, 2
2017, 0
2018, 22
2019, 33
2020, 33
2021, 2
2022, 0
2023, 40
2024, 2
2025, 40
2026, 34
2027, 28
2028, 2
2029, 0
2030, 14
2031, 0
2032, 17
2033, 0
2034, 15
2035, 0
2036, 30
2037, 0
2038, 14
2039, 0
2040, 9
2041, 16
2042, 0
2043, 13
2044, 28
2045, 39
2046, 13
2047, 2
2048, 0
2049, 10
2050, 11
2051, 2
2052, 44
2053, 34
2054, 29
2055, 2
2056, 0
2057, 26
2058, 14
2059, 0
2060, 21
2061, 0
2062, 13
2063, 1
2064, 20
2065, 26
2066, 2
2067, 0
2068, 15
2069, 0
2070, 33
2071, 0
2072, 14
2073, 0
2074, 25
2075, 0
2076, 38
2077, 62
2078, 0
2079, 65
2080, 0
2081, 63
2082, 0
2083, 82
2084, 40
2085, 0
2086, 16
2087, 0
2088, 32
2089, 21
2090, 0
2091, 37
2092, 21
2093, 0
2094, 58
2095, 18
2096, 21
2097, 17
2098, 26
2099, 20
2100, 8
2101, 12
2102, 11
2103, 16
2104, 2
2105, 2
2106, 4
2107, 2
2108, 0
2109, 14
2110, 0
2111, 9
2112, 1
2113, 47
2114, 0
2115, 10
2116, 0
2117, 32
2118, 18
2119, 18
2120, 0
2121, 23
2122, 16
2123, 2
2124, 0
2125, 19
2126, 12
2127, 16
2128, 9
2129, 9
2130, 2
2131, 0
2132, 15
2133, 0
2134, 48
2135, 19
2136, 0
2137, 21
2138, 14
2139, 0
2140, 25
2141, 0
2142, 28
2143, 0
2144, 29
2145, 0
2146, 41
2147, 0
2148, 14
2149, 0
2150, 33
2151, 0
2152, 14
2153, 0
2154, 47
2155, 0
2156, 41
2157, 0
2158, 43
2159, 14
2160, 0
2161, 21
2162, 14
2163, 0
2164, 25
2165, 0
2166, 25
2167, 0
2168, 29
2169, 0
2170, 13
2171, 1
2172, 19
2173, 14
2174, 26
2175, 2
2176, 21
2177, 2
2178, 0
2179, 14
2180, 0
2181, 33
2182, 0
2183, 14
2184, 0
2185, 81
2186, 14
2187, 0
2188, 0
2189, 22
2190, 14
2191, 0
2192, 17
2193, 0
2194, 22
2195, 0
2196, 36
2197, 0
2198, 14
2199, 0
2200, 33
2201, 0
2202, 14
2203, 0
2204, 79
2205, 0
2206, 38
2207, 15
2208, 0
