1, 66
2, 40
3, 0
4, 24
5, 40
6, 36
7, 57
8, 1
9, 37
10, 53
11, 25
12, 1
13, 1
14, 57
15, 40
16, 0
17, 33
18, 59
19, 70
20, 61
21, 26
22, 0
23, 17
24, 19
25, 0
26, 18
27, 40
28, 43
29, 21
30, 21
31, 0
32, 23
33, 13
34, 27
35, 26
36, 13
37, 0
38, 40
39, 1
40, 1
41, 40
42, 34
43, 0
44, 28
45, 41
46, 2
47, 0
48, 26
49, 0
50, 38
51, 94
52, 82
53, 0
54, 38
55, 1
56, 10
57, 51
58, 53
59, 0
60, 43
61, 33
62, 19
63, 1
64, 0
65, 48
66, 32
67, 22
68, 5
69, 26
70, 20
71, 18
72, 1
73, 35
74, 0
75, 99
76, 0
77, 28
78, 22
79, 5
80, 26
81, 20
82, 18
83, 1
84, 35
85, 0
86, 58
87, 0
88, 14
89, 52
90, 38
91, 0
92, 64
93, 25
94, 30
95, 34
96, 22
97, 20
98, 1
99, 43
100, 26
101, 38
102, 1
103, 27
104, 35
105, 0
106, 91
107, 1
108, 0
109, 93
110, 0
111, 43
112, 28
113, 26
114, 20
115, 1
116, 1
117, 1
118, 0
119, 49
120, 1
121, 28
122, 34
123, 0
124, 22
125, 20
126, 23
127, 18
128, 0
129, 57
130, 1
131, 31
132, 17
133, 16
134, 50
135, 47
136, 8
137, 17
138, 1
139, 12
140, 1
141, 0
142, 44
143, 1
144, 24
145, 17
146, 8
147, 66
148, 1
149, 1
150, 0
151, 0
152, 30
153, 1
154, 20
155, 10
156, 11
157, 19
158, 49
159, 42
160, 83
161, 1
162, 12
163, 9
164, 1
165, 5
166, 7
167, 35
168, 1
169, 1
170, 1
171, 0
172, 29
173, 1
174, 17
175, 29
176, 1
177, 1
178, 39
179, 34
180, 0
181, 31
182, 2
183, 0
184, 26
185, 0
186, 38
187, 0
188, 39
189, 10
190, 51
191, 0
192, 53
193, 32
194, 0
195, 64
196, 79
197, 0
198, 59
199, 0
200, 52
201, 52
202, 10
203, 0
204, 34
205, 54
206, 55
207, 1
208, 89
209, 1
210, 101
211, 1
212, 0
213, 0
214, 29
215, 1
216, 29
217, 17
218, 0
219, 19
220, 17
221, 1
222, 0
223, 58
224, 13
225, 20
226, 31
227, 31
228, 6
229, 2
230, 1
231, 6
232, 26
233, 1
234, 1
235, 0
236, 50
237, 17
238, 19
239, 17
240, 1
241, 0
242, 24
243, 31
244, 28
245, 56
246, 1
247, 1
248, 1
249, 33
250, 34
251, 0
252, 26
253, 26
254, 2
255, 0
256, 0
257, 24
258, 0
259, 24
260, 0
261, 95
262, 0
263, 60
264, 0
265, 20
266, 24
267, 1
268, 0
269, 38
270, 0
271, 24
272, 22
273, 20
274, 21
275, 0
276, 44
277, 16
278, 13
279, 1
280, 0
281, 19
282, 5
283, 32
284, 14
285, 26
286, 22
287, 6
288, 6
289, 27
290, 1
291, 1
292, 34
293, 23
294, 1
295, 1
296, 0
297, 41
298, 20
299, 14
300, 17
301, 10
302, 56
303, 9
304, 58
305, 12
306, 55
307, 8
308, 14
309, 1
310, 1
311, 0
312, 30
313, 11
314, 1
315, 0
316, 27
317, 14
318, 1
319, 0
320, 64
321, 19
322, 1
323, 1
324, 0
325, 27
326, 0
327, 6
328, 0
329, 28
330, 11
331, 1
332, 0
333, 22
334, 58
335, 0
336, 21
337, 12
338, 20
339, 10
340, 12
341, 8
342, 30
343, 30
344, 13
345, 4
346, 14
347, 1
348, 8
349, 25
350, 1
351, 1
352, 1
353, 1
354, 0
355, 53
356, 17
357, 25
358, 0
359, 42
360, 44
361, 21
362, 1
363, 0
364, 35
365, 40
366, 20
367, 0
368, 23
369, 42
370, 43
371, 1
372, 0
373, 29
374, 1
375, 0
376, 57
377, 20
378, 37
379, 41
380, 1
381, 1
382, 40
383, 34
384, 0
385, 29
386, 38
387, 35
388, 2
389, 0
390, 24
391, 0
392, 20
393, 25
394, 0
395, 40
396, 20
397, 12
398, 33
399, 56
400, 35
401, 55
402, 8
403, 60
404, 1
405, 1
406, 1
407, 0
408, 24
409, 0
410, 21
411, 0
412, 20
413, 19
414, 15
415, 1
416, 9
417, 1
418, 0
419, 55
420, 26
421, 11
422, 1
423, 1
424, 0
425, 31
426, 0
427, 24
428, 22
429, 16
430, 0
431, 56
432, 28
433, 13
434, 13
435, 1
436, 0
437, 19
438, 5
439, 14
440, 25
441, 6
442, 1
443, 34
444, 22
445, 1
446, 1
447, 0
448, 30
449, 11
450, 1
451, 0
452, 27
453, 14
454, 1
455, 0
456, 1
457, 0
458, 27
459, 0
460, 25
461, 28
462, 31
463, 0
464, 35
465, 29
466, 1
467, 0
468, 64
469, 24
470, 21
471, 24
472, 33
473, 8
474, 20
475, 16
476, 31
477, 8
478, 43
479, 13
480, 15
481, 1
482, 19
483, 1
484, 1
485, 26
486, 1
487, 0
488, 1
489, 0
490, 95
491, 0
492, 24
493, 29
494, 0
495, 32
496, 37
497, 46
498, 1
499, 0
500, 47
501, 42
502, 44
503, 21
504, 1
505, 0
506, 42
507, 20
508, 1
509, 1
510, 0
511, 27
512, 17
513, 42
514, 43
515, 61
516, 29
517, 1
518, 29
519, 1
520, 0
521, 57
522, 22
523, 37
524, 8
525, 42
526, 58
527, 11
528, 19
529, 42
530, 54
531, 1
532, 1
533, 1
534, 40
535, 34
536, 0
537, 29
538, 2
539, 0
540, 0
541, 47
542, 42
543, 43
544, 49
545, 51
546, 0
547, 0
548, 3
549, 66
550, 70
551, 68
552, 35
553, 2
554, 35
555, 0
556, 13
557, 5
558, 4
559, 6
560, 1
561, 0
562, 70
563, 13
564, 10
565, 13
566, 10
567, 19
568, 9
569, 21
570, 12
571, 18
572, 1
573, 9
574, 13
575, 10
576, 21
577, 9
578, 18
579, 12
580, 19
581, 1
582, 12
583, 13
584, 10
585, 18
586, 9
587, 19
588, 12
589, 21
590, 1
591, 1
592, 0
593, 36
594, 1
595, 0
596, 33
597, 0
598, 41
599, 86
600, 0
601, 41
602, 43
603, 1
604, 0
605, 43
606, 24
607, 22
608, 21
609, 4
610, 26
611, 16
612, 20
613, 56
614, 12
615, 1
616, 50
617, 0
618, 20
619, 52
620, 20
621, 40
622, 40
623, 8
624, 17
625, 20
626, 1
627, 1
628, 1
629, 1
630, 0
631, 51
632, 40
633, 0
634, 52
635, 11
636, 1
637, 0
638, 19
639, 5
640, 14
641, 15
642, 1
643, 40
644, 1
645, 1
646, 1
647, 0
648, 29
649, 0
650, 21
651, 33
652, 40
653, 35
654, 22
655, 26
656, 22
657, 0
658, 62
659, 62
660, 40
661, 19
662, 19
663, 21
664, 11
665, 1
666, 0
667, 24
668, 18
669, 1
670, 0
671, 61
672, 24
673, 8
674, 51
675, 12
676, 1
677, 0
678, 30
679, 22
680, 19
681, 1
682, 0
683, 19
684, 17
685, 1
686, 0
687, 23
688, 13
689, 1
690, 0
691, 9
692, 26
693, 52
694, 1
695, 1
696, 0
697, 62
698, 31
699, 47
700, 47
701, 72
702, 57
703, 0
704, 31
705, 35
706, 57
707, 1
708, 0
709, 21
710, 36
711, 44
712, 38
713, 22
714, 14
715, 1
716, 0
717, 43
718, 16
719, 1
720, 0
721, 5
722, 14
723, 27
724, 14
725, 1
726, 27
727, 9
728, 1
729, 41
730, 49
731, 1
732, 0
733, 14
734, 43
735, 29
736, 29
737, 1
738, 37
739, 21
740, 1
741, 0
742, 45
743, 39
744, 1
745, 0
746, 76
747, 0
748, 12
749, 5
750, 30
751, 29
752, 1
753, 0
754, 15
755, 21
756, 47
757, 73
758, 65
759, 1
760, 0
761, 41
762, 46
763, 31
764, 2
765, 0
766, 46
767, 45
768, 38
769, 41
770, 15
771, 62
772, 1
773, 0
774, 21
775, 1
776, 0
777, 36
778, 39
779, 38
780, 41
781, 38
782, 37
783, 40
784, 41
785, 40
786, 43
787, 1
788, 0
789, 68
790, 68
791, 1
792, 0
793, 0
794, 1
795, 40
796, 34
797, 0
798, 29
799, 41
800, 2
801, 0
802, 3
803, 68
804, 1
805, 70
806, 80
807, 78
808, 69
809, 2
810, 29
811, 0
812, 13
813, 5
814, 4
815, 6
816, 1
817, 0
818, 58
819, 13
820, 10
821, 13
822, 10
823, 19
824, 9
825, 21
826, 12
827, 18
828, 1
829, 9
830, 13
831, 10
832, 21
833, 9
834, 18
835, 12
836, 19
837, 1
838, 12
839, 13
840, 10
841, 18
842, 9
843, 19
844, 12
845, 21
846, 1
847, 1
848, 0
849, 36
850, 1
851, 0
852, 27
853, 0
854, 25
855, 0
856, 35
857, 29
858, 1
859, 0
860, 34
861, 24
862, 21
863, 0
864, 53
865, 21
866, 21
867, 24
868, 32
869, 8
870, 26
871, 16
872, 13
873, 29
874, 8
875, 48
876, 52
877, 19
878, 15
879, 1
880, 18
881, 1
882, 1
883, 25
884, 0
885, 1
886, 1
887, 0
888, 31
889, 0
890, 21
891, 0
892, 20
893, 19
894, 15
895, 1
896, 9
897, 1
898, 0
899, 55
900, 26
901, 11
902, 1
903, 1
904, 0
905, 43
906, 0
907, 33
908, 22
909, 26
910, 22
911, 15
912, 0
913, 52
914, 19
915, 40
916, 21
917, 1
918, 0
919, 19
920, 5
921, 0
922, 14
923, 32
924, 18
925, 15
926, 12
927, 1
928, 8
929, 1
930, 0
931, 24
932, 1
933, 0
934, 23
935, 13
936, 1
937, 0
938, 26
939, 52
940, 1
941, 1
942, 0
943, 50
944, 41
945, 52
946, 42
947, 35
948, 47
949, 1
950, 21
951, 41
952, 42
953, 33
954, 14
955, 1
956, 0
957, 21
958, 5
959, 9
960, 34
961, 1
962, 1
963, 0
964, 14
965, 37
966, 29
967, 29
968, 1
969, 37
970, 21
971, 1
972, 0
973, 40
974, 0
975, 12
976, 5
977, 30
978, 23
979, 1
980, 0
981, 15
982, 21
983, 47
984, 73
985, 65
986, 1
987, 0
988, 26
989, 28
990, 27
991, 0
992, 39
993, 21
994, 16
995, 1
996, 1
997, 0
998, 41
999, 46
1000, 31
1001, 2
1002, 0
1003, 40
1004, 39
1005, 32
1006, 41
1007, 15
1008, 62
1009, 1
1010, 0
1011, 21
1012, 1
1013, 0
1014, 36
1015, 39
1016, 38
1017, 41
1018, 38
1019, 37
1020, 40
1021, 41
1022, 40
1023, 43
1024, 1
1025, 0
1026, 56
1027, 68
1028, 1
1029, 0
1030, 0
1031, 1
1032, 58
1033, 40
1034, 31
1035, 0
1036, 17
1037, 18
1038, 0
1039, 19
1040, 57
1041, 20
1042, 5
1043, 40
1044, 24
1045, 0
1046, 40
1047, 76
1048, 1
1049, 1
1050, 0
1051, 33
1052, 62
1053, 38
1054, 32
1055, 38
1056, 0
1057, 72
1058, 31
1059, 19
1060, 31
1061, 8
1062, 1
1063, 0
1064, 19
1065, 31
1066, 5
1067, 50
1068, 97
1069, 54
1070, 0
1071, 38
1072, 31
1073, 38
1074, 20
1075, 12
1076, 31
1077, 26
1078, 79
1079, 1
1080, 22
1081, 20
1082, 1
1083, 0
1084, 5
1085, 25
1086, 24
1087, 1
1088, 1
1089, 0
1090, 33
1091, 46
1092, 39
1093, 33
1094, 0
1095, 49
1096, 38
1097, 40
1098, 8
1099, 1
1100, 0
1101, 28
1102, 13
1103, 1
1104, 0
1105, 19
1106, 39
1107, 5
1108, 43
1109, 47
1110, 50
1111, 24
1112, 44
1113, 31
1114, 12
1115, 18
1116, 1
1117, 60
1118, 23
1119, 20
1120, 1
1121, 1
1122, 1
1123, 60
1124, 40
1125, 65
1126, 0
1127, 17
1128, 19
1129, 19
1130, 0
1131, 38
1132, 12
1133, 30
1134, 15
1135, 1
1136, 26
1137, 41
1138, 1
1139, 1
1140, 0
1141, 38
1142, 12
1143, 30
1144, 15
1145, 1
1146, 26
1147, 41
1148, 1
1149, 1
1150, 0
1151, 21
1152, 18
1153, 18
1154, 0
1155, 59
1156, 34
1157, 0
1158, 25
1159, 17
1160, 1
1161, 59
1162, 1
1163, 0
1164, 41
1165, 5
1166, 15
1167, 23
1168, 50
1169, 1
1170, 1
1171, 0
1172, 73
1173, 5
1174, 15
1175, 26
1176, 5
1177, 1
1178, 1
1179, 0
1180, 73
1181, 5
1182, 10
1183, 26
1184, 5
1185, 1
1186, 1
1187, 0
1188, 68
1189, 19
1190, 26
1191, 8
1192, 26
1193, 1
1194, 1
1195, 1
1196, 2
1197, 39
1198, 36
1199, 1
1200, 41
1201, 32
1202, 35
1203, 33
1204, 2
1205, 0
1206, 49
1207, 0
1208, 47
1209, 1
1210, 20
1211, 33
1212, 63
1213, 0
1214, 38
1215, 1
1216, 58
1217, 29
1218, 62
1219, 1
1220, 0
1221, 22
1222, 1
1223, 6
1224, 45
1225, 26
1226, 1
1227, 0
1228, 29
1229, 1
1230, 69
1231, 35
1232, 1
1233, 25
1234, 14
1235, 1
1236, 0
1237, 18
1238, 0
1239, 19
1240, 1
1241, 5
1242, 9
1243, 1
1244, 31
1245, 5
1246, 1
1247, 0
1248, 11
1249, 26
1250, 11
1251, 7
1252, 10
1253, 1
1254, 0
1255, 73
1256, 61
1257, 61
1258, 36
1259, 1
1260, 25
1261, 37
1262, 29
1263, 1
1264, 19
1265, 26
1266, 1
1267, 21
1268, 0
1269, 37
1270, 30
1271, 22
1272, 0
1273, 31
1274, 54
1275, 1
1276, 28
1277, 2
1278, 1
1279, 35
1280, 33
1281, 0
1282, 32
1283, 1
1284, 34
1285, 1
1286, 27
1287, 39
1288, 21
1289, 1
1290, 4
1291, 7
1292, 0
1293, 34
1294, 36
1295, 1
1296, 4
1297, 11
1298, 31
1299, 1
1300, 1
1301, 0
1302, 17
1303, 1
1304, 37
1305, 37
1306, 35
1307, 0
1308, 14
1309, 61
1310, 1
1311, 17
1312, 0
1313, 31
1314, 19
1315, 0
1316, 33
1317, 33
1318, 0
1319, 28
1320, 23
1321, 0
1322, 21
1323, 24
1324, 1
1325, 32
1326, 33
1327, 0
1328, 32
1329, 1
1330, 33
1331, 37
1332, 0
1333, 61
1334, 1
1335, 50
1336, 38
1337, 25
1338, 21
1339, 1
1340, 1
1341, 4
1342, 11
1343, 1
1344, 0
1345, 44
1346, 35
1347, 1
1348, 1
1349, 0
1350, 0
1351, 72
1352, 24
1353, 58
1354, 1
1355, 58
1356, 22
1357, 8
1358, 0
1359, 19
1360, 2
1361, 1
1362, 44
1363, 1
1364, 19
1365, 28
1366, 19
1367, 1
1368, 0
1369, 20
1370, 19
1371, 9
1372, 0
1373, 13
1374, 44
1375, 0
1376, 18
1377, 1
1378, 0
1379, 69
1380, 33
1381, 74
1382, 1
1383, 27
1384, 0
1385, 34
1386, 36
1387, 30
1388, 1
1389, 1
1390, 2
1391, 39
1392, 36
1393, 1
1394, 39
1395, 1
1396, 2
1397, 0
1398, 49
1399, 0
1400, 47
1401, 1
1402, 38
1403, 42
1404, 21
1405, 25
1406, 30
1407, 36
1408, 0
1409, 19
1410, 0
1411, 10
1412, 1
1413, 15
1414, 16
1415, 19
1416, 1
1417, 0
1418, 12
1419, 1
1420, 38
1421, 29
1422, 1
1423, 21
1424, 1
1425, 0
1426, 16
1427, 1
1428, 16
1429, 16
1430, 9
1431, 19
1432, 9
1433, 0
1434, 14
1435, 20
1436, 37
1437, 4
1438, 8
1439, 56
1440, 15
1441, 16
1442, 11
1443, 1
1444, 17
1445, 16
1446, 9
1447, 26
1448, 13
1449, 1
1450, 0
1451, 32
1452, 1
1453, 34
1454, 9
1455, 1
1456, 0
1457, 20
1458, 38
1459, 13
1460, 22
1461, 15
1462, 20
1463, 0
1464, 35
1465, 27
1466, 37
1467, 1
1468, 1
1469, 1
1470, 0
1471, 25
1472, 1
1473, 17
1474, 12
1475, 13
1476, 0
1477, 8
1478, 26
1479, 13
1480, 28
1481, 13
1482, 1
1483, 23
1484, 27
1485, 14
1486, 1
1487, 13
1488, 13
1489, 1
1490, 12
1491, 1
1492, 0
1493, 17
1494, 1
1495, 10
1496, 36
1497, 32
1498, 6
1499, 1
1500, 0
1501, 26
1502, 47
1503, 0
1504, 27
1505, 0
1506, 15
1507, 28
1508, 8
1509, 27
1510, 24
1511, 7
1512, 1
1513, 42
1514, 12
1515, 1
1516, 0
1517, 43
1518, 27
1519, 24
1520, 7
1521, 1
1522, 42
1523, 1
1524, 0
1525, 24
1526, 1
1527, 1
1528, 0
1529, 41
1530, 1
1531, 50
1532, 1
1533, 0
1534, 40
1535, 1
1536, 55
1537, 15
1538, 20
1539, 7
1540, 1
1541, 0
1542, 10
1543, 28
1544, 11
1545, 1
1546, 0
1547, 46
1548, 28
1549, 30
1550, 0
1551, 58
1552, 40
1553, 34
1554, 42
1555, 19
1556, 1
1557, 28
1558, 5
1559, 9
1560, 1
1561, 35
1562, 1
1563, 0
1564, 12
1565, 26
1566, 25
1567, 1
1568, 22
1569, 1
1570, 1
1571, 40
1572, 34
1573, 0
1574, 28
1575, 0
1576, 30
1577, 2
1578, 0
1579, 23
1580, 31
1581, 15
1582, 14
1583, 0
1584, 20
1585, 11
1586, 1
1587, 0
1588, 28
1589, 9
1590, 9
1591, 1
1592, 0
1593, 12
1594, 37
1595, 1
1596, 0
1597, 29
1598, 20
1599, 22
1600, 28
1601, 1
1602, 0
1603, 17
1604, 20
1605, 31
1606, 1
1607, 0
1608, 12
1609, 20
1610, 1
1611, 0
1612, 28
1613, 25
1614, 35
1615, 26
1616, 25
1617, 20
1618, 1
1619, 0
1620, 30
1621, 31
1622, 11
1623, 70
1624, 70
1625, 71
1626, 71
1627, 28
1628, 33
1629, 12
1630, 25
1631, 38
1632, 29
1633, 1
1634, 0
1635, 20
1636, 28
1637, 22
1638, 24
1639, 15
1640, 1
1641, 1
1642, 0
1643, 26
1644, 38
1645, 27
1646, 21
1647, 1
1648, 20
1649, 1
1650, 1
1651, 0
1652, 35
1653, 38
1654, 39
1655, 25
1656, 21
1657, 0
1658, 20
1659, 13
1660, 0
1661, 10
1662, 14
1663, 17
1664, 11
1665, 17
1666, 37
1667, 8
1668, 1
1669, 0
1670, 37
1671, 0
1672, 51
1673, 19
1674, 33
1675, 23
1676, 17
1677, 1
1678, 1
1679, 0
1680, 14
1681, 28
1682, 36
1683, 16
1684, 11
1685, 24
1686, 1
1687, 1
1688, 1
1689, 0
1690, 0
1691, 40
1692, 11
1693, 51
1694, 60
1695, 1
1696, 1
1697, 40
1698, 34
1699, 38
1700, 42
1701, 2
1702, 0
1703, 0
1704, 27
1705, 1
1706, 38
1707, 1
1708, 11
1709, 51
1710, 62
1711, 1
1712, 0
1713, 32
1714, 1
1715, 24
1716, 25
1717, 25
1718, 10
1719, 13
1720, 6
1721, 6
1722, 6
1723, 10
1724, 21
1725, 21
1726, 0
1727, 32
1728, 29
1729, 6
1730, 10
1731, 13
1732, 7
1733, 1
1734, 16
1735, 1
1736, 49
1737, 23
1738, 8
1739, 1
1740, 14
1741, 1
1742, 15
1743, 1
1744, 36
1745, 1
1746, 10
1747, 18
1748, 1
1749, 19
1750, 1
1751, 13
1752, 0
1753, 24
1754, 2
1755, 1
1756, 18
1757, 6
1758, 30
1759, 1
1760, 19
1761, 18
1762, 15
1763, 1
1764, 8
1765, 52
1766, 10
1767, 10
1768, 4
1769, 1
1770, 14
1771, 22
1772, 1
1773, 17
1774, 1
1775, 1
1776, 7
1777, 1
1778, 12
1779, 1
1780, 16
1781, 1
1782, 35
1783, 21
1784, 6
1785, 14
1786, 1
1787, 8
1788, 20
1789, 6
1790, 1
1791, 17
1792, 0
1793, 25
1794, 1
1795, 6
1796, 1
1797, 4
1798, 1
1799, 1
1800, 1
1801, 1
1802, 2
1803, 39
1804, 36
1805, 1
1806, 39
1807, 1
1808, 2
1809, 0
1810, 49
1811, 0
1812, 47
1813, 1
1814, 38
1815, 38
1816, 33
1817, 21
1818, 26
1819, 30
1820, 36
1821, 0
1822, 19
1823, 0
1824, 12
1825, 1
1826, 38
1827, 29
1828, 1
1829, 21
1830, 1
1831, 0
1832, 42
1833, 1
1834, 20
1835, 34
1836, 9
1837, 1
1838, 0
1839, 17
1840, 40
1841, 22
1842, 13
1843, 20
1844, 0
1845, 37
1846, 28
1847, 40
1848, 1
1849, 1
1850, 25
1851, 8
1852, 1
1853, 0
1854, 17
1855, 43
1856, 0
1857, 14
1858, 17
1859, 22
1860, 14
1861, 43
1862, 4
1863, 8
1864, 57
1865, 15
1866, 16
1867, 11
1868, 1
1869, 18
1870, 18
1871, 10
1872, 27
1873, 39
1874, 1
1875, 0
1876, 19
1877, 24
1878, 13
1879, 27
1880, 14
1881, 1
1882, 9
1883, 23
1884, 13
1885, 28
1886, 11
1887, 1
1888, 1
1889, 27
1890, 8
1891, 6
1892, 1
1893, 6
1894, 27
1895, 18
1896, 13
1897, 21
1898, 14
1899, 1
1900, 1
1901, 6
1902, 1
1903, 1
1904, 1
1905, 0
1906, 16
1907, 1
1908, 0
1909, 17
1910, 1
1911, 19
1912, 19
1913, 19
1914, 0
1915, 9
1916, 65
1917, 26
1918, 49
1919, 50
1920, 48
1921, 1
1922, 1
1923, 0
1924, 41
1925, 1
1926, 50
1927, 1
1928, 0
1929, 40
1930, 1
1931, 55
1932, 15
1933, 20
1934, 7
1935, 1
1936, 49
1937, 21
1938, 7
1939, 1
1940, 0
1941, 20
1942, 12
1943, 37
1944, 24
1945, 1
1946, 0
1947, 65
1948, 54
1949, 30
1950, 0
1951, 58
1952, 40
1953, 34
1954, 42
1955, 19
1956, 1
1957, 28
1958, 5
1959, 9
1960, 1
1961, 35
1962, 1
1963, 0
1964, 12
1965, 26
1966, 25
1967, 1
1968, 22
1969, 1
1970, 1
1971, 2
1972, 39
1973, 36
1974, 1
1975, 40
1976, 1
1977, 2
1978, 0
1979, 49
1980, 0
1981, 52
1982, 1
1983, 39
1984, 33
1985, 32
1986, 21
1987, 26
1988, 30
1989, 29
1990, 36
1991, 0
1992, 19
1993, 0
1994, 12
1995, 1
1996, 38
1997, 29
1998, 1
1999, 21
2000, 1
2001, 0
2002, 32
2003, 1
2004, 34
2005, 9
2006, 1
2007, 0
2008, 40
2009, 22
2010, 13
2011, 20
2012, 0
2013, 37
2014, 28
2015, 40
2016, 1
2017, 1
2018, 1
2019, 0
2020, 25
2021, 1
2022, 17
2023, 12
2024, 13
2025, 0
2026, 8
2027, 26
2028, 15
2029, 23
2030, 27
2031, 14
2032, 1
2033, 13
2034, 13
2035, 1
2036, 12
2037, 1
2038, 0
2039, 16
2040, 1
2041, 14
2042, 17
2043, 22
2044, 43
2045, 4
2046, 8
2047, 57
2048, 15
2049, 16
2050, 11
2051, 1
2052, 18
2053, 18
2054, 10
2055, 27
2056, 1
2057, 13
2058, 1
2059, 0
2060, 24
2061, 1
2062, 26
2063, 49
2064, 0
2065, 27
2066, 0
2067, 17
2068, 15
2069, 24
2070, 0
2071, 18
2072, 25
2073, 39
2074, 35
2075, 1
2076, 0
2077, 22
2078, 6
2079, 1
2080, 0
2081, 18
2082, 1
2083, 26
2084, 24
2085, 1
2086, 0
2087, 17
2088, 1
2089, 19
2090, 19
2091, 19
2092, 0
2093, 9
2094, 56
2095, 16
2096, 1
2097, 1
2098, 0
2099, 50
2100, 1
2101, 56
2102, 1
2103, 0
2104, 40
2105, 1
2106, 55
2107, 58
2108, 25
2109, 7
2110, 1
2111, 15
2112, 23
2113, 7
2114, 1
2115, 0
2116, 20
2117, 12
2118, 37
2119, 24
2120, 1
2121, 0
2122, 44
2123, 43
2124, 27
2125, 27
2126, 30
2127, 0
2128, 58
2129, 40
2130, 34
2131, 47
2132, 19
2133, 1
2134, 28
2135, 5
2136, 9
2137, 1
2138, 35
2139, 1
2140, 0
2141, 12
2142, 26
2143, 25
2144, 1
2145, 12
2146, 25
2147, 9
2148, 1
2149, 0
2150, 27
2151, 1
2152, 1
2153, 40
2154, 34
2155, 0
2156, 25
2157, 33
2158, 2
2159, 0
2160, 26
2161, 1
2162, 35
2163, 24
2164, 25
2165, 25
2166, 22
2167, 18
2168, 17
2169, 0
2170, 36
2171, 10
2172, 0
2173, 14
2174, 0
2175, 38
2176, 0
2177, 42
2178, 19
2179, 6
2180, 0
2181, 31
2182, 20
2183, 25
2184, 58
2185, 1
2186, 13
2187, 1
2188, 0
2189, 52
2190, 56
2191, 0
2192, 57
2193, 14
2194, 13
2195, 31
2196, 21
2197, 1
2198, 21
2199, 10
2200, 15
2201, 14
2202, 20
2203, 6
2204, 1
2205, 17
2206, 0
2207, 24
2208, 24
2209, 4
2210, 1
2211, 0
2212, 12
2213, 1
2214, 1
2215, 0
2216, 39
2217, 10
2218, 51
2219, 56
2220, 1
2221, 1
2222, 2
2223, 39
2224, 36
2225, 1
2226, 43
2227, 1
2228, 56
2229, 76
2230, 2
2231, 0
2232, 49
2233, 0
2234, 52
2235, 1
2236, 39
2237, 33
2238, 32
2239, 21
2240, 26
2241, 30
2242, 29
2243, 36
2244, 0
2245, 19
2246, 0
2247, 22
2248, 1
2249, 19
2250, 19
2251, 21
2252, 1
2253, 0
2254, 24
2255, 1
2256, 26
2257, 49
2258, 0
2259, 20
2260, 27
2261, 9
2262, 1
2263, 41
2264, 22
2265, 13
2266, 20
2267, 0
2268, 37
2269, 28
2270, 40
2271, 1
2272, 1
2273, 0
2274, 66
2275, 14
2276, 22
2277, 22
2278, 20
2279, 20
2280, 20
2281, 20
2282, 20
2283, 20
2284, 20
2285, 20
2286, 20
2287, 20
2288, 1
2289, 0
2290, 17
2291, 15
2292, 0
2293, 37
2294, 0
2295, 14
2296, 16
2297, 63
2298, 63
2299, 14
2300, 20
2301, 12
2302, 14
2303, 34
2304, 34
2305, 27
2306, 28
2307, 6
2308, 27
2309, 28
2310, 6
2311, 27
2312, 28
2313, 28
2314, 6
2315, 27
2316, 28
2317, 28
2318, 6
2319, 27
2320, 28
2321, 28
2322, 28
2323, 6
2324, 27
2325, 28
2326, 28
2327, 28
2328, 6
2329, 27
2330, 28
2331, 28
2332, 28
2333, 28
2334, 6
2335, 30
2336, 28
2337, 28
2338, 28
2339, 28
2340, 6
2341, 30
2342, 30
2343, 28
2344, 28
2345, 28
2346, 28
2347, 6
2348, 1
2349, 22
2350, 1
2351, 0
2352, 39
2353, 36
2354, 1
2355, 0
2356, 19
2357, 28
2358, 8
2359, 26
2360, 15
2361, 14
2362, 35
2363, 35
2364, 33
2365, 33
2366, 33
2367, 33
2368, 33
2369, 33
2370, 33
2371, 42
2372, 1
2373, 1
2374, 1
2375, 0
2376, 26
2377, 24
2378, 1
2379, 0
2380, 17
2381, 1
2382, 9
2383, 56
2384, 16
2385, 1
2386, 1
2387, 0
2388, 50
2389, 1
2390, 56
2391, 1
2392, 0
2393, 40
2394, 1
2395, 14
2396, 55
2397, 59
2398, 25
2399, 7
2400, 1
2401, 0
2402, 20
2403, 12
2404, 37
2405, 24
2406, 1
2407, 0
2408, 44
2409, 43
2410, 27
2411, 27
2412, 30
2413, 0
2414, 14
2415, 60
2416, 40
2417, 34
2418, 47
2419, 19
2420, 1
2421, 26
2422, 28
2423, 5
2424, 9
2425, 1
2426, 35
2427, 1
2428, 0
2429, 21
2430, 12
2431, 26
2432, 25
2433, 1
2434, 12
2435, 25
2436, 9
2437, 1
2438, 0
2439, 27
2440, 1
2441, 1
2442, 2
2443, 38
2444, 36
2445, 1
2446, 28
2447, 1
2448, 2
2449, 0
2450, 27
2451, 28
2452, 0
2453, 13
2454, 36
2455, 34
2456, 35
2457, 28
2458, 0
2459, 41
2460, 0
2461, 33
2462, 47
2463, 29
2464, 23
2465, 1
2466, 0
2467, 35
2468, 26
2469, 44
2470, 46
2471, 46
2472, 46
2473, 46
2474, 46
2475, 40
2476, 43
2477, 0
2478, 55
2479, 25
2480, 25
2481, 25
2482, 25
2483, 0
2484, 25
2485, 25
2486, 25
2487, 25
2488, 25
2489, 25
2490, 25
2491, 25
2492, 25
2493, 25
2494, 27
2495, 0
2496, 63
2497, 37
2498, 37
2499, 37
2500, 38
2501, 0
2502, 50
2503, 16
2504, 36
2505, 13
2506, 12
2507, 1
2508, 1
2509, 0
2510, 8
2511, 54
2512, 19
2513, 23
2514, 29
2515, 15
2516, 14
2517, 20
2518, 1
2519, 0
2520, 30
2521, 21
2522, 46
2523, 118
2524, 1
2525, 10
2526, 10
2527, 46
2528, 33
2529, 15
2530, 50
2531, 28
2532, 32
2533, 10
2534, 1
2535, 29
2536, 35
2537, 1
2538, 24
2539, 17
2540, 1
2541, 47
2542, 1
2543, 0
2544, 116
2545, 1
2546, 10
2547, 10
2548, 10
2549, 21
2550, 46
2551, 33
2552, 15
2553, 49
2554, 28
2555, 32
2556, 10
2557, 1
2558, 29
2559, 19
2560, 27
2561, 4
2562, 1
2563, 24
2564, 17
2565, 1
2566, 47
2567, 1
2568, 0
2569, 59
2570, 28
2571, 20
2572, 16
2573, 20
2574, 30
2575, 30
2576, 60
2577, 63
2578, 76
2579, 12
2580, 1
2581, 0
2582, 31
2583, 14
2584, 16
2585, 0
2586, 36
2587, 17
2588, 11
2589, 1
2590, 1
2591, 1
2592, 2
2593, 39
2594, 36
2595, 1
2596, 20
2597, 1
2598, 2
2599, 0
2600, 17
2601, 0
2602, 20
2603, 0
2604, 34
2605, 44
2606, 38
2607, 51
2608, 0
2609, 25
2610, 7
2611, 9
2612, 48
2613, 1
2614, 0
2615, 25
2616, 44
2617, 46
2618, 46
2619, 46
2620, 46
2621, 46
2622, 40
2623, 27
2624, 20
2625, 20
2626, 20
2627, 20
2628, 20
2629, 20
2630, 20
2631, 20
2632, 20
2633, 20
2634, 20
2635, 20
2636, 20
2637, 20
2638, 21
2639, 35
2640, 31
2641, 31
2642, 31
2643, 32
2644, 0
2645, 35
2646, 13
2647, 34
2648, 38
2649, 33
2650, 1
2651, 0
2652, 27
2653, 0
2654, 29
2655, 27
2656, 28
2657, 46
2658, 21
2659, 0
2660, 22
2661, 46
2662, 1
2663, 1
2664, 0
2665, 24
2666, 0
2667, 52
2668, 59
2669, 18
2670, 27
2671, 0
2672, 45
2673, 51
2674, 1
2675, 0
2676, 40
2677, 32
2678, 15
2679, 1
2680, 1
2681, 0
2682, 32
2683, 0
2684, 49
2685, 0
2686, 34
2687, 46
2688, 23
2689, 17
2690, 1
2691, 1
2692, 0
2693, 50
2694, 17
2695, 15
2696, 24
2697, 25
2698, 48
2699, 30
2700, 1
2701, 28
2702, 11
2703, 1
2704, 0
2705, 67
2706, 14
2707, 0
2708, 69
2709, 22
2710, 0
2711, 15
2712, 37
2713, 15
2714, 11
2715, 1
2716, 1
2717, 1
2718, 0
2719, 32
2720, 0
2721, 69
2722, 69
2723, 22
2724, 0
2725, 48
2726, 48
2727, 71
2728, 0
2729, 12
2730, 15
2731, 37
2732, 17
2733, 66
2734, 31
2735, 33
2736, 11
2737, 1
2738, 1
2739, 1
2740, 0
2741, 0
2742, 59
2743, 16
2744, 20
2745, 30
2746, 0
2747, 17
2748, 25
2749, 0
2750, 22
2751, 67
2752, 59
2753, 72
2754, 12
2755, 1
2756, 1
2757, 61
2758, 40
2759, 0
2760, 19
2761, 40
2762, 34
2763, 27
2764, 1
2765, 30
2766, 21
2767, 30
2768, 1
2769, 1
2770, 39
2771, 34
2772, 0
2773, 25
2774, 2
2775, 0
2776, 31
2777, 30
2778, 0
2779, 23
2780, 0
2781, 71
2782, 0
2783, 40
2784, 17
2785, 51
2786, 0
2787, 24
2788, 45
2789, 0
2790, 49
2791, 1
2792, 1
2793, 58
2794, 40
2795, 0
2796, 33
2797, 59
2798, 70
2799, 61
2800, 26
2801, 0
2802, 17
2803, 19
2804, 0
2805, 19
2806, 0
2807, 59
2808, 34
2809, 9
2810, 14
2811, 11
2812, 29
2813, 34
2814, 67
2815, 29
2816, 27
2817, 0
2818, 6
2819, 24
2820, 48
2821, 24
2822, 58
2823, 28
2824, 44
2825, 4
2826, 0
2827, 22
2828, 1
2829, 1
2830, 0
2831, 59
2832, 40
2833, 0
2834, 19
2835, 0
2836, 11
2837, 8
2838, 29
2839, 1
2840, 0
2841, 20
2842, 40
2843, 34
2844, 35
2845, 31
2846, 0
2847, 30
2848, 56
2849, 28
2850, 42
2851, 21
2852, 36
2853, 33
2854, 34
2855, 27
2856, 32
2857, 4
2858, 28
2859, 1
2860, 1
2861, 0
2862, 57
2863, 40
2864, 40
2865, 41
2866, 1
2867, 1
2868, 62
2869, 40
2870, 0
2871, 19
2872, 31
2873, 0
2874, 23
2875, 0
2876, 37
2877, 37
2878, 37
2879, 0
2880, 40
2881, 34
2882, 45
2883, 32
2884, 32
2885, 26
2886, 62
2887, 26
2888, 23
2889, 1
2890, 17
2891, 43
2892, 1
2893, 0
2894, 29
2895, 45
2896, 52
2897, 1
2898, 0
2899, 49
2900, 16
2901, 11
2902, 0
2903, 17
2904, 7
2905, 10
2906, 12
2907, 14
2908, 8
2909, 13
2910, 15
2911, 16
2912, 12
2913, 7
2914, 1
2915, 1
2916, 6
2917, 11
2918, 17
2919, 39
2920, 18
2921, 14
2922, 13
2923, 8
2924, 11
2925, 1
2926, 1
2927, 12
2928, 1
2929, 1
2930, 1
2931, 59
2932, 37
2933, 0
2934, 20
2935, 40
2936, 34
2937, 1
2938, 1
2939, 40
2940, 34
2941, 0
2942, 28
2943, 58
2944, 2
2945, 0
2946, 19
2947, 17
2948, 30
2949, 0
2950, 26
2951, 126
2952, 112
2953, 44
2954, 50
2955, 25
2956, 47
2957, 55
2958, 43
2959, 64
2960, 1
2961, 3
2962, 1
2963, 1
2964, 13
2965, 1
2966, 0
2967, 103
2968, 76
2969, 53
2970, 48
2971, 64
2972, 35
2973, 35
2974, 23
2975, 17
2976, 8
2977, 18
2978, 37
2979, 1
2980, 1
2981, 0
2982, 11
2983, 1
2984, 0
2985, 15
2986, 115
2987, 65
2988, 42
2989, 16
2990, 36
2991, 4
2992, 43
2993, 1
2994, 12
2995, 1
2996, 0
2997, 91
2998, 75
2999, 39
3000, 25
3001, 106
3002, 0
3003, 34
3004, 1
3005, 0
3006, 121
3007, 61
3008, 52
3009, 0
3010, 14
3011, 60
3012, 40
3013, 38
3014, 1
3015, 0
3016, 62
3017, 1
3018, 0
3019, 58
3020, 12
3021, 73
3022, 40
3023, 37
3024, 1
3025, 0
3026, 57
3027, 29
3028, 39
3029, 33
3030, 32
3031, 0
3032, 6
3033, 30
3034, 32
3035, 24
3036, 1
3037, 0
3038, 37
3039, 0
3040, 96
3041, 50
3042, 115
3043, 16
3044, 0
3045, 39
3046, 0
3047, 67
3048, 105
3049, 0
3050, 97
3051, 55
3052, 51
3053, 1
3054, 0
3055, 32
3056, 1
3057, 0
3058, 65
3059, 25
3060, 26
3061, 0
3062, 29
3063, 23
3064, 1
3065, 0
3066, 49
3067, 13
3068, 36
3069, 21
3070, 13
3071, 21
3072, 1
3073, 12
3074, 1
3075, 0
3076, 23
3077, 12
3078, 1
3079, 0
3080, 35
3081, 53
3082, 1
3083, 0
3084, 40
3085, 27
3086, 1
3087, 0
3088, 26
3089, 25
3090, 1
3091, 1
3092, 1
3093, 40
3094, 34
3095, 0
3096, 28
3097, 58
3098, 26
3099, 2
3100, 0
3101, 19
3102, 17
3103, 30
3104, 0
3105, 26
3106, 126
3107, 112
3108, 44
3109, 50
3110, 25
3111, 47
3112, 55
3113, 43
3114, 64
3115, 1
3116, 3
3117, 1
3118, 1
3119, 13
3120, 1
3121, 0
3122, 103
3123, 76
3124, 53
3125, 48
3126, 64
3127, 35
3128, 35
3129, 23
3130, 17
3131, 8
3132, 18
3133, 37
3134, 1
3135, 1
3136, 0
3137, 11
3138, 1
3139, 0
3140, 15
3141, 115
3142, 65
3143, 42
3144, 16
3145, 36
3146, 4
3147, 43
3148, 1
3149, 12
3150, 1
3151, 0
3152, 91
3153, 75
3154, 39
3155, 25
3156, 106
3157, 0
3158, 34
3159, 1
3160, 0
3161, 121
3162, 61
3163, 52
3164, 0
3165, 14
3166, 60
3167, 40
3168, 38
3169, 1
3170, 0
3171, 62
3172, 1
3173, 0
3174, 58
3175, 12
3176, 73
3177, 40
3178, 37
3179, 1
3180, 0
3181, 57
3182, 29
3183, 39
3184, 33
3185, 32
3186, 0
3187, 6
3188, 30
3189, 32
3190, 24
3191, 1
3192, 0
3193, 37
3194, 0
3195, 96
3196, 50
3197, 115
3198, 16
3199, 0
3200, 39
3201, 0
3202, 67
3203, 105
3204, 0
3205, 97
3206, 55
3207, 51
3208, 1
3209, 0
3210, 32
3211, 1
3212, 0
3213, 65
3214, 25
3215, 26
3216, 0
3217, 29
3218, 23
3219, 1
3220, 0
3221, 49
3222, 13
3223, 36
3224, 21
3225, 13
3226, 21
3227, 1
3228, 12
3229, 1
3230, 0
3231, 23
3232, 12
3233, 1
3234, 0
3235, 35
3236, 53
3237, 1
3238, 0
3239, 40
3240, 27
3241, 27
3242, 8
3243, 54
3244, 49
3245, 54
3246, 48
3247, 50
3248, 49
3249, 46
3250, 1
3251, 1
3252, 0
3253, 26
3254, 25
3255, 1
3256, 1
3257, 1
3258, 40
3259, 34
3260, 0
3261, 28
3262, 50
3263, 2
3264, 0
3265, 27
3266, 27
3267, 25
3268, 26
3269, 22
3270, 21
3271, 27
3272, 25
3273, 47
3274, 44
3275, 38
3276, 0
3277, 24
3278, 1
3279, 32
3280, 32
3281, 32
3282, 32
3283, 44
3284, 44
3285, 0
3286, 54
3287, 86
3288, 0
3289, 79
3290, 1
3291, 10
3292, 21
3293, 0
3294, 19
3295, 21
3296, 20
3297, 1
3298, 0
3299, 19
3300, 21
3301, 29
3302, 104
3303, 1
3304, 0
3305, 16
3306, 1
3307, 0
3308, 99
3309, 1
3310, 24
3311, 50
3312, 72
3313, 0
3314, 25
3315, 28
3316, 6
3317, 37
3318, 30
3319, 15
3320, 71
3321, 135
3322, 28
3323, 15
3324, 6
3325, 1
3326, 1
3327, 1
3328, 14
3329, 47
3330, 22
3331, 25
3332, 1
3333, 1
3334, 0
3335, 41
3336, 23
3337, 41
3338, 23
3339, 0
3340, 49
3341, 51
3342, 40
3343, 59
3344, 29
3345, 1
3346, 0
3347, 67
3348, 72
3349, 45
3350, 47
3351, 54
3352, 83
3353, 27
3354, 25
3355, 1
3356, 1
3357, 0
3358, 19
3359, 0
3360, 44
3361, 67
3362, 67
3363, 0
3364, 40
3365, 47
3366, 97
3367, 1
3368, 0
3369, 45
3370, 14
3371, 52
3372, 54
3373, 60
3374, 22
3375, 23
3376, 1
3377, 1
3378, 70
3379, 1
3380, 0
3381, 33
3382, 1
3383, 0
3384, 48
3385, 1
3386, 19
3387, 23
3388, 29
3389, 54
3390, 0
3391, 49
3392, 0
3393, 47
3394, 1
3395, 15
3396, 19
3397, 15
3398, 1
3399, 0
3400, 73
3401, 1
3402, 19
3403, 18
3404, 34
3405, 10
3406, 1
3407, 14
3408, 1
3409, 0
3410, 17
3411, 1
3412, 10
3413, 38
3414, 0
3415, 35
3416, 16
3417, 27
3418, 17
3419, 26
3420, 20
3421, 31
3422, 6
3423, 1
3424, 34
3425, 17
3426, 26
3427, 20
3428, 31
3429, 6
3430, 1
3431, 34
3432, 17
3433, 26
3434, 20
3435, 31
3436, 6
3437, 1
3438, 34
3439, 17
3440, 26
3441, 20
3442, 31
3443, 6
3444, 1
3445, 1
3446, 1
3447, 0
3448, 13
3449, 26
3450, 41
3451, 17
3452, 1
3453, 0
3454, 12
3455, 1
3456, 1
3457, 0
3458, 61
3459, 1
3460, 22
3461, 25
3462, 19
3463, 0
3464, 25
3465, 1
3466, 25
3467, 1
3468, 0
3469, 25
3470, 1
3471, 38
3472, 21
3473, 15
3474, 35
3475, 15
3476, 22
3477, 35
3478, 15
3479, 22
3480, 35
3481, 15
3482, 22
3483, 35
3484, 15
3485, 1
3486, 1
3487, 1
3488, 0
3489, 9
3490, 21
3491, 1
3492, 19
3493, 1
3494, 0
3495, 9
3496, 31
3497, 1
3498, 26
3499, 24
3500, 1
3501, 0
3502, 32
3503, 1
3504, 23
3505, 1
3506, 0
3507, 24
3508, 1
3509, 19
3510, 38
3511, 40
3512, 38
3513, 13
3514, 17
3515, 20
3516, 17
3517, 20
3518, 17
3519, 20
3520, 17
3521, 1
3522, 24
3523, 1
3524, 20
3525, 1
3526, 1
3527, 0
3528, 48
3529, 1
3530, 25
3531, 29
3532, 34
3533, 78
3534, 0
3535, 60
3536, 1
3537, 31
3538, 33
3539, 1
3540, 0
3541, 84
3542, 1
3543, 19
3544, 18
3545, 34
3546, 10
3547, 1
3548, 17
3549, 1
3550, 0
3551, 17
3552, 1
3553, 26
3554, 0
3555, 40
3556, 51
3557, 1
3558, 0
3559, 5
3560, 0
3561, 10
3562, 48
3563, 0
3564, 35
3565, 39
3566, 1
3567, 0
3568, 47
3569, 47
3570, 0
3571, 23
3572, 29
3573, 48
3574, 0
3575, 23
3576, 20
3577, 0
3578, 32
3579, 39
3580, 31
3581, 43
3582, 0
3583, 22
3584, 16
3585, 8
3586, 34
3587, 38
3588, 1
3589, 1
3590, 6
3591, 1
3592, 1
3593, 23
3594, 20
3595, 1
3596, 0
3597, 12
3598, 1
3599, 1
3600, 0
3601, 54
3602, 1
3603, 19
3604, 25
3605, 29
3606, 34
3607, 78
3608, 0
3609, 78
3610, 1
3611, 21
3612, 31
3613, 33
3614, 1
3615, 0
3616, 84
3617, 1
3618, 19
3619, 18
3620, 34
3621, 10
3622, 1
3623, 17
3624, 1
3625, 0
3626, 17
3627, 1
3628, 17
3629, 0
3630, 40
3631, 51
3632, 1
3633, 0
3634, 5
3635, 0
3636, 14
3637, 15
3638, 47
3639, 47
3640, 0
3641, 23
3642, 29
3643, 48
3644, 0
3645, 23
3646, 20
3647, 0
3648, 60
3649, 13
3650, 40
3651, 43
3652, 1
3653, 31
3654, 43
3655, 0
3656, 22
3657, 16
3658, 8
3659, 34
3660, 38
3661, 1
3662, 1
3663, 34
3664, 1
3665, 1
3666, 23
3667, 20
3668, 1
3669, 0
3670, 12
3671, 1
3672, 1
3673, 1
3674, 59
3675, 40
3676, 0
3677, 17
3678, 19
3679, 19
3680, 0
3681, 20
3682, 24
3683, 0
3684, 40
3685, 34
3686, 15
3687, 29
3688, 22
3689, 1
3690, 27
3691, 1
3692, 32
3693, 15
3694, 49
3695, 34
3696, 34
3697, 28
3698, 1
3699, 49
3700, 37
3701, 34
3702, 56
3703, 49
3704, 25
3705, 31
3706, 1
3707, 24
3708, 57
3709, 47
3710, 25
3711, 30
3712, 1
3713, 24
3714, 14
3715, 34
3716, 25
3717, 32
3718, 1
3719, 10
3720, 36
3721, 51
3722, 48
3723, 10
3724, 1
3725, 35
3726, 24
3727, 41
3728, 33
3729, 33
3730, 10
3731, 1
3732, 32
3733, 19
3734, 1
3735, 1
3736, 66
3737, 37
3738, 23
3739, 0
3740, 38
3741, 56
3742, 39
3743, 0
3744, 20
3745, 0
3746, 31
3747, 30
3748, 0
3749, 38
3750, 1
3751, 11
3752, 21
3753, 1
3754, 30
3755, 1
3756, 0
3757, 40
3758, 0
3759, 15
3760, 29
3761, 22
3762, 1
3763, 39
3764, 0
3765, 27
3766, 50
3767, 1
3768, 0
3769, 32
3770, 15
3771, 49
3772, 34
3773, 34
3774, 28
3775, 1
3776, 0
3777, 41
3778, 0
3779, 49
3780, 37
3781, 34
3782, 0
3783, 60
3784, 0
3785, 56
3786, 49
3787, 25
3788, 31
3789, 1
3790, 0
3791, 60
3792, 0
3793, 24
3794, 57
3795, 47
3796, 25
3797, 30
3798, 1
3799, 0
3800, 60
3801, 0
3802, 24
3803, 14
3804, 34
3805, 25
3806, 32
3807, 1
3808, 10
3809, 36
3810, 33
3811, 48
3812, 10
3813, 1
3814, 35
3815, 24
3816, 41
3817, 33
3818, 33
3819, 10
3820, 1
3821, 32
3822, 19
3823, 1
3824, 1
3825, 0
3826, 13
3827, 1
3828, 19
3829, 8
3830, 0
3831, 13
3832, 0
3833, 20
3834, 12
3835, 1
3836, 1
3837, 0
3838, 32
3839, 1
3840, 12
3841, 1
3842, 19
3843, 1
3844, 0
3845, 30
3846, 1
3847, 7
3848, 0
3849, 20
3850, 67
3851, 1
3852, 38
3853, 18
3854, 18
3855, 13
3856, 1
3857, 17
3858, 17
3859, 0
3860, 21
3861, 1
3862, 0
3863, 17
3864, 1
3865, 16
3866, 1
3867, 0
3868, 30
3869, 1
3870, 18
3871, 23
3872, 23
3873, 18
3874, 11
3875, 1
3876, 0
3877, 29
3878, 1
3879, 18
3880, 23
3881, 23
3882, 18
3883, 11
3884, 1
3885, 0
3886, 21
3887, 1
3888, 26
3889, 18
3890, 12
3891, 0
3892, 11
3893, 23
3894, 23
3895, 13
3896, 1
3897, 0
3898, 20
3899, 1
3900, 26
3901, 18
3902, 12
3903, 0
3904, 11
3905, 23
3906, 23
3907, 13
3908, 1
3909, 0
3910, 18
3911, 1
3912, 17
3913, 1
3914, 0
3915, 10
3916, 1
3917, 31
3918, 14
3919, 67
3920, 5
3921, 9
3922, 5
3923, 22
3924, 38
3925, 0
3926, 16
3927, 1
3928, 0
3929, 32
3930, 1
3931, 22
3932, 26
3933, 2
3934, 1
3935, 32
3936, 13
3937, 27
3938, 21
3939, 1
3940, 22
3941, 12
3942, 1
3943, 1
3944, 33
3945, 34
3946, 0
3947, 40
3948, 12
3949, 31
3950, 0
3951, 17
3952, 19
3953, 19
3954, 0
3955, 27
3956, 0
3957, 13
3958, 14
3959, 0
3960, 31
3961, 13
3962, 13
3963, 19
3964, 48
3965, 7
3966, 7
3967, 31
3968, 1
3969, 1
3970, 0
3971, 50
3972, 19
3973, 27
3974, 21
3975, 22
3976, 0
3977, 17
3978, 23
3979, 6
3980, 27
3981, 12
3982, 27
3983, 11
3984, 1
3985, 29
3986, 34
3987, 27
3988, 1
3989, 0
3990, 29
3991, 21
3992, 6
3993, 23
3994, 23
3995, 9
3996, 1
3997, 0
3998, 29
3999, 21
4000, 6
4001, 23
4002, 23
4003, 9
4004, 1
4005, 0
4006, 30
4007, 21
4008, 6
4009, 25
4010, 11
4011, 23
4012, 18
4013, 33
4014, 1
4015, 1
4016, 9
4017, 1
4018, 0
4019, 42
4020, 34
4021, 0
4022, 25
4023, 25
4024, 53
4025, 27
4026, 27
4027, 11
4028, 28
4029, 19
4030, 28
4031, 54
4032, 33
4033, 38
4034, 54
4035, 16
4036, 31
4037, 14
4038, 8
4039, 22
4040, 13
4041, 12
4042, 11
4043, 1
4044, 19
4045, 39
4046, 23
4047, 19
4048, 1
4049, 30
4050, 67
4051, 41
4052, 18
4053, 18
4054, 41
4055, 30
4056, 4
4057, 25
4058, 34
4059, 25
4060, 52
4061, 32
4062, 28
4063, 31
4064, 14
4065, 1
4066, 32
4067, 6
4068, 27
4069, 25
4070, 1
4071, 9
4072, 1
4073, 0
4074, 36
4075, 16
4076, 11
4077, 22
4078, 33
4079, 12
4080, 13
4081, 23
4082, 25
4083, 16
4084, 21
4085, 27
4086, 49
4087, 7
4088, 7
4089, 33
4090, 1
4091, 1
4092, 1
4093, 38
4094, 11
4095, 1
4096, 0
4097, 31
4098, 1
4099, 17
4100, 14
4101, 20
4102, 14
4103, 12
4104, 54
4105, 26
4106, 1
4107, 0
4108, 24
4109, 1
4110, 23
4111, 16
4112, 6
4113, 20
4114, 16
4115, 1
4116, 1
4117, 0
4118, 71
4119, 40
4120, 31
4121, 39
4122, 44
4123, 13
4124, 10
4125, 29
4126, 28
4127, 4
4128, 1
4129, 1
4130, 9
4131, 1
4132, 0
4133, 26
4134, 39
4135, 9
4136, 25
4137, 25
4138, 27
4139, 12
4140, 15
4141, 1
4142, 12
4143, 16
4144, 1
4145, 21
4146, 1
4147, 0
4148, 0
4149, 1
4150, 0
4151, 25
4152, 0
4153, 40
4154, 6
4155, 20
4156, 30
4157, 25
4158, 81
4159, 37
4160, 24
4161, 29
4162, 35
4163, 30
4164, 6
4165, 1
4166, 60
4167, 0
4168, 34
4169, 30
4170, 67
4171, 27
4172, 20
4173, 1
4174, 1
4175, 0
4176, 1
4177, 1
4178, 40
4179, 34
4180, 28
4181, 33
4182, 2
4183, 0
4184, 27
4185, 27
4186, 0
4187, 18
4188, 0
4189, 57
4190, 52
4191, 1
4192, 0
4193, 32
4194, 44
4195, 0
4196, 29
4197, 17
4198, 17
4199, 17
4200, 42
4201, 1
4202, 15
4203, 22
4204, 42
4205, 15
4206, 17
4207, 16
4208, 0
4209, 40
4210, 1
4211, 36
4212, 28
4213, 14
4214, 27
4215, 12
4216, 1
4217, 0
4218, 49
4219, 1
4220, 13
4221, 0
4222, 32
4223, 28
4224, 29
4225, 16
4226, 16
4227, 26
4228, 11
4229, 15
4230, 15
4231, 4
4232, 24
4233, 20
4234, 14
4235, 14
4236, 40
4237, 0
4238, 17
4239, 19
4240, 0
4241, 15
4242, 33
4243, 29
4244, 36
4245, 11
4246, 1
4247, 9
4248, 1
4249, 1
4250, 15
4251, 21
4252, 33
4253, 29
4254, 36
4255, 11
4256, 1
4257, 1
4258, 1
4259, 1
4260, 1
4261, 40
4262, 34
4263, 0
4264, 28
4265, 33
4266, 42
4267, 43
4268, 2
4269, 0
4270, 21
4271, 0
4272, 17
4273, 27
4274, 49
4275, 0
4276, 29
4277, 1
4278, 55
4279, 1
4280, 15
4281, 21
4282, 33
4283, 0
4284, 45
4285, 0
4286, 29
4287, 51
4288, 37
4289, 0
4290, 43
4291, 0
4292, 68
4293, 30
4294, 52
4295, 16
4296, 1
4297, 0
4298, 97
4299, 1
4300, 33
4301, 56
4302, 0
4303, 77
4304, 37
4305, 1
4306, 22
4307, 1
4308, 17
4309, 1
4310, 6
4311, 48
4312, 1
4313, 25
4314, 0
4315, 16
4316, 19
4317, 24
4318, 0
4319, 41
4320, 27
4321, 1
4322, 41
4323, 0
4324, 17
4325, 17
4326, 0
4327, 23
4328, 23
4329, 0
4330, 11
4331, 2
4332, 1
4333, 38
4334, 22
4335, 0
4336, 16
4337, 16
4338, 45
4339, 0
4340, 22
4341, 11
4342, 18
4343, 0
4344, 19
4345, 1
4346, 46
4347, 30
4348, 1
4349, 23
4350, 0
4351, 17
4352, 1
4353, 34
4354, 46
4355, 1
4356, 0
4357, 31
4358, 22
4359, 19
4360, 32
4361, 0
4362, 16
4363, 1
4364, 0
4365, 21
4366, 1
4367, 3
4368, 1
4369, 9
4370, 1
4371, 30
4372, 1
4373, 20
4374, 1
4375, 1
4376, 1
4377, 1
4378, 40
4379, 36
4380, 1
4381, 30
4382, 35
4383, 44
4384, 45
4385, 52
4386, 2
4387, 0
4388, 0
4389, 17
4390, 49
4391, 0
4392, 31
4393, 20
4394, 25
4395, 20
4396, 20
4397, 0
4398, 33
4399, 17
4400, 10
4401, 22
4402, 20
4403, 18
4404, 0
4405, 22
4406, 18
4407, 0
4408, 8
4409, 12
4410, 37
4411, 35
4412, 18
4413, 0
4414, 39
4415, 35
4416, 18
4417, 0
4418, 27
4419, 27
4420, 15
4421, 14
4422, 15
4423, 1
4424, 14
4425, 1
4426, 0
4427, 40
4428, 36
4429, 31
4430, 1
4431, 0
4432, 57
4433, 11
4434, 48
4435, 0
4436, 41
4437, 80
4438, 24
4439, 25
4440, 0
4441, 71
4442, 31
4443, 21
4444, 19
4445, 69
4446, 1
4447, 2
4448, 30
4449, 29
4450, 0
4451, 59
4452, 47
4453, 42
4454, 15
4455, 1
4456, 1
4457, 0
4458, 60
4459, 40
4460, 60
4461, 0
4462, 17
4463, 19
4464, 0
4465, 21
4466, 21
4467, 0
4468, 40
4469, 34
4470, 34
4471, 34
4472, 33
4473, 25
4474, 30
4475, 1
4476, 27
4477, 22
4478, 27
4479, 22
4480, 27
4481, 22
4482, 29
4483, 1
4484, 0
4485, 53
4486, 14
4487, 32
4488, 28
4489, 28
4490, 18
4491, 1
4492, 1
4493, 10
4494, 1
4495, 0
4496, 45
4497, 37
4498, 28
4499, 28
4500, 12
4501, 28
4502, 27
4503, 1
4504, 15
4505, 1
4506, 1
4507, 1
4508, 1
4509, 39
4510, 34
4511, 0
4512, 28
4513, 2
4514, 0
4515, 0
4516, 19
4517, 0
4518, 22
4519, 47
4520, 41
4521, 0
4522, 40
4523, 51
4524, 0
4525, 27
4526, 38
4527, 33
4528, 26
4529, 1
4530, 0
4531, 75
4532, 1
4533, 1
4534, 0
4535, 41
4536, 25
4537, 29
4538, 0
4539, 40
4540, 29
4541, 1
4542, 0
4543, 19
4544, 23
4545, 43
4546, 6
4547, 12
4548, 72
4549, 22
4550, 28
4551, 0
4552, 24
4553, 15
4554, 1
4555, 1
4556, 0
4557, 36
4558, 1
4559, 20
4560, 46
4561, 23
4562, 14
4563, 1
4564, 1
4565, 1
4566, 0
4567, 24
4568, 1
4569, 20
4570, 25
4571, 43
4572, 1
4573, 31
4574, 1
4575, 1
4576, 1
4577, 40
4578, 34
4579, 0
4580, 32
4581, 2
4582, 0
4583, 28
4584, 22
4585, 0
4586, 22
4587, 46
4588, 0
4589, 41
4590, 0
4591, 40
4592, 51
4593, 0
4594, 27
4595, 43
4596, 33
4597, 26
4598, 1
4599, 0
4600, 50
4601, 37
4602, 1
4603, 0
4604, 1
4605, 1
4606, 0
4607, 22
4608, 10
4609, 0
4610, 25
4611, 8
4612, 1
4613, 0
4614, 34
4615, 19
4616, 1
4617, 0
4618, 35
4619, 8
4620, 12
4621, 1
4622, 0
4623, 23
4624, 13
4625, 1
4626, 1
4627, 0
4628, 41
4629, 25
4630, 0
4631, 61
4632, 0
4633, 41
4634, 29
4635, 1
4636, 0
4637, 19
4638, 25
4639, 14
4640, 30
4641, 1
4642, 8
4643, 12
4644, 72
4645, 24
4646, 28
4647, 1
4648, 24
4649, 15
4650, 1
4651, 1
4652, 0
4653, 3
4654, 16
4655, 2
4656, 45
4657, 21
4658, 18
4659, 23
4660, 14
4661, 1
4662, 1
4663, 1
4664, 0
4665, 33
4666, 21
4667, 26
4668, 5
4669, 12
4670, 34
4671, 1
4672, 1
4673, 34
4674, 1
4675, 1
4676, 1
4677, 39
4678, 34
4679, 0
4680, 28
4681, 2
4682, 0
4683, 0
4684, 19
4685, 0
4686, 22
4687, 46
4688, 41
4689, 0
4690, 40
4691, 51
4692, 0
4693, 27
4694, 38
4695, 33
4696, 26
4697, 1
4698, 0
4699, 75
4700, 1
4701, 1
4702, 0
4703, 41
4704, 25
4705, 29
4706, 0
4707, 40
4708, 29
4709, 1
4710, 0
4711, 19
4712, 23
4713, 43
4714, 6
4715, 12
4716, 72
4717, 22
4718, 28
4719, 0
4720, 24
4721, 15
4722, 1
4723, 1
4724, 0
4725, 36
4726, 1
4727, 20
4728, 46
4729, 23
4730, 14
4731, 1
4732, 1
4733, 1
4734, 0
4735, 24
4736, 1
4737, 20
4738, 25
4739, 43
4740, 1
4741, 31
4742, 1
4743, 1
4744, 1
4745, 2
4746, 30
4747, 34
4748, 7
4749, 25
4750, 2
4751, 0
4752, 43
4753, 0
4754, 39
4755, 28
4756, 23
4757, 33
4758, 66
4759, 17
4760, 0
4761, 40
4762, 37
4763, 25
4764, 22
4765, 34
4766, 39
4767, 1
4768, 35
4769, 15
4770, 1
4771, 1
4772, 31
4773, 18
4774, 1
4775, 19
4776, 5
4777, 10
4778, 21
4779, 16
4780, 6
4781, 1
4782, 1
4783, 8
4784, 1
4785, 25
4786, 7
4787, 8
4788, 6
4789, 1
4790, 23
4791, 20
4792, 1
4793, 1
4794, 38
4795, 10
4796, 21
4797, 16
4798, 19
4799, 4
4800, 31
4801, 20
4802, 9
4803, 1
4804, 19
4805, 31
4806, 8
4807, 1
4808, 1
4809, 1
4810, 37
4811, 12
4812, 10
4813, 21
4814, 16
4815, 19
4816, 4
4817, 21
4818, 20
4819, 9
4820, 1
4821, 19
4822, 31
4823, 17
4824, 24
4825, 15
4826, 1
4827, 8
4828, 1
4829, 1
4830, 1
4831, 45
4832, 19
4833, 17
4834, 15
4835, 26
4836, 32
4837, 17
4838, 1
4839, 20
4840, 1
4841, 1
4842, 40
4843, 34
4844, 28
4845, 2
4846, 0
4847, 22
4848, 46
4849, 0
4850, 41
4851, 0
4852, 40
4853, 51
4854, 0
4855, 30
4856, 43
4857, 78
4858, 14
4859, 1
4860, 0
4861, 0
4862, 50
4863, 17
4864, 1
4865, 34
4866, 1
4867, 0
4868, 53
4869, 0
4870, 52
4871, 0
4872, 35
4873, 38
4874, 0
4875, 28
4876, 38
4877, 27
4878, 0
4879, 0
4880, 61
4881, 31
4882, 21
4883, 50
4884, 34
4885, 20
4886, 15
4887, 1
4888, 20
4889, 17
4890, 0
4891, 47
4892, 16
4893, 19
4894, 0
4895, 29
4896, 25
4897, 1
4898, 0
4899, 19
4900, 25
4901, 29
4902, 30
4903, 1
4904, 39
4905, 8
4906, 12
4907, 24
4908, 24
4909, 15
4910, 1
4911, 24
4912, 15
4913, 1
4914, 1
4915, 0
4916, 0
4917, 27
4918, 31
4919, 1
4920, 0
4921, 3
4922, 16
4923, 2
4924, 40
4925, 52
4926, 50
4927, 58
4928, 48
4929, 55
4930, 55
4931, 19
4932, 73
4933, 0
4934, 27
4935, 25
4936, 1
4937, 0
4938, 28
4939, 52
4940, 51
4941, 55
4942, 47
4943, 60
4944, 58
4945, 22
4946, 68
4947, 0
4948, 38
4949, 31
4950, 0
4951, 15
4952, 1
4953, 0
4954, 47
4955, 35
4956, 54
4957, 24
4958, 12
4959, 1
4960, 0
4961, 35
4962, 15
4963, 12
4964, 1
4965, 1
4966, 0
4967, 23
4968, 28
4969, 21
4970, 1
4971, 1
4972, 3
4973, 39
4974, 36
4975, 30
4976, 2
4977, 0
4978, 19
4979, 0
4980, 22
4981, 0
4982, 46
4983, 41
4984, 0
4985, 40
4986, 51
4987, 0
4988, 27
4989, 38
4990, 33
4991, 1
4992, 0
4993, 44
4994, 34
4995, 1
4996, 0
4997, 0
4998, 50
4999, 25
5000, 48
5001, 16
5002, 0
5003, 40
5004, 29
5005, 1
5006, 0
5007, 19
5008, 23
5009, 43
5010, 6
5011, 12
5012, 56
5013, 22
5014, 28
5015, 0
5016, 24
5017, 15
5018, 1
5019, 1
5020, 0
5021, 36
5022, 1
5023, 14
5024, 8
5025, 15
5026, 1
5027, 0
5028, 59
5029, 20
5030, 19
5031, 23
5032, 14
5033, 1
5034, 1
5035, 1
5036, 0
5037, 24
5038, 1
5039, 20
5040, 25
5041, 43
5042, 1
5043, 22
5044, 1
5045, 1
5046, 0
5047, 1
5048, 0
5049, 1
5050, 3
5051, 39
5052, 36
5053, 31
5054, 28
5055, 2
5056, 0
5057, 28
5058, 22
5059, 0
5060, 22
5061, 0
5062, 29
5063, 46
5064, 41
5065, 0
5066, 40
5067, 41
5068, 51
5069, 0
5070, 27
5071, 43
5072, 33
5073, 1
5074, 0
5075, 48
5076, 17
5077, 0
5078, 5
5079, 24
5080, 17
5081, 9
5082, 17
5083, 1
5084, 34
5085, 20
5086, 1
5087, 1
5088, 0
5089, 0
5090, 50
5091, 25
5092, 47
5093, 16
5094, 47
5095, 0
5096, 41
5097, 29
5098, 1
5099, 0
5100, 19
5101, 23
5102, 43
5103, 6
5104, 12
5105, 62
5106, 22
5107, 17
5108, 0
5109, 24
5110, 40
5111, 63
5112, 15
5113, 1
5114, 1
5115, 0
5116, 38
5117, 15
5118, 8
5119, 15
5120, 1
5121, 0
5122, 31
5123, 21
5124, 19
5125, 23
5126, 14
5127, 1
5128, 1
5129, 1
5130, 0
5131, 26
5132, 21
5133, 5
5134, 26
5135, 12
5136, 1
5137, 23
5138, 1
5139, 22
5140, 1
5141, 1
5142, 0
5143, 1
5144, 0
5145, 1
5146, 33
5147, 34
5148, 0
5149, 29
5150, 11
5151, 2
5152, 0
5153, 27
5154, 22
5155, 27
5156, 25
5157, 0
5158, 68
5159, 70
5160, 67
5161, 65
5162, 20
5163, 5
5164, 8
5165, 6
5166, 53
5167, 70
5168, 7
5169, 1
5170, 24
5171, 1
5172, 2
5173, 0
5174, 19
5175, 14
5176, 0
5177, 70
5178, 100
5179, 64
5180, 64
5181, 64
5182, 64
5183, 64
5184, 64
5185, 64
5186, 64
5187, 63
5188, 2
5189, 0
5190, 43
5191, 0
5192, 18
5193, 0
5194, 21
5195, 0
5196, 60
5197, 48
5198, 32
5199, 54
5200, 18
5201, 18
5202, 18
5203, 18
5204, 18
5205, 18
5206, 18
5207, 18
5208, 17
5209, 2
5210, 0
5211, 16
5212, 0
5213, 28
5214, 1
5215, 38
5216, 11
5217, 26
5218, 12
5219, 2
5220, 0
5221, 38
5222, 15
5223, 0
5224, 35
5225, 0
5226, 20
5227, 28
5228, 30
5229, 0
5230, 19
5231, 0
5232, 37
5233, 16
5234, 14
5235, 15
5236, 28
5237, 0
5238, 23
5239, 27
5240, 19
5241, 44
5242, 0
5243, 19
5244, 0
5245, 25
5246, 28
5247, 30
5248, 30
5249, 4
5250, 12
5251, 44
5252, 40
5253, 41
5254, 54
5255, 54
5256, 54
5257, 21
5258, 1
5259, 0
5260, 61
5261, 25
5262, 23
5263, 25
5264, 23
5265, 1
5266, 1
5267, 0
5268, 26
5269, 1
5270, 1
5271, 2
5272, 0
5273, 43
5274, 66
5275, 30
5276, 28
5277, 1
5278, 0
5279, 15
5280, 0
5281, 27
5282, 1
5283, 2
5284, 0
5285, 16
5286, 26
5287, 26
5288, 1
5289, 0
5290, 19
5291, 0
5292, 52
5293, 1
5294, 42
5295, 2
5296, 0
5297, 33
5298, 33
5299, 0
5300, 17
5301, 1
5302, 0
5303, 60
5304, 25
5305, 1
5306, 40
5307, 47
5308, 47
5309, 1
5310, 2
5311, 0
5312, 48
5313, 40
5314, 16
5315, 13
5316, 0
5317, 27
5318, 0
5319, 33
5320, 9
5321, 4
5322, 35
5323, 0
5324, 23
5325, 21
5326, 0
5327, 33
5328, 9
5329, 0
5330, 26
5331, 0
5332, 35
5333, 0
5334, 25
5335, 0
5336, 15
5337, 21
5338, 0
5339, 5
5340, 17
5341, 18
5342, 38
5343, 11
5344, 0
5345, 7
5346, 1
5347, 0
5348, 7
5349, 9
5350, 1
5351, 0
5352, 17
5353, 0
5354, 12
5355, 0
5356, 19
5357, 28
5358, 18
5359, 18
5360, 20
5361, 0
5362, 16
5363, 35
5364, 4
5365, 39
5366, 0
5367, 8
5368, 19
5369, 1
5370, 1
5371, 1
5372, 0
5373, 48
5374, 1
5375, 2
5376, 0
5377, 43
5378, 31
5379, 14
5380, 12
5381, 12
5382, 0
5383, 27
5384, 22
5385, 18
5386, 18
5387, 0
5388, 28
5389, 59
5390, 1
5391, 0
5392, 26
5393, 1
5394, 0
5395, 16
5396, 0
5397, 45
5398, 1
5399, 2
5400, 0
5401, 26
5402, 19
5403, 17
5404, 19
5405, 1
5406, 0
5407, 61
5408, 1
5409, 1
5410, 2
5411, 0
5412, 26
5413, 51
5414, 0
5415, 30
5416, 28
5417, 19
5418, 0
5419, 44
5420, 0
5421, 24
5422, 24
5423, 37
5424, 0
5425, 20
5426, 0
5427, 24
5428, 42
5429, 54
5430, 20
5431, 47
5432, 34
5433, 47
5434, 1
5435, 0
5436, 30
5437, 30
5438, 67
5439, 1
5440, 0
5441, 30
5442, 39
5443, 26
5444, 1
5445, 0
5446, 1
5447, 0
5448, 81
5449, 1
5450, 1
5451, 2
5452, 0
5453, 26
5454, 25
5455, 23
5456, 23
5457, 22
5458, 0
5459, 22
5460, 23
5461, 23
5462, 23
5463, 0
5464, 30
5465, 15
5466, 15
5467, 14
5468, 14
5469, 15
5470, 15
5471, 15
5472, 24
5473, 22
5474, 22
5475, 21
5476, 0
5477, 21
5478, 22
5479, 22
5480, 22
5481, 1
5482, 0
5483, 27
5484, 10
5485, 10
5486, 30
5487, 28
5488, 82
5489, 0
5490, 27
5491, 28
5492, 28
5493, 28
5494, 1
5495, 1
5496, 0
5497, 9
5498, 0
5499, 139
5500, 99
5501, 99
5502, 99
5503, 99
5504, 99
5505, 99
5506, 99
5507, 99
5508, 99
5509, 99
5510, 98
5511, 2
5512, 0
5513, 139
5514, 99
5515, 99
5516, 99
5517, 99
5518, 99
5519, 99
5520, 99
5521, 99
5522, 99
5523, 99
5524, 98
5525, 2
5526, 0
5527, 139
5528, 99
5529, 99
5530, 99
5531, 99
5532, 99
5533, 99
5534, 99
5535, 99
5536, 99
5537, 99
5538, 98
5539, 2
5540, 0
5541, 139
5542, 99
5543, 99
5544, 99
5545, 99
5546, 99
5547, 99
5548, 99
5549, 99
5550, 99
5551, 99
5552, 98
5553, 2
5554, 0
5555, 139
5556, 99
5557, 99
5558, 99
5559, 99
5560, 99
5561, 99
5562, 99
5563, 99
5564, 99
5565, 99
5566, 98
5567, 2
5568, 0
5569, 139
5570, 99
5571, 99
5572, 99
5573, 99
5574, 99
5575, 99
5576, 99
5577, 99
5578, 99
5579, 99
5580, 98
5581, 2
5582, 0
5583, 139
5584, 99
5585, 99
5586, 99
5587, 99
5588, 99
5589, 99
5590, 99
5591, 99
5592, 99
5593, 99
5594, 98
5595, 2
5596, 0
5597, 139
5598, 99
5599, 99
5600, 99
5601, 99
5602, 99
5603, 99
5604, 99
5605, 99
5606, 99
5607, 99
5608, 98
5609, 2
5610, 0
5611, 139
5612, 99
5613, 99
5614, 99
5615, 99
5616, 99
5617, 99
5618, 99
5619, 99
5620, 99
5621, 99
5622, 98
5623, 2
5624, 0
5625, 139
5626, 99
5627, 99
5628, 99
5629, 99
5630, 99
5631, 99
5632, 99
5633, 99
5634, 99
5635, 99
5636, 98
5637, 2
5638, 0
5639, 1
5640, 40
5641, 34
5642, 84
5643, 2
5644, 0
5645, 0
5646, 19
5647, 0
5648, 25
5649, 1
5650, 23
5651, 23
5652, 27
5653, 0
5654, 26
5655, 25
5656, 30
5657, 0
5658, 26
5659, 25
5660, 32
5661, 0
5662, 29
5663, 29
5664, 29
5665, 0
5666, 42
5667, 27
5668, 28
5669, 40
5670, 35
5671, 31
5672, 0
5673, 0
5674, 38
5675, 70
5676, 29
5677, 61
5678, 0
5679, 36
5680, 49
5681, 49
5682, 0
5683, 49
5684, 48
5685, 2
5686, 0
5687, 29
5688, 47
5689, 47
5690, 0
5691, 47
5692, 47
5693, 2
5694, 0
5695, 33
5696, 25
5697, 25
5698, 0
5699, 25
5700, 25
5701, 2
5702, 0
5703, 30
5704, 21
5705, 1
5706, 0
5707, 36
5708, 23
5709, 61
5710, 55
5711, 9
5712, 0
5713, 14
5714, 1
5715, 0
5716, 31
5717, 17
5718, 11
5719, 9
5720, 0
5721, 20
5722, 28
5723, 25
5724, 11
5725, 10
5726, 1
5727, 32
5728, 30
5729, 19
5730, 30
5731, 4
5732, 36
5733, 0
5734, 12
5735, 1
5736, 0
5737, 29
5738, 10
5739, 16
5740, 4
5741, 16
5742, 1
5743, 0
5744, 9
5745, 1
5746, 0
5747, 0
5748, 34
5749, 45
5750, 48
5751, 1
5752, 0
5753, 72
5754, 30
5755, 32
5756, 0
5757, 11
5758, 27
5759, 1
5760, 0
5761, 27
5762, 43
5763, 1
5764, 35
5765, 1
5766, 0
5767, 31
5768, 1
5769, 31
5770, 34
5771, 1
5772, 1
5773, 0
5774, 0
5775, 39
5776, 0
5777, 23
5778, 40
5779, 51
5780, 1
5781, 0
5782, 0
5783, 25
5784, 46
5785, 46
5786, 37
5787, 1
5788, 0
5789, 0
5790, 19
5791, 31
5792, 0
5793, 19
5794, 23
5795, 1
5796, 17
5797, 11
5798, 18
5799, 1
5800, 46
5801, 32
5802, 12
5803, 26
5804, 20
5805, 1
5806, 0
5807, 8
5808, 18
5809, 13
5810, 7
5811, 1
5812, 0
5813, 14
5814, 8
5815, 13
5816, 10
5817, 11
5818, 40
5819, 11
5820, 23
5821, 18
5822, 1
5823, 22
5824, 16
5825, 22
5826, 16
5827, 1
5828, 1
5829, 0
5830, 46
5831, 13
5832, 43
5833, 18
5834, 0
5835, 13
5836, 38
5837, 27
5838, 1
5839, 20
5840, 7
5841, 13
5842, 14
5843, 1
5844, 22
5845, 20
5846, 41
5847, 40
5848, 0
5849, 22
5850, 53
5851, 31
5852, 1
5853, 32
5854, 1
5855, 32
5856, 1
5857, 1
5858, 0
5859, 24
5860, 9
5861, 1
5862, 0
5863, 20
5864, 18
5865, 31
5866, 1
5867, 31
5868, 27
5869, 1
5870, 1
5871, 0
5872, 27
5873, 51
5874, 0
5875, 33
5876, 33
5877, 24
5878, 42
5879, 1
5880, 19
5881, 1
5882, 19
5883, 1
5884, 20
5885, 0
5886, 27
5887, 15
5888, 19
5889, 1
5890, 25
5891, 1
5892, 0
5893, 17
5894, 14
5895, 7
5896, 0
5897, 51
5898, 28
5899, 16
5900, 27
5901, 22
5902, 0
5903, 18
5904, 41
5905, 33
5906, 21
5907, 20
5908, 12
5909, 1
5910, 10
5911, 1
5912, 30
5913, 6
5914, 1
5915, 1
5916, 17
5917, 1
5918, 0
5919, 26
5920, 49
5921, 49
5922, 1
5923, 0
5924, 11
5925, 13
5926, 0
5927, 33
5928, 33
5929, 25
5930, 27
5931, 0
5932, 17
5933, 21
5934, 1
5935, 1
5936, 0
5937, 13
5938, 1
5939, 0
5940, 22
5941, 11
5942, 0
5943, 33
5944, 33
5945, 53
5946, 29
5947, 1
5948, 1
5949, 0
5950, 0
5951, 60
5952, 22
5953, 1
5954, 1
5955, 0
5956, 0
5957, 25
5958, 20
5959, 30
5960, 48
5961, 35
5962, 48
5963, 44
5964, 29
5965, 62
5966, 46
5967, 44
5968, 0
5969, 35
5970, 21
5971, 1
5972, 0
5973, 15
5974, 15
5975, 15
5976, 12
5977, 0
5978, 10
5979, 36
5980, 35
5981, 36
5982, 14
5983, 1
5984, 0
5985, 48
5986, 1
5987, 55
5988, 11
5989, 4
5990, 14
5991, 0
5992, 22
5993, 26
5994, 26
5995, 0
5996, 18
5997, 37
5998, 37
5999, 0
6000, 16
6001, 54
6002, 34
6003, 34
6004, 53
6005, 33
6006, 33
6007, 0
6008, 32
6009, 18
6010, 1
6011, 48
6012, 0
6013, 35
6014, 18
6015, 0
6016, 34
6017, 36
6018, 1
6019, 0
6020, 47
6021, 1
6022, 28
6023, 41
6024, 19
6025, 6
6026, 1
6027, 0
6028, 46
6029, 38
6030, 0
6031, 50
6032, 28
6033, 20
6034, 0
6035, 40
6036, 11
6037, 0
6038, 45
6039, 37
6040, 0
6041, 33
6042, 0
6043, 48
6044, 45
6045, 0
6046, 18
6047, 12
6048, 0
6049, 43
6050, 0
6051, 38
6052, 16
6053, 37
6054, 0
6055, 14
6056, 1
6057, 48
6058, 1
6059, 27
6060, 21
6061, 6
6062, 20
6063, 1
6064, 0
6065, 27
6066, 14
6067, 39
6068, 29
6069, 1
6070, 23
6071, 0
6072, 39
6073, 38
6074, 50
6075, 40
6076, 20
6077, 17
6078, 1
6079, 0
6080, 16
6081, 24
6082, 33
6083, 6
6084, 49
6085, 24
6086, 45
6087, 41
6088, 22
6089, 1
6090, 50
6091, 1
6092, 0
6093, 27
6094, 35
6095, 43
6096, 34
6097, 28
6098, 1
6099, 0
6100, 12
6101, 1
6102, 29
6103, 57
6104, 42
6105, 54
6106, 0
6107, 52
6108, 42
6109, 44
6110, 9
6111, 0
6112, 41
6113, 21
6114, 38
6115, 38
6116, 0
6117, 34
6118, 40
6119, 1
6120, 1
6121, 31
6122, 31
6123, 1
6124, 1
6125, 0
6126, 57
6127, 1
6128, 27
6129, 33
6130, 12
6131, 6
6132, 45
6133, 21
6134, 1
6135, 0
6136, 26
6137, 37
6138, 57
6139, 13
6140, 34
6141, 29
6142, 22
6143, 0
6144, 23
6145, 25
6146, 0
6147, 27
6148, 35
6149, 12
6150, 34
6151, 28
6152, 1
6153, 0
6154, 13
6155, 1
6156, 0
6157, 61
6158, 1
6159, 41
6160, 19
6161, 6
6162, 1
6163, 48
6164, 46
6165, 0
6166, 40
6167, 32
6168, 56
6169, 1
6170, 36
6171, 9
6172, 0
6173, 26
6174, 69
6175, 49
6176, 0
6177, 31
6178, 9
6179, 0
6180, 21
6181, 0
6182, 42
6183, 21
6184, 9
6185, 1
6186, 0
6187, 43
6188, 0
6189, 27
6190, 41
6191, 45
6192, 4
6193, 26
6194, 0
6195, 21
6196, 21
6197, 1
6198, 0
6199, 26
6200, 1
6201, 1
6202, 0
6203, 29
6204, 13
6205, 0
6206, 26
6207, 35
6208, 7
6209, 1
6210, 0
6211, 26
6212, 23
6213, 31
6214, 23
6215, 0
6216, 23
6217, 13
6218, 29
6219, 17
6220, 34
6221, 17
6222, 1
6223, 1
6224, 0
6225, 24
6226, 20
6227, 16
6228, 15
6229, 10
6230, 13
6231, 1
6232, 0
6233, 28
6234, 58
6235, 32
6236, 0
6237, 31
6238, 35
6239, 34
6240, 2
6241, 0
6242, 66
6243, 0
6244, 48
6245, 0
6246, 13
6247, 34
6248, 31
6249, 1
6250, 9
6251, 7
6252, 1
6253, 0
6254, 8
6255, 40
6256, 34
6257, 32
6258, 1
6259, 1
6260, 48
6261, 12
6262, 13
6263, 33
6264, 33
6265, 24
6266, 16
6267, 16
6268, 0
6269, 6
6270, 1
6271, 11
6272, 1
6273, 1
6274, 1
6275, 0
6276, 37
6277, 9
6278, 15
6279, 40
6280, 16
6281, 16
6282, 0
6283, 31
6284, 21
6285, 1
6286, 0
6287, 14
6288, 1
6289, 0
6290, 50
6291, 0
6292, 40
6293, 37
6294, 16
6295, 21
6296, 1
6297, 1
6298, 0
6299, 67
6300, 1
6301, 14
6302, 21
6303, 16
6304, 36
6305, 16
6306, 16
6307, 0
6308, 13
6309, 9
6310, 18
6311, 9
6312, 1
6313, 0
6314, 20
6315, 36
6316, 0
6317, 20
6318, 0
6319, 57
6320, 21
6321, 1
6322, 0
6323, 27
6324, 34
6325, 19
6326, 1
6327, 0
6328, 40
6329, 31
6330, 16
6331, 37
6332, 0
6333, 61
6334, 22
6335, 23
6336, 0
6337, 70
6338, 0
6339, 22
6340, 9
6341, 0
6342, 31
6343, 0
6344, 43
6345, 9
6346, 0
6347, 23
6348, 1
6349, 1
6350, 1
6351, 0
6352, 62
6353, 1
6354, 37
6355, 23
6356, 0
6357, 14
6358, 22
6359, 32
6360, 16
6361, 34
6362, 27
6363, 1
6364, 0
6365, 22
6366, 36
6367, 16
6368, 16
6369, 0
6370, 41
6371, 37
6372, 19
6373, 19
6374, 1
6375, 1
6376, 0
6377, 21
6378, 16
6379, 36
6380, 16
6381, 0
6382, 13
6383, 9
6384, 18
6385, 9
6386, 1
6387, 20
6388, 40
6389, 38
6390, 0
6391, 24
6392, 32
6393, 28
6394, 29
6395, 0
6396, 22
6397, 27
6398, 20
6399, 27
6400, 27
6401, 1
6402, 0
6403, 34
6404, 55
6405, 32
6406, 54
6407, 39
6408, 37
6409, 58
6410, 58
6411, 1
6412, 1
6413, 55
6414, 54
6415, 14
6416, 42
6417, 51
6418, 42
6419, 42
6420, 32
6421, 68
6422, 28
6423, 1
6424, 0
6425, 11
6426, 1
6427, 1
6428, 1
6429, 1
6430, 1
6431, 0
6432, 64
6433, 56
6434, 1
6435, 1
6436, 0
6437, 0
6438, 37
6439, 40
6440, 20
6441, 47
6442, 0
6443, 14
6444, 22
6445, 27
6446, 22
6447, 27
6448, 0
6449, 53
6450, 32
6451, 32
6452, 1
6453, 1
6454, 62
6455, 40
6456, 65
6457, 0
6458, 17
6459, 19
6460, 19
6461, 0
6462, 14
6463, 21
6464, 36
6465, 25
6466, 1
6467, 24
6468, 19
6469, 1
6470, 26
6471, 25
6472, 13
6473, 1
6474, 1
6475, 0
6476, 32
6477, 18
6478, 16
6479, 0
6480, 56
6481, 19
6482, 29
6483, 17
6484, 1
6485, 26
6486, 18
6487, 37
6488, 25
6489, 17
6490, 1
6491, 13
6492, 1
6493, 1
6494, 0
6495, 23
6496, 59
6497, 34
6498, 0
6499, 19
6500, 32
6501, 25
6502, 32
6503, 1
6504, 45
6505, 0
6506, 11
6507, 43
6508, 25
6509, 33
6510, 1
6511, 45
6512, 1
6513, 1
6514, 61
6515, 40
6516, 0
6517, 17
6518, 19
6519, 19
6520, 22
6521, 0
6522, 22
6523, 40
6524, 12
6525, 27
6526, 22
6527, 18
6528, 31
6529, 32
6530, 22
6531, 18
6532, 22
6533, 20
6534, 23
6535, 18
6536, 0
6537, 5
6538, 73
6539, 40
6540, 31
6541, 11
6542, 26
6543, 1
6544, 25
6545, 22
6546, 7
6547, 1
6548, 0
6549, 16
6550, 13
6551, 21
6552, 55
6553, 41
6554, 34
6555, 30
6556, 34
6557, 1
6558, 23
6559, 20
6560, 41
6561, 22
6562, 44
6563, 52
6564, 1
6565, 0
6566, 23
6567, 0
6568, 12
6569, 23
6570, 39
6571, 40
6572, 43
6573, 0
6574, 45
6575, 32
6576, 26
6577, 31
6578, 31
6579, 0
6580, 47
6581, 63
6582, 61
6583, 74
6584, 75
6585, 65
6586, 61
6587, 65
6588, 1
6589, 1
6590, 0
6591, 40
6592, 34
6593, 0
6594, 28
6595, 33
6596, 2
6597, 0
6598, 26
6599, 40
6600, 34
6601, 0
6602, 39
6603, 45
6604, 23
6605, 21
6606, 45
6607, 1
6608, 1
6609, 0
6610, 25
6611, 22
6612, 0
6613, 21
6614, 20
6615, 11
6616, 15
6617, 14
6618, 14
6619, 14
6620, 2
6621, 0
6622, 16
6623, 16
6624, 16
6625, 38
6626, 36
6627, 36
6628, 36
6629, 1
6630, 35
6631, 1
6632, 0
6633, 32
6634, 0
6635, 38
6636, 23
6637, 40
6638, 34
6639, 34
6640, 34
6641, 0
6642, 46
6643, 38
6644, 40
6645, 0
6646, 38
6647, 38
6648, 38
6649, 0
6650, 38
6651, 38
6652, 38
6653, 1
6654, 1
6655, 0
6656, 27
6657, 23
6658, 23
6659, 23
6660, 1
6661, 1
6662, 0
6663, 23
6664, 28
6665, 15
6666, 0
6667, 39
6668, 23
6669, 23
6670, 21
6671, 21
6672, 24
6673, 0
6674, 41
6675, 23
6676, 23
6677, 23
6678, 23
6679, 0
6680, 44
6681, 42
6682, 1
6683, 1
6684, 9
6685, 1
6686, 1
6687, 0
6688, 0
6689, 18
6690, 43
6691, 45
6692, 43
6693, 0
6694, 40
6695, 0
6696, 15
6697, 0
6698, 22
6699, 20
6700, 30
6701, 31
6702, 31
6703, 47
6704, 47
6705, 48
6706, 46
6707, 9
6708, 1
6709, 0
6710, 21
6711, 20
6712, 30
6713, 30
6714, 31
6715, 48
6716, 47
6717, 47
6718, 46
6719, 9
6720, 1
6721, 0
6722, 21
6723, 20
6724, 30
6725, 31
6726, 31
6727, 47
6728, 47
6729, 48
6730, 46
6731, 9
6732, 1
6733, 0
6734, 22
6735, 20
6736, 30
6737, 31
6738, 30
6739, 47
6740, 47
6741, 48
6742, 46
6743, 9
6744, 1
6745, 0
6746, 18
6747, 20
6748, 20
6749, 9
6750, 1
6751, 0
6752, 53
6753, 22
6754, 22
6755, 22
6756, 12
6757, 1
6758, 1
6759, 0
6760, 64
6761, 40
6762, 0
6763, 17
6764, 19
6765, 0
6766, 25
6767, 59
6768, 34
6769, 10
6770, 23
6771, 23
6772, 23
6773, 23
6774, 23
6775, 23
6776, 4
6777, 22
6778, 1
6779, 1
6780, 39
6781, 34
6782, 0
6783, 30
6784, 2
6785, 0
6786, 19
6787, 1
6788, 43
6789, 1
6790, 45
6791, 14
6792, 0
6793, 28
6794, 17
6795, 49
6796, 8
6797, 1
6798, 1
6799, 13
6800, 1
6801, 0
6802, 56
6803, 1
6804, 37
6805, 32
6806, 47
6807, 0
6808, 35
6809, 15
6810, 0
6811, 22
6812, 0
6813, 21
6814, 1
6815, 0
6816, 38
6817, 1
6818, 10
6819, 51
6820, 17
6821, 0
6822, 21
6823, 35
6824, 0
6825, 92
6826, 19
6827, 92
6828, 19
6829, 92
6830, 1
6831, 1
6832, 33
6833, 34
6834, 30
6835, 2
6836, 0
6837, 19
6838, 1
6839, 27
6840, 20
6841, 33
6842, 0
6843, 23
6844, 16
6845, 8
6846, 31
6847, 16
6848, 1
6849, 0
6850, 68
6851, 1
6852, 0
6853, 40
6854, 10
6855, 51
6856, 27
6857, 23
6858, 1
6859, 1
6860, 40
6861, 34
6862, 0
6863, 30
6864, 17
6865, 2
6866, 0
6867, 25
6868, 1
6869, 40
6870, 1
6871, 14
6872, 28
6873, 22
6874, 45
6875, 8
6876, 1
6877, 1
6878, 13
6879, 1
6880, 0
6881, 38
6882, 1
6883, 34
6884, 0
6885, 21
6886, 30
6887, 0
6888, 64
6889, 19
6890, 64
6891, 19
6892, 64
6893, 1
6894, 1
6895, 33
6896, 34
6897, 0
6898, 32
6899, 2
6900, 0
6901, 24
6902, 0
6903, 23
6904, 1
6905, 47
6906, 17
6907, 0
6908, 14
6909, 30
6910, 18
6911, 34
6912, 14
6913, 8
6914, 1
6915, 1
6916, 13
6917, 1
6918, 0
6919, 56
6920, 1
6921, 37
6922, 32
6923, 47
6924, 0
6925, 35
6926, 15
6927, 0
6928, 22
6929, 0
6930, 21
6931, 1
6932, 0
6933, 38
6934, 1
6935, 10
6936, 20
6937, 30
6938, 10
6939, 6
6940, 0
6941, 25
6942, 30
6943, 91
6944, 0
6945, 23
6946, 91
6947, 0
6948, 23
6949, 91
6950, 1
6951, 1
6952, 0
6953, 40
6954, 34
6955, 0
6956, 32
6957, 44
6958, 2
6959, 0
6960, 0
6961, 0
6962, 23
6963, 1
6964, 31
6965, 19
6966, 11
6967, 35
6968, 35
6969, 24
6970, 22
6971, 11
6972, 1
6973, 0
6974, 24
6975, 48
6976, 13
6977, 1
6978, 1
6979, 26
6980, 62
6981, 1
6982, 24
6983, 38
6984, 1
6985, 0
6986, 26
6987, 39
6988, 1
6989, 0
6990, 27
6991, 32
6992, 14
6993, 12
6994, 48
6995, 48
6996, 1
6997, 1
6998, 49
6999, 0
7000, 0
7001, 0
7002, 16
7003, 14
7004, 30
7005, 18
7006, 43
7007, 34
7008, 14
7009, 8
7010, 1
7011, 1
7012, 13
7013, 1
7014, 0
7015, 56
7016, 1
7017, 37
7018, 32
7019, 47
7020, 0
7021, 35
7022, 15
7023, 0
7024, 22
7025, 0
7026, 21
7027, 1
7028, 0
7029, 38
7030, 1
7031, 18
7032, 10
7033, 20
7034, 30
7035, 10
7036, 6
7037, 0
7038, 25
7039, 34
7040, 58
7041, 32
7042, 0
7043, 23
7044, 58
7045, 32
7046, 0
7047, 23
7048, 58
7049, 32
7050, 1
7051, 1
7052, 40
7053, 34
7054, 0
7055, 32
7056, 44
7057, 34
7058, 2
7059, 0
7060, 24
7061, 0
7062, 25
7063, 23
7064, 25
7065, 35
7066, 35
7067, 0
7068, 24
7069, 33
7070, 1
7071, 0
7072, 22
7073, 22
7074, 1
7075, 0
7076, 27
7077, 52
7078, 1
7079, 0
7080, 26
7081, 39
7082, 1
7083, 1
7084, 0
7085, 41
7086, 14
7087, 14
7088, 30
7089, 18
7090, 50
7091, 8
7092, 1
7093, 1
7094, 13
7095, 1
7096, 0
7097, 42
7098, 25
7099, 64
7100, 1
7101, 0
7102, 40
7103, 10
7104, 20
7105, 30
7106, 17
7107, 0
7108, 25
7109, 36
7110, 16
7111, 18
7112, 18
7113, 1
7114, 1
7115, 40
7116, 34
7117, 0
7118, 32
7119, 44
7120, 34
7121, 34
7122, 2
7123, 0
7124, 24
7125, 0
7126, 25
7127, 23
7128, 25
7129, 35
7130, 35
7131, 0
7132, 24
7133, 33
7134, 1
7135, 0
7136, 22
7137, 22
7138, 1
7139, 0
7140, 27
7141, 52
7142, 1
7143, 0
7144, 26
7145, 39
7146, 1
7147, 1
7148, 0
7149, 41
7150, 14
7151, 14
7152, 30
7153, 18
7154, 67
7155, 8
7156, 1
7157, 1
7158, 13
7159, 1
7160, 0
7161, 42
7162, 25
7163, 64
7164, 1
7165, 0
7166, 40
7167, 10
7168, 20
7169, 30
7170, 17
7171, 0
7172, 25
7173, 36
7174, 16
7175, 18
7176, 18
7177, 1
7178, 1
7179, 40
7180, 34
7181, 0
7182, 32
7183, 44
7184, 34
7185, 34
7186, 56
7187, 2
7188, 0
7189, 24
7190, 0
7191, 23
7192, 1
7193, 35
7194, 35
7195, 0
7196, 40
7197, 10
7198, 20
7199, 30
7200, 17
7201, 0
7202, 25
7203, 51
7204, 16
7205, 20
7206, 20
7207, 1
7208, 0
7209, 39
7210, 31
7211, 49
7212, 14
7213, 28
7214, 1
7215, 49
7216, 1
7217, 35
7218, 39
7219, 9
7220, 1
7221, 1
7222, 0
7223, 54
7224, 1
7225, 1
7226, 61
7227, 40
7228, 65
7229, 0
7230, 17
7231, 19
7232, 19
7233, 0
7234, 14
7235, 21
7236, 36
7237, 25
7238, 1
7239, 24
7240, 19
7241, 1
7242, 26
7243, 25
7244, 13
7245, 1
7246, 1
7247, 0
7248, 32
7249, 18
7250, 16
7251, 0
7252, 56
7253, 19
7254, 29
7255, 17
7256, 1
7257, 26
7258, 18
7259, 37
7260, 25
7261, 17
7262, 1
7263, 13
7264, 1
7265, 1
7266, 0
7267, 22
7268, 59
7269, 34
7270, 34
7271, 25
7272, 68
7273, 1
7274, 25
7275, 33
7276, 1
7277, 0
7278, 23
7279, 0
7280, 44
7281, 25
7282, 69
7283, 1
7284, 25
7285, 42
7286, 1
7287, 1
7288, 1
7289, 35
7290, 39
7291, 30
7292, 0
7293, 22
7294, 0
7295, 19
7296, 40
7297, 0
7298, 39
7299, 34
7300, 0
7301, 56
7302, 58
7303, 0
7304, 25
7305, 37
7306, 42
7307, 11
7308, 0
7309, 30
7310, 23
7311, 22
7312, 23
7313, 23
7314, 12
7315, 13
7316, 12
7317, 23
7318, 1
7319, 41
7320, 40
7321, 42
7322, 45
7323, 47
7324, 42
7325, 46
7326, 54
7327, 41
7328, 1
7329, 1
7330, 35
7331, 39
7332, 30
7333, 0
7334, 22
7335, 0
7336, 19
7337, 40
7338, 0
7339, 39
7340, 34
7341, 0
7342, 56
7343, 58
7344, 0
7345, 25
7346, 55
7347, 42
7348, 11
7349, 0
7350, 30
7351, 23
7352, 22
7353, 23
7354, 23
7355, 12
7356, 13
7357, 12
7358, 23
7359, 1
7360, 41
7361, 40
7362, 42
7363, 45
7364, 47
7365, 42
7366, 46
7367, 54
7368, 41
7369, 1
7370, 1
7371, 42
7372, 39
7373, 25
7374, 0
7375, 19
7376, 40
7377, 0
7378, 40
7379, 0
7380, 34
7381, 23
7382, 56
7383, 58
7384, 0
7385, 26
7386, 55
7387, 50
7388, 11
7389, 0
7390, 30
7391, 23
7392, 22
7393, 23
7394, 23
7395, 12
7396, 13
7397, 12
7398, 23
7399, 1
7400, 0
7401, 25
7402, 55
7403, 26
7404, 17
7405, 25
7406, 0
7407, 41
7408, 40
7409, 42
7410, 45
7411, 47
7412, 42
7413, 46
7414, 54
7415, 41
7416, 1
7417, 1
7418, 0
7419, 2
7420, 59
7421, 58
7422, 56
7423, 61
7424, 9
7425, 0
7426, 60
7427, 61
7428, 2
7429, 0
7430, 14
7431, 1
7432, 40
7433, 42
7434, 43
7435, 48
7436, 0
7437, 3
7438, 40
7439, 43
7440, 29
7441, 43
7442, 45
7443, 45
7444, 33
7445, 2
7446, 53
7447, 49
7448, 57
7449, 26
7450, 1
7451, 64
7452, 23
7453, 1
7454, 0
7455, 15
7456, 1
7457, 0
7458, 43
7459, 0
7460, 77
7461, 37
7462, 25
7463, 8
7464, 32
7465, 1
7466, 1
7467, 0
7468, 43
7469, 0
7470, 28
7471, 1
7472, 1
7473, 39
7474, 34
7475, 0
7476, 25
7477, 2
7478, 0
7479, 28
7480, 0
7481, 23
7482, 24
7483, 0
7484, 40
7485, 34
7486, 10
7487, 0
7488, 43
7489, 0
7490, 14
7491, 12
7492, 58
7493, 7
7494, 8
7495, 58
7496, 46
7497, 7
7498, 1
7499, 47
7500, 7
7501, 1
7502, 1
7503, 1
7504, 0
7505, 0
7506, 21
7507, 29
7508, 0
7509, 23
7510, 32
7511, 32
7512, 38
7513, 1
7514, 0
7515, 18
7516, 16
7517, 15
7518, 25
7519, 8
7520, 39
7521, 1
7522, 1
7523, 0
7524, 19
7525, 20
7526, 1
7527, 0
7528, 33
7529, 29
7530, 1
7531, 0
7532, 37
7533, 49
7534, 1
7535, 0
7536, 48
7537, 20
7538, 1
7539, 1
7540, 0
7541, 0
7542, 22
7543, 22
7544, 6
7545, 0
7546, 50
7547, 31
7548, 31
7549, 31
7550, 31
7551, 6
7552, 1
7553, 0
7554, 78
7555, 11
7556, 11
7557, 11
7558, 11
7559, 6
7560, 1
7561, 0
7562, 29
7563, 4
7564, 26
7565, 34
7566, 26
7567, 34
7568, 12
7569, 1
7570, 0
7571, 26
7572, 40
7573, 49
7574, 51
7575, 52
7576, 1
7577, 0
7578, 55
7579, 31
7580, 31
7581, 31
7582, 31
7583, 6
7584, 12
7585, 1
7586, 0
7587, 48
7588, 26
7589, 15
7590, 43
7591, 43
7592, 43
7593, 2
7594, 1
7595, 1
7596, 0
7597, 0
7598, 0
7599, 3
7600, 39
7601, 36
7602, 26
7603, 28
7604, 2
7605, 0
7606, 0
7607, 23
7608, 0
7609, 60
7610, 43
7611, 60
7612, 21
7613, 0
7614, 12
7615, 10
7616, 6
7617, 43
7618, 12
7619, 0
7620, 23
7621, 1
7622, 9
7623, 1
7624, 0
7625, 54
7626, 1
7627, 13
7628, 13
7629, 13
7630, 12
7631, 13
7632, 12
7633, 13
7634, 13
7635, 12
7636, 13
7637, 1
7638, 0
7639, 46
7640, 54
7641, 1
7642, 13
7643, 13
7644, 12
7645, 13
7646, 13
7647, 13
7648, 12
7649, 13
7650, 12
7651, 13
7652, 1
7653, 0
7654, 24
7655, 26
7656, 1
7657, 12
7658, 12
7659, 12
7660, 12
7661, 12
7662, 20
7663, 1
7664, 0
7665, 52
7666, 30
7667, 1
7668, 17
7669, 30
7670, 66
7671, 21
7672, 17
7673, 27
7674, 30
7675, 1
7676, 14
7677, 1
7678, 0
7679, 39
7680, 15
7681, 1
7682, 10
7683, 6
7684, 6
7685, 9
7686, 9
7687, 9
7688, 9
7689, 10
7690, 19
7691, 22
7692, 23
7693, 27
7694, 8
7695, 30
7696, 4
7697, 1
7698, 1
7699, 1
7700, 0
7701, 40
7702, 53
7703, 13
7704, 1
7705, 1
7706, 0
7707, 0
7708, 0
7709, 18
7710, 0
7711, 17
7712, 0
7713, 21
7714, 11
7715, 1
7716, 0
7717, 30
7718, 7
7719, 27
7720, 1
7721, 0
7722, 58
7723, 0
7724, 83
7725, 0
7726, 95
7727, 0
7728, 98
7729, 0
7730, 53
7731, 0
7732, 58
7733, 0
7734, 19
7735, 0
7736, 8
7737, 30
7738, 1
7739, 21
7740, 0
7741, 28
7742, 19
7743, 1
7744, 0
7745, 31
7746, 0
7747, 40
7748, 0
7749, 58
7750, 9
7751, 0
7752, 55
7753, 11
7754, 0
7755, 58
7756, 11
7757, 0
7758, 59
7759, 0
7760, 47
7761, 0
7762, 49
7763, 1
7764, 3
7765, 39
7766, 36
7767, 0
7768, 24
7769, 26
7770, 36
7771, 2
7772, 0
7773, 30
7774, 0
7775, 23
7776, 70
7777, 15
7778, 47
7779, 18
7780, 61
7781, 0
7782, 29
7783, 0
7784, 32
7785, 51
7786, 39
7787, 40
7788, 47
7789, 0
7790, 61
7791, 0
7792, 6
7793, 45
7794, 12
7795, 0
7796, 23
7797, 1
7798, 9
7799, 1
7800, 0
7801, 54
7802, 1
7803, 13
7804, 56
7805, 0
7806, 64
7807, 13
7808, 1
7809, 3
7810, 1
7811, 21
7812, 1
7813, 20
7814, 2
7815, 1
7816, 1
7817, 0
7818, 37
7819, 1
7820, 18
7821, 36
7822, 0
7823, 27
7824, 1
7825, 18
7826, 1
7827, 0
7828, 45
7829, 1
7830, 42
7831, 1
7832, 0
7833, 53
7834, 1
7835, 33
7836, 1
7837, 0
7838, 17
7839, 1
7840, 7
7841, 113
7842, 1
7843, 0
7844, 18
7845, 1
7846, 24
7847, 1
7848, 34
7849, 18
7850, 7
7851, 1
7852, 0
7853, 134
7854, 49
7855, 49
7856, 0
7857, 19
7858, 1
7859, 72
7860, 1
7861, 24
7862, 1
7863, 64
7864, 1
7865, 28
7866, 1
7867, 83
7868, 22
7869, 1
7870, 0
7871, 23
7872, 1
7873, 2
7874, 0
7875, 61
7876, 88
7877, 70
7878, 0
7879, 61
7880, 72
7881, 132
7882, 73
7883, 36
7884, 49
7885, 57
7886, 48
7887, 31
7888, 52
7889, 2
7890, 0
7891, 36
7892, 30
7893, 49
7894, 88
7895, 42
7896, 12
7897, 49
7898, 31
7899, 48
7900, 31
7901, 49
7902, 56
7903, 2
7904, 0
7905, 0
7906, 94
7907, 1
7908, 23
7909, 0
7910, 55
7911, 0
7912, 18
7913, 21
7914, 18
7915, 21
7916, 18
7917, 21
7918, 0
7919, 51
7920, 1
7921, 108
7922, 19
7923, 1
7924, 0
7925, 29
7926, 0
7927, 17
7928, 120
7929, 44
7930, 32
7931, 0
7932, 9
7933, 1
7934, 0
7935, 52
7936, 46
7937, 1
7938, 17
7939, 30
7940, 66
7941, 21
7942, 17
7943, 39
7944, 44
7945, 1
7946, 14
7947, 1
7948, 0
7949, 39
7950, 29
7951, 1
7952, 10
7953, 74
7954, 0
7955, 37
7956, 37
7957, 37
7958, 60
7959, 19
7960, 105
7961, 49
7962, 20
7963, 23
7964, 20
7965, 20
7966, 6
7967, 10
7968, 67
7969, 43
7970, 0
7971, 137
7972, 30
7973, 76
7974, 0
7975, 10
7976, 122
7977, 7
7978, 1
7979, 8
7980, 21
7981, 27
7982, 45
7983, 4
7984, 1
7985, 21
7986, 27
7987, 17
7988, 16
7989, 27
7990, 17
7991, 17
7992, 27
7993, 16
7994, 1
7995, 1
7996, 0
7997, 39
7998, 53
7999, 45
8000, 17
8001, 0
8002, 15
8003, 1
8004, 1
8005, 0
8006, 15
8007, 8
8008, 30
8009, 1
8010, 30
8011, 0
8012, 39
8013, 0
8014, 50
8015, 9
8016, 0
8017, 47
8018, 11
8019, 0
8020, 51
8021, 0
8022, 39
8023, 0
8024, 47
8025, 0
8026, 54
8027, 8
8028, 1
8029, 39
8030, 34
8031, 0
8032, 25
8033, 2
8034, 0
8035, 0
8036, 22
8037, 0
8038, 40
8039, 34
8040, 0
8041, 40
8042, 17
8043, 22
8044, 0
8045, 25
8046, 28
8047, 13
8048, 13
8049, 1
8050, 0
8051, 13
8052, 57
8053, 0
8054, 35
8055, 15
8056, 1
8057, 1
8058, 0
8059, 0
8060, 27
8061, 10
8062, 17
8063, 21
8064, 0
8065, 13
8066, 9
8067, 1
8068, 0
8069, 19
8070, 31
8071, 1
8072, 0
8073, 30
8074, 12
8075, 48
8076, 12
8077, 12
8078, 12
8079, 0
8080, 21
8081, 48
8082, 13
8083, 12
8084, 1
8085, 0
8086, 25
8087, 21
8088, 48
8089, 0
8090, 16
8091, 13
8092, 12
8093, 11
8094, 1
8095, 1
8096, 0
8097, 0
8098, 28
8099, 21
8100, 23
8101, 0
8102, 23
8103, 9
8104, 15
8105, 1
8106, 0
8107, 19
8108, 2
8109, 21
8110, 27
8111, 1
8112, 1
8113, 0
8114, 24
8115, 62
8116, 40
8117, 41
8118, 73
8119, 0
8120, 23
8121, 25
8122, 23
8123, 36
8124, 0
8125, 31
8126, 30
8127, 5
8128, 7
8129, 36
8130, 1
8131, 20
8132, 12
8133, 18
8134, 1
8135, 0
8136, 41
8137, 29
8138, 5
8139, 7
8140, 36
8141, 1
8142, 19
8143, 19
8144, 12
8145, 1
8146, 1
8147, 0
8148, 39
8149, 30
8150, 20
8151, 0
8152, 41
8153, 16
8154, 16
8155, 1
8156, 0
8157, 19
8158, 35
8159, 19
8160, 13
8161, 1
8162, 1
8163, 1
8164, 0
8165, 39
8166, 30
8167, 20
8168, 0
8169, 41
8170, 16
8171, 16
8172, 1
8173, 0
8174, 19
8175, 14
8176, 35
8177, 26
8178, 13
8179, 1
8180, 1
8181, 1
8182, 0
8183, 19
8184, 19
8185, 19
8186, 61
8187, 61
8188, 50
8189, 1
8190, 0
8191, 28
8192, 40
8193, 46
8194, 46
8195, 1
8196, 0
8197, 40
8198, 14
8199, 66
8200, 26
8201, 1
8202, 0
8203, 28
8204, 28
8205, 27
8206, 27
8207, 1
8208, 60
8209, 37
8210, 2
8211, 61
8212, 51
8213, 0
8214, 19
8215, 0
8216, 21
8217, 0
8218, 36
8219, 34
8220, 35
8221, 0
8222, 40
8223, 38
8224, 45
8225, 31
8226, 31
8227, 26
8228, 0
8229, 17
8230, 16
8231, 1
8232, 47
8233, 1
8234, 0
8235, 28
8236, 45
8237, 52
8238, 1
8239, 1
8240, 39
8241, 37
8242, 65
8243, 0
8244, 19
8245, 30
8246, 70
8247, 79
8248, 11
8249, 22
8250, 65
8251, 1
8252, 68
8253, 68
8254, 67
8255, 64
8256, 65
8257, 11
8258, 21
8259, 43
8260, 1
8261, 11
8262, 21
8263, 18
8264, 51
8265, 1
8266, 22
8267, 46
8268, 1
8269, 28
8270, 18
8271, 21
8272, 54
8273, 35
8274, 30
8275, 27
8276, 39
8277, 30
8278, 37
8279, 28
8280, 16
8281, 26
8282, 1
8283, 38
8284, 27
8285, 28
8286, 54
8287, 30
8288, 1
8289, 1
8290, 27
8291, 20
8292, 23
8293, 24
8294, 10
8295, 24
8296, 1
8297, 38
8298, 33
8299, 28
8300, 39
8301, 22
8302, 31
8303, 28
8304, 1
8305, 9
8306, 1
8307, 1
8308, 51
8309, 66
8310, 35
8311, 51
8312, 25
8313, 32
8314, 22
8315, 40
8316, 68
8317, 40
8318, 1
8319, 42
8320, 33
8321, 30
8322, 44
8323, 27
8324, 30
8325, 29
8326, 31
8327, 47
8328, 45
8329, 1
8330, 13
8331, 1
8332, 36
8333, 50
8334, 43
8335, 26
8336, 25
8337, 11
8338, 27
8339, 29
8340, 53
8341, 49
8342, 43
8343, 12
8344, 1
8345, 43
8346, 1
8347, 1
8348, 40
8349, 55
8350, 1
8351, 1
8352, 72
8353, 39
8354, 37
8355, 2
8356, 70
8357, 2
8358, 31
8359, 72
8360, 0
8361, 22
8362, 1
8363, 38
8364, 1
8365, 34
8366, 0
8367, 51
8368, 64
8369, 0
8370, 7
8371, 80
8372, 0
8373, 42
8374, 66
8375, 1
8376, 0
8377, 35
8378, 1
8379, 25
8380, 33
8381, 33
8382, 1
8383, 0
8384, 28
8385, 1
8386, 20
8387, 31
8388, 1
8389, 0
8390, 34
8391, 1
8392, 24
8393, 35
8394, 1
8395, 0
8396, 42
8397, 1
8398, 21
8399, 65
8400, 1
8401, 0
8402, 54
8403, 1
8404, 21
8405, 71
8406, 1
8407, 1
8408, 0
8409, 2
8410, 37
8411, 34
8412, 27
8413, 2
8414, 0
8415, 0
8416, 17
8417, 30
8418, 37
8419, 25
8420, 19
8421, 0
8422, 0
8423, 21
8424, 1
8425, 42
8426, 85
8427, 82
8428, 0
8429, 40
8430, 27
8431, 46
8432, 1
8433, 3
8434, 1
8435, 91
8436, 0
8437, 32
8438, 24
8439, 0
8440, 40
8441, 1
8442, 14
8443, 25
8444, 1
8445, 0
8446, 13
8447, 1
8448, 22
8449, 1
8450, 22
8451, 1
8452, 0
8453, 9
8454, 1
8455, 0
8456, 27
8457, 41
8458, 48
8459, 1
8460, 44
8461, 48
8462, 0
8463, 27
8464, 38
8465, 0
8466, 17
8467, 1
8468, 30
8469, 0
8470, 46
8471, 1
8472, 57
8473, 30
8474, 1
8475, 0
8476, 63
8477, 85
8478, 0
8479, 41
8480, 17
8481, 1
8482, 0
8483, 18
8484, 42
8485, 24
8486, 0
8487, 17
8488, 1
8489, 0
8490, 32
8491, 1
8492, 25
8493, 25
8494, 28
8495, 28
8496, 28
8497, 28
8498, 28
8499, 28
8500, 28
8501, 27
8502, 2
8503, 0
8504, 75
8505, 73
8506, 0
8507, 71
8508, 37
8509, 1
8510, 22
8511, 1
8512, 17
8513, 1
8514, 26
8515, 44
8516, 1
8517, 51
8518, 0
8519, 42
8520, 8
8521, 36
8522, 0
8523, 35
8524, 53
8525, 1
8526, 38
8527, 0
8528, 17
8529, 28
8530, 1
8531, 1
8532, 1
8533, 2
8534, 16
8535, 1
8536, 0
8537, 18
8538, 21
8539, 1
8540, 3
8541, 1
8542, 9
8543, 1
8544, 30
8545, 1
8546, 20
8547, 1
8548, 1
8549, 0
8550, 40
8551, 1
8552, 58
8553, 1
8554, 1
8555, 0
8556, 28
8557, 1
8558, 27
8559, 1
8560, 19
8561, 19
8562, 13
8563, 2
8564, 28
8565, 1
8566, 35
8567, 39
8568, 33
8569, 2
8570, 0
8571, 75
8572, 76
8573, 0
8574, 71
8575, 61
8576, 0
8577, 37
8578, 1
8579, 22
8580, 1
8581, 17
8582, 1
8583, 42
8584, 0
8585, 46
8586, 1
8587, 50
8588, 32
8589, 0
8590, 40
8591, 9
8592, 0
8593, 55
8594, 1
8595, 50
8596, 17
8597, 23
8598, 0
8599, 16
8600, 1
8601, 46
8602, 14
8603, 1
8604, 0
8605, 11
8606, 1
8607, 22
8608, 21
8609, 24
8610, 1
8611, 0
8612, 33
8613, 39
8614, 0
8615, 21
8616, 1
8617, 0
8618, 3
8619, 1
8620, 16
8621, 1
8622, 20
8623, 1
8624, 21
8625, 1
8626, 1
8627, 1
8628, 2
8629, 0
8630, 16
8631, 1
8632, 0
8633, 21
8634, 1
8635, 3
8636, 1
8637, 9
8638, 1
8639, 30
8640, 1
8641, 20
8642, 1
8643, 1
8644, 0
8645, 20
8646, 41
8647, 29
8648, 19
8649, 1
8650, 0
8651, 39
8652, 1
8653, 40
8654, 29
8655, 0
8656, 32
8657, 10
8658, 0
8659, 13
8660, 26
8661, 0
8662, 28
8663, 23
8664, 0
8665, 70
8666, 1
8667, 1
8668, 40
8669, 36
8670, 1
8671, 34
8672, 1
8673, 2
8674, 0
8675, 17
8676, 19
8677, 49
8678, 0
8679, 29
8680, 0
8681, 30
8682, 18
8683, 42
8684, 40
8685, 93
8686, 33
8687, 50
8688, 52
8689, 34
8690, 104
8691, 18
8692, 1
8693, 1
8694, 31
8695, 23
8696, 43
8697, 26
8698, 37
8699, 59
8700, 40
8701, 1
8702, 62
8703, 1
8704, 0
8705, 27
8706, 31
8707, 25
8708, 67
8709, 92
8710, 1
8711, 0
8712, 37
8713, 69
8714, 31
8715, 0
8716, 44
8717, 46
8718, 11
8719, 57
8720, 32
8721, 33
8722, 33
8723, 6
8724, 10
8725, 1
8726, 10
8727, 1
8728, 0
8729, 52
8730, 30
8731, 29
8732, 15
8733, 1
8734, 52
8735, 21
8736, 51
8737, 8
8738, 8
8739, 41
8740, 27
8741, 15
8742, 40
8743, 19
8744, 1
8745, 26
8746, 13
8747, 1
8748, 58
8749, 21
8750, 11
8751, 46
8752, 16
8753, 44
8754, 14
8755, 1
8756, 15
8757, 1
8758, 59
8759, 21
8760, 46
8761, 16
8762, 44
8763, 14
8764, 1
8765, 22
8766, 15
8767, 1
8768, 39
8769, 38
8770, 18
8771, 0
8772, 33
8773, 27
8774, 23
8775, 33
8776, 23
8777, 85
8778, 29
8779, 6
8780, 30
8781, 1
8782, 1
8783, 21
8784, 0
8785, 35
8786, 37
8787, 1
8788, 0
8789, 13
8790, 25
8791, 20
8792, 22
8793, 0
8794, 10
8795, 26
8796, 39
8797, 64
8798, 40
8799, 1
8800, 8
8801, 0
8802, 17
8803, 64
8804, 40
8805, 1
8806, 10
8807, 1
8808, 0
8809, 20
8810, 20
8811, 23
8812, 0
8813, 10
8814, 26
8815, 30
8816, 51
8817, 22
8818, 1
8819, 8
8820, 0
8821, 18
8822, 51
8823, 22
8824, 1
8825, 10
8826, 1
8827, 1
8828, 0
8829, 0
8830, 77
8831, 57
8832, 57
8833, 57
8834, 29
8835, 84
8836, 7
8837, 55
8838, 55
8839, 55
8840, 55
8841, 55
8842, 55
8843, 57
8844, 57
8845, 57
8846, 57
8847, 59
8848, 1
8849, 54
8850, 0
8851, 57
8852, 32
8853, 29
8854, 26
8855, 24
8856, 1
8857, 0
8858, 32
8859, 39
8860, 38
8861, 20
8862, 37
8863, 41
8864, 12
8865, 1
8866, 45
8867, 21
8868, 19
8869, 1
8870, 0
8871, 42
8872, 38
8873, 31
8874, 21
8875, 19
8876, 58
8877, 34
8878, 60
8879, 17
8880, 1
8881, 1
8882, 2
8883, 30
8884, 29
8885, 1
8886, 0
8887, 12
8888, 43
8889, 43
8890, 20
8891, 37
8892, 41
8893, 71
8894, 37
8895, 12
8896, 1
8897, 45
8898, 19
8899, 1
8900, 0
8901, 73
8902, 21
8903, 27
8904, 27
8905, 27
8906, 1
8907, 1
8908, 2
8909, 37
8910, 34
8911, 73
8912, 2
8913, 0
8914, 17
8915, 25
8916, 19
8917, 0
8918, 29
8919, 0
8920, 86
8921, 0
8922, 8
8923, 0
8924, 31
8925, 31
8926, 31
8927, 31
8928, 31
8929, 31
8930, 33
8931, 33
8932, 33
8933, 33
8934, 35
8935, 1
8936, 0
8937, 32
8938, 24
8939, 24
8940, 0
8941, 43
8942, 0
8943, 50
8944, 1
8945, 0
8946, 28
8947, 24
8948, 1
8949, 0
8950, 37
8951, 0
8952, 46
8953, 73
8954, 1
8955, 0
8956, 78
8957, 41
8958, 24
8959, 43
8960, 34
8961, 1
8962, 32
8963, 19
8964, 1
8965, 1
8966, 0
8967, 38
8968, 20
8969, 0
8970, 58
8971, 46
8972, 30
8973, 14
8974, 40
8975, 30
8976, 0
8977, 32
8978, 0
8979, 44
8980, 0
8981, 29
8982, 10
8983, 1
8984, 14
8985, 0
8986, 0
8987, 35
8988, 0
8989, 43
8990, 28
8991, 28
8992, 28
8993, 28
8994, 28
8995, 28
8996, 28
8997, 27
8998, 2
8999, 0
9000, 33
9001, 0
9002, 14
9003, 55
9004, 16
9005, 8
9006, 42
9007, 1
9008, 0
9009, 42
9010, 0
9011, 29
9012, 34
9013, 1
9014, 20
9015, 0
9016, 21
9017, 34
9018, 31
9019, 38
9020, 0
9021, 1
9022, 1
9023, 2
9024, 37
9025, 34
9026, 29
9027, 2
9028, 0
9029, 30
9030, 27
9031, 33
9032, 25
9033, 21
9034, 31
9035, 31
9036, 0
9037, 29
9038, 0
9039, 86
9040, 0
9041, 8
9042, 0
9043, 31
9044, 31
9045, 31
9046, 31
9047, 31
9048, 31
9049, 33
9050, 33
9051, 33
9052, 33
9053, 35
9054, 1
9055, 0
9056, 59
9057, 70
9058, 13
9059, 37
9060, 12
9061, 39
9062, 16
9063, 16
9064, 1
9065, 0
9066, 32
9067, 0
9068, 65
9069, 0
9070, 35
9071, 0
9072, 71
9073, 57
9074, 57
9075, 57
9076, 30
9077, 0
9078, 68
9079, 46
9080, 27
9081, 25
9082, 19
9083, 9
9084, 19
9085, 14
9086, 55
9087, 18
9088, 8
9089, 1
9090, 28
9091, 1
9092, 10
9093, 1
9094, 47
9095, 22
9096, 26
9097, 5
9098, 16
9099, 9
9100, 1
9101, 34
9102, 7
9103, 1
9104, 1
9105, 13
9106, 33
9107, 57
9108, 1
9109, 38
9110, 63
9111, 18
9112, 29
9113, 40
9114, 1
9115, 18
9116, 0
9117, 21
9118, 34
9119, 31
9120, 33
9121, 1
9122, 1
9123, 2
9124, 39
9125, 36
9126, 28
9127, 33
9128, 2
9129, 0
9130, 30
9131, 27
9132, 33
9133, 32
9134, 25
9135, 21
9136, 49
9137, 31
9138, 31
9139, 0
9140, 27
9141, 1
9142, 54
9143, 31
9144, 44
9145, 33
9146, 42
9147, 20
9148, 28
9149, 28
9150, 28
9151, 28
9152, 28
9153, 28
9154, 28
9155, 27
9156, 2
9157, 0
9158, 6
9159, 1
9160, 31
9161, 31
9162, 31
9163, 31
9164, 31
9165, 31
9166, 33
9167, 33
9168, 33
9169, 33
9170, 35
9171, 1
9172, 0
9173, 54
9174, 1
9175, 30
9176, 41
9177, 40
9178, 0
9179, 51
9180, 56
9181, 32
9182, 1
9183, 29
9184, 25
9185, 33
9186, 31
9187, 1
9188, 0
9189, 9
9190, 23
9191, 1
9192, 42
9193, 38
9194, 55
9195, 16
9196, 1
9197, 29
9198, 40
9199, 1
9200, 18
9201, 36
9202, 1
9203, 1
9204, 0
9205, 55
9206, 1
9207, 42
9208, 29
9209, 30
9210, 0
9211, 52
9212, 53
9213, 44
9214, 1
9215, 25
9216, 23
9217, 23
9218, 25
9219, 1
9220, 0
9221, 9
9222, 23
9223, 1
9224, 14
9225, 47
9226, 24
9227, 16
9228, 1
9229, 8
9230, 1
9231, 38
9232, 1
9233, 1
9234, 0
9235, 64
9236, 30
9237, 18
9238, 1
9239, 53
9240, 44
9241, 60
9242, 22
9243, 3
9244, 1
9245, 12
9246, 37
9247, 1
9248, 26
9249, 1
9250, 35
9251, 1
9252, 4
9253, 1
9254, 16
9255, 19
9256, 1
9257, 1
9258, 1
9259, 7
9260, 1
9261, 10
9262, 1
9263, 27
9264, 49
9265, 21
9266, 1
9267, 0
9268, 54
9269, 1
9270, 53
9271, 22
9272, 35
9273, 1
9274, 19
9275, 1
9276, 24
9277, 1
9278, 56
9279, 1
9280, 1
9281, 1
9282, 13
9283, 1
9284, 0
9285, 44
9286, 18
9287, 1
9288, 55
9289, 53
9290, 56
9291, 35
9292, 45
9293, 1
9294, 61
9295, 1
9296, 58
9297, 39
9298, 35
9299, 37
9300, 1
9301, 48
9302, 27
9303, 1
9304, 1
9305, 26
9306, 1
9307, 37
9308, 1
9309, 57
9310, 1
9311, 21
9312, 38
9313, 36
9314, 39
9315, 1
9316, 1
9317, 40
9318, 34
9319, 0
9320, 29
9321, 2
9322, 0
9323, 30
9324, 31
9325, 27
9326, 37
9327, 31
9328, 31
9329, 0
9330, 49
9331, 0
9332, 22
9333, 18
9334, 0
9335, 38
9336, 32
9337, 1
9338, 0
9339, 50
9340, 23
9341, 21
9342, 1
9343, 0
9344, 21
9345, 14
9346, 1
9347, 0
9348, 31
9349, 29
9350, 1
9351, 0
9352, 53
9353, 42
9354, 1
9355, 1
9356, 0
9357, 0
9358, 29
9359, 0
9360, 62
9361, 0
9362, 33
9363, 18
9364, 17
9365, 17
9366, 15
9367, 15
9368, 19
9369, 15
9370, 15
9371, 17
9372, 15
9373, 17
9374, 0
9375, 67
9376, 0
9377, 33
9378, 27
9379, 0
9380, 32
9381, 20
9382, 28
9383, 28
9384, 28
9385, 28
9386, 28
9387, 28
9388, 28
9389, 27
9390, 2
9391, 0
9392, 57
9393, 0
9394, 8
9395, 38
9396, 37
9397, 0
9398, 10
9399, 39
9400, 40
9401, 12
9402, 0
9403, 34
9404, 41
9405, 52
9406, 26
9407, 40
9408, 40
9409, 1
9410, 1
9411, 0
9412, 49
9413, 0
9414, 27
9415, 34
9416, 0
9417, 15
9418, 7
9419, 0
9420, 21
9421, 22
9422, 0
9423, 19
9424, 29
9425, 37
9426, 18
9427, 1
9428, 0
9429, 33
9430, 37
9431, 0
9432, 16
9433, 1
9434, 0
9435, 52
9436, 0
9437, 40
9438, 10
9439, 33
9440, 17
9441, 4
9442, 40
9443, 1
9444, 1
9445, 0
9446, 53
9447, 0
9448, 27
9449, 42
9450, 12
9451, 0
9452, 34
9453, 13
9454, 0
9455, 19
9456, 33
9457, 27
9458, 65
9459, 21
9460, 7
9461, 1
9462, 0
9463, 32
9464, 27
9465, 0
9466, 35
9467, 1
9468, 0
9469, 59
9470, 0
9471, 63
9472, 35
9473, 56
9474, 15
9475, 0
9476, 46
9477, 16
9478, 0
9479, 19
9480, 0
9481, 29
9482, 0
9483, 21
9484, 39
9485, 33
9486, 33
9487, 1
9488, 0
9489, 1
9490, 0
9491, 30
9492, 27
9493, 33
9494, 27
9495, 26
9496, 31
9497, 31
9498, 0
9499, 25
9500, 0
9501, 82
9502, 90
9503, 51
9504, 42
9505, 45
9506, 44
9507, 44
9508, 47
9509, 0
9510, 59
9511, 0
9512, 40
9513, 58
9514, 33
9515, 14
9516, 0
9517, 5
9518, 73
9519, 42
9520, 17
9521, 1
9522, 11
9523, 0
9524, 15
9525, 14
9526, 36
9527, 23
9528, 58
9529, 22
9530, 13
9531, 29
9532, 79
9533, 18
9534, 8
9535, 81
9536, 18
9537, 1
9538, 1
9539, 1
9540, 1
9541, 4
9542, 1
9543, 25
9544, 22
9545, 1
9546, 15
9547, 1
9548, 0
9549, 1
9550, 0
9551, 2
9552, 39
9553, 36
9554, 34
9555, 29
9556, 2
9557, 0
9558, 17
9559, 0
9560, 28
9561, 0
9562, 38
9563, 7
9564, 88
9565, 77
9566, 1
9567, 0
9568, 50
9569, 12
9570, 48
9571, 44
9572, 20
9573, 21
9574, 19
9575, 1
9576, 1
9577, 0
9578, 58
9579, 49
9580, 20
9581, 0
9582, 27
9583, 22
9584, 49
9585, 22
9586, 1
9587, 0
9588, 22
9589, 1
9590, 1
9591, 40
9592, 34
9593, 0
9594, 28
9595, 54
9596, 2
9597, 0
9598, 27
9599, 27
9600, 29
9601, 28
9602, 22
9603, 44
9604, 38
9605, 0
9606, 20
9607, 1
9608, 48
9609, 55
9610, 86
9611, 93
9612, 95
9613, 0
9614, 8
9615, 38
9616, 18
9617, 1
9618, 26
9619, 26
9620, 26
9621, 26
9622, 26
9623, 26
9624, 26
9625, 26
9626, 26
9627, 26
9628, 26
9629, 26
9630, 26
9631, 1
9632, 0
9633, 57
9634, 1
9635, 9
9636, 14
9637, 25
9638, 0
9639, 4
9640, 30
9641, 30
9642, 17
9643, 0
9644, 53
9645, 24
9646, 20
9647, 0
9648, 29
9649, 0
9650, 36
9651, 84
9652, 24
9653, 0
9654, 19
9655, 1
9656, 0
9657, 33
9658, 1
9659, 22
9660, 28
9661, 33
9662, 1
9663, 0
9664, 53
9665, 1
9666, 17
9667, 17
9668, 22
9669, 24
9670, 29
9671, 0
9672, 50
9673, 1
9674, 11
9675, 17
9676, 25
9677, 1
9678, 0
9679, 22
9680, 1
9681, 19
9682, 16
9683, 34
9684, 10
9685, 1
9686, 14
9687, 1
9688, 0
9689, 17
9690, 1
9691, 57
9692, 0
9693, 32
9694, 18
9695, 16
9696, 1
9697, 1
9698, 0
9699, 23
9700, 22
9701, 8
9702, 27
9703, 36
9704, 43
9705, 48
9706, 1
9707, 1
9708, 0
9709, 72
9710, 92
9711, 35
9712, 1
9713, 0
9714, 55
9715, 21
9716, 12
9717, 1
9718, 1
9719, 0
9720, 53
9721, 1
9722, 16
9723, 18
9724, 24
9725, 29
9726, 0
9727, 50
9728, 1
9729, 15
9730, 19
9731, 25
9732, 1
9733, 0
9734, 20
9735, 1
9736, 19
9737, 16
9738, 34
9739, 10
9740, 1
9741, 1
9742, 0
9743, 17
9744, 1
9745, 41
9746, 0
9747, 23
9748, 27
9749, 0
9750, 23
9751, 27
9752, 0
9753, 22
9754, 29
9755, 0
9756, 22
9757, 0
9758, 30
9759, 22
9760, 5
9761, 29
9762, 5
9763, 8
9764, 19
9765, 23
9766, 19
9767, 5
9768, 5
9769, 1
9770, 23
9771, 6
9772, 20
9773, 7
9774, 1
9775, 15
9776, 6
9777, 20
9778, 20
9779, 1
9780, 1
9781, 0
9782, 23
9783, 18
9784, 1
9785, 0
9786, 68
9787, 12
9788, 1
9789, 1
9790, 0
9791, 88
9792, 1
9793, 29
9794, 25
9795, 45
9796, 10
9797, 22
9798, 10
9799, 1
9800, 44
9801, 1
9802, 0
9803, 64
9804, 1
9805, 18
9806, 26
9807, 27
9808, 0
9809, 27
9810, 46
9811, 15
9812, 22
9813, 18
9814, 1
9815, 43
9816, 15
9817, 20
9818, 6
9819, 1
9820, 18
9821, 5
9822, 1
9823, 14
9824, 1
9825, 1
9826, 2
9827, 39
9828, 36
9829, 34
9830, 55
9831, 2
9832, 0
9833, 17
9834, 22
9835, 40
9836, 8
9837, 55
9838, 26
9839, 26
9840, 26
9841, 26
9842, 26
9843, 26
9844, 26
9845, 26
9846, 26
9847, 26
9848, 26
9849, 26
9850, 26
9851, 1
9852, 0
9853, 72
9854, 33
9855, 16
9856, 31
9857, 29
9858, 22
9859, 32
9860, 28
9861, 19
9862, 22
9863, 29
9864, 22
9865, 1
9866, 1
9867, 32
9868, 1
9869, 1
9870, 1
9871, 0
9872, 57
9873, 27
9874, 9
9875, 52
9876, 45
9877, 20
9878, 18
9879, 21
9880, 32
9881, 14
9882, 12
9883, 9
9884, 1
9885, 4
9886, 1
9887, 35
9888, 1
9889, 14
9890, 1
9891, 1
9892, 0
9893, 0
9894, 65
9895, 40
9896, 23
9897, 0
9898, 17
9899, 0
9900, 26
9901, 34
9902, 0
9903, 42
9904, 27
9905, 0
9906, 34
9907, 35
9908, 0
9909, 5
9910, 12
9911, 57
9912, 9
9913, 38
9914, 45
9915, 52
9916, 16
9917, 1
9918, 1
9919, 0
9920, 13
9921, 0
9922, 25
9923, 4
9924, 31
9925, 35
9926, 23
9927, 26
9928, 33
9929, 9
9930, 1
9931, 1
9932, 8
9933, 0
9934, 10
9935, 6
9936, 1
9937, 1
9938, 0
9939, 33
9940, 1
9941, 23
9942, 1
9943, 1
9944, 1
9945, 59
9946, 40
9947, 0
9948, 20
9949, 40
9950, 36
9951, 41
9952, 14
9953, 19
9954, 10
9955, 31
9956, 16
9957, 1
9958, 31
9959, 15
9960, 35
9961, 34
9962, 17
9963, 1
9964, 8
9965, 1
9966, 1
9967, 1
9968, 43
9969, 1
9970, 1
9971, 0
9972, 2
9973, 36
9974, 34
9975, 0
9976, 43
9977, 44
9978, 13
9979, 2
9980, 0
9981, 31
9982, 30
9983, 0
9984, 25
9985, 1
9986, 0
9987, 79
9988, 0
9989, 40
9990, 12
9991, 51
9992, 0
9993, 72
9994, 1
9995, 0
9996, 41
9997, 21
9998, 27
9999, 34
10000, 0
10001, 31
10002, 27
10003, 33
10004, 0
10005, 26
10006, 20
10007, 20
10008, 1
10009, 0
10010, 45
10011, 32
10012, 23
10013, 25
10014, 17
10015, 17
10016, 1
10017, 0
10018, 25
10019, 1
10020, 0
10021, 0
10022, 45
10023, 37
10024, 34
10025, 1
10026, 0
10027, 35
10028, 62
10029, 24
10030, 10
10031, 45
10032, 1
10033, 1
10034, 0
10035, 46
10036, 64
10037, 22
10038, 11
10039, 46
10040, 1
10041, 1
10042, 0
10043, 67
10044, 66
10045, 27
10046, 18
10047, 22
10048, 1
10049, 1
10050, 2
10051, 37
10052, 34
10053, 0
10054, 31
10055, 31
10056, 24
10057, 2
10058, 0
10059, 31
10060, 30
10061, 42
10062, 0
10063, 25
10064, 1
10065, 80
10066, 0
10067, 39
10068, 1
10069, 13
10070, 52
10071, 0
10072, 62
10073, 1
10074, 0
10075, 0
10076, 52
10077, 1
10078, 21
10079, 27
10080, 27
10081, 29
10082, 0
10083, 27
10084, 11
10085, 0
10086, 50
10087, 59
10088, 50
10089, 0
10090, 24
10091, 44
10092, 0
10093, 33
10094, 1
10095, 19
10096, 45
10097, 0
10098, 44
10099, 1
10100, 0
10101, 0
10102, 23
10103, 33
10104, 1
10105, 3
10106, 1
10107, 14
10108, 0
10109, 19
10110, 17
10111, 1
10112, 19
10113, 1
10114, 21
10115, 1
10116, 1
10117, 0
10118, 26
10119, 1
10120, 0
10121, 0
10122, 47
10123, 1
10124, 37
10125, 0
10126, 20
10127, 20
10128, 22
10129, 0
10130, 35
10131, 35
10132, 0
10133, 0
10134, 79
10135, 1
10136, 9
10137, 0
10138, 7
10139, 7
10140, 11
10141, 0
10142, 21
10143, 17
10144, 0
10145, 9
10146, 1
10147, 0
10148, 18
10149, 1
10150, 31
10151, 28
10152, 1
10153, 28
10154, 28
10155, 1
10156, 0
10157, 45
10158, 1
10159, 23
10160, 23
10161, 1
10162, 1
10163, 0
10164, 45
10165, 49
10166, 1
10167, 43
10168, 17
10169, 1
10170, 0
10171, 72
10172, 61
10173, 1
10174, 45
10175, 1
10176, 15
10177, 34
10178, 28
10179, 0
10180, 12
10181, 1
10182, 1
10183, 0
10184, 46
10185, 63
10186, 1
10187, 45
10188, 1
10189, 15
10190, 34
10191, 28
10192, 0
10193, 13
10194, 1
10195, 1
10196, 0
10197, 67
10198, 79
10199, 1
10200, 3
10201, 1
10202, 20
10203, 36
10204, 17
10205, 24
10206, 36
10207, 17
10208, 1
10209, 19
10210, 1
10211, 21
10212, 1
10213, 1
10214, 1
10215, 1
10216, 64
10217, 40
10218, 0
10219, 17
10220, 19
10221, 0
10222, 25
10223, 59
10224, 34
10225, 29
10226, 12
10227, 0
10228, 5
10229, 73
10230, 40
10231, 31
10232, 1
10233, 11
10234, 25
10235, 22
10236, 7
10237, 1
10238, 0
10239, 5
10240, 73
10241, 40
10242, 30
10243, 25
10244, 1
10245, 1
10246, 25
10247, 22
10248, 7
10249, 1
10250, 1
10251, 1
10252, 2
10253, 38
10254, 36
10255, 1
10256, 28
10257, 1
10258, 2
10259, 0
10260, 30
10261, 26
10262, 27
10263, 33
10264, 25
10265, 0
10266, 25
10267, 0
10268, 40
10269, 19
10270, 0
10271, 59
10272, 5
10273, 73
10274, 40
10275, 21
10276, 1
10277, 11
10278, 58
10279, 40
10280, 30
10281, 25
10282, 1
10283, 1
10284, 25
10285, 22
10286, 7
10287, 1
10288, 1
10289, 1
10290, 60
10291, 40
10292, 58
10293, 53
10294, 18
10295, 0
10296, 17
10297, 19
10298, 0
10299, 21
10300, 59
10301, 34
10302, 25
10303, 49
10304, 0
10305, 25
10306, 27
10307, 1
10308, 0
10309, 42
10310, 1
10311, 1
10312, 60
10313, 40
10314, 0
10315, 17
10316, 19
10317, 19
10318, 0
10319, 21
10320, 40
10321, 12
10322, 12
10323, 5
10324, 73
10325, 40
10326, 35
10327, 1
10328, 25
10329, 22
10330, 7
10331, 1
10332, 42
10333, 1
10334, 1
10335, 40
10336, 34
10337, 31
10338, 2
10339, 0
10340, 17
10341, 0
10342, 27
10343, 0
10344, 43
10345, 40
10346, 0
10347, 57
10348, 0
10349, 26
10350, 1
10351, 0
10352, 41
10353, 1
10354, 33
10355, 30
10356, 1
10357, 27
10358, 1
10359, 15
10360, 25
10361, 26
10362, 18
10363, 9
10364, 6
10365, 21
10366, 8
10367, 8
10368, 1
10369, 1
10370, 0
10371, 1
10372, 13
10373, 1
10374, 1
10375, 2
10376, 39
10377, 36
10378, 1
10379, 30
10380, 30
10381, 1
10382, 2
10383, 0
10384, 31
10385, 0
10386, 21
10387, 56
10388, 12
10389, 63
10390, 61
10391, 32
10392, 1
10393, 42
10394, 1
10395, 1
10396, 39
10397, 34
10398, 0
10399, 25
10400, 2
10401, 0
10402, 0
10403, 20
10404, 40
10405, 34
10406, 50
10407, 1
10408, 0
10409, 53
10410, 21
10411, 62
10412, 1
10413, 1
10414, 3
10415, 39
10416, 36
10417, 30
10418, 2
10419, 0
10420, 19
10421, 0
10422, 25
10423, 0
10424, 29
10425, 43
10426, 0
10427, 47
10428, 38
10429, 113
10430, 25
10431, 0
10432, 39
10433, 15
10434, 1
10435, 0
10436, 19
10437, 39
10438, 29
10439, 23
10440, 10
10441, 42
10442, 34
10443, 1
10444, 27
10445, 1
10446, 1
10447, 1
10448, 0
10449, 40
10450, 37
10451, 1
10452, 0
10453, 53
10454, 25
10455, 12
10456, 12
10457, 0
10458, 58
10459, 22
10460, 29
10461, 1
10462, 0
10463, 28
10464, 23
10465, 13
10466, 30
10467, 15
10468, 1
10469, 24
10470, 11
10471, 1
10472, 0
10473, 26
10474, 14
10475, 1
10476, 0
10477, 18
10478, 12
10479, 1
10480, 1
10481, 0
10482, 0
10483, 56
10484, 41
10485, 0
10486, 28
10487, 26
10488, 42
10489, 38
10490, 36
10491, 1
10492, 18
10493, 25
10494, 0
10495, 38
10496, 20
10497, 25
10498, 3
10499, 19
10500, 17
10501, 20
10502, 18
10503, 0
10504, 17
10505, 21
10506, 1
10507, 1
10508, 3
10509, 39
10510, 36
10511, 30
10512, 2
10513, 0
10514, 46
10515, 0
10516, 25
10517, 36
10518, 0
10519, 50
10520, 25
10521, 25
10522, 0
10523, 58
10524, 15
10525, 29
10526, 1
10527, 0
10528, 19
10529, 42
10530, 1
10531, 0
10532, 44
10533, 23
10534, 30
10535, 15
10536, 1
10537, 58
10538, 26
10539, 28
10540, 44
10541, 1
10542, 0
10543, 26
10544, 23
10545, 19
10546, 1
10547, 22
10548, 15
10549, 11
10550, 1
10551, 1
10552, 0
10553, 56
10554, 41
10555, 0
10556, 27
10557, 26
10558, 42
10559, 36
10560, 35
10561, 1
10562, 18
10563, 24
10564, 0
10565, 20
10566, 24
10567, 3
10568, 10
10569, 17
10570, 19
10571, 17
10572, 24
10573, 37
10574, 1
10575, 1
10576, 3
10577, 39
10578, 36
10579, 1
10580, 33
10581, 1
10582, 81
10583, 71
10584, 80
10585, 15
10586, 2
10587, 0
10588, 42
10589, 44
10590, 38
10591, 48
10592, 0
10593, 25
10594, 41
10595, 43
10596, 0
10597, 33
10598, 20
10599, 0
10600, 40
10601, 60
10602, 34
10603, 40
10604, 1
10605, 0
10606, 26
10607, 6
10608, 1
10609, 0
10610, 26
10611, 29
10612, 23
10613, 16
10614, 1
10615, 0
10616, 34
10617, 53
10618, 29
10619, 30
10620, 31
10621, 1
10622, 13
10623, 1
10624, 0
10625, 47
10626, 20
10627, 25
10628, 29
10629, 1
10630, 1
10631, 0
10632, 35
10633, 19
10634, 27
10635, 23
10636, 0
10637, 44
10638, 21
10639, 19
10640, 1
10641, 0
10642, 60
10643, 21
10644, 19
10645, 21
10646, 1
10647, 1
10648, 0
10649, 40
10650, 19
10651, 22
10652, 84
10653, 33
10654, 20
10655, 0
10656, 36
10657, 17
10658, 25
10659, 17
10660, 1
10661, 0
10662, 32
10663, 21
10664, 16
10665, 1
10666, 0
10667, 41
10668, 13
10669, 23
10670, 1
10671, 0
10672, 0
10673, 19
10674, 15
10675, 5
10676, 30
10677, 15
10678, 26
10679, 29
10680, 61
10681, 20
10682, 8
10683, 20
10684, 24
10685, 1
10686, 17
10687, 68
10688, 8
10689, 19
10690, 27
10691, 56
10692, 8
10693, 22
10694, 24
10695, 1
10696, 1
10697, 35
10698, 21
10699, 1
10700, 1
10701, 1
10702, 1
10703, 1
10704, 3
10705, 39
10706, 36
10707, 32
10708, 2
10709, 0
10710, 44
10711, 38
10712, 0
10713, 25
10714, 0
10715, 43
10716, 90
10717, 0
10718, 30
10719, 29
10720, 0
10721, 40
10722, 24
10723, 26
10724, 42
10725, 1
10726, 0
10727, 47
10728, 0
10729, 21
10730, 18
10731, 18
10732, 0
10733, 21
10734, 13
10735, 26
10736, 16
10737, 8
10738, 20
10739, 1
10740, 1
10741, 0
10742, 30
10743, 19
10744, 23
10745, 1
10746, 0
10747, 19
10748, 19
10749, 17
10750, 8
10751, 23
10752, 15
10753, 1
10754, 0
10755, 1
10756, 1
10757, 1
10758, 0
10759, 0
10760, 3
10761, 39
10762, 36
10763, 1
10764, 33
10765, 1
10766, 81
10767, 77
10768, 78
10769, 85
10770, 75
10771, 1
10772, 82
10773, 85
10774, 2
10775, 0
10776, 0
10777, 28
10778, 23
10779, 0
10780, 0
10781, 25
10782, 40
10783, 28
10784, 35
10785, 24
10786, 1
10787, 35
10788, 46
10789, 31
10790, 1
10791, 38
10792, 35
10793, 27
10794, 1
10795, 0
10796, 54
10797, 0
10798, 43
10799, 0
10800, 19
10801, 14
10802, 5
10803, 10
10804, 16
10805, 19
10806, 31
10807, 18
10808, 8
10809, 11
10810, 1
10811, 34
10812, 20
10813, 1
10814, 1
10815, 1
10816, 1
10817, 39
10818, 24
10819, 18
10820, 20
10821, 0
10822, 24
10823, 19
10824, 1
10825, 0
10826, 38
10827, 21
10828, 12
10829, 1
10830, 0
10831, 19
10832, 51
10833, 19
10834, 26
10835, 15
10836, 8
10837, 30
10838, 1
10839, 1
10840, 1
10841, 1
10842, 56
10843, 40
10844, 38
10845, 0
10846, 17
10847, 19
10848, 19
10849, 0
10850, 30
10851, 59
10852, 70
10853, 61
10854, 26
10855, 0
10856, 17
10857, 40
10858, 27
10859, 0
10860, 5
10861, 29
10862, 23
10863, 11
10864, 7
10865, 0
10866, 47
10867, 13
10868, 33
10869, 18
10870, 14
10871, 5
10872, 30
10873, 15
10874, 27
10875, 5
10876, 14
10877, 1
10878, 1
10879, 1
10880, 25
10881, 22
10882, 7
10883, 1
10884, 47
10885, 28
10886, 22
10887, 1
10888, 1
10889, 39
10890, 34
10891, 0
10892, 61
10893, 23
10894, 0
10895, 27
10896, 54
10897, 67
10898, 58
10899, 23
10900, 2
10901, 0
10902, 17
10903, 0
10904, 17
10905, 40
10906, 27
10907, 0
10908, 5
10909, 29
10910, 23
10911, 11
10912, 0
10913, 47
10914, 13
10915, 33
10916, 18
10917, 15
10918, 16
10919, 0
10920, 16
10921, 10
10922, 10
10923, 33
10924, 0
10925, 17
10926, 8
10927, 14
10928, 6
10929, 14
10930, 1
10931, 1
10932, 0
10933, 1
10934, 1
10935, 25
10936, 22
10937, 7
10938, 1
10939, 47
10940, 28
10941, 22
10942, 1
10943, 1
10944, 39
10945, 34
10946, 0
10947, 28
10948, 2
10949, 0
10950, 17
10951, 19
10952, 25
10953, 0
10954, 23
10955, 22
10956, 14
10957, 1
10958, 0
10959, 38
10960, 18
10961, 1
10962, 28
10963, 51
10964, 0
10965, 72
10966, 12
10967, 39
10968, 56
10969, 24
10970, 31
10971, 36
10972, 14
10973, 10
10974, 4
10975, 30
10976, 1
10977, 1
10978, 0
10979, 47
10980, 41
10981, 42
10982, 98
10983, 13
10984, 83
10985, 1
10986, 9
10987, 1
10988, 3
10989, 0
10990, 87
10991, 41
10992, 30
10993, 21
10994, 39
10995, 37
10996, 65
10997, 23
10998, 68
10999, 4
11000, 38
11001, 1
11002, 1
11003, 1
11004, 0
