1, 35
2, 29
3, 4
4, 69
5, 3
6, 1
7, 33
8, 1
9, 21
10, 13
11, 30
12, 17
13, 23
14, 45
15, 81
16, 1
17, 6
18, 42
19, 1
20, 62
21, 51
22, 40
23, 32
24, 4
25, 67
26, 2
27, 1
28, 10
29, 42
30, 1
31, 24
32, 30
33, 1
34, 21
35, 66
36, 4
37, 54
38, 34
39, 39
40, 30
41, 34
42, 1
43, 2243
44, 1
45, 19
46, 34
47, 39
48, 33
49, 34
50, 1
51, 28
52, 68
53, 26
54, 24
55, 25
56, 1
57, 31
58, 50
59, 26
60, 24
61, 25
62, 1
63, 45
64, 11
65, 19
66, 37
67, 34
68, 1
69, 43
70, 9
71, 18
72, 1
73, 43
74, 5
75, 21
76, 27
77, 24
78, 1
79, 43
80, 11
81, 17
82, 30
83, 28
84, 75
85, 31
86, 69
87, 29
88, 71
89, 23
90, 29
91, 1
92, 34
93, 19
94, 40
95, 1
96, 34
97, 18
98, 38
99, 38
100, 33
101, 1
102, 36
103, 6
104, 14
105, 1
106, 36
107, 9
108, 17
109, 1
110, 36
111, 5
112, 22
113, 1
114, 50
115, 9
116, 14
117, 20
118, 20
119, 1
120, 37
121, 17
122, 26
123, 1
124, 37
125, 28
126, 17
127, 18
128, 24
129, 26
130, 19
131, 37
132, 39
133, 26
134, 1
135, 37
136, 21
137, 22
138, 20
139, 43
140, 80
141, 1
142, 48
143, 11
144, 43
145, 18
146, 1
147, 53
148, 25
149, 15
150, 20
151, 26
152, 20
153, 1
154, 41
155, 13
156, 23
157, 34
158, 33
159, 36
160, 34
161, 39
162, 17
163, 17
164, 17
165, 17
166, 13
167, 13
168, 13
169, 13
170, 62
171, 1
172, 46
173, 10
174, 55
175, 11
176, 1
177, 17
178, 40
179, 38
180, 1
181, 29
182, 1
183, 73
184, 2
185, 1
186, 30
187, 29
188, 40
189, 21
190, 16
191, 1
192, 1
193, 55
194, 1
195, 11
196, 37
197, 33
198, 40
199, 4
200, 44
201, 1
202, 13
203, 17
204, 4
205, 44
206, 1
207, 4
208, 10
209, 4
210, 15
211, 30
212, 24
213, 1
214, 46
215, 1
216, 14
217, 35
218, 1
219, 1
220, 34
221, 26
222, 23
223, 21
224, 16
225, 1
226, 45
227, 1
228, 14
229, 29
230, 1
231, 1
232, 1
233, 33
234, 26
235, 23
236, 21
237, 16
238, 1
239, 44
240, 1
241, 14
242, 29
243, 1
244, 1
245, 1
246, 35
247, 26
248, 23
249, 21
250, 16
251, 1
252, 46
253, 1
254, 14
255, 28
256, 4
257, 1
258, 1
259, 46
260, 26
261, 97
262, 21
263, 16
264, 1
265, 66
266, 1
267, 11
268, 64
269, 59
270, 66
271, 62
272, 1
273, 58
274, 1
275, 13
276, 27
277, 1
278, 1
279, 1
280, 58
281, 26
282, 23
283, 21
284, 16
285, 1
286, 58
287, 1
288, 14
289, 40
290, 1
291, 1
292, 1
293, 57
294, 26
295, 23
296, 21
297, 16
298, 1
299, 57
300, 1
301, 14
302, 42
303, 1
304, 1
305, 1
306, 59
307, 26
308, 23
309, 21
310, 16
311, 1
312, 59
313, 1
314, 14
315, 40
316, 1
317, 1
318, 1
319, 57
320, 26
321, 23
322, 21
323, 16
324, 1
325, 57
326, 1
327, 14
328, 41
329, 1
330, 1
331, 1
332, 25
333, 34
334, 23
335, 21
336, 16
337, 1
338, 53
339, 1
340, 15
341, 40
342, 4
343, 41
344, 1
345, 13
346, 35
347, 1
348, 41
349, 1
350, 6
351, 22
352, 1
353, 5
354, 22
355, 1
356, 5
357, 22
358, 4
359, 6
360, 36
361, 4
362, 4
363, 39
364, 1
365, 17
366, 33
367, 1
368, 81
369, 9
370, 15
371, 19
372, 19
373, 19
374, 19
375, 1
376, 27
377, 67
378, 50
379, 4
380, 20
381, 29
382, 4
383, 56
384, 1
385, 22
386, 37
387, 23
388, 4
389, 4
390, 4
391, 36
392, 26
393, 23
394, 21
395, 19
396, 1
397, 52
398, 1
399, 13
400, 43
401, 4
402, 51
403, 1
404, 6
405, 41
406, 1
407, 11
408, 24
409, 1
410, 22
411, 4
412, 72
413, 1
414, 24
415, 35
416, 1
417, 42
418, 1
419, 43
420, 42
421, 43
422, 42
423, 42
424, 1
425, 65
426, 64
427, 65
428, 64
429, 64
430, 1
431, 12
432, 17
433, 75
434, 77
435, 4
436, 78
437, 84
438, 3
439, 1
440, 29
441, 1
442, 40
443, 29
444, 3
445, 69
446, 2
447, 1
448, 33
449, 1
450, 21
451, 13
452, 30
453, 17
454, 23
455, 45
456, 81
457, 1
458, 6
459, 42
460, 1
461, 62
462, 51
463, 40
464, 32
465, 4
466, 70
467, 2
468, 1
469, 36
470, 29
471, 26
472, 24
473, 24
474, 4
475, 50
476, 1
477, 1
478, 43
479, 1
480, 6
481, 11
482, 4
483, 10
484, 23
485, 4
486, 11
487, 17
488, 4
489, 35
490, 29
491, 26
492, 24
493, 24
494, 4
495, 35
496, 29
497, 26
498, 24
499, 24
500, 4
501, 24
502, 24
503, 1
504, 1
505, 37
506, 1
507, 13
508, 21
509, 4
510, 11
511, 74
512, 4
513, 11
514, 70
515, 4
516, 7
517, 80
518, 4
519, 6
520, 33
521, 21
522, 60
523, 4
524, 43
525, 1
526, 29
527, 68
528, 4
529, 34
530, 39
531, 37
532, 1
533, 1
534, 32
535, 52
536, 26
537, 24
538, 25
539, 1
540, 1
541, 35
542, 12
543, 30
544, 11
545, 48
546, 18
547, 31
548, 34
549, 26
550, 39
551, 28
552, 41
553, 8
554, 6
555, 9
556, 1
557, 1
558, 1
559, 49
560, 17
561, 33
562, 47
563, 21
564, 1
565, 1
566, 1
567, 49
568, 9
569, 22
570, 40
571, 30
572, 50
573, 26
574, 65
575, 28
576, 1
577, 76
578, 40
579, 1
580, 79
581, 45
582, 6
583, 1
584, 44
585, 20
586, 1
587, 1
588, 1
589, 41
590, 25
591, 29
592, 13
593, 15
594, 28
595, 33
596, 25
597, 56
598, 20
599, 30
600, 48
601, 11
602, 1
603, 1
604, 1
605, 40
606, 6
607, 13
608, 1
609, 1
610, 1
611, 40
612, 5
613, 14
614, 24
615, 18
616, 14
617, 1
618, 1
619, 1
620, 54
621, 10
622, 13
623, 24
624, 18
625, 1
626, 1
627, 1
628, 41
629, 23
630, 55
631, 1
632, 1
633, 1
634, 46
635, 9
636, 11
637, 18
638, 42
639, 15
640, 57
641, 20
642, 10
643, 1
644, 16
645, 34
646, 39
647, 30
648, 30
649, 34
650, 1
651, 182
652, 2
653, 160
654, 2
655, 716
656, 46
657, 34
658, 47
659, 815
660, 146
661, 139
662, 1
663, 1
664, 41
665, 72
666, 9
667, 51
668, 11
669, 32
670, 55
671, 40
672, 19
673, 19
674, 1
675, 41
676, 17
677, 20
678, 21
679, 1
680, 8
681, 41
682, 12
683, 24
684, 20
685, 61
686, 61
687, 61
688, 61
689, 61
690, 61
691, 55
692, 14
693, 30
694, 1
695, 53
696, 1
697, 8
698, 44
699, 12
700, 25
701, 20
702, 34
703, 31
704, 31
705, 31
706, 1
707, 31
708, 31
709, 31
710, 31
711, 31
712, 31
713, 31
714, 31
715, 31
716, 31
717, 33
718, 20
719, 19
720, 14
721, 30
722, 1
723, 8
724, 49
725, 12
726, 25
727, 20
728, 45
729, 42
730, 42
731, 44
732, 23
733, 22
734, 14
735, 30
736, 1
737, 18
738, 48
739, 57
740, 1
741, 27
742, 1
743, 1
744, 13
745, 34
746, 36
747, 28
748, 30
749, 1
750, 143
751, 1
752, 54
753, 1
754, 30
755, 46
756, 1
757, 48
758, 1
759, 14
760, 19
761, 32
762, 1
763, 47
764, 1
765, 5
766, 16
767, 47
768, 35
769, 48
770, 17
771, 1
772, 37
773, 1
774, 6
775, 33
776, 1
777, 1
778, 81
779, 60
780, 1
781, 45
782, 1
783, 40
784, 10
785, 19
786, 35
787, 35
788, 34
789, 14
790, 23
791, 44
792, 53
793, 64
794, 9
795, 1
796, 39
797, 1
798, 5
799, 9
800, 21
801, 31
802, 35
803, 62
804, 12
805, 1
806, 22
807, 76
808, 31
809, 1
810, 1
811, 38
812, 1
813, 38
814, 9
815, 46
816, 1
817, 11
818, 33
819, 43
820, 34
821, 18
822, 9
823, 15
824, 1
825, 1
826, 31
827, 36
828, 52
829, 37
830, 1
831, 53
832, 1
833, 6
834, 13
835, 1
836, 14
837, 23
838, 23
839, 22
840, 36
841, 1
842, 39
843, 1
844, 5
845, 56
846, 1
847, 37
848, 1
849, 14
850, 15
851, 26
852, 1
853, 1
854, 12
855, 42
856, 41
857, 1
858, 47
859, 30
860, 52
861, 52
862, 52
863, 52
864, 52
865, 52
866, 47
867, 1
868, 50
869, 1
870, 50
871, 33
872, 28
873, 49
874, 49
875, 49
876, 49
877, 1
878, 49
879, 49
880, 49
881, 49
882, 49
883, 49
884, 49
885, 49
886, 49
887, 49
888, 49
889, 33
890, 1
891, 55
892, 33
893, 28
894, 60
895, 60
896, 60
897, 60
898, 33
899, 1
900, 17
901, 40
902, 29
903, 4
904, 65
905, 2
906, 1
907, 33
908, 1
909, 10
910, 14
911, 19
912, 65
913, 1
914, 81
915, 40
916, 38
917, 1
918, 29
919, 2
920, 77
921, 2
922, 1
923, 31
924, 1
925, 32
926, 11
927, 56
928, 78
929, 54
930, 1
931, 1
932, 17
933, 42
934, 19
935, 54
936, 1
937, 49
938, 40
939, 66
940, 4
941, 68
942, 2
943, 1
944, 18
945, 42
946, 1
947, 12
948, 32
949, 1
950, 56
951, 1
952, 22
953, 70
954, 4
955, 41
956, 40
957, 66
958, 4
959, 67
960, 2
961, 1
962, 20
963, 42
964, 1
965, 34
966, 40
967, 1
968, 71
969, 1
970, 18
971, 54
972, 63
973, 45
974, 56
975, 5
976, 4
977, 1
978, 47
979, 46
980, 47
981, 36
982, 40
983, 57
984, 4
985, 72
986, 2
987, 1
988, 30
989, 1
990, 9
991, 18
992, 20
993, 30
994, 4
995, 5
996, 13
997, 47
998, 20
999, 30
1000, 43
1001, 26
1002, 58
1003, 17
1004, 14
1005, 18
1006, 29
1007, 58
1008, 34
1009, 11
1010, 26
1011, 71
1012, 36
1013, 9
1014, 28
1015, 16
1016, 1
1017, 1
1018, 31
1019, 36
1020, 60
1021, 21
1022, 16
1023, 1
1024, 46
1025, 1
1026, 11
1027, 23
1028, 23
1029, 22
1030, 29
1031, 4
1032, 53
1033, 1
1034, 14
1035, 36
1036, 4
1037, 39
1038, 1
1039, 5
1040, 53
1041, 43
1042, 6
1043, 37
1044, 1
1045, 14
1046, 15
1047, 26
1048, 4
1049, 4
1050, 31
1051, 1
1052, 32
1053, 9
1054, 77
1055, 56
1056, 4
1057, 4
1058, 24
1059, 42
1060, 22
1061, 48
1062, 54
1063, 15
1064, 49
1065, 34
1066, 39
1067, 35
1068, 1
1069, 37
1070, 34
1071, 39
1072, 35
1073, 1
1074, 37
1075, 1
1076, 1
1077, 1
1078, 128
1079, 1
1080, 152
1081, 1
1082, 156
1083, 1
1084, 51
1085, 37
1086, 1
1087, 68
1088, 11
1089, 61
1090, 159
1091, 1
1092, 62
1093, 9
1094, 163
1095, 41
1096, 39
1097, 37
1098, 1
1099, 30
1100, 28
1101, 1
1102, 41
1103, 13
1104, 37
1105, 1
1106, 41
1107, 12
1108, 17
1109, 19
1110, 30
1111, 20
1112, 19
1113, 23
1114, 57
1115, 27
1116, 11
1117, 1
1118, 41
1119, 11
1120, 16
1121, 19
1122, 29
1123, 20
1124, 19
1125, 23
1126, 57
1127, 26
1128, 10
1129, 1
1130, 1
1131, 42
1132, 19
1133, 76
1134, 1
1135, 1
1136, 41
1137, 16
1138, 18
1139, 43
1140, 19
1141, 28
1142, 29
1143, 17
1144, 16
1145, 15
1146, 12
1147, 45
1148, 44
1149, 23
1150, 1
1151, 1
1152, 46
1153, 13
1154, 67
1155, 10
1156, 1
1157, 20
1158, 34
1159, 39
1160, 34
1161, 1
1162, 1
1163, 66
1164, 49
1165, 37
1166, 31
1167, 56
1168, 1
1169, 73
1170, 51
1171, 52
1172, 20
1173, 1
1174, 1
1175, 41
1176, 36
1177, 51
1178, 31
1179, 28
1180, 1
1181, 49
1182, 24
1183, 28
1184, 53
1185, 64
1186, 53
1187, 20
1188, 1
1189, 68
1190, 24
1191, 53
1192, 65
1193, 19
1194, 40
1195, 61
1196, 9
1197, 60
1198, 1
1199, 42
1200, 34
1201, 52
1202, 1
1203, 72
1204, 28
1205, 1
1206, 23
1207, 34
1208, 57
1209, 84
1210, 1
1211, 20
1212, 63
1213, 33
1214, 65
1215, 1
1216, 46
1217, 53
1218, 17
1219, 41
1220, 47
1221, 1
1222, 62
1223, 76
1224, 32
1225, 65
1226, 69
1227, 1
1228, 41
1229, 41
1230, 1
1231, 28
1232, 29
1233, 31
1234, 37
1235, 46
1236, 48
1237, 82
1238, 1
1239, 19
1240, 40
1241, 29
1242, 2
1243, 66
1244, 2
1245, 1
1246, 35
1247, 15
1248, 42
1249, 1
1250, 17
1251, 41
1252, 48
1253, 24
1254, 1
1255, 41
1256, 68
1257, 66
1258, 1
1259, 28
1260, 55
1261, 42
1262, 6
1263, 4
1264, 18
1265, 34
1266, 39
1267, 37
1268, 1
1269, 142
1270, 12
1271, 29
1272, 28
1273, 1
1274, 31
1275, 18
1276, 40
1277, 35
1278, 44
1279, 31
1280, 1
1281, 37
1282, 21
1283, 13
1284, 45
1285, 43
1286, 25
1287, 68
1288, 24
1289, 1
1290, 47
1291, 40
1292, 41
1293, 26
1294, 13
1295, 11
1296, 42
1297, 58
1298, 37
1299, 9
1300, 8
1301, 2
1302, 227
1303, 1
1304, 19
1305, 40
1306, 32
1307, 4
1308, 68
1309, 2
1310, 1
1311, 46
1312, 1
1313, 30
1314, 20
1315, 15
1316, 25
1317, 25
1318, 46
1319, 28
1320, 31
1321, 28
1322, 9
1323, 6
1324, 10
1325, 5
1326, 30
1327, 1
1328, 12
1329, 36
1330, 5
1331, 10
1332, 40
1333, 22
1334, 21
1335, 26
1336, 26
1337, 25
1338, 46
1339, 27
1340, 28
1341, 19
1342, 32
1343, 86
1344, 29
1345, 9
1346, 6
1347, 10
1348, 5
1349, 5
1350, 20
1351, 33
1352, 17
1353, 60
1354, 4
1355, 12
1356, 43
1357, 43
1358, 39
1359, 1
1360, 40
1361, 45
1362, 36
1363, 5
1364, 34
1365, 39
1366, 37
1367, 1
1368, 145
1369, 1
1370, 150
1371, 1
1372, 1191
1373, 1
1374, 15
1375, 40
1376, 29
1377, 4
1378, 74
1379, 2
1380, 1
1381, 25
1382, 31
1383, 23
1384, 21
1385, 16
1386, 1
1387, 47
1388, 1
1389, 14
1390, 43
1391, 4
1392, 31
1393, 1
1394, 21
1395, 25
1396, 4
1397, 33
1398, 1
1399, 9
1400, 24
1401, 4
1402, 6
1403, 14
1404, 4
1405, 4
1406, 26
1407, 39
1408, 23
1409, 21
1410, 16
1411, 1
1412, 48
1413, 1
1414, 37
1415, 53
1416, 4
1417, 32
1418, 1
1419, 23
1420, 25
1421, 18
1422, 4
1423, 34
1424, 1
1425, 9
1426, 36
1427, 45
1428, 27
1429, 17
1430, 9
1431, 4
1432, 4
1433, 27
1434, 42
1435, 28
1436, 50
1437, 17
1438, 1
1439, 45
1440, 50
1441, 18
1442, 40
1443, 29
1444, 4
1445, 75
1446, 1
1447, 2
1448, 1
1449, 31
1450, 1
1451, 32
1452, 11
1453, 56
1454, 78
1455, 56
1456, 4
1457, 4
1458, 43
1459, 45
1460, 3
1461, 45
1462, 75
1463, 1
1464, 19
1465, 55
1466, 62
1467, 18
1468, 1
1469, 20
1470, 26
1471, 32
1472, 48
1473, 32
1474, 53
1475, 1
1476, 3
1477, 1
1478, 21
1479, 37
1480, 23
1481, 1
1482, 15
1483, 12
1484, 46
1485, 63
1486, 9
1487, 6
1488, 55
1489, 21
1490, 24
1491, 29
1492, 66
1493, 4
1494, 11
1495, 40
1496, 41
1497, 4
1498, 40
1499, 69
1500, 4
1501, 41
1502, 66
1503, 4
1504, 42
1505, 66
1506, 13
1507, 41
1508, 66
1509, 6
1510, 42
1511, 70
1512, 10
1513, 46
1514, 65
1515, 5
1516, 40
1517, 70
1518, 7
1519, 34
1520, 39
1521, 34
1522, 1
1523, 147
1524, 1
1525, 5057
1526, 1
1527, 13
1528, 40
1529, 29
1530, 4
1531, 72
1532, 2
1533, 1
1534, 12
1535, 44
1536, 1
1537, 12
1538, 17
1539, 20
1540, 23
1541, 26
1542, 29
1543, 62
1544, 16
1545, 18
1546, 34
1547, 39
1548, 30
1549, 770
1550, 31
1551, 67
1552, 12
1553, 1
1554, 14
1555, 1033
1556, 1
1557, 15
1558, 34
1559, 39
1560, 30
1561, 34
1562, 1
1563, 155
1564, 1
1565, 227
1566, 1448
1567, 31
1568, 67
1569, 12
1570, 1
1571, 18
1572, 40
1573, 29
1574, 4
1575, 74
1576, 2
1577, 1
1578, 25
1579, 31
1580, 23
1581, 21
1582, 16
1583, 1
1584, 47
1585, 1
1586, 14
1587, 43
1588, 4
1589, 31
1590, 1
1591, 21
1592, 25
1593, 4
1594, 33
1595, 1
1596, 9
1597, 24
1598, 4
1599, 6
1600, 14
1601, 4
1602, 4
1603, 26
1604, 39
1605, 23
1606, 21
1607, 16
1608, 1
1609, 48
1610, 1
1611, 37
1612, 53
1613, 4
1614, 32
1615, 1
1616, 23
1617, 25
1618, 18
1619, 4
1620, 34
1621, 1
1622, 9
1623, 36
1624, 45
1625, 27
1626, 17
1627, 9
1628, 4
1629, 21
1630, 42
1631, 1
1632, 28
1633, 50
1634, 45
1635, 15
1636, 1
1637, 45
1638, 52
1639, 64
1640, 34
1641, 39
1642, 30
1643, 34
1644, 1
1645, 698
1646, 1
1647, 50
1648, 49
1649, 51
1650, 54
1651, 56
1652, 51
1653, 55
1654, 63
1655, 60
1656, 1
1657, 41
1658, 40
1659, 64
1660, 1
1661, 125
1662, 1
1663, 19
1664, 34
1665, 39
1666, 30
1667, 34
1668, 2
1669, 147
1670, 2
1671, 1468
1672, 46
1673, 1564
1674, 1
1675, 16
1676, 40
1677, 38
1678, 1
1679, 29
1680, 1
1681, 70
1682, 2
1683, 1
1684, 1
1685, 32
1686, 42
1687, 23
1688, 21
1689, 16
1690, 1
1691, 54
1692, 1
1693, 21
1694, 48
1695, 4
1696, 4
1697, 52
1698, 4
1699, 31
1700, 27
1701, 31
1702, 16
1703, 4
1704, 48
1705, 1
1706, 12
1707, 29
1708, 1
1709, 5
1710, 23
1711, 1
1712, 4
1713, 12
1714, 4
1715, 38
1716, 1
1717, 37
1718, 6
1719, 60
1720, 19
1721, 36
1722, 62
1723, 1
1724, 20
1725, 35
1726, 1
1727, 61
1728, 16
1729, 1
1730, 1
1731, 18
1732, 42
1733, 23
1734, 1
1735, 17
1736, 31
1737, 35
1738, 36
1739, 3
1740, 10
1741, 1
1742, 11
1743, 20
1744, 40
1745, 32
1746, 4
1747, 74
1748, 2
1749, 1
1750, 51
1751, 33
1752, 21
1753, 60
1754, 4
1755, 39
1756, 24
1757, 23
1758, 27
1759, 1
1760, 23
1761, 1
1762, 14
1763, 1
1764, 2
1765, 9
1766, 11
1767, 5
1768, 17
1769, 18
1770, 17
1771, 20
1772, 20
1773, 32
1774, 12
1775, 17
1776, 1
1777, 16
1778, 8
1779, 1
1780, 2
1781, 22
1782, 18
1783, 18
1784, 17
1785, 20
1786, 19
1787, 32
1788, 6
1789, 1
1790, 16
1791, 8
1792, 1
1793, 11
1794, 11
1795, 1
1796, 56
1797, 40
1798, 29
1799, 4
1800, 71
1801, 2
1802, 1
1803, 31
1804, 36
1805, 60
1806, 21
1807, 16
1808, 1
1809, 46
1810, 1
1811, 11
1812, 23
1813, 23
1814, 22
1815, 31
1816, 4
1817, 1
1818, 53
1819, 1
1820, 14
1821, 36
1822, 4
1823, 39
1824, 1
1825, 5
1826, 53
1827, 43
1828, 6
1829, 37
1830, 1
1831, 14
1832, 15
1833, 26
1834, 4
1835, 4
1836, 31
1837, 1
1838, 32
1839, 11
1840, 56
1841, 78
1842, 56
1843, 4
1844, 4
1845, 15
1846, 42
1847, 1
1848, 44
1849, 35
1850, 40
1851, 34
1852, 39
1853, 30
1854, 34
1855, 1
1856, 1639
1857, 1
1858, 17
1859, 34
1860, 39
1861, 30
1862, 33
1863, 1
1864, 1
1865, 55
1866, 29
1867, 37
1868, 37
1869, 37
1870, 37
1871, 37
1872, 37
1873, 37
1874, 37
1875, 8
1876, 1
1877, 62
1878, 26
1879, 26
1880, 26
1881, 24
1882, 24
1883, 28
1884, 24
1885, 24
1886, 26
1887, 24
1888, 28
1889, 1
1890, 1
1891, 71
1892, 21
1893, 27
1894, 1
1895, 58
1896, 61
1897, 20
1898, 1
1899, 35
1900, 14
1901, 35
1902, 49
1903, 10
1904, 1
1905, 42
1906, 65
1907, 1
1908, 10
1909, 10
1910, 25
1911, 25
1912, 84
1913, 62
1914, 12
1915, 1
1916, 16
1917, 35
1918, 38
1919, 51
1920, 1
1921, 1
1922, 41
1923, 59
1924, 39
1925, 41
1926, 1
1927, 46
1928, 1
1929, 28
1930, 21
1931, 18
1932, 44
1933, 57
1934, 1
1935, 28
1936, 21
1937, 23
1938, 1
1939, 54
1940, 1
1941, 25
1942, 72
1943, 35
1944, 69
1945, 34
1946, 31
1947, 12
1948, 1
1949, 1
1950, 41
1951, 36
1952, 51
1953, 31
1954, 28
1955, 1
1956, 49
1957, 24
1958, 28
1959, 53
1960, 64
1961, 53
1962, 20
1963, 1
1964, 68
1965, 24
1966, 53
1967, 65
1968, 19
1969, 40
1970, 61
1971, 9
1972, 60
1973, 1
1974, 1
1975, 46
1976, 8
1977, 20
1978, 24
1979, 26
1980, 1
1981, 30
1982, 34
1983, 60
1984, 74
1985, 9
1986, 1
1987, 18
1988, 11
1989, 1
1990, 1
1991, 15
1992, 40
1993, 33
1994, 4
1995, 76
1996, 2
1997, 1
1998, 19
1999, 51
2000, 16
2001, 27
2002, 10
2003, 1
2004, 35
2005, 43
2006, 10
2007, 26
2008, 34
2009, 17
2010, 28
2011, 1
2012, 29
2013, 17
2014, 5
2015, 3
2016, 1
2017, 4
2018, 20
2019, 16
2020, 11
2021, 18
2022, 4
2023, 25
2024, 40
2025, 39
2026, 4
2027, 29
2028, 4
2029, 76
2030, 2
2031, 1
2032, 60
2033, 55
2034, 40
2035, 29
2036, 4
2037, 67
2038, 2
2039, 1
2040, 31
2041, 42
2042, 1
2043, 27
2044, 28
2045, 1
2046, 17
2047, 15
2048, 53
2049, 1
2050, 27
2051, 33
2052, 64
2053, 29
2054, 9
2055, 6
2056, 3
2057, 1
2058, 52
2059, 41
2060, 39
2061, 37
2062, 1
2063, 30
2064, 28
2065, 1
2066, 41
2067, 13
2068, 37
2069, 1
2070, 41
2071, 12
2072, 17
2073, 19
2074, 30
2075, 20
2076, 19
2077, 23
2078, 57
2079, 27
2080, 11
2081, 1
2082, 41
2083, 11
2084, 16
2085, 19
2086, 29
2087, 20
2088, 19
2089, 23
2090, 57
2091, 26
2092, 10
2093, 1
2094, 1
2095, 42
2096, 19
2097, 76
2098, 1
2099, 1
2100, 41
2101, 16
2102, 18
2103, 43
2104, 19
2105, 28
2106, 29
2107, 17
2108, 16
2109, 15
2110, 12
2111, 45
2112, 44
2113, 23
2114, 1
2115, 1
2116, 46
2117, 13
2118, 67
2119, 10
2120, 1
2121, 20
2122, 41
2123, 39
2124, 37
2125, 1
2126, 35
2127, 13
2128, 37
2129, 1
2130, 35
2131, 12
2132, 17
2133, 19
2134, 24
2135, 20
2136, 19
2137, 23
2138, 57
2139, 27
2140, 11
2141, 1
2142, 35
2143, 11
2144, 16
2145, 19
2146, 23
2147, 20
2148, 19
2149, 23
2150, 57
2151, 26
2152, 10
2153, 1
2154, 1
2155, 42
2156, 19
2157, 76
2158, 1
2159, 1
2160, 41
2161, 16
2162, 18
2163, 37
2164, 19
2165, 28
2166, 29
2167, 17
2168, 16
2169, 15
2170, 12
2171, 45
2172, 44
2173, 23
2174, 1
2175, 1
2176, 46
2177, 14
2178, 67
2179, 11
2180, 1
2181, 21
2182, 40
2183, 29
2184, 4
2185, 77
2186, 2
2187, 1
2188, 24
2189, 23
2190, 52
2191, 56
2192, 14
2193, 1
2194, 45
2195, 29
2196, 50
2197, 50
2198, 40
2199, 29
2200, 4
2201, 70
2202, 2
2203, 1
2204, 19
2205, 42
2206, 1
2207, 38
2208, 42
2209, 43
2210, 28
2211, 34
2212, 39
2213, 34
2214, 188
2215, 42
2216, 1
2217, 1
2218, 15
2219, 41
2220, 39
2221, 37
2222, 68
2223, 27
2224, 13
2225, 27
2226, 42
2227, 31
2228, 10
2229, 1
2230, 1
2231, 15
2232, 40
2233, 38
2234, 1
2235, 30
2236, 1
2237, 65
2238, 2
2239, 1
2240, 31
2241, 1
2242, 26
2243, 20
2244, 17
2245, 56
2246, 61
2247, 56
2248, 11
2249, 29
2250, 1
2251, 1
2252, 6
2253, 42
2254, 1
2255, 75
2256, 1
2257, 1
2258, 1
2259, 1
2260, 2
2261, 18
2262, 2
2263, 41
2264, 39
2265, 45
2266, 34
2267, 1
2268, 173
2269, 1
2270, 33
2271, 41
2272, 1
2273, 33
2274, 49
2275, 1
2276, 83
2277, 2
2278, 86
2279, 1
2280, 76
2281, 1
2282, 33
2283, 30
2284, 1
2285, 33
2286, 5
2287, 73
2288, 33
2289, 19
2290, 1
2291, 85
2292, 1
2293, 1
2294, 51
2295, 47
2296, 1
2297, 173
2298, 1
2299, 1
2300, 82
2301, 30
2302, 61
2303, 44
2304, 6
2305, 41
2306, 1
2307, 52
2308, 79
2309, 24
2310, 1
2311, 1
2312, 1
2313, 18
2314, 40
2315, 29
2316, 4
2317, 69
2318, 2
2319, 1
2320, 52
2321, 1
2322, 26
2323, 26
2324, 22
2325, 1
2326, 21
2327, 21
2328, 45
2329, 1
2330, 42
2331, 17
2332, 40
2333, 50
2334, 36
2335, 17
2336, 31
2337, 33
2338, 25
2339, 12
2340, 9
2341, 9
2342, 1
2343, 12
2344, 34
2345, 34
2346, 32
2347, 4
2348, 40
2349, 45
2350, 5
2351, 75
2352, 2
2353, 1
2354, 37
2355, 1
2356, 20
2357, 14
2358, 71
2359, 77
2360, 1
2361, 70
2362, 15
2363, 4
2364, 4
2365, 22
2366, 45
2367, 23
2368, 1
2369, 28
2370, 37
2371, 63
2372, 54
2373, 3
2374, 1
2375, 54
2376, 37
2377, 57
2378, 73
2379, 4
