1, 14
2, 54
3, 47
4, 2
5, 16
6, 20
7, 20
8, 25
9, 23
10, 10
11, 10
12, 25
13, 18
14, 31
15, 12
16, 18
17, 12
18, 12
19, 10
20, 12
21, 4
22, 20
23, 35
24, 18
25, 20
26, 38
27, 17
28, 17
29, 17
30, 45
31, 14
32, 5
33, 1
34, 9
35, 17
36, 17
37, 17
38, 15
39, 17
40, 4
41, 17
42, 15
43, 11
44, 25
45, 5
46, 16
47, 22
48, 16
49, 26
50, 5
51, 1
52, 21
53, 2
54, 50
55, 46
56, 15
57, 19
58, 24
59, 25
60, 18
61, 17
62, 25
63, 17
64, 16
65, 6
66, 19
67, 24
68, 17
69, 24
70, 14
71, 17
72, 14
73, 7
74, 16
75, 5
76, 1
77, 18
78, 19
79, 18
80, 32
81, 25
82, 28
83, 20
84, 19
85, 11
86, 33
87, 36
88, 14
89, 6
90, 13
91, 14
92, 7
93, 29
94, 12
95, 18
96, 19
97, 18
98, 17
99, 5
100, 1
101, 16
102, 19
103, 55
104, 50
105, 17
106, 11
107, 16
108, 26
109, 27
110, 14
111, 6
112, 16
113, 7
114, 31
115, 11
116, 49
117, 32
118, 1
119, 34
120, 22
121, 22
122, 14
123, 14
124, 1
125, 20
126, 11
127, 47
128, 1
129, 18
130, 12
131, 1
132, 35
133, 1
134, 24
135, 19
136, 11
137, 22
138, 20
139, 4
140, 13
141, 1
142, 9
143, 15
144, 12
145, 1
146, 40
147, 34
148, 22
149, 21
150, 42
151, 34
152, 22
153, 7
154, 9
155, 38
156, 24
157, 14
158, 30
159, 13
160, 23
161, 15
162, 14
163, 1
164, 1
165, 12
166, 38
167, 1
168, 34
169, 37
170, 18
171, 22
172, 14
173, 14
174, 1
175, 5
176, 21
177, 29
178, 14
179, 16
180, 33
181, 34
182, 34
183, 34
184, 46
185, 17
186, 10
187, 10
188, 4
189, 25
190, 14
191, 9
192, 13
193, 13
194, 13
195, 9
196, 7
197, 16
198, 9
199, 23
200, 9
201, 13
202, 16
203, 14
204, 34
205, 15
206, 13
207, 24
208, 17
209, 19
210, 12
211, 26
212, 17
213, 16
214, 13
215, 10
216, 34
217, 21
218, 24
219, 12
220, 17
221, 13
222, 18
223, 21
224, 19
225, 22
226, 21
227, 23
228, 19
229, 28
230, 22
231, 17
232, 22
233, 15
234, 19
235, 16
236, 36
237, 26
238, 26
239, 26
240, 26
241, 15
242, 15
243, 20
244, 19
245, 19
246, 21
247, 21
248, 15
249, 26
250, 43
251, 26
252, 15
253, 9
254, 9
255, 30
256, 24
257, 12
258, 20
259, 20
260, 9
261, 17
262, 35
263, 16
264, 21
265, 21
266, 12
267, 21
268, 15
269, 20
270, 18
271, 11
272, 18
273, 32
274, 9
275, 16
276, 5
277, 1
278, 16
279, 19
280, 19
281, 17
282, 13
283, 23
284, 24
285, 13
286, 16
287, 13
288, 14
289, 10
290, 5
291, 14
292, 2
293, 49
294, 17
295, 1
296, 34
297, 1
298, 20
299, 23
300, 20
301, 19
302, 16
303, 12
304, 10
305, 10
306, 32
307, 23
308, 13
309, 22
310, 10
311, 17
312, 8
313, 5
314, 1
315, 18
316, 23
317, 20
318, 18
319, 23
320, 24
321, 1
322, 23
323, 29
324, 23
325, 16
326, 7
327, 10
328, 18
329, 12
330, 16
331, 33
332, 15
333, 10
334, 23
335, 30
336, 10
337, 16
338, 8
339, 10
340, 9
341, 19
342, 10
343, 24
344, 16
345, 5
346, 1
347, 28
348, 1
349, 21
350, 20
351, 22
352, 23
353, 20
354, 16
355, 25
356, 12
357, 1
358, 13
359, 12
360, 13
361, 14
362, 14
363, 4
364, 22
365, 10
366, 31
367, 1
368, 39
369, 15
370, 14
371, 9
372, 22
373, 10
374, 4
375, 9
376, 12
377, 30
378, 39
379, 15
380, 9
381, 19
382, 10
383, 14
384, 14
385, 13
386, 1
387, 23
388, 17
389, 8
390, 5
391, 1
392, 21
393, 20
394, 22
395, 19
396, 16
397, 29
398, 12
399, 9
400, 17
401, 1
402, 13
403, 12
404, 13
405, 14
406, 14
407, 4
408, 10
409, 31
410, 1
411, 39
412, 15
413, 14
414, 9
415, 22
416, 10
417, 1
418, 12
419, 16
420, 33
421, 21
422, 13
423, 16
424, 12
425, 9
426, 19
427, 10
428, 1
429, 24
430, 13
431, 14
432, 10
433, 1
434, 23
435, 17
436, 8
437, 5
438, 1
439, 38
440, 28
441, 11
442, 18
443, 22
444, 21
445, 6
446, 1
447, 16
448, 19
449, 21
450, 16
451, 65
452, 22
453, 26
454, 14
455, 30
456, 12
457, 17
458, 8
459, 17
460, 11
461, 10
462, 34
463, 1
464, 18
465, 28
466, 12
467, 34
468, 34
469, 34
470, 34
471, 1
472, 34
473, 34
474, 34
475, 34
476, 34
477, 34
478, 35
479, 35
480, 35
481, 35
482, 35
483, 1
484, 26
485, 36
486, 19
487, 53
488, 53
489, 53
490, 53
491, 1
492, 21
493, 299
494, 1
495, 27
496, 34
497, 4
498, 15
499, 56
500, 15
501, 64
502, 15
503, 76
504, 5
505, 1
506, 12
507, 1
508, 64
509, 1
510, 16
511, 1
512, 58
513, 1
514, 19
515, 1
516, 49
517, 39
518, 1
519, 18
520, 40
521, 38
522, 1
523, 5
524, 1
525, 18
526, 19
527, 19
528, 16
529, 21
530, 9
531, 11
532, 15
533, 16
534, 27
535, 17
536, 11
537, 21
538, 14
539, 9
540, 9
541, 19
542, 1
543, 36
544, 11
545, 16
546, 31
547, 18
548, 7
549, 5
550, 69
551, 11
552, 25
553, 7
554, 5
555, 14
556, 39
557, 37
558, 3
559, 29
560, 1
561, 16
562, 20
563, 22
564, 20
565, 25
566, 14
567, 25
568, 24
569, 40
570, 13
571, 21
572, 14
573, 17
574, 15
575, 25
576, 21
577, 30
578, 24
579, 35
580, 12
581, 14
582, 20
583, 20
584, 24
585, 25
586, 27
587, 33
588, 39
589, 5
590, 1
591, 14
592, 21
593, 18
594, 24
595, 20
596, 21
597, 9
598, 23
599, 10
600, 33
601, 28
602, 20
603, 28
604, 20
605, 11
606, 20
607, 9
608, 17
609, 8
610, 26
611, 14
612, 5
613, 1
614, 25
615, 18
616, 20
617, 21
618, 16
619, 1
620, 20
621, 30
622, 24
623, 15
624, 4
625, 19
626, 34
627, 33
628, 9
629, 13
630, 31
631, 20
632, 20
633, 28
634, 11
635, 18
636, 20
637, 20
638, 9
639, 20
640, 12
641, 1
642, 23
643, 21
644, 4
645, 15
646, 9
647, 10
648, 30
649, 20
650, 20
651, 13
652, 13
653, 30
654, 11
655, 16
656, 14
657, 14
658, 16
659, 31
660, 13
661, 9
662, 17
663, 8
664, 5
665, 1
666, 10
667, 16
668, 16
669, 14
670, 14
671, 22
672, 16
673, 5
674, 1
675, 14
676, 21
677, 19
678, 16
679, 9
680, 11
681, 12
682, 17
683, 27
684, 30
685, 9
686, 19
687, 10
688, 11
689, 14
690, 11
691, 14
692, 5
693, 1
694, 12
695, 1
696, 60
697, 1
698, 16
699, 1
700, 65
701, 1
702, 19
703, 1
704, 68
705, 1
706, 49
707, 39
708, 1
709, 18
710, 40
711, 38
712, 1
713, 5
714, 1
715, 18
716, 19
717, 34
718, 24
719, 23
720, 25
721, 36
722, 56
723, 47
724, 17
725, 15
726, 16
727, 13
728, 15
729, 83
730, 25
731, 15
732, 11
733, 27
734, 23
735, 17
736, 11
737, 10
738, 15
739, 31
740, 16
741, 11
742, 13
743, 11
744, 14
745, 9
746, 7
747, 14
748, 7
749, 28
750, 12
751, 12
752, 36
753, 10
754, 11
755, 14
756, 13
757, 28
758, 10
759, 11
760, 11
761, 11
762, 1
763, 9
764, 7
765, 29
766, 22
767, 22
768, 23
769, 17
770, 27
771, 15
772, 12
773, 17
774, 17
775, 22
776, 11
777, 11
778, 42
779, 17
780, 17
781, 19
782, 33
783, 9
784, 31
785, 9
786, 18
787, 33
788, 17
789, 12
790, 21
791, 19
792, 30
793, 27
794, 13
795, 16
796, 15
797, 14
798, 17
799, 11
800, 14
801, 26
802, 11
803, 12
804, 17
805, 20
806, 14
807, 7
808, 9
809, 28
810, 1
811, 14
812, 28
813, 7
814, 5
815, 14
816, 33
817, 37
818, 3
819, 29
820, 1
821, 29
822, 72
823, 24
824, 24
825, 24
826, 36
827, 30
828, 11
829, 21
830, 25
831, 25
832, 25
833, 23
834, 23
835, 23
836, 23
837, 6
838, 1
839, 16
840, 19
841, 31
842, 15
843, 15
844, 31
845, 17
846, 11
847, 8
848, 21
849, 31
850, 14
851, 9
852, 47
853, 13
854, 26
855, 29
856, 29
857, 29
858, 29
859, 29
860, 29
861, 29
862, 12
863, 26
864, 29
865, 29
866, 29
867, 29
868, 29
869, 29
870, 29
871, 12
872, 26
873, 29
874, 29
875, 29
876, 29
877, 29
878, 29
879, 29
880, 13
881, 26
882, 29
883, 29
884, 29
885, 29
886, 29
887, 29
888, 29
889, 1
890, 20
891, 36
892, 33
893, 18
894, 30
895, 11
896, 16
897, 31
898, 13
899, 16
900, 9
901, 10
902, 28
903, 37
904, 9
905, 17
906, 8
907, 4
908, 33
909, 16
910, 31
911, 13
912, 10
913, 5
914, 1
915, 21
916, 22
917, 21
918, 27
919, 12
920, 12
921, 12
922, 16
923, 9
924, 10
925, 34
926, 21
927, 21
928, 14
929, 13
930, 21
931, 21
932, 14
933, 13
934, 21
935, 21
936, 14
937, 13
938, 9
939, 17
940, 8
941, 39
942, 29
943, 20
944, 29
945, 20
946, 29
947, 20
948, 5
949, 1
950, 12
951, 22
952, 21
953, 23
954, 19
955, 11
956, 9
957, 12
958, 36
959, 1
960, 75
961, 28
962, 14
963, 1
964, 26
965, 22
966, 4
967, 26
968, 22
969, 14
970, 4
971, 26
972, 22
973, 14
974, 1
975, 14
976, 4
977, 12
978, 4
979, 13
980, 12
981, 36
982, 37
983, 1
984, 24
985, 21
986, 21
987, 18
988, 1
989, 24
990, 21
991, 21
992, 18
993, 1
994, 24
995, 21
996, 21
997, 18
998, 1
999, 51
1000, 21
1001, 21
1002, 21
1003, 14
1004, 14
1005, 23
1006, 4
1007, 43
1008, 21
1009, 21
1010, 14
1011, 19
1012, 12
1013, 4
1014, 9
1015, 19
1016, 10
1017, 1
1018, 9
1019, 19
1020, 10
1021, 14
1022, 5
1023, 1
1024, 13
1025, 22
1026, 21
1027, 19
1028, 19
1029, 42
1030, 9
1031, 12
1032, 36
1033, 4
1034, 13
1035, 15
1036, 39
1037, 1
1038, 27
1039, 24
1040, 24
1041, 21
1042, 27
1043, 24
1044, 24
1045, 21
1046, 27
1047, 24
1048, 24
1049, 21
1050, 1
1051, 54
1052, 24
1053, 24
1054, 17
1055, 24
1056, 17
1057, 26
1058, 1
1059, 53
1060, 30
1061, 21
1062, 1
1063, 38
1064, 24
1065, 16
1066, 17
1067, 24
1068, 17
1069, 24
1070, 1
1071, 38
1072, 24
1073, 16
1074, 17
1075, 24
1076, 17
1077, 24
1078, 1
1079, 38
1080, 24
1081, 16
1082, 17
1083, 24
1084, 17
1085, 24
1086, 1
1087, 38
1088, 24
1089, 16
1090, 17
1091, 24
1092, 17
1093, 24
1094, 1
1095, 38
1096, 24
1097, 16
1098, 17
1099, 24
1100, 17
1101, 24
1102, 1
1103, 38
1104, 24
1105, 16
1106, 17
1107, 24
1108, 17
1109, 24
1110, 1
1111, 12
1112, 22
1113, 13
1114, 1
1115, 9
1116, 19
1117, 10
1118, 1
1119, 9
1120, 12
1121, 36
1122, 25
1123, 21
1124, 18
1125, 21
1126, 14
1127, 21
1128, 1
1129, 25
1130, 21
1131, 18
1132, 21
1133, 14
1134, 21
1135, 1
1136, 25
1137, 21
1138, 18
1139, 21
1140, 14
1141, 21
1142, 1
1143, 9
1144, 19
1145, 10
1146, 4
1147, 5
1148, 14
1149, 33
1150, 37
1151, 3
1152, 29
1153, 47
1154, 1
1155, 17
1156, 17
1157, 17
1158, 18
1159, 18
1160, 18
1161, 17
1162, 1
1163, 29
1164, 72
1165, 24
1166, 24
1167, 24
1168, 36
1169, 30
1170, 11
1171, 21
1172, 26
1173, 26
1174, 26
1175, 25
1176, 25
1177, 25
1178, 24
1179, 6
1180, 1
1181, 16
1182, 19
1183, 31
1184, 15
1185, 15
1186, 31
1187, 17
1188, 11
1189, 8
1190, 21
1191, 31
1192, 14
1193, 9
1194, 47
1195, 13
1196, 26
1197, 29
1198, 29
1199, 29
1200, 29
1201, 29
1202, 29
1203, 29
1204, 12
1205, 26
1206, 29
1207, 29
1208, 29
1209, 29
1210, 29
1211, 29
1212, 29
1213, 12
1214, 26
1215, 29
1216, 29
1217, 29
1218, 29
1219, 29
1220, 29
1221, 29
1222, 13
1223, 26
1224, 29
1225, 29
1226, 29
1227, 29
1228, 29
1229, 29
1230, 29
1231, 1
1232, 20
1233, 36
1234, 33
1235, 18
1236, 30
1237, 11
1238, 16
1239, 31
1240, 13
1241, 16
1242, 9
1243, 10
1244, 28
1245, 37
1246, 9
1247, 17
1248, 8
1249, 4
1250, 33
1251, 16
1252, 31
1253, 13
1254, 10
1255, 5
1256, 1
1257, 21
1258, 22
1259, 21
1260, 27
1261, 12
1262, 12
1263, 12
1264, 16
1265, 9
1266, 10
1267, 34
1268, 23
1269, 22
1270, 14
1271, 13
1272, 23
1273, 22
1274, 14
1275, 13
1276, 23
1277, 22
1278, 14
1279, 13
1280, 9
1281, 17
1282, 8
1283, 39
1284, 29
1285, 22
1286, 29
1287, 22
1288, 29
1289, 22
1290, 5
1291, 1
1292, 12
1293, 22
1294, 21
1295, 23
1296, 19
1297, 11
1298, 9
1299, 12
1300, 36
1301, 1
1302, 75
1303, 29
1304, 14
1305, 1
1306, 28
1307, 22
1308, 4
1309, 28
1310, 22
1311, 14
1312, 4
1313, 28
1314, 22
1315, 14
1316, 1
1317, 14
1318, 4
1319, 12
1320, 4
1321, 13
1322, 12
1323, 36
1324, 37
1325, 1
1326, 24
1327, 22
1328, 22
1329, 18
1330, 1
1331, 24
1332, 22
1333, 22
1334, 18
1335, 1
1336, 24
1337, 22
1338, 22
1339, 18
1340, 1
1341, 51
1342, 17
1343, 17
1344, 17
1345, 14
1346, 14
1347, 23
1348, 4
1349, 43
1350, 22
1351, 22
1352, 14
1353, 19
1354, 12
1355, 4
1356, 9
1357, 19
1358, 10
1359, 1
1360, 9
1361, 19
1362, 10
1363, 14
1364, 5
1365, 1
1366, 13
1367, 22
1368, 21
1369, 19
1370, 19
1371, 42
1372, 46
1373, 35
1374, 21
1375, 9
1376, 12
1377, 36
1378, 18
1379, 14
1380, 14
1381, 14
1382, 14
1383, 16
1384, 16
1385, 16
1386, 4
1387, 13
1388, 15
1389, 39
1390, 21
1391, 18
1392, 18
1393, 18
1394, 18
1395, 1
1396, 27
1397, 20
1398, 27
1399, 20
1400, 27
1401, 20
1402, 1
1403, 54
1404, 20
1405, 20
1406, 17
1407, 20
1408, 17
1409, 26
1410, 1
1411, 53
1412, 32
1413, 22
1414, 21
1415, 1
1416, 38
1417, 21
1418, 17
1419, 17
1420, 1
1421, 38
1422, 21
1423, 17
1424, 17
1425, 1
1426, 38
1427, 21
1428, 17
1429, 17
1430, 1
1431, 38
1432, 20
1433, 17
1434, 19
1435, 17
1436, 19
1437, 1
1438, 38
1439, 20
1440, 17
1441, 19
1442, 17
1443, 19
1444, 1
1445, 38
1446, 20
1447, 17
1448, 19
1449, 17
1450, 19
1451, 1
1452, 12
1453, 22
1454, 13
1455, 16
1456, 16
1457, 16
1458, 1
1459, 9
1460, 19
1461, 10
1462, 1
1463, 9
1464, 12
1465, 36
1466, 18
1467, 25
1468, 16
1469, 18
1470, 15
1471, 14
1472, 15
1473, 1
1474, 25
1475, 16
1476, 18
1477, 15
1478, 14
1479, 15
1480, 1
1481, 25
1482, 16
1483, 18
1484, 15
1485, 14
1486, 15
1487, 1
1488, 9
1489, 19
1490, 10
1491, 4
1492, 5
1493, 14
1494, 2
1495, 33
1496, 21
1497, 13
1498, 1
1499, 21
1500, 17
1501, 21
1502, 24
1503, 35
1504, 14
1505, 10
1506, 5
1507, 17
1508, 10
1509, 22
1510, 10
1511, 14
1512, 5
1513, 20
1514, 27
1515, 18
1516, 15
1517, 25
1518, 5
1519, 18
1520, 12
1521, 23
1522, 6
1523, 15
1524, 7
1525, 11
1526, 23
1527, 20
1528, 5
1529, 16
1530, 20
1531, 18
1532, 33
1533, 12
1534, 11
1535, 11
1536, 6
1537, 16
1538, 10
1539, 19
1540, 20
1541, 31
1542, 33
1543, 12
1544, 15
1545, 19
1546, 48
1547, 14
1548, 10
1549, 23
1550, 5
1551, 5
1552, 21
1553, 2
1554, 37
1555, 21
1556, 13
1557, 1
1558, 21
1559, 17
1560, 21
1561, 24
1562, 34
1563, 14
1564, 10
1565, 5
1566, 17
1567, 10
1568, 22
1569, 10
1570, 14
1571, 5
1572, 20
1573, 27
1574, 18
1575, 15
1576, 25
1577, 5
1578, 18
1579, 12
1580, 23
1581, 6
1582, 15
1583, 7
1584, 11
1585, 23
1586, 20
1587, 5
1588, 16
1589, 20
1590, 18
1591, 33
1592, 12
1593, 11
1594, 11
1595, 6
1596, 16
1597, 10
1598, 19
1599, 20
1600, 31
1601, 33
1602, 12
1603, 15
1604, 19
1605, 48
1606, 14
1607, 10
1608, 23
1609, 5
1610, 5
1611, 21
1612, 2
1613, 37
1614, 21
1615, 1
1616, 70
1617, 1
1618, 21
1619, 17
1620, 21
1621, 30
1622, 34
1623, 14
1624, 10
1625, 14
1626, 5
1627, 20
1628, 23
1629, 18
1630, 15
1631, 25
1632, 5
1633, 18
1634, 12
1635, 23
1636, 6
1637, 15
1638, 7
1639, 11
1640, 23
1641, 20
1642, 5
1643, 16
1644, 20
1645, 18
1646, 33
1647, 12
1648, 11
1649, 11
1650, 6
1651, 16
1652, 10
1653, 19
1654, 20
1655, 31
1656, 33
1657, 12
1658, 15
1659, 19
1660, 48
1661, 14
1662, 10
1663, 23
1664, 5
1665, 5
1666, 14
1667, 2
1668, 44
1669, 2
1670, 17
1671, 1
1672, 16
1673, 19
1674, 19
1675, 70
1676, 21
1677, 24
1678, 33
1679, 14
1680, 14
1681, 15
1682, 30
1683, 17
1684, 11
1685, 7
1686, 1
1687, 14
1688, 14
1689, 14
1690, 14
1691, 14
1692, 14
1693, 14
1694, 14
1695, 14
1696, 12
1697, 19
1698, 11
1699, 9
1700, 10
1701, 47
1702, 16
1703, 19
1704, 15
1705, 17
1706, 12
1707, 19
1708, 15
1709, 15
1710, 19
1711, 15
1712, 12
1713, 15
1714, 14
1715, 14
1716, 19
1717, 15
1718, 15
1719, 14
1720, 14
1721, 19
1722, 15
1723, 17
1724, 15
1725, 9
1726, 15
1727, 15
1728, 17
1729, 11
1730, 17
1731, 15
1732, 9
1733, 15
1734, 22
1735, 15
1736, 9
1737, 27
1738, 11
1739, 23
1740, 1
1741, 20
1742, 20
1743, 20
1744, 20
1745, 20
1746, 21
1747, 20
1748, 20
1749, 20
1750, 1
1751, 36
1752, 14
1753, 13
1754, 15
1755, 18
1756, 20
1757, 15
1758, 19
1759, 27
1760, 14
1761, 4
1762, 16
1763, 1
1764, 5
1765, 1
1766, 14
1767, 2
1768, 38
1769, 2
1770, 44
1771, 2
1772, 21
1773, 27
1774, 1
1775, 14
1776, 63
1777, 1
1778, 22
1779, 1
1780, 11
1781, 21
1782, 6
1783, 18
1784, 14
1785, 14
1786, 5
1787, 7
1788, 11
1789, 21
1790, 17
1791, 6
1792, 21
1793, 16
1794, 16
1795, 12
1796, 12
1797, 23
1798, 16
1799, 12
1800, 32
1801, 14
1802, 5
1803, 1
1804, 51
1805, 22
1806, 32
1807, 33
1808, 33
1809, 1
1810, 15
1811, 18
1812, 18
1813, 18
1814, 18
1815, 18
1816, 18
1817, 18
1818, 18
1819, 18
1820, 18
1821, 19
1822, 21
1823, 18
1824, 19
1825, 21
1826, 18
1827, 19
1828, 22
1829, 33
1830, 5
1831, 1
1832, 31
1833, 35
1834, 1
1835, 13
1836, 17
1837, 17
1838, 17
1839, 17
1840, 17
1841, 16
1842, 18
1843, 16
1844, 18
1845, 21
1846, 18
1847, 5
1848, 1
1849, 18
1850, 2
1851, 22
1852, 17
1853, 1
1854, 15
1855, 61
1856, 22
1857, 11
1858, 22
1859, 22
1860, 22
1861, 11
1862, 23
1863, 12
1864, 25
1865, 14
1866, 24
1867, 13
1868, 14
1869, 27
1870, 7
1871, 38
1872, 4
1873, 35
1874, 7
1875, 43
1876, 34
1877, 4
1878, 38
1879, 41
1880, 72
1881, 4
1882, 31
1883, 42
1884, 14
1885, 11
1886, 43
1887, 17
1888, 22
1889, 12
1890, 22
1891, 13
1892, 17
1893, 22
1894, 22
1895, 11
1896, 68
1897, 14
1898, 15
1899, 5
1900, 1
1901, 13
1902, 26
1903, 26
1904, 16
1905, 41
1906, 74
1907, 23
1908, 91
1909, 2
1910, 8
1911, 1
1912, 16
1913, 20
1914, 18
1915, 27
1916, 15
1917, 12
1918, 11
1919, 6
1920, 22
1921, 14
1922, 10
1923, 20
1924, 18
1925, 16
1926, 12
1927, 16
1928, 3
1929, 23
1930, 20
1931, 25
1932, 22
1933, 6
1934, 18
1935, 16
1936, 25
1937, 16
1938, 12
1939, 16
1940, 6
1941, 5
1942, 5
1943, 16
1944, 19
1945, 17
1946, 13
1947, 34
1948, 29
1949, 9
1950, 14
1951, 11
1952, 27
1953, 20
1954, 30
1955, 11
1956, 16
1957, 31
1958, 13
1959, 14
1960, 5
1961, 1
1962, 27
1963, 25
1964, 26
1965, 1
1966, 16
1967, 20
1968, 19
1969, 34
1970, 40
1971, 24
1972, 27
1973, 21
1974, 15
1975, 24
1976, 8
1977, 14
1978, 13
1979, 13
1980, 13
1981, 13
1982, 14
1983, 13
1984, 14
1985, 16
1986, 5
1987, 1
1988, 14
1989, 33
1990, 37
1991, 3
1992, 29
1993, 1
1994, 12
1995, 74
1996, 36
1997, 35
1998, 6
1999, 24
2000, 19
2001, 21
2002, 18
2003, 19
2004, 9
2005, 17
2006, 14
2007, 10
2008, 14
2009, 10
2010, 9
2011, 17
2012, 18
2013, 11
2014, 19
2015, 18
2016, 28
2017, 14
2018, 17
2019, 29
2020, 13
2021, 7
2022, 1
2023, 20
2024, 18
2025, 19
2026, 1
2027, 12
2028, 15
2029, 15
2030, 15
2031, 14
2032, 18
2033, 15
2034, 7
2035, 1
2036, 14
2037, 2
2038, 49
2039, 17
2040, 1
2041, 16
2042, 19
2043, 17
2044, 13
2045, 9
2046, 21
2047, 11
2048, 27
2049, 27
2050, 30
2051, 11
2052, 16
2053, 31
2054, 13
2055, 14
2056, 5
2057, 1
2058, 27
2059, 25
2060, 26
2061, 1
2062, 16
2063, 20
2064, 21
2065, 15
2066, 6
2067, 14
2068, 13
2069, 13
2070, 13
2071, 13
2072, 14
2073, 13
2074, 14
2075, 15
2076, 25
2077, 13
2078, 5
2079, 1
2080, 19
2081, 2
2082, 25
2083, 29
2084, 1
2085, 28
2086, 43
2087, 30
2088, 1
2089, 16
2090, 20
2091, 23
2092, 16
2093, 10
2094, 33
2095, 18
2096, 12
2097, 8
2098, 20
2099, 34
2100, 1
2101, 21
2102, 33
2103, 15
2104, 1
2105, 10
2106, 1
2107, 16
2108, 22
2109, 19
2110, 19
2111, 1
2112, 19
2113, 19
2114, 22
2115, 19
2116, 1
2117, 16
2118, 16
2119, 19
2120, 19
2121, 17
2122, 30
2123, 19
2124, 1
2125, 20
2126, 19
2127, 1
2128, 32
2129, 19
2130, 1
2131, 33
2132, 14
2133, 16
2134, 18
2135, 11
2136, 23
2137, 4
2138, 14
2139, 5
2140, 1
2141, 9
2142, 17
2143, 17
2144, 21
2145, 21
2146, 10
2147, 18
2148, 10
2149, 22
2150, 4
2151, 10
2152, 16
2153, 4
2154, 10
2155, 22
2156, 5
2157, 1
2158, 12
2159, 17
2160, 28
2161, 15
2162, 7
2163, 19
2164, 16
2165, 22
2166, 16
2167, 22
2168, 15
2169, 17
2170, 5
2171, 1
2172, 12
2173, 17
2174, 30
2175, 17
2176, 7
2177, 19
2178, 18
2179, 22
2180, 10
2181, 18
2182, 13
2183, 17
2184, 5
2185, 1
2186, 12
2187, 19
2188, 19
2189, 19
2190, 29
2191, 15
2192, 7
2193, 21
2194, 16
2195, 28
2196, 16
2197, 28
2198, 10
2199, 24
2200, 32
2201, 5
2202, 1
2203, 12
2204, 17
2205, 17
2206, 17
2207, 29
2208, 15
2209, 7
2210, 19
2211, 16
2212, 28
2213, 16
2214, 28
2215, 10
2216, 26
2217, 32
2218, 5
2219, 1
2220, 11
2221, 17
2222, 1
2223, 16
2224, 27
2225, 94
2226, 55
2227, 68
2228, 43
2229, 4
2230, 34
2231, 36
2232, 16
2233, 49
2234, 49
2235, 49
2236, 49
2237, 49
2238, 49
2239, 49
2240, 49
2241, 49
2242, 46
2243, 27
2244, 70
2245, 78
2246, 78
2247, 78
2248, 78
2249, 78
2250, 78
2251, 78
2252, 78
2253, 1
2254, 19
2255, 24
2256, 24
2257, 24
2258, 22
2259, 22
2260, 26
2261, 22
2262, 22
2263, 24
2264, 22
2265, 22
2266, 4
2267, 48
2268, 22
2269, 12
2270, 22
2271, 27
2272, 33
2273, 57
2274, 18
2275, 16
2276, 19
2277, 10
2278, 24
2279, 1
2280, 49
2281, 21
2282, 48
2283, 37
2284, 24
2285, 1
2286, 19
2287, 11
2288, 33
2289, 18
2290, 22
2291, 20
2292, 14
2293, 28
2294, 18
2295, 14
2296, 23
2297, 4
2298, 47
2299, 23
2300, 30
2301, 9
2302, 10
2303, 13
2304, 33
2305, 1
2306, 25
2307, 62
2308, 30
2309, 13
2310, 13
2311, 43
2312, 37
2313, 24
2314, 1
2315, 12
2316, 26
2317, 13
2318, 18
2319, 19
2320, 6
2321, 9
2322, 15
2323, 14
2324, 17
2325, 8
2326, 1
2327, 57
2328, 57
2329, 28
2330, 29
2331, 33
2332, 36
2333, 11
2334, 29
2335, 20
2336, 26
2337, 79
2338, 31
2339, 33
2340, 24
2341, 1
2342, 43
2343, 8
2344, 31
2345, 24
2346, 22
2347, 14
2348, 32
2349, 11
2350, 16
2351, 16
2352, 21
2353, 18
2354, 15
2355, 11
2356, 1
2357, 12
2358, 37
2359, 21
2360, 16
2361, 16
2362, 37
2363, 19
2364, 15
2365, 46
2366, 18
2367, 10
2368, 25
2369, 1
2370, 14
2371, 17
2372, 14
2373, 16
2374, 14
2375, 18
2376, 14
2377, 5
2378, 21
2379, 58
2380, 24
2381, 1
2382, 31
2383, 1
2384, 61
2385, 1
2386, 34
2387, 37
2388, 47
2389, 1
2390, 27
2391, 24
2392, 58
2393, 59
2394, 27
2395, 44
2396, 44
2397, 29
2398, 22
2399, 11
2400, 6
2401, 21
2402, 21
2403, 21
2404, 10
2405, 25
2406, 22
2407, 5
2408, 1
2409, 16
2410, 28
2411, 27
2412, 20
2413, 22
2414, 65
2415, 25
2416, 1
2417, 12
2418, 1
2419, 12
2420, 25
2421, 29
2422, 18
2423, 39
2424, 31
2425, 25
2426, 15
2427, 11
2428, 17
2429, 17
2430, 9
2431, 20
2432, 18
2433, 10
2434, 19
2435, 10
2436, 26
2437, 22
2438, 6
2439, 5
2440, 1
2441, 19
2442, 22
2443, 29
2444, 25
2445, 1
2446, 16
2447, 1
2448, 36
2449, 21
2450, 1
2451, 9
2452, 13
2453, 15
2454, 30
2455, 13
2456, 14
2457, 11
2458, 29
2459, 19
2460, 6
2461, 12
2462, 5
2463, 1
2464, 14
2465, 2
2466, 52
2467, 19
2468, 1
2469, 12
2470, 16
2471, 16
2472, 1
2473, 39
2474, 15
2475, 17
2476, 14
2477, 12
2478, 12
2479, 12
2480, 17
2481, 17
2482, 5
2483, 1
2484, 1
2485, 20
2486, 16
2487, 16
2488, 17
2489, 1
2490, 19
2491, 1
2492, 9
2493, 12
2494, 30
2495, 16
2496, 12
2497, 15
2498, 33
2499, 35
2500, 27
2501, 20
2502, 20
2503, 21
2504, 20
2505, 21
2506, 1
2507, 12
2508, 22
2509, 13
2510, 1
2511, 9
2512, 19
2513, 10
2514, 5
2515, 1
2516, 1
2517, 21
2518, 16
2519, 16
2520, 17
2521, 1
2522, 19
2523, 1
2524, 9
2525, 12
2526, 30
2527, 16
2528, 12
2529, 15
2530, 33
2531, 35
2532, 27
2533, 20
2534, 20
2535, 21
2536, 20
2537, 21
2538, 1
2539, 12
2540, 22
2541, 13
2542, 1
2543, 9
2544, 19
2545, 10
2546, 8
2547, 1
2548, 1
2549, 22
2550, 16
2551, 16
2552, 19
2553, 1
2554, 16
2555, 28
2556, 9
2557, 1
2558, 25
2559, 29
2560, 5
2561, 1
2562, 1
2563, 16
2564, 19
2565, 17
2566, 16
2567, 11
2568, 1
2569, 19
2570, 28
2571, 9
2572, 28
2573, 9
2574, 1
2575, 16
2576, 1
2577, 9
2578, 15
2579, 33
2580, 15
2581, 9
2582, 22
2583, 13
2584, 1
2585, 1
2586, 9
2587, 15
2588, 34
2589, 31
2590, 31
2591, 9
2592, 22
2593, 13
2594, 1
2595, 24
2596, 15
2597, 14
2598, 1
2599, 9
2600, 15
2601, 33
2602, 39
2603, 17
2604, 17
2605, 17
2606, 17
2607, 16
2608, 17
2609, 16
2610, 9
2611, 22
2612, 13
2613, 6
2614, 36
2615, 18
2616, 18
2617, 18
2618, 30
2619, 11
2620, 16
2621, 31
2622, 13
2623, 10
2624, 5
2625, 1
2626, 21
2627, 2
2628, 17
2629, 16
2630, 20
2631, 22
2632, 34
2633, 13
2634, 20
2635, 12
2636, 25
2637, 25
2638, 32
2639, 16
2640, 16
2641, 19
2642, 10
2643, 15
2644, 14
2645, 5
2646, 1
2647, 21
2648, 17
2649, 16
2650, 19
2651, 22
2652, 15
2653, 9
2654, 32
2655, 17
2656, 11
2657, 8
2658, 18
2659, 11
2660, 12
2661, 11
2662, 12
2663, 11
2664, 12
2665, 26
2666, 30
2667, 11
2668, 14
2669, 31
2670, 13
2671, 5
2672, 1
2673, 9
2674, 18
2675, 18
2676, 18
2677, 28
2678, 14
2679, 7
2680, 20
2681, 15
2682, 24
2683, 15
2684, 24
2685, 15
2686, 24
2687, 30
2688, 5
2689, 1
