1, 24
2, 62
3, 38
4, 1
5, 16
6, 1
7, 7
8, 11
9, 1
10, 15
11, 6
12, 1
13, 14
14, 11
15, 12
16, 16
17, 9
18, 29
19, 35
20, 7
21, 14
22, 6
23, 41
24, 37
25, 38
26, 45
27, 33
28, 10
29, 1
30, 32
31, 9
32, 16
33, 21
34, 20
35, 29
36, 7
37, 43
38, 6
39, 11
40, 4
41, 24
42, 67
43, 41
44, 1
45, 16
46, 1
47, 7
48, 11
49, 1
50, 15
51, 6
52, 1
53, 14
54, 11
55, 12
56, 16
57, 9
58, 29
59, 35
60, 7
61, 14
62, 6
63, 41
64, 37
65, 38
66, 45
67, 33
68, 11
69, 1
70, 15
71, 1
72, 32
73, 24
74, 34
75, 27
76, 9
77, 29
78, 21
79, 14
80, 26
81, 22
82, 17
83, 34
84, 16
85, 23
86, 13
87, 25
88, 10
89, 4
90, 1
91, 1
92, 1
93, 24
94, 56
95, 38
96, 1
97, 65
98, 66
99, 52
100, 1
101, 10
102, 1
103, 7
104, 11
105, 1
106, 15
107, 6
108, 1
109, 14
110, 11
111, 12
112, 35
113, 35
114, 18
115, 9
116, 29
117, 33
118, 7
119, 12
120, 6
121, 1
122, 27
123, 27
124, 1
125, 7
126, 12
127, 8
128, 11
129, 7
130, 21
131, 16
132, 6
133, 7
134, 12
135, 8
136, 14
137, 7
138, 10
139, 17
140, 11
141, 14
142, 10
143, 39
144, 19
145, 9
146, 16
147, 6
148, 1
149, 43
150, 39
151, 45
152, 40
153, 10
154, 4
155, 41
156, 38
157, 40
158, 1
159, 1
160, 19
161, 1
162, 11
163, 1
164, 9
165, 8
166, 1
167, 8
168, 18
169, 1
170, 21
171, 1
172, 20
173, 9
174, 25
175, 30
176, 54
177, 13
178, 10
179, 1
180, 36
181, 9
182, 20
183, 19
184, 20
185, 10
186, 4
187, 1
188, 1
189, 26
190, 1
191, 18
192, 1
193, 7
194, 13
195, 1
196, 9
197, 8
198, 1
199, 8
200, 27
201, 1
202, 25
203, 11
204, 69
205, 45
206, 13
207, 45
208, 10
209, 1
210, 29
211, 9
212, 33
213, 10
214, 1
215, 11
216, 12
217, 31
218, 42
219, 9
220, 75
221, 86
222, 51
223, 14
224, 31
225, 15
226, 30
227, 14
228, 87
229, 17
230, 20
231, 20
232, 18
233, 31
234, 17
235, 75
236, 26
237, 16
238, 62
239, 82
240, 31
241, 13
242, 74
243, 78
244, 10
245, 1
246, 44
247, 12
248, 23
249, 9
250, 27
251, 49
252, 14
253, 27
254, 26
255, 73
256, 13
257, 10
258, 4
259, 1
260, 3
261, 34
262, 38
263, 3
264, 26
265, 30
266, 3
267, 1
268, 25
269, 16
270, 1
271, 7
272, 13
273, 1
274, 13
275, 8
276, 1
277, 11
278, 32
279, 12
280, 18
281, 11
282, 31
283, 33
284, 32
285, 35
286, 33
287, 10
288, 1
289, 11
290, 21
291, 1
292, 11
293, 12
294, 61
295, 41
296, 9
297, 36
298, 29
299, 14
300, 50
301, 13
302, 53
303, 60
304, 45
305, 52
306, 23
307, 13
308, 19
309, 66
310, 67
311, 23
312, 13
313, 36
314, 10
315, 1
316, 4
317, 21
318, 21
319, 1
320, 14
321, 50
322, 49
323, 52
324, 51
325, 1
326, 39
327, 9
328, 41
329, 24
330, 26
331, 37
332, 52
333, 42
334, 25
335, 39
336, 24
337, 36
338, 53
339, 42
340, 25
341, 40
342, 24
343, 39
344, 53
345, 39
346, 25
347, 40
348, 24
349, 21
350, 34
351, 20
352, 16
353, 10
354, 1
355, 24
356, 9
357, 39
358, 10
359, 1
360, 16
361, 32
362, 9
363, 26
364, 10
365, 1
366, 18
367, 1
368, 11
369, 30
370, 30
371, 30
372, 30
373, 1
374, 4
375, 24
376, 15
377, 1
378, 8
379, 7
380, 1
381, 19
382, 8
383, 1
384, 14
385, 26
386, 16
387, 1
388, 11
389, 32
390, 1
391, 70
392, 9
393, 42
394, 26
395, 10
396, 1
397, 20
398, 41
399, 9
400, 24
401, 10
402, 1
403, 51
404, 9
405, 51
406, 10
407, 1
408, 15
409, 12
410, 31
411, 9
412, 67
413, 36
414, 31
415, 14
416, 47
417, 40
418, 13
419, 10
420, 1
421, 20
422, 9
423, 34
424, 10
425, 1
426, 14
427, 9
428, 10
429, 1
430, 4
431, 29
432, 20
433, 1
434, 19
435, 8
436, 1
437, 19
438, 56
439, 9
440, 36
441, 35
442, 14
443, 37
444, 38
445, 60
446, 50
447, 17
448, 37
449, 16
450, 13
451, 10
452, 1
453, 45
454, 9
455, 35
456, 37
457, 40
458, 33
459, 59
460, 67
461, 41
462, 69
463, 47
464, 19
465, 16
466, 14
467, 27
468, 13
469, 10
470, 1
471, 11
472, 27
473, 36
474, 17
475, 26
476, 1
477, 46
478, 9
479, 39
480, 10
481, 1
482, 4
483, 40
484, 38
485, 20
486, 1
487, 23
488, 1
489, 54
490, 35
491, 60
492, 33
493, 59
494, 51
495, 28
496, 14
497, 27
498, 69
499, 55
500, 55
501, 18
502, 45
503, 45
504, 45
505, 45
506, 45
507, 45
508, 45
509, 45
510, 45
511, 45
512, 57
513, 57
514, 57
515, 57
516, 57
517, 57
518, 57
519, 57
520, 57
521, 57
522, 4
523, 1
524, 21
525, 1
526, 65
527, 12
528, 20
529, 54
530, 33
531, 47
532, 60
533, 4
534, 1
535, 37
536, 1
537, 37
538, 59
539, 59
540, 57
541, 61
542, 4
543, 1
544, 27
545, 1
546, 66
547, 30
548, 36
549, 4
550, 1
551, 33
552, 1
553, 54
554, 19
555, 49
556, 4
557, 1
558, 32
559, 1
560, 53
561, 19
562, 51
563, 4
564, 1
565, 34
566, 1
567, 55
568, 19
569, 50
570, 4
571, 1
572, 49
573, 1
574, 48
575, 51
576, 8
577, 47
578, 40
579, 69
580, 20
581, 67
582, 20
583, 71
584, 20
585, 67
586, 20
587, 4
588, 1
589, 39
590, 1
591, 48
592, 41
593, 7
594, 36
595, 8
596, 48
597, 4
598, 1
599, 47
600, 1
601, 80
602, 19
603, 38
604, 39
605, 4
606, 1
607, 46
608, 1
609, 79
610, 19
611, 38
612, 41
613, 4
614, 1
615, 48
616, 1
617, 81
618, 19
619, 38
620, 39
621, 4
622, 1
623, 46
624, 1
625, 79
626, 19
627, 38
628, 40
629, 4
630, 1
631, 33
632, 1
633, 33
634, 50
635, 7
636, 36
637, 22
638, 44
639, 40
640, 4
641, 1
642, 24
643, 59
644, 41
645, 29
646, 1
647, 13
648, 9
649, 57
650, 45
651, 48
652, 12
653, 1
654, 6
655, 8
656, 1
657, 8
658, 14
659, 1
660, 15
661, 6
662, 1
663, 33
664, 1
665, 19
666, 18
667, 1
668, 48
669, 46
670, 1
671, 29
672, 5
673, 1
674, 21
675, 5
676, 9
677, 11
678, 24
679, 40
680, 61
681, 28
682, 17
683, 43
684, 49
685, 17
686, 74
687, 28
688, 17
689, 26
690, 29
691, 13
692, 5
693, 28
694, 11
695, 18
696, 22
697, 69
698, 20
699, 51
700, 34
701, 17
702, 35
703, 65
704, 48
705, 52
706, 42
707, 17
708, 46
709, 34
710, 37
711, 33
712, 36
713, 15
714, 36
715, 19
716, 13
717, 5
718, 5
719, 29
720, 11
721, 24
722, 15
723, 69
724, 5
725, 34
726, 16
727, 13
728, 5
729, 5
730, 28
731, 11
732, 51
733, 24
734, 15
735, 73
736, 32
737, 16
738, 13
739, 5
740, 1
741, 29
742, 11
743, 35
744, 42
745, 17
746, 43
747, 17
748, 13
749, 1
750, 20
751, 36
752, 39
753, 3
754, 25
755, 22
756, 1
757, 15
758, 1
759, 7
760, 13
761, 1
762, 15
763, 8
764, 1
765, 14
766, 14
767, 1
768, 18
769, 1
770, 11
771, 9
772, 68
773, 40
774, 26
775, 37
776, 99
777, 16
778, 13
779, 10
780, 1
781, 35
782, 14
783, 15
784, 12
785, 57
786, 76
787, 9
788, 29
789, 34
790, 30
791, 32
792, 1
793, 45
794, 14
795, 19
796, 15
797, 18
798, 14
799, 28
800, 23
801, 13
802, 24
803, 29
804, 22
805, 14
806, 34
807, 21
808, 15
809, 29
810, 14
811, 1
812, 53
813, 31
814, 36
815, 20
816, 37
817, 25
818, 21
819, 24
820, 20
821, 63
822, 29
823, 19
824, 37
825, 37
826, 16
827, 1
828, 43
829, 41
830, 17
831, 18
832, 28
833, 17
834, 49
835, 40
836, 16
837, 38
838, 32
839, 64
840, 20
841, 25
842, 21
843, 24
844, 20
845, 45
846, 29
847, 19
848, 31
849, 20
850, 26
851, 21
852, 24
853, 20
854, 38
855, 33
856, 29
857, 27
858, 23
859, 28
860, 24
861, 28
862, 23
863, 41
864, 47
865, 38
866, 32
867, 32
868, 22
869, 47
870, 19
871, 43
872, 39
873, 23
874, 28
875, 24
876, 27
877, 23
878, 51
879, 32
880, 22
881, 19
882, 16
883, 1
884, 35
885, 40
886, 29
887, 33
888, 17
889, 22
890, 18
891, 24
892, 17
893, 29
894, 36
895, 20
896, 25
897, 21
898, 31
899, 20
900, 29
901, 46
902, 25
903, 19
904, 33
905, 43
906, 16
907, 13
908, 13
909, 21
910, 10
911, 1
912, 22
913, 34
914, 38
915, 23
916, 1
917, 12
918, 1
919, 7
920, 13
921, 1
922, 15
923, 8
924, 1
925, 14
926, 25
927, 1
928, 23
929, 1
930, 24
931, 1
932, 20
933, 1
934, 37
935, 9
936, 40
937, 35
938, 10
939, 1
940, 63
941, 63
942, 63
943, 63
944, 63
945, 63
946, 56
947, 1
948, 49
949, 11
950, 58
951, 79
952, 77
953, 81
954, 10
955, 1
956, 58
957, 11
958, 58
959, 60
960, 64
961, 10
962, 1
963, 65
964, 12
965, 63
966, 9
967, 19
968, 14
969, 25
970, 15
971, 24
972, 14
973, 27
974, 32
975, 29
976, 23
977, 13
978, 10
979, 1
980, 11
981, 12
982, 20
983, 9
984, 20
985, 39
986, 30
987, 36
988, 40
989, 14
990, 22
991, 13
992, 78
993, 81
994, 95
995, 10
996, 1
997, 74
998, 12
999, 77
1000, 9
1001, 26
1002, 14
1003, 25
1004, 15
1005, 17
1006, 14
1007, 27
1008, 53
1009, 25
1010, 33
1011, 16
1012, 23
1013, 13
1014, 10
1015, 1
1016, 30
1017, 1
1018, 115
1019, 12
1020, 23
1021, 9
1022, 30
1023, 26
1024, 30
1025, 28
1026, 24
1027, 14
1028, 19
1029, 15
1030, 18
1031, 14
1032, 17
1033, 39
1034, 18
1035, 21
1036, 17
1037, 49
1038, 26
1039, 16
1040, 27
1041, 33
1042, 13
1043, 10
1044, 1
1045, 76
1046, 12
1047, 30
1048, 9
1049, 30
1050, 26
1051, 30
1052, 28
1053, 24
1054, 23
1055, 16
1056, 14
1057, 19
1058, 15
1059, 18
1060, 14
1061, 17
1062, 39
1063, 18
1064, 21
1065, 17
1066, 30
1067, 25
1068, 19
1069, 43
1070, 26
1071, 26
1072, 16
1073, 27
1074, 33
1075, 13
1076, 10
1077, 1
1078, 19
1079, 24
1080, 57
1081, 41
1082, 1
1083, 11
1084, 1
1085, 7
1086, 11
1087, 1
1088, 15
1089, 6
1090, 1
1091, 14
1092, 11
1093, 12
1094, 14
1095, 9
1096, 29
1097, 33
1098, 7
1099, 12
1100, 6
1101, 40
1102, 33
1103, 11
1104, 1
1105, 15
1106, 1
1107, 29
1108, 9
1109, 16
1110, 17
1111, 7
1112, 35
1113, 6
1114, 11
1115, 4
1116, 3
1117, 40
1118, 38
1119, 3
1120, 29
1121, 3
1122, 1
1123, 15
1124, 1
1125, 7
1126, 11
1127, 2
1128, 15
1129, 6
1130, 2
1131, 14
1132, 45
1133, 44
1134, 48
1135, 43
1136, 32
1137, 57
1138, 41
1139, 7
1140, 4
1141, 1
1142, 24
1143, 62
1144, 38
1145, 1
1146, 13
1147, 9
1148, 62
1149, 56
1150, 43
1151, 35
1152, 47
1153, 64
1154, 61
1155, 60
1156, 60
1157, 61
1158, 61
1159, 61
1160, 61
1161, 60
1162, 60
1163, 12
1164, 4
1165, 11
1166, 1
1167, 7
1168, 11
1169, 4
1170, 15
1171, 6
1172, 4
1173, 32
1174, 11
1175, 12
1176, 14
1177, 20
1178, 13
1179, 53
1180, 56
1181, 3
1182, 17
1183, 9
1184, 68
1185, 37
1186, 30
1187, 3
1188, 35
1189, 39
1190, 3
1191, 15
1192, 14
1193, 7
1194, 27
1195, 18
1196, 24
1197, 22
1198, 9
1199, 40
1200, 14
1201, 36
1202, 6
1203, 3
1204, 15
1205, 14
1206, 7
1207, 22
1208, 41
1209, 25
1210, 19
1211, 9
1212, 16
1213, 6
1214, 3
1215, 23
1216, 1
1217, 10
1218, 1
1219, 18
1220, 1
1221, 24
1222, 57
1223, 41
1224, 1
1225, 11
1226, 1
1227, 7
1228, 11
1229, 4
1230, 15
1231, 6
1232, 4
1233, 14
1234, 19
1235, 11
1236, 12
1237, 14
1238, 20
1239, 13
1240, 35
1241, 3
1242, 17
1243, 9
1244, 30
1245, 1
1246, 25
1247, 3
1248, 15
1249, 14
1250, 7
1251, 27
1252, 18
1253, 24
1254, 22
1255, 9
1256, 40
1257, 14
1258, 6
1259, 3
1260, 15
1261, 14
1262, 7
1263, 22
1264, 25
1265, 19
1266, 9
1267, 16
1268, 6
1269, 3
1270, 23
1271, 1
1272, 10
1273, 1
1274, 18
1275, 1
1276, 24
1277, 58
1278, 41
1279, 1
1280, 12
1281, 1
1282, 7
1283, 11
1284, 1
1285, 15
1286, 6
1287, 4
1288, 14
1289, 19
1290, 11
1291, 12
1292, 23
1293, 38
1294, 38
1295, 23
1296, 9
1297, 30
1298, 1
1299, 32
1300, 32
1301, 3
1302, 15
1303, 18
1304, 7
1305, 40
1306, 16
1307, 6
1308, 1
1309, 15
1310, 14
1311, 7
1312, 42
1313, 20
1314, 21
1315, 10
1316, 35
1317, 30
1318, 13
1319, 14
1320, 12
1321, 53
1322, 17
1323, 9
1324, 16
1325, 6
1326, 1
1327, 51
1328, 36
1329, 54
1330, 36
1331, 51
1332, 36
1333, 54
1334, 40
1335, 10
1336, 1
1337, 19
1338, 1
1339, 40
1340, 38
1341, 3
1342, 34
1343, 1
1344, 21
1345, 1
1346, 53
1347, 60
1348, 59
1349, 33
1350, 15
1351, 26
1352, 50
1353, 30
1354, 42
1355, 38
1356, 40
1357, 58
1358, 55
1359, 6
1360, 28
1361, 54
1362, 6
1363, 4
1364, 1
1365, 28
1366, 1
1367, 60
1368, 38
1369, 20
1370, 22
1371, 25
1372, 17
1373, 27
1374, 6
1375, 46
1376, 52
1377, 48
1378, 18
1379, 33
1380, 7
1381, 40
1382, 31
1383, 53
1384, 27
1385, 15
1386, 7
1387, 6
1388, 48
1389, 43
1390, 44
1391, 6
1392, 17
1393, 78
1394, 30
1395, 6
1396, 55
1397, 12
1398, 62
1399, 6
1400, 49
1401, 71
1402, 54
1403, 14
1404, 6
1405, 4
1406, 1
1407, 23
1408, 1
1409, 37
1410, 14
1411, 20
1412, 18
1413, 16
1414, 57
1415, 44
1416, 48
1417, 6
1418, 26
1419, 18
1420, 51
1421, 62
1422, 45
1423, 58
1424, 6
1425, 30
1426, 19
1427, 33
1428, 56
1429, 6
1430, 40
1431, 14
1432, 21
1433, 38
1434, 25
1435, 6
1436, 49
1437, 28
1438, 21
1439, 25
1440, 42
1441, 32
1442, 8
1443, 40
1444, 7
1445, 6
1446, 37
1447, 19
1448, 24
1449, 7
1450, 35
1451, 36
1452, 6
1453, 33
1454, 47
1455, 34
1456, 31
1457, 6
1458, 4
1459, 1
1460, 21
1461, 1
1462, 30
1463, 23
1464, 21
1465, 22
1466, 41
1467, 23
1468, 65
1469, 59
1470, 69
1471, 53
1472, 4
1473, 1
1474, 22
1475, 1
1476, 22
1477, 57
1478, 79
1479, 61
1480, 54
1481, 54
1482, 61
1483, 4
1484, 1
1485, 21
1486, 1
1487, 30
1488, 33
1489, 61
1490, 34
1491, 63
1492, 6
1493, 22
1494, 23
1495, 29
1496, 35
1497, 6
1498, 4
1499, 1
1500, 32
1501, 1
1502, 53
1503, 18
1504, 20
1505, 45
1506, 45
1507, 4
1508, 1
1509, 27
1510, 1
1511, 36
1512, 31
1513, 39
1514, 51
1515, 29
1516, 60
1517, 17
1518, 63
1519, 62
1520, 38
1521, 21
1522, 55
1523, 29
1524, 40
1525, 7
1526, 6
1527, 78
1528, 39
1529, 29
1530, 23
1531, 6
1532, 62
1533, 39
1534, 28
1535, 23
1536, 6
1537, 4
1538, 24
1539, 61
1540, 38
1541, 3
1542, 58
1543, 34
1544, 1
1545, 15
1546, 1
1547, 7
1548, 11
1549, 1
1550, 15
1551, 6
1552, 1
1553, 14
1554, 11
1555, 12
1556, 29
1557, 13
1558, 9
1559, 30
1560, 18
1561, 20
1562, 23
1563, 52
1564, 18
1565, 10
1566, 4
1567, 54
1568, 12
1569, 23
1570, 14
1571, 16
1572, 9
1573, 9
1574, 9
1575, 13
1576, 10
1577, 14
1578, 16
1579, 3
1580, 23
1581, 19
1582, 19
1583, 26
1584, 10
1585, 27
1586, 31
1587, 21
1588, 23
1589, 19
1590, 54
1591, 21
1592, 17
1593, 12
1594, 9
1595, 6
1596, 22
1597, 15
1598, 19
1599, 9
1600, 31
1601, 53
1602, 18
1603, 8
1604, 29
1605, 29
1606, 14
1607, 18
1608, 9
1609, 19
1610, 8
1611, 12
1612, 23
1613, 9
1614, 6
1615, 10
1616, 1
1617, 1
1618, 48
1619, 12
1620, 21
1621, 17
1622, 9
1623, 7
1624, 17
1625, 29
1626, 8
1627, 28
1628, 7
1629, 39
1630, 24
1631, 6
1632, 10
1633, 1
1634, 4
1635, 1
1636, 24
1637, 58
1638, 41
1639, 1
1640, 12
1641, 1
1642, 14
1643, 1
1644, 8
1645, 11
1646, 12
1647, 9
1648, 46
1649, 33
1650, 10
1651, 4
1652, 3
1653, 38
1654, 34
1655, 3
1656, 18
1657, 1
1658, 47
1659, 1
1660, 17
1661, 1
1662, 22
1663, 1
1664, 14
1665, 32
1666, 35
1667, 45
1668, 11
1669, 27
1670, 27
1671, 30
1672, 31
1673, 33
1674, 39
1675, 45
1676, 7
1677, 1
1678, 75
1679, 20
1680, 24
1681, 36
1682, 18
1683, 60
1684, 51
1685, 45
1686, 31
1687, 59
1688, 32
1689, 20
1690, 10
1691, 29
1692, 7
1693, 1
1694, 53
1695, 25
1696, 46
1697, 49
1698, 24
1699, 29
1700, 27
1701, 29
1702, 7
1703, 1
1704, 20
1705, 16
1706, 32
1707, 55
1708, 33
1709, 1
1710, 14
1711, 100
1712, 22
1713, 10
1714, 34
1715, 89
1716, 84
1717, 25
1718, 13
1719, 27
1720, 10
1721, 7
1722, 1
1723, 57
1724, 29
1725, 11
1726, 46
1727, 43
1728, 44
1729, 23
1730, 12
1731, 31
1732, 11
1733, 24
1734, 80
1735, 45
1736, 48
1737, 30
1738, 46
1739, 47
1740, 14
1741, 45
1742, 13
1743, 10
1744, 7
1745, 1
1746, 38
1747, 32
1748, 62
1749, 7
1750, 1
1751, 4
1752, 1
1753, 24
1754, 58
1755, 42
1756, 28
1757, 1
1758, 12
1759, 1
1760, 7
1761, 11
1762, 4
1763, 15
1764, 9
1765, 1
1766, 14
1767, 21
1768, 21
1769, 45
1770, 29
1771, 21
1772, 1
1773, 16
1774, 11
1775, 24
1776, 24
1777, 45
1778, 61
1779, 28
1780, 17
1781, 48
1782, 49
1783, 17
1784, 74
1785, 28
1786, 17
1787, 12
1788, 1
1789, 5
1790, 1
1791, 12
1792, 14
1793, 23
1794, 21
1795, 11
1796, 22
1797, 24
1798, 28
1799, 17
1800, 33
1801, 28
1802, 17
1803, 13
1804, 47
1805, 37
1806, 29
1807, 13
1808, 1
1809, 24
1810, 14
1811, 30
1812, 11
1813, 28
1814, 21
1815, 74
1816, 27
1817, 29
1818, 36
1819, 13
1820, 33
1821, 34
1822, 63
1823, 43
1824, 43
1825, 71
1826, 32
1827, 60
1828, 40
1829, 41
1830, 68
1831, 39
1832, 36
1833, 53
1834, 17
1835, 54
1836, 17
1837, 71
1838, 45
1839, 46
1840, 30
1841, 13
1842, 1
1843, 15
1844, 72
1845, 53
1846, 14
1847, 24
1848, 11
1849, 24
1850, 27
1851, 17
1852, 32
1853, 28
1854, 17
1855, 13
1856, 1
1857, 30
1858, 76
1859, 81
1860, 74
1861, 23
1862, 68
1863, 71
1864, 63
1865, 70
1866, 69
1867, 54
1868, 11
1869, 27
1870, 30
1871, 17
1872, 39
1873, 33
1874, 17
1875, 18
1876, 62
1877, 26
1878, 18
1879, 47
1880, 28
1881, 28
1882, 17
1883, 12
1884, 13
1885, 28
1886, 73
1887, 72
1888, 74
1889, 36
1890, 50
1891, 11
1892, 27
1893, 30
1894, 17
1895, 38
1896, 32
1897, 17
1898, 18
1899, 68
1900, 17
1901, 18
1902, 49
1903, 28
1904, 33
1905, 17
1906, 13
1907, 1
1908, 1
1909, 5
1910, 5
1911, 69
1912, 68
1913, 70
1914, 48
1915, 14
1916, 25
1917, 28
1918, 56
1919, 11
1920, 46
1921, 24
1922, 18
1923, 25
1924, 17
1925, 42
1926, 71
1927, 69
1928, 68
1929, 63
1930, 17
1931, 35
1932, 28
1933, 17
1934, 39
1935, 57
1936, 17
1937, 59
1938, 17
1939, 18
1940, 50
1941, 31
1942, 28
1943, 17
1944, 13
1945, 5
1946, 71
1947, 11
1948, 38
1949, 55
1950, 17
1951, 58
1952, 17
1953, 33
1954, 13
1955, 12
1956, 8
1957, 1
1958, 5
1959, 19
1960, 3
1961, 38
1962, 3
1963, 29
1964, 3
1965, 1
1966, 17
1967, 1
1968, 17
1969, 1
1970, 23
1971, 1
1972, 17
1973, 35
1974, 44
1975, 26
1976, 31
1977, 6
1978, 35
1979, 39
1980, 37
1981, 25
1982, 1
1983, 22
1984, 36
1985, 41
1986, 36
1987, 41
1988, 37
1989, 1
1990, 37
1991, 19
1992, 17
1993, 18
1994, 34
1995, 36
1996, 1
1997, 37
1998, 39
1999, 1
2000, 36
2001, 50
2002, 40
2003, 34
2004, 29
2005, 29
2006, 35
2007, 31
2008, 31
2009, 20
2010, 27
2011, 35
2012, 19
2013, 16
2014, 1
2015, 25
2016, 29
2017, 17
2018, 42
2019, 16
2020, 1
2021, 28
2022, 63
2023, 29
2024, 27
2025, 17
2026, 33
2027, 16
2028, 21
2029, 13
2030, 1
2031, 29
2032, 60
2033, 26
2034, 24
2035, 13
2036, 1
2037, 18
2038, 10
2039, 7
2040, 4
2041, 1
2042, 24
2043, 59
2044, 38
2045, 23
2046, 3
2047, 46
2048, 3
2049, 13
2050, 11
2051, 72
2052, 29
2053, 43
2054, 32
2055, 67
2056, 25
2057, 12
2058, 4
2059, 13
2060, 1
2061, 7
2062, 11
2063, 1
2064, 15
2065, 6
2066, 4
2067, 26
2068, 11
2069, 12
2070, 24
2071, 22
2072, 9
2073, 7
2074, 33
2075, 19
2076, 11
2077, 40
2078, 9
2079, 16
2080, 31
2081, 31
2082, 27
2083, 8
2084, 19
2085, 7
2086, 27
2087, 24
2088, 14
2089, 80
2090, 80
2091, 18
2092, 4
2093, 19
2094, 4
2095, 33
2096, 4
2097, 54
2098, 39
2099, 12
2100, 23
2101, 9
2102, 31
2103, 8
2104, 16
2105, 12
2106, 22
2107, 40
2108, 32
2109, 27
2110, 19
2111, 10
2112, 16
2113, 6
2114, 24
2115, 4
2116, 20
2117, 4
2118, 65
2119, 20
2120, 9
2121, 29
2122, 25
2123, 4
2124, 64
2125, 28
2126, 12
2127, 24
2128, 9
2129, 37
2130, 34
2131, 40
2132, 17
2133, 43
2134, 54
2135, 15
2136, 12
2137, 30
2138, 19
2139, 9
2140, 16
2141, 14
2142, 19
2143, 4
2144, 4
2145, 34
2146, 38
2147, 33
2148, 1
2149, 26
2150, 17
2151, 1
2152, 8
2153, 18
2154, 15
2155, 18
2156, 10
2157, 1
2158, 13
2159, 17
2160, 1
2161, 14
2162, 27
2163, 9
2164, 25
2165, 10
2166, 1
2167, 20
2168, 15
2169, 9
2170, 25
2171, 45
2172, 14
2173, 31
2174, 32
2175, 17
2176, 47
2177, 16
2178, 13
2179, 25
2180, 10
2181, 1
2182, 51
2183, 9
2184, 41
2185, 24
2186, 48
2187, 13
2188, 10
2189, 1
2190, 20
2191, 9
2192, 25
2193, 10
2194, 1
2195, 14
2196, 9
2197, 10
2198, 1
2199, 11
2200, 15
2201, 22
2202, 28
2203, 16
2204, 16
2205, 35
2206, 1
2207, 49
2208, 14
2209, 18
2210, 24
2211, 9
2212, 20
2213, 24
2214, 30
2215, 10
2216, 1
2217, 48
2218, 9
2219, 30
2220, 22
2221, 24
2222, 10
2223, 1
2224, 4
2225, 23
2226, 14
2227, 1
2228, 8
2229, 18
2230, 1
2231, 7
2232, 13
2233, 1
2234, 13
2235, 8
2236, 1
2237, 11
2238, 30
2239, 36
2240, 19
2241, 21
2242, 1
2243, 11
2244, 12
2245, 20
2246, 9
2247, 27
2248, 32
2249, 50
2250, 14
2251, 69
2252, 31
2253, 19
2254, 15
2255, 27
2256, 14
2257, 39
2258, 31
2259, 23
2260, 13
2261, 19
2262, 10
2263, 1
2264, 26
2265, 9
2266, 31
2267, 21
2268, 10
2269, 1
2270, 20
2271, 15
2272, 9
2273, 24
2274, 32
2275, 10
2276, 1
2277, 20
2278, 9
2279, 44
2280, 10
2281, 1
2282, 14
2283, 9
2284, 10
2285, 1
2286, 4
2287, 24
2288, 61
2289, 41
2290, 23
2291, 1
2292, 13
2293, 11
2294, 76
2295, 29
2296, 43
2297, 32
2298, 67
2299, 28
2300, 12
2301, 4
2302, 15
2303, 1
2304, 7
2305, 11
2306, 1
2307, 15
2308, 6
2309, 4
2310, 26
2311, 11
2312, 12
2313, 17
2314, 13
2315, 17
2316, 17
2317, 25
2318, 9
2319, 30
2320, 12
2321, 7
2322, 33
2323, 6
2324, 3
2325, 16
2326, 23
2327, 39
2328, 36
2329, 24
2330, 6
2331, 1
2332, 58
2333, 19
2334, 33
2335, 39
2336, 40
2337, 24
2338, 6
2339, 58
2340, 6
2341, 18
2342, 4
2343, 4
2344, 24
2345, 60
2346, 41
2347, 23
2348, 1
2349, 13
2350, 11
2351, 70
2352, 29
2353, 43
2354, 32
2355, 67
2356, 29
2357, 12
2358, 1
2359, 14
2360, 1
2361, 7
2362, 11
2363, 1
2364, 15
2365, 6
2366, 1
2367, 26
2368, 11
2369, 12
2370, 17
2371, 18
2372, 15
2373, 20
2374, 37
2375, 9
2376, 23
2377, 14
2378, 29
2379, 3
2380, 61
2381, 30
2382, 32
2383, 60
2384, 42
2385, 34
2386, 42
2387, 24
2388, 6
2389, 3
2390, 56
2391, 44
2392, 60
2393, 25
2394, 67
2395, 75
2396, 6
2397, 22
2398, 27
2399, 34
2400, 61
2401, 7
2402, 28
2403, 6
2404, 3
2405, 65
2406, 59
2407, 57
2408, 70
2409, 71
2410, 61
2411, 57
2412, 61
2413, 18
2414, 4
2415, 19
2416, 4
2417, 16
2418, 4
2419, 9
2420, 11
2421, 22
2422, 23
2423, 13
2424, 9
2425, 22
2426, 4
2427, 26
2428, 28
2429, 4
2430, 18
2431, 12
2432, 17
2433, 17
2434, 9
2435, 1
2436, 7
2437, 28
2438, 26
2439, 36
2440, 47
2441, 32
2442, 25
2443, 24
2444, 24
2445, 7
2446, 1
2447, 23
2448, 4
2449, 4
2450, 24
2451, 60
2452, 41
2453, 23
2454, 1
2455, 1
2456, 13
2457, 9
2458, 68
2459, 27
2460, 41
2461, 30
2462, 65
2463, 27
2464, 12
2465, 1
2466, 14
2467, 1
2468, 7
2469, 11
2470, 1
2471, 15
2472, 6
2473, 1
2474, 26
2475, 11
2476, 12
2477, 17
2478, 18
2479, 15
2480, 20
2481, 37
2482, 9
2483, 23
2484, 14
2485, 29
2486, 3
2487, 61
2488, 30
2489, 32
2490, 60
2491, 42
2492, 34
2493, 42
2494, 24
2495, 6
2496, 3
2497, 56
2498, 44
2499, 60
2500, 25
2501, 67
2502, 75
2503, 6
2504, 22
2505, 27
2506, 34
2507, 61
2508, 7
2509, 28
2510, 6
2511, 3
2512, 65
2513, 59
2514, 57
2515, 70
2516, 71
2517, 61
2518, 57
2519, 61
2520, 18
2521, 4
2522, 19
2523, 4
2524, 8
2525, 9
2526, 11
2527, 22
2528, 23
2529, 13
2530, 9
2531, 22
2532, 4
2533, 26
2534, 28
2535, 4
2536, 18
2537, 12
2538, 16
2539, 17
2540, 9
2541, 1
2542, 11
2543, 7
2544, 28
2545, 26
2546, 36
2547, 46
2548, 25
2549, 24
2550, 24
2551, 7
2552, 1
2553, 23
2554, 4
2555, 4
2556, 3
2557, 40
2558, 38
2559, 3
2560, 51
2561, 3
2562, 1
2563, 20
2564, 11
2565, 1
2566, 15
2567, 41
2568, 1
2569, 14
2570, 33
2571, 1
2572, 23
2573, 11
2574, 31
2575, 10
2576, 1
2577, 33
2578, 1
2579, 11
2580, 1
2581, 11
2582, 1
2583, 11
2584, 1
2585, 12
2586, 1
2587, 12
2588, 1
2589, 12
2590, 1
2591, 14
2592, 1
2593, 22
2594, 9
2595, 16
2596, 10
2597, 1
2598, 22
2599, 9
2600, 16
2601, 10
2602, 1
2603, 22
2604, 9
2605, 16
2606, 10
2607, 1
2608, 23
2609, 9
2610, 17
2611, 10
2612, 1
2613, 23
2614, 9
2615, 17
2616, 10
2617, 1
2618, 23
2619, 9
2620, 17
2621, 10
2622, 1
2623, 14
2624, 9
2625, 38
2626, 39
2627, 39
2628, 55
2629, 55
2630, 56
2631, 54
2632, 10
2633, 1
2634, 13
2635, 9
2636, 38
2637, 38
2638, 39
2639, 56
2640, 55
2641, 55
2642, 54
2643, 10
2644, 1
2645, 13
2646, 9
2647, 38
2648, 39
2649, 39
2650, 55
2651, 55
2652, 56
2653, 54
2654, 10
2655, 1
2656, 14
2657, 9
2658, 38
2659, 39
2660, 38
2661, 55
2662, 55
2663, 56
2664, 54
2665, 10
2666, 1
2667, 10
2668, 9
2669, 28
2670, 10
2671, 1
2672, 53
2673, 9
2674, 33
2675, 33
2676, 33
2677, 10
2678, 1
2679, 18
2680, 1
2681, 21
2682, 12
2683, 1
2684, 17
2685, 1
2686, 15
2687, 8
2688, 1
2689, 14
2690, 11
2691, 12
2692, 54
2693, 9
2694, 28
2695, 53
2696, 37
2697, 37
2698, 14
2699, 19
2700, 15
2701, 18
2702, 14
2703, 33
2704, 23
2705, 13
2706, 53
2707, 37
2708, 10
2709, 1
2710, 19
2711, 28
2712, 19
2713, 1
2714, 15
2715, 8
2716, 1
2717, 14
2718, 28
2719, 1
2720, 11
2721, 12
2722, 70
2723, 9
2724, 31
2725, 22
2726, 26
2727, 26
2728, 26
2729, 25
2730, 26
2731, 25
2732, 26
2733, 26
2734, 26
2735, 14
2736, 19
2737, 15
2738, 18
2739, 14
2740, 33
2741, 39
2742, 39
2743, 39
2744, 23
2745, 13
2746, 52
2747, 10
2748, 1
2749, 25
2750, 12
2751, 109
2752, 9
2753, 14
2754, 19
2755, 15
2756, 18
2757, 14
2758, 33
2759, 17
2760, 26
2761, 18
2762, 21
2763, 17
2764, 36
2765, 33
2766, 33
2767, 33
2768, 62
2769, 60
2770, 53
2771, 53
2772, 53
2773, 53
2774, 53
2775, 53
2776, 26
2777, 16
2778, 23
2779, 13
2780, 14
2781, 19
2782, 15
2783, 18
2784, 14
2785, 33
2786, 40
2787, 40
2788, 40
2789, 23
2790, 13
2791, 10
2792, 1
2793, 19
2794, 12
2795, 106
2796, 9
2797, 14
2798, 19
2799, 15
2800, 18
2801, 14
2802, 33
2803, 85
2804, 17
2805, 26
2806, 18
2807, 21
2808, 17
2809, 36
2810, 33
2811, 33
2812, 33
2813, 62
2814, 53
2815, 26
2816, 16
2817, 23
2818, 13
2819, 21
2820, 10
2821, 1
2822, 26
2823, 1
2824, 24
2825, 63
2826, 41
2827, 1
2828, 17
2829, 1
2830, 7
2831, 11
2832, 1
2833, 20
2834, 1
2835, 14
2836, 11
2837, 12
2838, 28
2839, 9
2840, 29
2841, 33
2842, 7
2843, 12
2844, 6
2845, 1
2846, 9
2847, 7
2848, 12
2849, 8
2850, 11
2851, 7
2852, 10
2853, 15
2854, 11
2855, 14
2856, 10
2857, 13
2858, 11
2859, 14
2860, 10
2861, 13
2862, 9
2863, 14
2864, 10
2865, 13
2866, 9
2867, 12
2868, 10
2869, 13
2870, 9
2871, 12
2872, 8
2873, 13
2874, 9
2875, 12
2876, 8
2877, 17
2878, 17
2879, 7
2880, 14
2881, 11
2882, 18
2883, 8
2884, 15
2885, 12
2886, 19
2887, 9
2888, 16
2889, 6
2890, 1
2891, 35
2892, 40
2893, 11
2894, 1
2895, 4
2896, 3
2897, 40
2898, 38
2899, 3
2900, 33
2901, 3
2902, 30
2903, 3
2904, 1
2905, 52
2906, 1
2907, 30
2908, 1
2909, 34
2910, 28
2911, 36
2912, 40
2913, 35
2914, 23
2915, 1
2916, 43
2917, 20
2918, 23
2919, 96
2920, 1
2921, 17
2922, 23
2923, 96
2924, 1
2925, 17
2926, 23
2927, 96
2928, 7
2929, 1
2930, 68
2931, 35
2932, 45
2933, 36
2934, 55
2935, 41
2936, 28
2937, 19
2938, 36
2939, 15
2940, 20
2941, 11
2942, 7
2943, 4
2944, 1
2945, 40
2946, 38
2947, 3
2948, 33
2949, 3
2950, 31
2951, 3
2952, 1
2953, 17
2954, 1
2955, 7
2956, 13
2957, 4
2958, 15
2959, 8
2960, 4
2961, 14
2962, 1
2963, 33
2964, 1
2965, 29
2966, 1
2967, 34
2968, 35
2969, 39
2970, 34
2971, 33
2972, 1
2973, 36
2974, 54
2975, 45
2976, 41
2977, 36
2978, 56
2979, 30
2980, 1
2981, 19
2982, 49
2983, 45
2984, 41
2985, 36
2986, 56
2987, 30
2988, 1
2989, 19
2990, 49
2991, 45
2992, 41
2993, 36
2994, 56
2995, 30
2996, 7
2997, 1
2998, 87
2999, 45
3000, 36
3001, 111
3002, 44
3003, 37
3004, 106
3005, 24
3006, 16
3007, 33
3008, 13
3009, 18
3010, 10
3011, 7
3012, 4
3013, 1
3014, 24
3015, 60
3016, 41
3017, 23
3018, 1
3019, 13
3020, 11
3021, 90
3022, 29
3023, 43
3024, 32
3025, 67
3026, 28
3027, 12
3028, 1
3029, 14
3030, 1
3031, 7
3032, 11
3033, 1
3034, 15
3035, 6
3036, 1
3037, 34
3038, 41
3039, 8
3040, 22
3041, 26
3042, 6
3043, 27
3044, 5
3045, 9
3046, 4
3047, 20
3048, 4
3049, 11
3050, 12
3051, 17
3052, 13
3053, 17
3054, 25
3055, 9
3056, 30
3057, 12
3058, 7
3059, 33
3060, 6
3061, 3
3062, 22
3063, 39
3064, 46
3065, 22
3066, 24
3067, 6
3068, 39
3069, 25
3070, 24
3071, 6
3072, 3
3073, 19
3074, 3
3075, 29
3076, 39
3077, 50
3078, 22
3079, 24
3080, 6
3081, 39
3082, 32
3083, 24
3084, 6
3085, 3
3086, 18
3087, 4
3088, 4
3089, 36
3090, 39
3091, 3
3092, 29
3093, 3
3094, 18
3095, 59
3096, 66
3097, 1
3098, 18
3099, 1
3100, 7
3101, 13
3102, 1
3103, 15
3104, 8
3105, 1
3106, 14
3107, 11
3108, 12
3109, 101
3110, 105
3111, 9
3112, 74
3113, 29
3114, 13
3115, 45
3116, 29
3117, 32
3118, 29
3119, 13
3120, 1
3121, 14
3122, 44
3123, 27
3124, 27
3125, 26
3126, 19
3127, 31
3128, 31
3129, 15
3130, 34
3131, 14
3132, 35
3133, 42
3134, 43
3135, 47
3136, 61
3137, 48
3138, 63
3139, 67
3140, 48
3141, 25
3142, 75
3143, 63
3144, 17
3145, 75
3146, 63
3147, 16
3148, 1
3149, 29
3150, 39
3151, 35
3152, 13
3153, 1
3154, 66
3155, 65
3156, 67
3157, 70
3158, 74
3159, 70
3160, 73
3161, 94
3162, 68
3163, 10
3164, 1
3165, 25
3166, 24
3167, 15
3168, 3
3169, 54
3170, 3
3171, 1
3172, 7
3173, 13
3174, 1
3175, 13
3176, 8
3177, 1
3178, 11
3179, 23
3180, 1
3181, 11
3182, 12
3183, 51
3184, 9
3185, 36
3186, 17
3187, 43
3188, 34
3189, 30
3190, 33
3191, 50
3192, 33
3193, 57
3194, 32
3195, 22
3196, 32
3197, 20
3198, 23
3199, 50
3200, 36
3201, 60
3202, 35
3203, 25
3204, 38
3205, 51
3206, 32
3207, 22
3208, 29
3209, 19
3210, 46
3211, 45
3212, 41
3213, 39
3214, 29
3215, 16
3216, 13
3217, 10
3218, 1
3219, 4
3220, 31
3221, 22
3222, 3
3223, 54
3224, 3
3225, 1
3226, 18
3227, 8
3228, 1
3229, 19
3230, 11
3231, 9
3232, 23
3233, 31
3234, 26
3235, 14
3236, 20
3237, 17
3238, 13
3239, 10
3240, 1
3241, 17
3242, 1
3243, 11
3244, 21
3245, 9
3246, 32
3247, 10
3248, 1
3249, 45
3250, 9
3251, 42
3252, 10
3253, 1
3254, 27
3255, 9
3256, 41
3257, 28
3258, 25
3259, 10
3260, 1
3261, 14
3262, 9
3263, 16
3264, 22
3265, 10
3266, 1
3267, 11
3268, 33
3269, 1
3270, 11
3271, 9
3272, 28
3273, 10
3274, 1
3275, 4
3276, 30
3277, 30
3278, 3
3279, 54
3280, 52
3281, 3
3282, 1
3283, 7
3284, 7
3285, 15
3286, 40
3287, 10
3288, 1
3289, 14
3290, 33
3291, 9
3292, 25
3293, 25
3294, 25
3295, 25
3296, 10
3297, 1
3298, 46
3299, 9
3300, 126
3301, 10
3302, 1
3303, 25
3304, 35
3305, 1
3306, 26
3307, 41
3308, 9
3309, 29
3310, 29
3311, 29
3312, 29
3313, 16
3314, 10
3315, 1
3316, 11
3317, 9
3318, 20
3319, 27
3320, 35
3321, 27
3322, 35
3323, 10
3324, 1
3325, 36
3326, 9
3327, 30
3328, 1
3329, 22
3330, 22
3331, 29
3332, 21
3333, 1
3334, 22
3335, 22
3336, 29
3337, 21
3338, 1
3339, 25
3340, 27
3341, 35
3342, 10
3343, 1
3344, 32
3345, 9
3346, 22
3347, 1
3348, 31
3349, 25
3350, 22
3351, 28
3352, 21
3353, 1
3354, 31
3355, 28
3356, 25
3357, 21
3358, 1
3359, 31
3360, 24
3361, 26
3362, 25
3363, 21
3364, 1
3365, 23
3366, 25
3367, 1
3368, 16
3369, 10
3370, 1
3371, 11
3372, 14
3373, 1
3374, 32
3375, 11
3376, 39
3377, 10
3378, 1
3379, 32
3380, 11
3381, 39
3382, 10
3383, 1
3384, 32
3385, 11
3386, 39
3387, 10
3388, 1
3389, 21
3390, 9
3391, 34
3392, 34
3393, 34
3394, 34
3395, 10
3396, 1
3397, 4
3398, 1
3399, 34
3400, 38
3401, 23
3402, 1
3403, 13
3404, 1
3405, 7
3406, 11
3407, 1
3408, 15
3409, 6
3410, 1
3411, 14
3412, 23
3413, 1
3414, 21
3415, 1
3416, 22
3417, 1
3418, 18
3419, 1
3420, 39
3421, 5
3422, 34
3423, 29
3424, 6
3425, 1
3426, 9
3427, 8
3428, 38
3429, 5
3430, 14
3431, 30
3432, 32
3433, 8
3434, 11
3435, 7
3436, 8
3437, 15
3438, 9
3439, 10
3440, 8
3441, 15
3442, 31
3443, 7
3444, 44
3445, 19
3446, 6
3447, 1
3448, 20
3449, 40
3450, 38
3451, 23
3452, 103
3453, 1
3454, 1
3455, 25
3456, 1
3457, 16
3458, 1
3459, 7
3460, 11
3461, 1
3462, 15
3463, 6
3464, 1
3465, 14
3466, 30
3467, 1
3468, 29
3469, 1
3470, 27
3471, 1
3472, 32
3473, 1
3474, 27
3475, 7
3476, 38
3477, 6
3478, 1
3479, 18
3480, 7
3481, 33
3482, 20
3483, 6
3484, 1
3485, 26
3486, 7
3487, 49
3488, 6
3489, 1
3490, 22
3491, 7
3492, 38
3493, 6
3494, 1
3495, 19
3496, 7
3497, 22
3498, 6
3499, 1
3500, 9
3501, 8
3502, 47
3503, 5
3504, 50
3505, 63
3506, 32
3507, 19
3508, 23
3509, 8
3510, 8
3511, 22
3512, 7
3513, 23
3514, 32
3515, 27
3516, 81
3517, 25
3518, 35
3519, 24
3520, 28
3521, 19
3522, 21
3523, 25
3524, 21
3525, 19
3526, 29
3527, 19
3528, 8
3529, 11
3530, 9
3531, 10
3532, 8
3533, 15
3534, 9
3535, 12
3536, 10
3537, 12
3538, 9
3539, 27
3540, 10
3541, 14
3542, 11
3543, 23
3544, 10
3545, 11
3546, 15
3547, 12
3548, 24
3549, 11
3550, 85
3551, 27
3552, 22
3553, 20
3554, 10
3555, 19
3556, 9
3557, 95
3558, 16
3559, 8
3560, 7
3561, 6
3562, 1
3563, 27
3564, 7
3565, 31
3566, 6
3567, 1
3568, 68
3569, 8
3570, 57
3571, 5
3572, 21
3573, 41
3574, 8
3575, 45
3576, 42
3577, 28
3578, 9
3579, 14
3580, 10
3581, 12
3582, 9
3583, 10
3584, 15
3585, 11
3586, 13
3587, 10
3588, 60
3589, 53
3590, 19
3591, 9
3592, 18
3593, 8
3594, 20
3595, 7
3596, 6
3597, 1
3598, 17
3599, 1
3600, 1
3601, 22
3602, 1
3603, 13
3604, 1
3605, 7
3606, 11
3607, 1
3608, 15
3609, 6
3610, 1
3611, 14
3612, 18
3613, 1
3614, 24
3615, 1
3616, 28
3617, 29
3618, 1
3619, 15
3620, 1
3621, 19
3622, 1
3623, 9
3624, 5
3625, 21
3626, 24
3627, 6
3628, 1
3629, 22
3630, 5
3631, 79
3632, 6
3633, 1
3634, 31
3635, 5
3636, 32
3637, 6
3638, 1
3639, 19
3640, 5
3641, 31
3642, 6
3643, 1
3644, 34
3645, 5
3646, 35
3647, 6
3648, 1
3649, 22
3650, 5
3651, 34
3652, 6
3653, 1
3654, 30
3655, 5
3656, 20
3657, 38
3658, 6
3659, 1
3660, 33
3661, 5
3662, 18
3663, 6
3664, 1
3665, 19
3666, 5
3667, 17
3668, 6
3669, 1
3670, 12
3671, 10
3672, 12
3673, 8
3674, 32
3675, 5
3676, 20
3677, 38
3678, 34
3679, 32
3680, 28
3681, 20
3682, 72
3683, 25
3684, 43
3685, 43
3686, 33
3687, 9
3688, 8
3689, 7
3690, 6
3691, 1
3692, 20
3693, 1
3694, 1
3695, 26
3696, 1
3697, 17
3698, 1
3699, 7
3700, 11
3701, 1
3702, 14
3703, 16
3704, 1
3705, 19
3706, 1
3707, 20
3708, 1
3709, 19
3710, 1
3711, 29
3712, 5
3713, 17
3714, 6
3715, 1
3716, 32
3717, 5
3718, 20
3719, 6
3720, 1
3721, 49
3722, 10
3723, 15
3724, 13
3725, 5
3726, 27
3727, 21
3728, 16
3729, 7
3730, 9
3731, 39
3732, 6
3733, 1
3734, 10
3735, 5
3736, 16
3737, 24
3738, 9
3739, 19
3740, 6
3741, 1
3742, 25
3743, 5
3744, 26
3745, 9
3746, 35
3747, 6
3748, 1
3749, 25
3750, 10
3751, 15
3752, 5
3753, 43
3754, 6
3755, 1
3756, 40
3757, 10
3758, 12
3759, 5
3760, 35
3761, 6
3762, 1
3763, 19
3764, 10
3765, 15
3766, 5
3767, 42
3768, 9
3769, 24
3770, 6
3771, 1
3772, 22
3773, 5
3774, 55
3775, 6
3776, 1
3777, 10
3778, 15
3779, 1
3780, 24
3781, 1
3782, 1
3783, 27
3784, 1
3785, 18
3786, 1
3787, 9
3788, 12
3789, 32
3790, 1
3791, 14
3792, 40
3793, 5
3794, 27
3795, 36
3796, 7
3797, 6
3798, 1
3799, 4
3800, 1
3801, 25
3802, 1
3803, 25
3804, 1
3805, 14
3806, 41
3807, 11
3808, 6
3809, 1
3810, 23
3811, 1
3812, 1
3813, 28
3814, 1
3815, 28
3816, 1
3817, 14
3818, 47
3819, 10
3820, 24
3821, 11
3822, 9
3823, 24
3824, 6
3825, 1
3826, 26
3827, 1
3828, 1
3829, 21
3830, 1
3831, 12
3832, 1
3833, 8
3834, 11
3835, 1
3836, 15
3837, 6
3838, 1
3839, 14
3840, 15
3841, 1
3842, 31
3843, 1
3844, 31
3845, 1
3846, 33
3847, 5
3848, 27
3849, 21
3850, 38
3851, 6
3852, 1
3853, 26
3854, 5
3855, 24
3856, 6
3857, 1
3858, 41
3859, 5
3860, 50
3861, 9
3862, 20
3863, 10
3864, 21
3865, 9
3866, 43
3867, 19
3868, 8
3869, 7
3870, 6
3871, 1
3872, 19
3873, 1
3874, 1
3875, 22
3876, 1
3877, 13
3878, 1
3879, 8
3880, 11
3881, 14
3882, 1
3883, 7
3884, 11
3885, 1
3886, 15
3887, 6
3888, 1
3889, 14
3890, 16
3891, 1
3892, 24
3893, 1
3894, 17
3895, 1
3896, 33
3897, 5
3898, 15
3899, 26
3900, 15
3901, 6
3902, 1
3903, 42
3904, 8
3905, 34
3906, 5
3907, 22
3908, 30
3909, 30
3910, 51
3911, 23
3912, 22
3913, 18
3914, 21
3915, 17
3916, 27
3917, 17
3918, 8
3919, 7
3920, 6
3921, 1
3922, 43
3923, 7
3924, 47
3925, 8
3926, 1
3927, 41
3928, 8
3929, 34
3930, 5
3931, 30
3932, 30
3933, 51
3934, 23
3935, 22
3936, 18
3937, 21
3938, 32
3939, 8
3940, 7
3941, 6
3942, 1
3943, 47
3944, 5
3945, 41
3946, 20
3947, 6
3948, 1
3949, 20
3950, 1
3951, 1
3952, 22
3953, 1
3954, 13
3955, 1
3956, 7
3957, 11
3958, 1
3959, 15
3960, 12
3961, 1
3962, 14
3963, 18
3964, 1
3965, 9
3966, 5
3967, 23
3968, 6
3969, 1
3970, 28
3971, 5
3972, 10
3973, 10
3974, 10
3975, 6
3976, 1
3977, 35
3978, 5
3979, 43
3980, 6
3981, 1
3982, 34
3983, 5
3984, 49
3985, 6
3986, 1
3987, 34
3988, 5
3989, 49
3990, 6
3991, 1
3992, 23
3993, 5
3994, 37
3995, 6
3996, 1
3997, 35
3998, 5
3999, 41
4000, 6
4001, 1
4002, 27
4003, 5
4004, 35
4005, 6
4006, 1
4007, 20
4008, 5
4009, 32
4010, 6
4011, 1
4012, 14
4013, 10
4014, 22
4015, 8
4016, 14
4017, 5
4018, 21
4019, 14
4020, 14
4021, 14
4022, 9
4023, 17
4024, 6
4025, 1
4026, 19
4027, 10
4028, 22
4029, 5
4030, 38
4031, 9
4032, 24
4033, 6
4034, 1
4035, 28
4036, 5
4037, 31
4038, 6
4039, 1
4040, 21
4041, 5
4042, 49
4043, 6
4044, 1
4045, 27
4046, 5
4047, 55
4048, 6
4049, 1
4050, 20
4051, 1
4052, 1
4053, 25
4054, 1
4055, 16
4056, 1
4057, 14
4058, 44
4059, 1
4060, 19
4061, 7
4062, 26
4063, 6
4064, 1
4065, 32
4066, 1
4067, 22
4068, 7
4069, 29
4070, 21
4071, 6
4072, 1
4073, 23
4074, 1
4075, 36
4076, 39
4077, 29
4078, 3
4079, 18
4080, 59
4081, 48
4082, 1
4083, 16
4084, 1
4085, 7
4086, 13
4087, 1
4088, 15
4089, 8
4090, 1
4091, 14
4092, 11
4093, 12
4094, 20
4095, 9
4096, 74
4097, 29
4098, 13
4099, 37
4100, 24
4101, 29
4102, 13
4103, 1
4104, 56
4105, 42
4106, 71
4107, 61
4108, 116
4109, 71
4110, 34
4111, 47
4112, 44
4113, 66
4114, 10
4115, 1
4116, 35
4117, 9
4118, 23
4119, 28
4120, 27
4121, 36
4122, 14
4123, 48
4124, 13
4125, 10
4126, 1
4127, 40
4128, 9
4129, 23
4130, 24
4131, 14
4132, 62
4133, 13
4134, 10
4135, 1
4136, 31
4137, 9
4138, 25
4139, 26
4140, 14
4141, 60
4142, 13
4143, 10
4144, 1
4145, 46
4146, 9
4147, 23
4148, 112
4149, 14
4150, 24
4151, 13
4152, 10
4153, 1
4154, 37
4155, 9
4156, 23
4157, 106
4158, 14
4159, 24
4160, 13
4161, 10
4162, 1
4163, 23
4164, 3
4165, 33
4166, 38
4167, 3
4168, 33
4169, 3
4170, 1
4171, 15
4172, 1
4173, 7
4174, 31
4175, 5
4176, 9
4177, 9
4178, 1
4179, 14
4180, 5
4181, 12
4182, 43
4183, 14
4184, 67
4185, 48
4186, 11
4187, 39
4188, 38
4189, 1
4190, 45
4191, 1
4192, 64
4193, 18
4194, 39
4195, 16
4196, 1
4197, 52
4198, 55
4199, 1
4200, 45
4201, 1
4202, 27
4203, 28
4204, 1
4205, 43
4206, 1
4207, 28
4208, 43
4209, 28
4210, 43
4211, 28
4212, 41
4213, 28
4214, 12
4215, 1
4216, 22
4217, 70
4218, 14
4219, 31
4220, 47
4221, 37
4222, 11
4223, 27
4224, 47
4225, 55
4226, 55
4227, 55
4228, 55
4229, 55
4230, 55
4231, 55
4232, 54
4233, 29
4234, 13
4235, 17
4236, 36
4237, 18
4238, 35
4239, 17
4240, 73
4241, 22
4242, 42
4243, 20
4244, 1
4245, 21
4246, 31
4247, 22
4248, 59
4249, 45
4250, 39
4251, 20
4252, 1
4253, 54
4254, 38
4255, 32
4256, 1
4257, 27
4258, 16
4259, 12
4260, 1
4261, 23
4262, 44
4263, 14
4264, 24
4265, 42
4266, 68
4267, 11
4268, 36
4269, 48
4270, 48
4271, 48
4272, 45
4273, 39
4274, 69
4275, 67
4276, 65
4277, 54
4278, 41
4279, 13
4280, 17
4281, 45
4282, 18
4283, 44
4284, 17
4285, 77
4286, 22
4287, 37
4288, 20
4289, 76
4290, 53
4291, 1
4292, 27
4293, 16
4294, 12
4295, 1
4296, 33
4297, 1
4298, 22
4299, 1
4300, 4
4301, 40
4302, 38
4303, 50
4304, 1
4305, 14
4306, 1
4307, 7
4308, 13
4309, 12
4310, 1
4311, 15
4312, 8
4313, 4
4314, 14
4315, 18
4316, 37
4317, 1
4318, 12
4319, 12
4320, 22
4321, 9
4322, 25
4323, 38
4324, 32
4325, 54
4326, 34
4327, 41
4328, 23
4329, 35
4330, 31
4331, 34
4332, 17
4333, 63
4334, 35
4335, 16
4336, 25
4337, 13
4338, 49
4339, 10
4340, 1
4341, 14
4342, 12
4343, 26
4344, 9
4345, 66
4346, 67
4347, 64
4348, 25
4349, 31
4350, 22
4351, 17
4352, 24
4353, 16
4354, 19
4355, 19
4356, 13
4357, 45
4358, 45
4359, 25
4360, 31
4361, 22
4362, 17
4363, 24
4364, 16
4365, 19
4366, 13
4367, 41
4368, 10
4369, 1
4370, 22
4371, 12
4372, 26
4373, 9
4374, 58
4375, 54
4376, 51
4377, 29
4378, 13
4379, 37
4380, 37
4381, 37
4382, 37
4383, 37
4384, 37
4385, 9
4386, 1
4387, 40
4388, 8
4389, 34
4390, 43
4391, 34
4392, 43
4393, 9
4394, 1
4395, 4
4396, 1
4397, 24
4398, 69
4399, 41
4400, 29
4401, 1
4402, 18
4403, 1
4404, 7
4405, 11
4406, 1
4407, 15
4408, 6
4409, 1
4410, 14
4411, 12
4412, 14
4413, 24
4414, 39
4415, 11
4416, 43
4417, 30
4418, 24
4419, 34
4420, 17
4421, 60
4422, 30
4423, 28
4424, 17
4425, 39
4426, 24
4427, 17
4428, 52
4429, 40
4430, 28
4431, 17
4432, 13
4433, 1
4434, 25
4435, 24
4436, 64
4437, 41
4438, 51
4439, 1
4440, 18
4441, 1
4442, 7
4443, 11
4444, 1
4445, 15
4446, 6
4447, 1
4448, 14
4449, 1
4450, 12
4451, 14
4452, 32
4453, 48
4454, 11
4455, 38
4456, 17
4457, 36
4458, 41
4459, 10
4460, 68
4461, 37
4462, 17
4463, 47
4464, 18
4465, 16
4466, 25
4467, 48
4468, 27
4469, 24
4470, 17
4471, 13
4472, 1
4473, 25
4474, 13
4475, 1
4476, 7
4477, 11
4478, 1
4479, 15
4480, 6
4481, 1
4482, 14
4483, 11
4484, 12
4485, 25
4486, 41
4487, 21
4488, 23
4489, 21
4490, 21
4491, 9
4492, 36
4493, 42
4494, 14
4495, 21
4496, 13
4497, 1
4498, 31
4499, 1
4500, 14
4501, 19
4502, 15
4503, 20
4504, 14
4505, 23
4506, 17
4507, 22
4508, 18
4509, 24
4510, 17
4511, 37
4512, 26
4513, 16
4514, 1
4515, 17
4516, 22
4517, 18
4518, 24
4519, 17
4520, 34
4521, 23
4522, 32
4523, 24
4524, 30
4525, 23
4526, 44
4527, 32
4528, 22
4529, 37
4530, 19
4531, 26
4532, 16
4533, 1
4534, 23
4535, 13
4536, 1
4537, 42
4538, 39
4539, 40
4540, 10
4541, 1
4542, 4
4543, 40
4544, 38
4545, 3
4546, 46
4547, 62
4548, 56
4549, 1
4550, 19
4551, 1
4552, 17
4553, 1
4554, 15
4555, 8
4556, 1
4557, 14
4558, 11
4559, 12
4560, 68
4561, 9
4562, 15
4563, 31
4564, 13
4565, 15
4566, 35
4567, 13
4568, 37
4569, 15
4570, 18
4571, 13
4572, 26
4573, 26
4574, 29
4575, 14
4576, 15
4577, 19
4578, 14
4579, 35
4580, 32
4581, 35
4582, 23
4583, 13
4584, 14
4585, 19
4586, 15
4587, 18
4588, 14
4589, 47
4590, 45
4591, 23
4592, 13
4593, 48
4594, 25
4595, 10
4596, 1
4597, 54
4598, 12
4599, 34
4600, 9
4601, 34
4602, 32
4603, 36
4604, 10
4605, 1
4606, 50
4607, 12
4608, 38
4609, 9
4610, 14
4611, 25
4612, 15
4613, 18
4614, 14
4615, 28
4616, 17
4617, 22
4618, 18
4619, 21
4620, 17
4621, 49
4622, 26
4623, 16
4624, 25
4625, 23
4626, 13
4627, 10
4628, 1
4629, 51
4630, 12
4631, 38
4632, 9
4633, 14
4634, 25
4635, 15
4636, 18
4637, 14
4638, 28
4639, 17
4640, 22
4641, 18
4642, 21
4643, 17
4644, 49
4645, 26
4646, 16
4647, 25
4648, 23
4649, 13
4650, 10
4651, 1
4652, 38
4653, 9
4654, 76
4655, 10
4656, 1
4657, 26
4658, 24
4659, 63
4660, 38
4661, 23
4662, 64
4663, 35
4664, 1
4665, 13
4666, 11
4667, 62
4668, 29
4669, 43
4670, 32
4671, 79
4672, 35
4673, 12
4674, 1
4675, 17
4676, 1
4677, 7
4678, 11
4679, 1
4680, 15
4681, 6
4682, 4
4683, 14
4684, 13
4685, 11
4686, 9
4687, 18
4688, 7
4689, 25
4690, 36
4691, 59
4692, 53
4693, 32
4694, 9
4695, 25
4696, 6
4697, 18
4698, 4
4699, 19
4700, 4
4701, 43
4702, 4
4703, 20
4704, 4
4705, 22
4706, 12
4707, 23
4708, 18
4709, 9
4710, 13
4711, 7
4712, 39
4713, 41
4714, 8
4715, 23
4716, 7
4717, 20
4718, 43
4719, 53
4720, 56
4721, 12
4722, 9
4723, 6
4724, 18
4725, 29
4726, 1
4727, 4
4728, 24
4729, 59
4730, 38
4731, 29
4732, 62
4733, 1
4734, 13
4735, 1
4736, 7
4737, 11
4738, 1
4739, 15
4740, 9
4741, 1
4742, 14
4743, 1
4744, 41
4745, 1
4746, 12
4747, 14
4748, 27
4749, 25
4750, 11
4751, 39
4752, 44
4753, 17
4754, 23
4755, 16
4756, 1
4757, 24
4758, 33
4759, 24
4760, 17
4761, 43
4762, 28
4763, 17
4764, 39
4765, 37
4766, 15
4767, 13
4768, 1
4769, 15
4770, 1
4771, 44
4772, 61
4773, 56
4774, 24
4775, 41
4776, 11
4777, 1
4778, 4
4779, 25
4780, 62
4781, 42
4782, 2
4783, 13
4784, 1
4785, 7
4786, 13
4787, 4
4788, 15
4789, 8
4790, 1
4791, 14
4792, 1
4793, 11
4794, 1
4795, 12
4796, 18
4797, 9
4798, 13
4799, 9
4800, 20
4801, 10
4802, 23
4803, 9
4804, 46
4805, 20
4806, 8
4807, 37
4808, 40
4809, 10
4810, 4
4811, 4
4812, 41
4813, 39
4814, 4
4815, 28
4816, 29
4817, 4
4818, 2
4819, 13
4820, 2
4821, 8
4822, 12
4823, 2
4824, 16
4825, 7
4826, 3
4827, 15
4828, 30
4829, 32
4830, 36
4831, 48
4832, 45
4833, 2
4834, 72
4835, 27
4836, 6
4837, 2
4838, 37
4839, 18
4840, 16
4841, 8
4842, 96
4843, 7
4844, 6
4845, 5
4846, 2
4847, 54
4848, 44
4849, 1
4850, 24
4851, 16
4852, 1
4853, 19
4854, 6
4855, 1
4856, 11
4857, 29
4858, 1
4859, 38
4860, 8
4861, 35
4862, 26
4863, 5
4864, 27
4865, 8
4866, 11
4867, 9
4868, 15
4869, 8
4870, 25
4871, 29
4872, 29
4873, 19
4874, 24
4875, 79
4876, 20
4877, 8
4878, 15
4879, 7
4880, 65
4881, 6
4882, 1
4883, 20
4884, 7
4885, 38
4886, 34
4887, 6
4888, 1
4889, 4
4890, 1
4891, 28
4892, 29
4893, 1
4894, 8
4895, 12
4896, 1
4897, 20
4898, 13
4899, 8
4900, 13
4901, 5
4902, 17
4903, 16
4904, 34
4905, 24
4906, 21
4907, 18
4908, 28
4909, 6
4910, 1
4911, 11
4912, 19
4913, 1
4914, 33
4915, 5
4916, 22
4917, 6
4918, 1
4919, 24
4920, 11
4921, 6
4922, 1
4923, 4
4924, 1
4925, 32
4926, 24
4927, 1
4928, 8
4929, 15
4930, 1
4931, 19
4932, 6
4933, 1
4934, 11
4935, 31
4936, 1
4937, 4
4938, 1
4939, 35
4940, 27
4941, 1
4942, 8
4943, 15
4944, 1
4945, 19
4946, 6
4947, 1
4948, 11
4949, 29
4950, 1
4951, 4
4952, 1
4953, 34
4954, 26
4955, 1
4956, 8
4957, 15
4958, 1
4959, 19
4960, 6
4961, 1
4962, 11
4963, 27
4964, 1
4965, 4
4966, 1
4967, 24
4968, 16
4969, 1
4970, 7
4971, 23
4972, 34
4973, 6
4974, 1
4975, 19
4976, 6
4977, 1
4978, 11
4979, 41
4980, 41
4981, 5
4982, 39
4983, 20
4984, 6
4985, 1
4986, 34
4987, 30
4988, 5
4989, 42
4990, 54
4991, 46
4992, 55
4993, 8
4994, 52
4995, 7
4996, 22
4997, 6
4998, 1
4999, 24
5000, 22
5001, 5
5002, 20
5003, 42
5004, 16
5005, 7
5006, 6
5007, 1
5008, 11
5009, 22
5010, 29
5011, 1
5012, 38
5013, 5
5014, 27
5015, 17
5016, 6
5017, 1
5018, 4
5019, 1
5020, 24
5021, 16
5022, 1
5023, 7
5024, 11
5025, 1
5026, 13
5027, 6
5028, 1
5029, 11
5030, 9
5031, 8
5032, 34
5033, 40
5034, 5
5035, 62
5036, 31
5037, 17
5038, 35
5039, 8
5040, 34
5041, 7
5042, 6
5043, 1
5044, 4
5045, 24
5046, 55
5047, 38
5048, 31
5049, 1
5050, 9
5051, 1
5052, 7
5053, 11
5054, 1
5055, 15
5056, 8
5057, 1
5058, 14
5059, 11
5060, 12
5061, 24
5062, 55
5063, 9
5064, 7
5065, 30
5066, 8
5067, 28
5068, 7
5069, 18
5070, 38
5071, 25
5072, 25
5073, 20
5074, 25
5075, 21
5076, 10
5077, 28
5078, 17
5079, 20
5080, 12
5081, 20
5082, 30
5083, 14
5084, 46
5085, 46
5086, 31
5087, 10
5088, 1
5089, 16
5090, 24
5091, 61
5092, 41
5093, 1
5094, 74
5095, 28
5096, 1
5097, 50
5098, 1
5099, 15
5100, 1
5101, 7
5102, 11
5103, 1
5104, 8
5105, 34
5106, 13
5107, 25
5108, 22
5109, 15
5110, 12
5111, 11
5112, 23
5113, 13
5114, 13
5115, 10
5116, 1
5117, 9
5118, 8
5119, 1
5120, 3
5121, 1
5122, 29
5123, 1
5124, 3
5125, 18
5126, 8
5127, 14
5128, 18
5129, 1
5130, 24
5131, 1
5132, 3
5133, 1
5134, 8
5135, 1
5136, 38
5137, 19
5138, 20
5139, 1
5140, 12
5141, 12
5142, 9
5143, 2
5144, 10
5145, 25
5146, 32
5147, 7
5148, 11
5149, 1
5150, 1
5151, 10
5152, 12
5153, 20
5154, 9
5155, 2
5156, 25
5157, 30
5158, 34
5159, 7
5160, 24
5161, 13
5162, 18
5163, 1
5164, 16
5165, 12
5166, 14
5167, 20
5168, 9
5169, 19
5170, 23
5171, 23
5172, 7
5173, 35
5174, 25
5175, 33
5176, 22
5177, 17
5178, 7
5179, 19
5180, 11
5181, 1
5182, 26
5183, 1
5184, 25
5185, 61
5186, 38
5187, 3
5188, 20
5189, 1
5190, 15
5191, 1
5192, 7
5193, 11
5194, 2
5195, 15
5196, 6
5197, 1
5198, 14
5199, 12
5200, 14
5201, 32
5202, 19
5203, 46
5204, 28
5205, 48
5206, 25
5207, 29
5208, 4
5209, 16
5210, 10
5211, 43
5212, 18
5213, 27
5214, 11
5215, 25
5216, 10
5217, 41
5218, 26
5219, 37
5220, 32
5221, 43
5222, 38
5223, 8
5224, 37
5225, 27
5226, 34
5227, 33
5228, 27
5229, 11
5230, 7
5231, 10
5232, 17
5233, 7
5234, 37
5235, 23
5236, 6
5237, 20
5238, 10
5239, 1
5240, 49
5241, 1
5242, 10
5243, 53
5244, 13
5245, 11
5246, 21
5247, 10
5248, 52
5249, 32
5250, 19
5251, 25
5252, 1
5253, 25
5254, 12
5255, 9
5256, 1
5257, 25
5258, 1
5259, 10
5260, 41
5261, 13
5262, 11
5263, 21
5264, 10
5265, 49
5266, 12
5267, 9
5268, 5
5269, 8
5270, 1
