1, 16
2, 63
3, 40
4, 1
5, 42
6, 13
7, 1
8, 38
9, 11
10, 22
11, 44
12, 44
13, 35
14, 3
15, 1
16, 44
17, 48
18, 21
19, 10
20, 62
21, 29
22, 14
23, 2
24, 1
25, 20
26, 24
27, 24
28, 29
29, 16
30, 70
31, 40
32, 1
33, 42
34, 13
35, 1
36, 63
37, 19
38, 13
39, 16
40, 1
41, 44
42, 48
43, 21
44, 10
45, 62
46, 29
47, 14
48, 2
49, 1
50, 20
51, 24
52, 24
53, 29
54, 16
55, 72
56, 40
57, 1
58, 47
59, 22
60, 1
61, 44
62, 48
63, 21
64, 10
65, 78
66, 29
67, 14
68, 2
69, 1
70, 20
71, 24
72, 24
73, 29
74, 16
75, 45
76, 37
77, 25
78, 1
79, 13
80, 1
81, 10
82, 21
83, 43
84, 43
85, 34
86, 2
87, 1
88, 20
89, 24
90, 24
91, 29
92, 17
93, 70
94, 40
95, 1
96, 12
97, 13
98, 1
99, 50
100, 51
101, 27
102, 14
103, 1
104, 10
105, 21
106, 46
107, 50
108, 58
109, 59
110, 2
111, 1
112, 20
113, 24
114, 24
115, 29
116, 16
117, 57
118, 40
119, 1
120, 33
121, 59
122, 70
123, 61
124, 26
125, 1
126, 23
127, 7
128, 7
129, 1
130, 19
131, 23
132, 21
133, 2
134, 21
135, 35
136, 21
137, 6
138, 2
139, 1
140, 27
141, 16
142, 39
143, 37
144, 40
145, 1
146, 13
147, 1
148, 23
149, 20
150, 19
151, 1
152, 38
153, 16
154, 1
155, 21
156, 16
157, 62
158, 58
159, 37
160, 2
161, 1
162, 35
163, 1
164, 40
165, 37
166, 3
167, 35
168, 1
169, 20
170, 30
171, 33
172, 39
173, 81
174, 2
175, 1
176, 17
177, 45
178, 15
179, 76
180, 6
181, 2
182, 1
183, 29
184, 19
185, 1
186, 60
187, 1
188, 36
189, 53
190, 56
191, 37
192, 21
193, 1
194, 51
195, 1
196, 68
197, 64
198, 19
199, 5
200, 31
201, 58
202, 57
203, 6
204, 5
205, 76
206, 2
207, 1
208, 55
209, 38
210, 40
211, 37
212, 2
213, 27
214, 29
215, 54
216, 1
217, 13
218, 1
219, 17
220, 21
221, 1
222, 51
223, 73
224, 2
225, 1
226, 1
227, 21
228, 21
229, 1
230, 14
231, 60
232, 1
233, 52
234, 56
235, 64
236, 6
237, 21
238, 2
239, 1
240, 1
241, 21
242, 1
243, 19
244, 15
245, 1
246, 30
247, 33
248, 9
249, 21
250, 2
251, 1
252, 2
253, 40
254, 55
255, 60
256, 44
257, 2
258, 1
259, 50
260, 1
261, 24
262, 32
263, 62
264, 19
265, 1
266, 37
267, 43
268, 37
269, 1
270, 40
271, 37
272, 6
273, 1
274, 79
275, 17
276, 2
277, 1
278, 56
279, 43
280, 1
281, 42
282, 42
283, 42
284, 42
285, 42
286, 42
287, 1
288, 13
289, 21
290, 1
291, 58
292, 46
293, 1
294, 44
295, 34
296, 1
297, 49
298, 33
299, 1
300, 33
301, 28
302, 29
303, 1
304, 60
305, 24
306, 53
307, 9
308, 42
309, 16
310, 1
311, 45
312, 11
313, 1
314, 20
315, 6
316, 20
317, 5
318, 71
319, 1
320, 25
321, 28
322, 23
323, 29
324, 21
325, 21
326, 6
327, 9
328, 6
329, 23
330, 26
331, 29
332, 6
333, 33
334, 1
335, 66
336, 11
337, 1
338, 9
339, 4
340, 1
341, 50
342, 24
343, 27
344, 3
345, 34
346, 1
347, 27
348, 39
349, 37
350, 39
351, 36
352, 1
353, 13
354, 13
355, 15
356, 14
357, 22
358, 24
359, 25
360, 2
361, 44
362, 2
363, 18
364, 25
365, 2
366, 23
367, 21
368, 31
369, 29
370, 30
371, 18
372, 27
373, 11
374, 30
375, 30
376, 30
377, 18
378, 28
379, 11
380, 31
381, 23
382, 14
383, 24
384, 7
385, 3
386, 2
387, 17
388, 37
389, 41
390, 56
391, 7
392, 3
393, 2
394, 24
395, 41
396, 45
397, 59
398, 11
399, 7
400, 2
401, 13
402, 3
403, 2
404, 16
405, 19
406, 2
407, 74
408, 2
409, 64
410, 3
411, 2
412, 14
413, 44
414, 2
415, 41
416, 2
417, 50
418, 53
419, 7
420, 2
421, 40
422, 3
423, 2
424, 16
425, 62
426, 2
427, 17
428, 27
429, 27
430, 2
431, 31
432, 26
433, 7
434, 3
435, 2
436, 21
437, 43
438, 2
439, 38
440, 31
441, 28
442, 33
443, 33
444, 2
445, 45
446, 23
447, 46
448, 24
449, 6
450, 16
451, 35
452, 49
453, 93
454, 7
455, 2
456, 21
457, 24
458, 26
459, 34
460, 25
461, 28
462, 30
463, 29
464, 73
465, 41
466, 41
467, 30
468, 30
469, 18
470, 35
471, 30
472, 11
473, 30
474, 35
475, 33
476, 26
477, 18
478, 52
479, 11
480, 7
481, 3
482, 2
483, 21
484, 53
485, 109
486, 40
487, 37
488, 40
489, 48
490, 77
491, 1
492, 13
493, 21
494, 1
495, 15
496, 2
497, 25
498, 4
499, 12
500, 12
501, 12
502, 12
503, 12
504, 12
505, 12
506, 12
507, 12
508, 4
509, 14
510, 2
511, 1
512, 15
513, 2
514, 18
515, 1
516, 14
517, 13
518, 16
519, 1
520, 14
521, 2
522, 1
523, 24
524, 2
525, 20
526, 1
527, 61
528, 60
529, 63
530, 60
531, 59
532, 62
533, 63
534, 62
535, 65
536, 13
537, 2
538, 1
539, 14
540, 2
541, 18
542, 1
543, 16
544, 15
545, 15
546, 17
547, 16
548, 16
549, 15
550, 17
551, 17
552, 16
553, 1
554, 14
555, 2
556, 1
557, 22
558, 2
559, 43
560, 2
561, 1
562, 1
563, 21
564, 23
565, 28
566, 29
567, 18
568, 23
569, 1
570, 14
571, 2
572, 19
573, 22
574, 4
575, 15
576, 22
577, 32
578, 4
579, 32
580, 23
581, 30
582, 15
583, 32
584, 10
585, 85
586, 55
587, 39
588, 25
589, 10
590, 25
591, 8
592, 5
593, 2
594, 1
595, 14
596, 2
597, 18
598, 17
599, 16
600, 4
601, 31
602, 1
603, 19
604, 24
605, 36
606, 55
607, 5
608, 20
609, 17
610, 5
611, 4
612, 18
613, 24
614, 52
615, 29
616, 7
617, 45
618, 2
619, 1
620, 1
621, 23
622, 32
623, 46
624, 40
625, 37
626, 40
627, 48
628, 77
629, 42
630, 1
631, 13
632, 21
633, 1
634, 14
635, 13
636, 12
637, 15
638, 3
639, 1
640, 12
641, 38
642, 1
643, 16
644, 17
645, 24
646, 21
647, 30
648, 25
649, 25
650, 25
651, 25
652, 25
653, 25
654, 4
655, 85
656, 2
657, 1
658, 69
659, 1
660, 24
661, 2
662, 24
663, 26
664, 78
665, 6
666, 4
667, 14
668, 2
669, 1
670, 16
671, 51
672, 2
673, 1
674, 24
675, 23
676, 28
677, 29
678, 18
679, 23
680, 1
681, 14
682, 2
683, 19
684, 1
685, 15
686, 22
687, 29
688, 1
689, 28
690, 32
691, 99
692, 49
693, 39
694, 23
695, 23
696, 15
697, 23
698, 30
699, 8
700, 5
701, 2
702, 1
703, 14
704, 2
705, 18
706, 36
707, 16
708, 1
709, 29
710, 1
711, 19
712, 28
713, 36
714, 55
715, 5
716, 20
717, 17
718, 5
719, 1
720, 18
721, 28
722, 52
723, 29
724, 7
725, 45
726, 2
727, 1
728, 1
729, 23
730, 42
731, 78
732, 16
733, 58
734, 40
735, 1
736, 12
737, 1
738, 35
739, 1
740, 18
741, 15
742, 43
743, 29
744, 62
745, 33
746, 49
747, 27
748, 19
749, 17
750, 2
751, 1
752, 15
753, 23
754, 39
755, 2
756, 1
757, 18
758, 22
759, 15
760, 63
761, 29
762, 56
763, 30
764, 17
765, 2
766, 1
767, 18
768, 24
769, 38
770, 18
771, 12
772, 28
773, 16
774, 21
775, 57
776, 6
777, 16
778, 2
779, 1
780, 18
781, 17
782, 34
783, 33
784, 20
785, 44
786, 16
787, 22
788, 17
789, 53
790, 18
791, 11
792, 14
793, 21
794, 17
795, 25
796, 5
797, 19
798, 40
799, 13
800, 21
801, 27
802, 6
803, 12
804, 2
805, 1
806, 11
807, 27
808, 21
809, 13
810, 2
811, 1
812, 8
813, 16
814, 60
815, 40
816, 1
817, 13
818, 1
819, 12
820, 12
821, 20
822, 24
823, 1
824, 22
825, 1
826, 10
827, 40
828, 2
829, 1
830, 22
831, 1
832, 10
833, 40
834, 2
835, 1
836, 14
837, 1
838, 20
839, 21
840, 11
841, 23
842, 7
843, 14
844, 37
845, 6
846, 2
847, 1
848, 18
849, 21
850, 11
851, 23
852, 7
853, 37
854, 24
855, 19
856, 26
857, 6
858, 2
859, 1
860, 18
861, 21
862, 11
863, 18
864, 7
865, 37
866, 24
867, 19
868, 26
869, 6
870, 2
871, 1
872, 13
873, 21
874, 20
875, 39
876, 13
877, 39
878, 6
879, 2
880, 1
881, 17
882, 17
883, 26
884, 2
885, 39
886, 40
887, 37
888, 37
889, 28
890, 27
891, 27
892, 1
893, 13
894, 1
895, 15
896, 21
897, 39
898, 29
899, 1
900, 27
901, 23
902, 28
903, 20
904, 1
905, 11
906, 26
907, 52
908, 21
909, 10
910, 1
911, 66
912, 21
913, 22
914, 54
915, 26
916, 65
917, 14
918, 56
919, 10
920, 1
921, 26
922, 51
923, 40
924, 33
925, 10
926, 26
927, 6
928, 2
929, 1
930, 19
931, 50
932, 2
933, 40
934, 37
935, 1
936, 37
937, 28
938, 27
939, 35
940, 1
941, 13
942, 13
943, 1
944, 15
945, 23
946, 33
947, 23
948, 1
949, 49
950, 20
951, 1
952, 19
953, 38
954, 15
955, 45
956, 49
957, 8
958, 48
959, 6
960, 1
961, 30
962, 34
963, 34
964, 27
965, 6
966, 22
967, 4
968, 2
969, 1
970, 14
971, 23
972, 25
973, 1
974, 19
975, 20
976, 29
977, 30
978, 34
979, 34
980, 27
981, 6
982, 4
983, 2
984, 1
985, 20
986, 1
987, 13
988, 1
989, 13
990, 22
991, 54
992, 2
993, 1
994, 13
995, 28
996, 27
997, 30
998, 2
999, 34
1000, 40
1001, 37
1002, 46
1003, 30
1004, 29
1005, 29
1006, 48
1007, 54
1008, 1
1009, 13
1010, 1
1011, 20
1012, 21
1013, 71
1014, 33
1015, 5
1016, 23
1017, 28
1018, 1
1019, 9
1020, 33
1021, 21
1022, 24
1023, 45
1024, 26
1025, 65
1026, 14
1027, 56
1028, 43
1029, 10
1030, 9
1031, 29
1032, 26
1033, 24
1034, 50
1035, 17
1036, 33
1037, 23
1038, 50
1039, 29
1040, 55
1041, 60
1042, 32
1043, 56
1044, 14
1045, 10
1046, 17
1047, 2
1048, 1
1049, 14
1050, 45
1051, 51
1052, 25
1053, 43
1054, 2
1055, 1
1056, 33
1057, 37
1058, 2
1059, 28
1060, 25
1061, 30
1062, 1
1063, 27
1064, 25
1065, 26
1066, 1
1067, 31
1068, 1
1069, 15
1070, 1
1071, 21
1072, 24
1073, 18
1074, 1
1075, 26
1076, 34
1077, 6
1078, 2
1079, 1
1080, 22
1081, 37
1082, 1
1083, 26
1084, 18
1085, 1
1086, 18
1087, 16
1088, 1
1089, 50
1090, 66
1091, 57
1092, 1
1093, 37
1094, 32
1095, 33
1096, 33
1097, 26
1098, 14
1099, 12
1100, 10
1101, 1
1102, 25
1103, 24
1104, 6
1105, 2
1106, 1
1107, 81
1108, 22
1109, 30
1110, 1
1111, 26
1112, 1
1113, 11
1114, 18
1115, 29
1116, 47
1117, 56
1118, 72
1119, 24
1120, 5
1121, 2
1122, 1
1123, 12
1124, 15
1125, 15
1126, 15
1127, 15
1128, 15
1129, 15
1130, 15
1131, 15
1132, 15
1133, 15
1134, 15
1135, 15
1136, 15
1137, 15
1138, 14
1139, 3
1140, 1
1141, 20
1142, 26
1143, 26
1144, 26
1145, 25
1146, 3
1147, 1
1148, 7
1149, 51
1150, 51
1151, 51
1152, 51
1153, 51
1154, 51
1155, 43
1156, 1
1157, 6
1158, 1
1159, 29
1160, 1
1161, 21
1162, 29
1163, 1
1164, 57
1165, 60
1166, 73
1167, 1
1168, 16
1169, 1
1170, 39
1171, 37
1172, 2
1173, 28
1174, 25
1175, 1
1176, 27
1177, 25
1178, 26
1179, 1
1180, 31
1181, 1
1182, 15
1183, 21
1184, 64
1185, 2
1186, 1
1187, 23
1188, 24
1189, 15
1190, 1
1191, 26
1192, 34
1193, 6
1194, 2
1195, 1
1196, 21
1197, 24
1198, 25
1199, 1
1200, 26
1201, 45
1202, 6
1203, 2
1204, 1
1205, 1
1206, 27
1207, 115
1208, 37
1209, 1
1210, 26
1211, 14
1212, 1
1213, 24
1214, 42
1215, 37
1216, 46
1217, 10
1218, 25
1219, 20
1220, 6
1221, 40
1222, 26
1223, 42
1224, 46
1225, 10
1226, 25
1227, 6
1228, 2
1229, 1
1230, 27
1231, 84
1232, 96
1233, 30
1234, 1
1235, 26
1236, 1
1237, 62
1238, 42
1239, 41
1240, 23
1241, 10
1242, 46
1243, 38
1244, 6
1245, 16
1246, 37
1247, 19
1248, 6
1249, 51
1250, 19
1251, 2
1252, 1
1253, 1
1254, 12
1255, 19
1256, 19
1257, 19
1258, 19
1259, 19
1260, 19
1261, 19
1262, 19
1263, 19
1264, 19
1265, 19
1266, 19
1267, 19
1268, 19
1269, 18
1270, 3
1271, 1
1272, 20
1273, 30
1274, 30
1275, 30
1276, 29
1277, 3
1278, 1
1279, 7
1280, 51
1281, 51
1282, 51
1283, 51
1284, 51
1285, 51
1286, 43
1287, 1
1288, 71
1289, 6
1290, 1
1291, 29
1292, 1
1293, 21
1294, 29
1295, 1
1296, 57
1297, 60
1298, 73
1299, 1
1300, 8
1301, 1
1302, 13
1303, 40
1304, 37
1305, 2
1306, 28
1307, 25
1308, 31
1309, 26
1310, 1
1311, 12
1312, 14
1313, 27
1314, 25
1315, 26
1316, 1
1317, 31
1318, 1
1319, 15
1320, 17
1321, 84
1322, 2
1323, 1
1324, 21
1325, 26
1326, 18
1327, 1
1328, 49
1329, 2
1330, 1
1331, 19
1332, 26
1333, 29
1334, 36
1335, 1
1336, 11
1337, 25
1338, 30
1339, 55
1340, 10
1341, 6
1342, 1
1343, 15
1344, 2
1345, 1
1346, 1
1347, 22
1348, 41
1349, 1
1350, 38
1351, 1
1352, 24
1353, 42
1354, 57
1355, 6
1356, 41
1357, 26
1358, 62
1359, 6
1360, 2
1361, 1
1362, 22
1363, 34
1364, 1
1365, 38
1366, 1
1367, 23
1368, 47
1369, 43
1370, 31
1371, 44
1372, 6
1373, 27
1374, 48
1375, 6
1376, 2
1377, 1
1378, 1
1379, 12
1380, 19
1381, 19
1382, 19
1383, 19
1384, 19
1385, 19
1386, 19
1387, 19
1388, 19
1389, 19
1390, 19
1391, 19
1392, 19
1393, 19
1394, 18
1395, 3
1396, 1
1397, 20
1398, 30
1399, 30
1400, 30
1401, 29
1402, 3
1403, 1
1404, 10
1405, 51
1406, 51
1407, 51
1408, 51
1409, 51
1410, 51
1411, 43
1412, 1
1413, 71
1414, 6
1415, 1
1416, 29
1417, 1
1418, 22
1419, 30
1420, 1
1421, 57
1422, 60
1423, 73
1424, 1
1425, 16
1426, 61
1427, 40
1428, 1
1429, 12
1430, 13
1431, 1
1432, 21
1433, 10
1434, 56
1435, 2
1436, 1
1437, 39
1438, 19
1439, 16
1440, 16
1441, 68
1442, 40
1443, 1
1444, 12
1445, 13
1446, 1
1447, 39
1448, 61
1449, 9
1450, 15
1451, 18
1452, 1
1453, 21
1454, 10
1455, 56
1456, 2
1457, 1
1458, 39
1459, 19
1460, 16
1461, 19
1462, 39
1463, 37
1464, 31
1465, 1
1466, 30
1467, 23
1468, 16
1469, 58
1470, 40
1471, 1
1472, 33
1473, 58
1474, 70
1475, 61
1476, 26
1477, 1
1478, 12
1479, 1
1480, 23
1481, 12
1482, 11
1483, 1
1484, 20
1485, 32
1486, 2
1487, 28
1488, 27
1489, 2
1490, 14
1491, 16
1492, 13
1493, 1
1494, 20
1495, 9
1496, 8
1497, 12
1498, 21
1499, 34
1500, 34
1501, 34
1502, 34
1503, 2
1504, 23
1505, 83
1506, 2
1507, 15
1508, 16
1509, 65
1510, 40
1511, 1
1512, 33
1513, 58
1514, 70
1515, 61
1516, 26
1517, 1
1518, 12
1519, 1
1520, 23
1521, 12
1522, 18
1523, 11
1524, 1
1525, 20
1526, 32
1527, 2
1528, 28
1529, 27
1530, 2
1531, 14
1532, 16
1533, 59
1534, 40
1535, 28
1536, 1
1537, 12
1538, 1
1539, 39
1540, 16
1541, 35
1542, 16
1543, 12
1544, 14
1545, 65
1546, 2
1547, 73
1548, 17
1549, 62
1550, 40
1551, 55
1552, 1
1553, 12
1554, 1
1555, 27
1556, 27
1557, 27
1558, 1
1559, 18
1560, 1
1561, 15
1562, 67
1563, 1
1564, 21
1565, 19
1566, 41
1567, 23
1568, 1
1569, 22
1570, 1
1571, 27
1572, 17
1573, 16
1574, 17
1575, 25
1576, 12
1577, 24
1578, 26
1579, 25
1580, 21
1581, 14
1582, 9
1583, 5
1584, 12
1585, 17
1586, 23
1587, 54
1588, 29
1589, 25
1590, 23
1591, 16
1592, 20
1593, 9
1594, 5
1595, 19
1596, 6
1597, 2
1598, 1
1599, 1
1600, 18
1601, 20
1602, 1
1603, 38
1604, 14
1605, 30
1606, 32
1607, 2
1608, 1
1609, 20
1610, 1
1611, 29
1612, 1
1613, 16
1614, 59
1615, 40
1616, 1
1617, 23
1618, 41
1619, 38
1620, 1
1621, 30
1622, 68
1623, 36
1624, 26
1625, 35
1626, 1
1627, 12
1628, 13
1629, 1
1630, 31
1631, 1
1632, 30
1633, 10
1634, 81
1635, 1
1636, 38
1637, 1
1638, 26
1639, 11
1640, 33
1641, 26
1642, 91
1643, 14
1644, 2
1645, 1
1646, 70
1647, 37
1648, 29
1649, 2
1650, 1
1651, 28
1652, 21
1653, 15
1654, 34
1655, 17
1656, 36
1657, 44
1658, 16
1659, 30
1660, 26
1661, 6
1662, 79
1663, 4
1664, 30
1665, 31
1666, 45
1667, 4
1668, 2
1669, 1
1670, 24
1671, 34
1672, 13
1673, 60
1674, 18
1675, 2
1676, 1
1677, 15
1678, 43
1679, 12
1680, 18
1681, 34
1682, 4
1683, 16
1684, 2
1685, 41
1686, 38
1687, 30
1688, 68
1689, 36
1690, 26
1691, 1
1692, 16
1693, 10
1694, 81
1695, 1
1696, 38
1697, 26
1698, 11
1699, 33
1700, 26
1701, 91
1702, 14
1703, 2
1704, 1
1705, 70
1706, 37
1707, 29
1708, 2
1709, 1
1710, 28
1711, 21
1712, 64
1713, 2
1714, 1
1715, 17
1716, 59
1717, 12
1718, 1
1719, 18
1720, 1
1721, 21
1722, 26
1723, 1
1724, 16
1725, 18
1726, 29
1727, 2
1728, 19
1729, 1
1730, 17
1731, 53
1732, 26
1733, 53
1734, 20
1735, 18
1736, 60
1737, 53
1738, 41
1739, 28
1740, 61
1741, 51
1742, 39
1743, 28
1744, 27
1745, 25
1746, 40
1747, 35
1748, 39
1749, 29
1750, 29
1751, 40
1752, 35
1753, 31
1754, 31
1755, 25
1756, 13
1757, 5
1758, 6
1759, 35
1760, 36
1761, 19
1762, 2
1763, 40
1764, 37
1765, 31
1766, 32
1767, 33
1768, 30
1769, 39
1770, 1
1771, 29
1772, 35
1773, 67
1774, 1
1775, 13
1776, 23
1777, 77
1778, 1
1779, 39
1780, 14
1781, 48
1782, 17
1783, 34
1784, 34
1785, 5
1786, 35
1787, 29
1788, 23
1789, 22
1790, 44
1791, 22
1792, 2
1793, 1
1794, 52
1795, 16
1796, 21
1797, 54
1798, 18
1799, 2
1800, 1
1801, 71
1802, 32
1803, 31
1804, 55
1805, 24
1806, 1
1807, 72
1808, 8
1809, 21
1810, 11
1811, 13
1812, 31
1813, 38
1814, 48
1815, 27
1816, 28
1817, 61
1818, 16
1819, 5
1820, 72
1821, 30
1822, 24
1823, 2
1824, 1
1825, 33
1826, 37
1827, 31
1828, 32
1829, 1
1830, 21
1831, 31
1832, 1
1833, 17
1834, 35
1835, 1
1836, 10
1837, 32
1838, 32
1839, 1
1840, 33
1841, 15
1842, 6
1843, 32
1844, 26
1845, 20
1846, 19
1847, 45
1848, 23
1849, 2
1850, 1
1851, 23
1852, 21
1853, 22
1854, 58
1855, 2
1856, 1
1857, 17
1858, 60
1859, 40
1860, 1
1861, 43
1862, 64
1863, 66
1864, 1
1865, 63
1866, 62
1867, 41
1868, 1
1869, 12
1870, 13
1871, 1
1872, 15
1873, 1
1874, 15
1875, 27
1876, 22
1877, 19
1878, 17
1879, 27
1880, 17
1881, 45
1882, 21
1883, 6
1884, 18
1885, 2
1886, 1
1887, 12
1888, 38
1889, 17
1890, 22
1891, 29
1892, 17
1893, 24
1894, 28
1895, 20
1896, 32
1897, 44
1898, 9
1899, 25
1900, 5
1901, 21
1902, 6
1903, 18
1904, 2
1905, 1
1906, 23
1907, 1
1908, 33
1909, 33
1910, 8
1911, 15
1912, 41
1913, 2
1914, 67
1915, 1
1916, 40
1917, 37
1918, 31
1919, 1
1920, 13
1921, 19
1922, 1
1923, 13
1924, 15
1925, 1
1926, 16
1927, 38
1928, 1
1929, 22
1930, 13
1931, 25
1932, 50
1933, 10
1934, 16
1935, 2
1936, 1
1937, 14
1938, 23
1939, 33
1940, 2
1941, 1
1942, 16
1943, 41
1944, 38
1945, 3
1946, 43
1947, 24
1948, 2
1949, 2
1950, 13
1951, 15
1952, 13
1953, 14
1954, 25
1955, 2
1956, 24
1957, 17
1958, 29
1959, 25
1960, 20
1961, 40
1962, 2
1963, 80
1964, 80
1965, 2
1966, 21
1967, 44
1968, 50
1969, 37
1970, 2
1971, 59
1972, 43
1973, 47
1974, 21
1975, 24
1976, 2
1977, 34
1978, 31
1979, 2
1980, 45
1981, 29
1982, 30
1983, 13
1984, 2
1985, 2
1986, 14
1987, 38
1988, 3
1989, 2
1990, 12
1991, 38
1992, 3
1993, 2
1994, 15
1995, 29
1996, 2
1997, 22
1998, 36
1999, 36
2000, 2
2001, 37
2002, 56
2003, 37
2004, 11
2005, 7
2006, 6
2007, 37
2008, 2
2009, 18
2010, 3
2011, 2
2012, 15
2013, 21
2014, 2
2015, 20
2016, 27
2017, 35
2018, 7
2019, 6
2020, 17
2021, 44
2022, 3
2023, 2
2024, 22
2025, 30
2026, 2
2027, 13
2028, 46
2029, 51
2030, 34
2031, 11
2032, 7
2033, 2
2034, 26
2035, 56
2036, 42
2037, 29
2038, 38
2039, 50
2040, 47
2041, 23
2042, 19
2043, 2
2044, 44
2045, 66
2046, 19
2047, 15
2048, 11
2049, 7
2050, 6
2051, 17
2052, 3
2053, 2
2054, 16
2055, 25
2056, 6
2057, 22
2058, 26
2059, 21
2060, 36
2061, 42
2062, 39
2063, 15
2064, 11
2065, 10
2066, 28
2067, 7
2068, 6
2069, 21
2070, 3
2071, 2
2072, 18
2073, 2
2074, 13
2075, 31
2076, 35
2077, 45
2078, 11
2079, 7
2080, 2
2081, 13
2082, 39
2083, 28
2084, 7
2085, 2
2086, 36
2087, 38
2088, 37
2089, 37
2090, 43
2091, 36
2092, 38
2093, 38
2094, 38
2095, 39
2096, 2
2097, 13
2098, 55
2099, 46
2100, 7
2101, 6
2102, 32
2103, 3
2104, 2
2105, 19
2106, 20
2107, 2
2108, 17
2109, 31
2110, 35
2111, 55
2112, 11
2113, 10
2114, 21
2115, 10
2116, 28
2117, 24
2118, 11
2119, 7
2120, 3
2121, 2
2122, 13
2123, 44
2124, 6
2125, 36
2126, 6
2127, 35
2128, 43
2129, 38
2130, 14
2131, 35
2132, 41
2133, 63
2134, 2
2135, 63
2136, 40
2137, 44
2138, 19
2139, 18
2140, 51
2141, 22
2142, 59
2143, 33
2144, 77
2145, 22
2146, 54
2147, 93
2148, 62
2149, 77
2150, 61
2151, 64
2152, 39
2153, 31
2154, 27
2155, 26
2156, 69
2157, 23
2158, 26
2159, 52
2160, 42
2161, 42
2162, 43
2163, 22
2164, 57
2165, 33
2166, 23
2167, 19
2168, 15
2169, 11
2170, 10
2171, 45
2172, 21
2173, 11
2174, 7
2175, 6
2176, 13
2177, 3
2178, 16
2179, 62
2180, 40
2181, 27
2182, 1
2183, 16
2184, 1
2185, 10
2186, 35
2187, 47
2188, 2
2189, 1
2190, 12
2191, 21
2192, 2
2193, 1
2194, 15
2195, 22
2196, 24
2197, 19
2198, 2
2199, 1
2200, 1
2201, 19
2202, 23
2203, 1
2204, 10
2205, 49
2206, 49
2207, 38
2208, 26
2209, 19
2210, 2
2211, 1
2212, 15
2213, 22
2214, 51
2215, 23
2216, 25
2217, 6
2218, 19
2219, 2
2220, 1
2221, 1
2222, 14
2223, 1
2224, 11
2225, 24
2226, 28
2227, 1
2228, 17
2229, 36
2230, 20
2231, 36
2232, 6
2233, 43
2234, 1
2235, 14
2236, 43
2237, 20
2238, 37
2239, 6
2240, 43
2241, 2
2242, 1
2243, 8
2244, 16
2245, 61
2246, 40
2247, 1
2248, 12
2249, 1
2250, 20
2251, 13
2252, 31
2253, 23
2254, 20
2255, 27
2256, 28
2257, 18
2258, 14
2259, 18
2260, 18
2261, 32
2262, 43
2263, 32
2264, 28
2265, 32
2266, 2
2267, 26
2268, 23
2269, 39
2270, 1
2271, 17
2272, 53
2273, 62
2274, 2
2275, 1
2276, 34
2277, 21
2278, 71
2279, 1
2280, 40
2281, 45
2282, 43
2283, 56
2284, 57
2285, 47
2286, 43
2287, 47
2288, 33
2289, 37
2290, 2
2291, 33
2292, 37
2293, 38
2294, 30
2295, 1
2296, 49
2297, 45
2298, 38
2299, 1
2300, 34
2301, 84
2302, 52
2303, 1
2304, 15
2305, 2
2306, 17
2307, 54
2308, 3
2309, 39
2310, 19
2311, 39
2312, 46
2313, 31
2314, 31
2315, 31
2316, 59
2317, 56
2318, 30
2319, 31
2320, 30
2321, 29
2322, 30
2323, 29
2324, 30
2325, 29
2326, 8
2327, 1
2328, 42
2329, 57
2330, 31
2331, 31
2332, 31
2333, 4
2334, 2
2335, 1
2336, 11
2337, 2
2338, 41
2339, 1
2340, 12
2341, 22
2342, 28
2343, 77
2344, 26
2345, 31
2346, 31
2347, 31
2348, 59
2349, 49
2350, 6
2351, 4
2352, 13
2353, 2
2354, 1
2355, 20
2356, 2
2357, 40
2358, 1
2359, 19
2360, 33
2361, 33
2362, 33
2363, 4
2364, 32
2365, 32
2366, 32
2367, 2
2368, 1
2369, 50
2370, 111
2371, 114
2372, 114
2373, 32
2374, 108
2375, 32
2376, 107
2377, 33
2378, 110
2379, 31
2380, 107
2381, 1
2382, 17
2383, 1
2384, 19
2385, 29
2386, 1
2387, 18
2388, 1
2389, 54
2390, 13
2391, 17
2392, 2
2393, 1
2394, 29
2395, 1
2396, 16
2397, 64
2398, 40
2399, 1
2400, 12
2401, 1
2402, 39
2403, 11
2404, 12
2405, 15
2406, 16
2407, 19
2408, 15
2409, 18
2410, 19
2411, 22
2412, 18
2413, 21
2414, 22
2415, 25
2416, 15
2417, 12
2418, 8
2419, 9
2420, 5
2421, 6
2422, 2
2423, 14
2424, 40
2425, 37
2426, 2
2427, 40
2428, 42
2429, 1
2430, 13
2431, 12
2432, 1
2433, 13
2434, 17
2435, 21
2436, 1
2437, 18
2438, 29
2439, 20
2440, 51
2441, 24
2442, 11
2443, 19
2444, 8
2445, 5
2446, 18
2447, 2
2448, 1
2449, 1
2450, 18
2451, 16
2452, 1
2453, 28
2454, 27
2455, 49
2456, 2
2457, 1
2458, 1
2459, 39
2460, 17
2461, 31
2462, 31
2463, 1
2464, 1
2465, 41
2466, 38
2467, 3
2468, 41
2469, 43
2470, 41
2471, 2
2472, 14
2473, 13
2474, 2
2475, 2
2476, 14
2477, 18
2478, 25
2479, 19
2480, 5
2481, 17
2482, 2
2483, 33
2484, 39
2485, 49
2486, 38
2487, 12
2488, 20
2489, 9
2490, 6
2491, 19
2492, 3
2493, 2
2494, 2
2495, 19
2496, 17
2497, 2
2498, 29
2499, 28
2500, 50
2501, 3
2502, 2
2503, 40
2504, 2
2505, 18
2506, 32
2507, 32
2508, 16
2509, 1
2510, 39
2511, 37
2512, 24
2513, 42
2514, 1
2515, 12
2516, 1
2517, 13
2518, 19
2519, 25
2520, 16
2521, 29
2522, 34
2523, 19
2524, 51
2525, 30
2526, 11
2527, 8
2528, 5
2529, 11
2530, 2
2531, 1
2532, 11
2533, 18
2534, 29
2535, 52
2536, 2
2537, 1
2538, 14
2539, 24
2540, 26
2541, 5
2542, 2
2543, 1
2544, 1
2545, 17
2546, 61
2547, 40
2548, 1
2549, 12
2550, 1
2551, 1
2552, 16
2553, 1
2554, 10
2555, 35
2556, 47
2557, 2
2558, 1
2559, 12
2560, 22
2561, 27
2562, 2
2563, 1
2564, 15
2565, 22
2566, 24
2567, 19
2568, 2
2569, 1
2570, 1
2571, 19
2572, 30
2573, 1
2574, 10
2575, 49
2576, 49
2577, 38
2578, 26
2579, 19
2580, 2
2581, 1
2582, 15
2583, 22
2584, 51
2585, 23
2586, 25
2587, 6
2588, 19
2589, 2
2590, 1
2591, 1
2592, 14
2593, 1
2594, 11
2595, 45
2596, 1
2597, 33
2598, 17
2599, 62
2600, 6
2601, 20
2602, 29
2603, 6
2604, 1
2605, 16
2606, 1
2607, 40
2608, 17
2609, 63
2610, 6
2611, 20
2612, 36
2613, 6
2614, 2
2615, 1
2616, 8
2617, 1
2618, 33
2619, 37
2620, 35
2621, 1
2622, 28
2623, 1
2624, 74
2625, 14
2626, 26
2627, 1
2628, 14
2629, 35
2630, 21
2631, 33
2632, 73
2633, 48
2634, 19
2635, 20
2636, 32
2637, 31
2638, 2
2639, 1
2640, 45
2641, 45
2642, 45
2643, 45
2644, 45
2645, 45
2646, 45
2647, 45
2648, 44
2649, 33
2650, 39
2651, 2
2652, 35
2653, 36
2654, 37
2655, 1
2656, 12
2657, 1
2658, 31
2659, 1
2660, 33
2661, 59
2662, 1
2663, 31
2664, 31
2665, 31
2666, 1
2667, 65
2668, 1
2669, 14
2670, 27
2671, 48
2672, 13
2673, 48
2674, 6
2675, 24
2676, 24
2677, 11
2678, 2
2679, 1
2680, 18
2681, 25
2682, 28
2683, 1
2684, 12
2685, 17
2686, 12
2687, 77
2688, 8
2689, 21
2690, 42
2691, 6
2692, 31
2693, 14
2694, 1
2695, 53
2696, 2
2697, 1
2698, 37
2699, 1
2700, 22
2701, 40
2702, 39
2703, 2
2704, 35
2705, 33
2706, 34
2707, 45
2708, 1
2709, 12
2710, 15
2711, 1
2712, 50
2713, 1
2714, 50
2715, 1
2716, 14
2717, 27
2718, 35
2719, 13
2720, 35
2721, 6
2722, 21
2723, 21
2724, 12
2725, 2
2726, 1
2727, 18
2728, 25
2729, 28
2730, 1
2731, 12
2732, 17
2733, 12
2734, 65
2735, 8
2736, 21
2737, 42
2738, 6
2739, 31
2740, 14
2741, 1
2742, 53
2743, 2
2744, 1
2745, 37
2746, 1
2747, 22
2748, 16
2749, 1
2750, 65
2751, 37
2752, 29
2753, 1
2754, 63
2755, 13
2756, 13
2757, 1
2758, 62
2759, 39
2760, 17
2761, 21
2762, 28
2763, 12
2764, 19
2765, 2
2766, 1
2767, 39
2768, 18
2769, 16
2770, 2
2771, 1
2772, 1
2773, 13
2774, 33
2775, 40
2776, 58
2777, 41
2778, 1
2779, 15
2780, 19
2781, 46
2782, 1
2783, 35
2784, 50
2785, 6
2786, 1
2787, 23
2788, 29
2789, 1
2790, 23
2791, 20
2792, 2
2793, 1
2794, 1
2795, 20
2796, 24
2797, 17
2798, 16
2799, 65
2800, 41
2801, 1
2802, 12
2803, 38
2804, 1
2805, 15
2806, 14
2807, 18
2808, 18
2809, 1
2810, 15
2811, 19
2812, 16
2813, 17
2814, 42
2815, 18
2816, 15
2817, 16
2818, 23
2819, 24
2820, 6
2821, 2
2822, 1
2823, 15
2824, 19
2825, 34
2826, 17
2827, 42
2828, 15
2829, 15
2830, 16
2831, 24
2832, 6
2833, 2
2834, 1
2835, 11
2836, 43
2837, 41
2838, 41
2839, 14
2840, 14
2841, 35
2842, 2
2843, 1
2844, 9
2845, 33
2846, 37
2847, 33
2848, 1
2849, 54
2850, 13
2851, 1
2852, 17
2853, 21
2854, 15
2855, 44
2856, 14
2857, 28
2858, 2
2859, 1
2860, 51
2861, 1
2862, 33
2863, 37
2864, 49
2865, 1
2866, 57
2867, 1
2868, 12
2869, 1
2870, 8
2871, 2
2872, 21
2873, 1
2874, 37
2875, 37
2876, 1
2877, 34
2878, 31
2879, 21
2880, 2
2881, 1
2882, 8
2883, 2
2884, 17
2885, 1
2886, 23
2887, 1
2888, 30
2889, 30
2890, 21
2891, 2
2892, 1
2893, 8
2894, 2
2895, 25
2896, 1
2897, 23
2898, 42
2899, 42
2900, 42
2901, 40
2902, 23
2903, 17
2904, 21
2905, 10
2906, 2
2907, 1
2908, 29
2909, 27
2910, 30
2911, 28
2912, 30
2913, 30
2914, 48
2915, 24
2916, 14
2917, 38
2918, 34
2919, 40
2920, 37
2921, 29
2922, 27
2923, 46
2924, 53
2925, 50
2926, 1
2927, 12
2928, 14
2929, 1
2930, 24
2931, 44
2932, 58
2933, 1
2934, 24
2935, 22
2936, 32
2937, 1
2938, 33
2939, 37
2940, 37
2941, 37
2942, 37
2943, 37
2944, 37
2945, 37
2946, 39
2947, 1
2948, 11
2949, 19
2950, 20
2951, 31
2952, 48
2953, 18
2954, 17
2955, 39
2956, 23
2957, 12
2958, 4
2959, 20
2960, 2
2961, 1
2962, 24
2963, 17
2964, 15
2965, 2
2966, 1
2967, 53
2968, 51
2969, 51
2970, 53
2971, 1
2972, 76
2973, 79
2974, 45
2975, 46
2976, 1
2977, 35
2978, 1
2979, 60
2980, 41
2981, 38
2982, 30
2983, 28
2984, 47
2985, 54
2986, 2
2987, 13
2988, 15
2989, 2
2990, 25
2991, 45
2992, 59
2993, 2
2994, 63
2995, 31
2996, 33
2997, 2
2998, 34
2999, 38
3000, 38
3001, 38
3002, 38
3003, 38
3004, 38
3005, 38
3006, 40
3007, 2
3008, 23
3009, 24
3010, 44
3011, 32
3012, 3
3013, 2
3014, 54
3015, 52
3016, 52
3017, 54
3018, 2
3019, 52
3020, 49
3021, 54
3022, 45
3023, 2
3024, 47
3025, 2
3026, 36
3027, 2
3028, 61
3029, 40
3030, 37
3031, 29
3032, 26
3033, 30
3034, 27
3035, 1
3036, 12
3037, 14
3038, 1
3039, 41
3040, 32
3041, 25
3042, 21
3043, 32
3044, 1
3045, 33
3046, 37
3047, 37
3048, 37
3049, 37
3050, 37
3051, 37
3052, 37
3053, 39
3054, 1
3055, 22
3056, 17
3057, 51
3058, 59
3059, 39
3060, 2
3061, 1
3062, 53
3063, 51
3064, 51
3065, 53
3066, 1
3067, 46
3068, 1
3069, 35
3070, 66
3071, 1
3072, 40
3073, 37
3074, 29
3075, 71
3076, 53
3077, 50
3078, 88
3079, 1
3080, 12
3081, 14
3082, 1
3083, 24
3084, 44
3085, 58
3086, 1
3087, 24
3088, 22
3089, 32
3090, 1
3091, 38
3092, 42
3093, 42
3094, 42
3095, 42
3096, 42
3097, 42
3098, 42
3099, 44
3100, 1
3101, 11
3102, 19
3103, 52
3104, 31
3105, 48
3106, 18
3107, 17
3108, 41
3109, 41
3110, 36
3111, 12
3112, 4
3113, 20
3114, 2
3115, 1
3116, 24
3117, 17
3118, 15
3119, 2
3120, 1
3121, 53
3122, 51
3123, 51
3124, 53
3125, 1
3126, 76
3127, 79
3128, 45
3129, 46
3130, 1
3131, 35
3132, 1
3133, 60
3134, 17
3135, 64
3136, 40
3137, 1
3138, 12
3139, 1
3140, 13
3141, 59
3142, 59
3143, 54
3144, 58
3145, 53
3146, 51
3147, 53
3148, 48
3149, 52
3150, 4
3151, 1
3152, 20
3153, 24
3154, 1
3155, 22
3156, 15
3157, 9
3158, 17
3159, 24
3160, 17
3161, 28
3162, 24
3163, 16
3164, 30
3165, 9
3166, 5
3167, 6
3168, 2
3169, 40
3170, 37
3171, 2
3172, 33
3173, 55
3174, 68
3175, 1
3176, 12
3177, 19
3178, 1
3179, 16
3180, 30
3181, 18
3182, 1
3183, 48
3184, 25
3185, 1
3186, 6
3187, 25
3188, 26
3189, 1
3190, 25
3191, 30
3192, 50
3193, 51
3194, 1
3195, 39
3196, 25
3197, 1
3198, 44
3199, 37
3200, 6
3201, 2
3202, 16
3203, 1
3204, 39
3205, 37
3206, 2
3207, 33
3208, 55
3209, 1
3210, 1
3211, 12
3212, 1
3213, 20
3214, 25
3215, 25
3216, 23
3217, 22
3218, 45
3219, 46
3220, 36
3221, 54
3222, 2
3223, 1
3224, 16
3225, 18
3226, 11
3227, 16
3228, 36
3229, 20
3230, 19
3231, 13
3232, 20
3233, 6
3234, 2
3235, 28
3236, 40
3237, 37
3238, 2
3239, 32
3240, 1
3241, 12
3242, 1
3243, 20
3244, 50
3245, 40
3246, 4
3247, 2
3248, 1
3249, 10
3250, 1
3251, 18
3252, 14
3253, 25
3254, 11
3255, 11
3256, 11
3257, 39
3258, 40
3259, 17
3260, 4
3261, 2
3262, 21
3263, 16
3264, 65
3265, 37
3266, 26
3267, 1
3268, 11
3269, 37
3270, 54
3271, 17
3272, 59
3273, 40
3274, 29
3275, 1
3276, 12
3277, 13
3278, 1
3279, 41
3280, 11
3281, 16
3282, 17
3283, 17
3284, 29
3285, 29
3286, 35
3287, 38
3288, 15
3289, 45
3290, 13
3291, 6
3292, 2
3293, 25
3294, 40
3295, 37
3296, 2
3297, 30
3298, 27
3299, 1
3300, 14
3301, 12
3302, 1
3303, 8
3304, 80
3305, 2
3306, 1
3307, 9
3308, 20
3309, 20
3310, 32
3311, 28
3312, 32
3313, 46
3314, 10
3315, 6
3316, 16
3317, 2
3318, 1
3319, 10
3320, 20
3321, 20
3322, 32
3323, 28
3324, 32
3325, 46
3326, 10
3327, 6
3328, 16
3329, 2
3330, 1
3331, 11
3332, 31
3333, 2
3334, 1
3335, 32
3336, 1
3337, 7
3338, 24
3339, 21
3340, 21
3341, 21
3342, 2
3343, 1
3344, 25
3345, 24
3346, 33
3347, 26
3348, 2
3349, 41
3350, 1
3351, 40
3352, 37
3353, 2
3354, 32
3355, 1
3356, 12
3357, 1
3358, 13
3359, 15
3360, 70
3361, 14
3362, 12
3363, 2
3364, 1
3365, 17
3366, 15
3367, 26
3368, 50
3369, 10
3370, 14
3371, 2
3372, 1
3373, 18
3374, 15
3375, 26
3376, 50
3377, 10
3378, 14
3379, 2
3380, 1
3381, 19
3382, 42
3383, 2
3384, 1
3385, 29
3386, 18
3387, 7
3388, 15
3389, 27
3390, 27
3391, 2
3392, 1
3393, 16
3394, 23
3395, 27
3396, 22
3397, 2
3398, 1
3399, 41
3400, 1
3401, 40
3402, 37
3403, 2
3404, 32
3405, 1
3406, 12
3407, 16
3408, 1
3409, 59
3410, 1
3411, 13
3412, 15
3413, 70
3414, 14
3415, 12
3416, 2
3417, 1
3418, 17
3419, 15
3420, 26
3421, 50
3422, 10
3423, 20
3424, 2
3425, 1
3426, 18
3427, 15
3428, 26
3429, 50
3430, 10
3431, 20
3432, 2
3433, 1
3434, 18
3435, 20
3436, 1
3437, 11
3438, 28
3439, 37
3440, 42
3441, 37
3442, 21
3443, 38
3444, 14
3445, 13
3446, 38
3447, 28
3448, 6
3449, 4
3450, 1
3451, 37
3452, 1
3453, 27
3454, 37
3455, 32
3456, 51
3457, 52
3458, 8
3459, 40
3460, 6
3461, 4
3462, 1
3463, 15
3464, 2
3465, 1
3466, 19
3467, 45
3468, 45
3469, 2
3470, 1
3471, 15
3472, 43
3473, 12
3474, 18
3475, 34
3476, 4
3477, 16
3478, 2
3479, 1
3480, 11
3481, 39
3482, 1
3483, 31
3484, 30
3485, 1
3486, 23
3487, 19
3488, 4
3489, 1
3490, 34
3491, 17
3492, 41
3493, 51
3494, 16
3495, 4
3496, 2
3497, 1
3498, 8
3499, 1
3500, 18
3501, 7
3502, 15
3503, 27
3504, 27
3505, 2
3506, 1
3507, 16
3508, 23
3509, 27
3510, 22
3511, 2
3512, 1
3513, 41
3514, 1
3515, 16
3516, 64
3517, 40
3518, 3
3519, 39
3520, 1
3521, 12
3522, 1
3523, 18
3524, 33
3525, 50
3526, 1
3527, 10
3528, 17
3529, 11
3530, 23
3531, 2
3532, 13
3533, 1
3534, 11
3535, 18
3536, 11
3537, 35
3538, 2
3539, 17
3540, 60
3541, 40
3542, 1
3543, 12
3544, 1
3545, 20
3546, 24
3547, 1
3548, 14
3549, 37
3550, 25
3551, 1
3552, 16
3553, 60
3554, 40
3555, 1
3556, 13
3557, 7
3558, 26
3559, 16
3560, 20
3561, 36
3562, 3
3563, 62
3564, 68
3565, 20
3566, 2
3567, 19
3568, 1
3569, 1
3570, 10
3571, 26
3572, 1
3573, 8
3574, 5
3575, 17
3576, 1
3577, 26
3578, 41
3579, 44
3580, 34
3581, 35
3582, 2
3583, 16
3584, 33
3585, 37
3586, 19
3587, 42
3588, 1
3589, 18
3590, 16
3591, 1
3592, 40
3593, 1
3594, 15
3595, 2
3596, 30
3597, 20
3598, 50
3599, 50
3600, 49
3601, 16
3602, 2
3603, 16
3604, 1
3605, 39
3606, 38
3607, 2
3608, 47
3609, 1
3610, 12
3611, 14
3612, 12
3613, 1
3614, 38
3615, 30
3616, 34
3617, 36
3618, 1
3619, 11
3620, 38
3621, 9
3622, 1
3623, 24
3624, 42
3625, 1
3626, 13
3627, 40
3628, 18
3629, 20
3630, 1
3631, 73
3632, 72
3633, 1
3634, 18
3635, 24
3636, 51
3637, 79
3638, 27
3639, 18
3640, 5
3641, 1
3642, 23
3643, 47
3644, 12
3645, 2
3646, 1
3647, 8
3648, 33
3649, 10
3650, 1
3651, 70
3652, 67
3653, 1
3654, 19
3655, 1
3656, 32
3657, 1
3658, 45
3659, 45
3660, 2
3661, 1
3662, 19
3663, 20
3664, 16
3665, 1
3666, 39
3667, 38
3668, 2
3669, 47
3670, 1
3671, 12
3672, 14
3673, 12
3674, 1
3675, 38
3676, 29
3677, 36
3678, 36
3679, 1
3680, 11
3681, 38
3682, 9
3683, 1
3684, 24
3685, 42
3686, 1
3687, 13
3688, 40
3689, 18
3690, 20
3691, 1
3692, 73
3693, 72
3694, 1
3695, 18
3696, 24
3697, 51
3698, 79
3699, 27
3700, 18
3701, 5
3702, 1
3703, 23
3704, 47
3705, 12
3706, 2
3707, 1
3708, 8
3709, 33
3710, 10
3711, 1
3712, 70
3713, 67
3714, 1
3715, 19
3716, 1
3717, 32
3718, 1
3719, 45
3720, 45
3721, 2
3722, 1
3723, 19
3724, 20
3725, 16
3726, 1
3727, 39
3728, 38
3729, 2
3730, 47
3731, 1
3732, 12
3733, 14
3734, 12
3735, 1
3736, 38
3737, 27
3738, 38
3739, 36
3740, 1
3741, 11
3742, 38
3743, 9
3744, 1
3745, 24
3746, 42
3747, 1
3748, 13
3749, 40
3750, 18
3751, 20
3752, 1
3753, 73
3754, 72
3755, 1
3756, 18
3757, 24
3758, 51
3759, 79
3760, 27
3761, 18
3762, 5
3763, 1
3764, 23
3765, 47
3766, 12
3767, 2
3768, 1
3769, 8
3770, 33
3771, 10
3772, 1
3773, 70
3774, 67
3775, 1
3776, 19
3777, 1
3778, 32
3779, 1
3780, 45
3781, 45
3782, 2
3783, 1
3784, 19
3785, 20
3786, 42
3787, 39
3788, 2
3789, 36
3790, 2
3791, 2
3792, 13
3793, 15
3794, 14
3795, 22
3796, 24
3797, 2
3798, 27
3799, 21
3800, 23
3801, 22
3802, 2
3803, 20
3804, 2
3805, 16
3806, 32
3807, 31
3808, 22
3809, 35
3810, 22
3811, 5
3812, 10
3813, 34
3814, 5
3815, 15
3816, 32
3817, 18
3818, 24
3819, 34
3820, 7
3821, 12
3822, 28
3823, 24
3824, 7
3825, 6
3826, 3
3827, 2
3828, 19
3829, 2
3830, 39
3831, 3
3832, 28
3833, 44
3834, 34
3835, 5
3836, 3
3837, 18
3838, 20
3839, 20
3840, 10
3841, 40
3842, 39
3843, 33
3844, 1
3845, 75
3846, 76
3847, 73
3848, 74
3849, 17
3850, 2
3851, 76
3852, 75
3853, 77
3854, 41
3855, 2
3856, 79
3857, 76
3858, 50
3859, 2
3860, 77
3861, 26
3862, 1
3863, 11
3864, 14
3865, 12
3866, 13
3867, 32
3868, 1
3869, 29
3870, 76
3871, 60
3872, 46
3873, 1
3874, 20
3875, 27
3876, 46
3877, 24
3878, 1
3879, 22
3880, 1
3881, 15
3882, 42
3883, 30
3884, 20
3885, 1
3886, 17
3887, 29
3888, 18
3889, 47
3890, 19
3891, 26
3892, 18
3893, 43
3894, 74
3895, 50
3896, 16
3897, 43
3898, 12
3899, 45
3900, 40
3901, 39
3902, 40
3903, 33
3904, 56
3905, 12
3906, 6
3907, 9
3908, 9
3909, 20
3910, 1
3911, 25
3912, 33
3913, 23
3914, 1
3915, 25
3916, 27
3917, 1
3918, 16
3919, 56
3920, 40
3921, 1
3922, 33
3923, 59
3924, 70
3925, 61
3926, 26
3927, 1
3928, 12
3929, 1
3930, 19
3931, 32
3932, 19
3933, 32
3934, 19
3935, 26
3936, 2
3937, 23
3938, 16
3939, 35
3940, 39
3941, 36
3942, 1
3943, 12
3944, 19
3945, 32
3946, 19
3947, 19
3948, 25
3949, 22
3950, 2
3951, 23
3952, 16
3953, 62
3954, 37
3955, 1
3956, 63
3957, 69
3958, 1
3959, 12
3960, 1
3961, 16
3962, 50
3963, 21
3964, 45
3965, 2
3966, 1
3967, 16
3968, 13
3969, 34
3970, 26
3971, 47
3972, 2
3973, 33
