1, 3
2, 39
3, 37
4, 29
5, 2
6, 19
7, 0
8, 29
9, 30
10, 40
11, 1
12, 0
13, 26
14, 18
15, 1
16, 0
17, 33
18, 16
19, 1
20, 0
21, 27
22, 16
23, 1
24, 0
25, 27
26, 21
27, 1
28, 0
29, 18
30, 7
31, 4
32, 13
33, 18
34, 19
35, 1
36, 0
37, 71
38, 21
39, 13
40, 12
41, 11
42, 58
43, 1
44, 0
45, 29
46, 27
47, 16
48, 18
49, 4
50, 1
51, 30
52, 26
53, 4
54, 4
55, 1
56, 30
57, 26
58, 1
59, 0
60, 3
61, 57
62, 43
63, 2
64, 37
65, 38
66, 3
67, 52
68, 43
69, 36
70, 14
71, 8
72, 4
73, 14
74, 7
75, 5
76, 1
77, 31
78, 25
79, 1
80, 1
81, 2
82, 24
83, 2
84, 4
85, 3
86, 9
87, 51
88, 2
89, 9
90, 1
91, 12
92, 23
93, 13
94, 15
95, 34
96, 1
97, 5
98, 39
99, 1
100, 0
101, 23
102, 19
103, 3
104, 9
105, 36
106, 0
107, 16
108, 13
109, 0
110, 16
111, 32
112, 0
113, 20
114, 28
115, 0
116, 22
117, 32
118, 2
119, 9
120, 1
121, 24
122, 20
123, 15
124, 37
125, 1
126, 5
127, 13
128, 5
129, 36
130, 5
131, 9
132, 1
133, 27
134, 16
135, 15
136, 29
137, 1
138, 1
139, 0
140, 3
141, 39
142, 37
143, 29
144, 2
145, 17
146, 0
147, 29
148, 38
149, 58
150, 10
151, 70
152, 26
153, 1
154, 0
155, 27
156, 16
157, 1
158, 0
159, 33
160, 50
161, 1
162, 0
163, 49
164, 23
165, 1
166, 0
167, 27
168, 21
169, 1
170, 0
171, 28
172, 29
173, 1
174, 0
175, 12
176, 6
177, 5
178, 8
179, 5
180, 34
181, 1
182, 0
183, 3
184, 77
185, 78
186, 66
187, 2
188, 18
189, 17
190, 8
191, 9
192, 15
193, 34
194, 1
195, 0
196, 64
197, 38
198, 28
199, 26
200, 6
201, 4
202, 1
203, 14
204, 7
205, 23
206, 6
207, 4
208, 3
209, 1
210, 6
211, 24
212, 6
213, 4
214, 4
215, 1
216, 9
217, 24
218, 3
219, 4
220, 4
221, 1
222, 1
223, 1
224, 0
225, 3
226, 77
227, 73
228, 21
229, 2
230, 12
231, 5
232, 30
233, 24
234, 6
235, 7
236, 51
237, 3
238, 27
239, 50
240, 2
241, 24
242, 12
243, 4
244, 1
245, 19
246, 10
247, 16
248, 36
249, 5
250, 45
251, 4
252, 45
253, 5
254, 9
255, 49
256, 7
257, 8
258, 18
259, 1
260, 24
261, 33
262, 5
263, 42
264, 5
265, 9
266, 29
267, 7
268, 8
269, 18
270, 1
271, 1
272, 1
273, 0
274, 23
275, 19
276, 3
277, 9
278, 36
279, 0
280, 43
281, 45
282, 0
283, 34
284, 42
285, 2
286, 1
287, 25
288, 2
289, 4
290, 5
291, 98
292, 1
293, 5
294, 40
295, 5
296, 9
297, 5
298, 16
299, 3
300, 12
301, 52
302, 19
303, 1
304, 1
305, 1
306, 1
307, 0
308, 70
309, 66
310, 0
311, 3
312, 76
313, 74
314, 2
315, 31
316, 53
317, 1
318, 0
319, 34
320, 47
321, 75
322, 0
323, 3
324, 72
325, 22
326, 2
327, 51
328, 43
329, 3
330, 40
331, 17
332, 36
333, 2
334, 4
335, 5
336, 5
337, 13
338, 1
339, 2
340, 15
341, 30
342, 42
343, 1
344, 0
345, 3
346, 71
347, 27
348, 2
349, 46
350, 37
351, 3
352, 35
353, 17
354, 3
355, 41
356, 2
357, 20
358, 5
359, 5
360, 14
361, 4
362, 5
363, 1
364, 2
365, 15
366, 30
367, 44
368, 1
369, 0
370, 76
371, 24
372, 0
373, 39
374, 49
375, 0
376, 52
377, 74
378, 0
379, 44
380, 59
381, 0
382, 64
383, 20
384, 0
385, 72
386, 0
387, 57
388, 3
389, 39
390, 37
391, 29
392, 2
393, 17
394, 0
395, 29
396, 38
397, 58
398, 10
399, 70
400, 26
401, 1
402, 0
403, 27
404, 16
405, 1
406, 0
407, 33
408, 50
409, 1
410, 0
411, 49
412, 23
413, 1
414, 0
415, 27
416, 21
417, 1
418, 0
419, 28
420, 29
421, 1
422, 0
423, 12
424, 6
425, 5
426, 8
427, 5
428, 34
429, 1
430, 0
431, 3
432, 77
433, 78
434, 66
435, 2
436, 18
437, 17
438, 8
439, 9
440, 15
441, 34
442, 1
443, 0
444, 64
445, 38
446, 28
447, 26
448, 6
449, 4
450, 1
451, 14
452, 7
453, 23
454, 6
455, 4
456, 3
457, 1
458, 6
459, 24
460, 6
461, 4
462, 4
463, 1
464, 9
465, 24
466, 3
467, 4
468, 4
469, 1
470, 1
471, 1
472, 0
473, 3
474, 77
475, 73
476, 21
477, 2
478, 12
479, 5
480, 30
481, 24
482, 6
483, 7
484, 51
485, 3
486, 27
487, 50
488, 2
489, 24
490, 12
491, 4
492, 1
493, 19
494, 10
495, 16
496, 36
497, 5
498, 45
499, 4
500, 45
501, 5
502, 9
503, 49
504, 7
505, 8
506, 18
507, 1
508, 24
509, 33
510, 5
511, 42
512, 5
513, 9
514, 29
515, 7
516, 8
517, 18
518, 1
519, 1
520, 1
521, 0
522, 23
523, 19
524, 3
525, 9
526, 36
527, 0
528, 43
529, 45
530, 0
531, 34
532, 42
533, 2
534, 1
535, 25
536, 2
537, 4
538, 5
539, 98
540, 1
541, 5
542, 40
543, 5
544, 9
545, 5
546, 16
547, 3
548, 12
549, 52
550, 25
551, 1
552, 1
553, 1
554, 1
555, 0
556, 70
557, 66
558, 0
559, 3
560, 76
561, 74
562, 2
563, 31
564, 53
565, 1
566, 0
567, 34
568, 47
569, 75
570, 0
571, 3
572, 72
573, 22
574, 2
575, 51
576, 43
577, 3
578, 40
579, 17
580, 36
581, 2
582, 4
583, 5
584, 5
585, 13
586, 1
587, 2
588, 15
589, 30
590, 42
591, 1
592, 0
593, 3
594, 71
595, 27
596, 2
597, 46
598, 37
599, 3
600, 35
601, 17
602, 3
603, 41
604, 2
605, 20
606, 5
607, 5
608, 14
609, 4
610, 5
611, 1
612, 2
613, 15
614, 30
615, 44
616, 1
617, 0
618, 76
619, 24
620, 0
621, 39
622, 49
623, 0
624, 52
625, 74
626, 0
627, 44
628, 59
629, 0
630, 64
631, 20
632, 0
633, 72
634, 0
635, 57
636, 3
637, 39
638, 37
639, 29
640, 2
641, 16
642, 0
643, 29
644, 30
645, 40
646, 1
647, 27
648, 16
649, 1
650, 33
651, 16
652, 1
653, 27
654, 17
655, 1
656, 0
657, 49
658, 0
659, 66
660, 0
661, 80
662, 0
663, 81
664, 0
665, 46
666, 28
667, 15
668, 3
669, 36
670, 14
671, 17
672, 5
673, 4
674, 16
675, 5
676, 16
677, 1
678, 2
679, 20
680, 1
681, 0
682, 23
683, 42
684, 29
685, 20
686, 10
687, 4
688, 42
689, 5
690, 30
691, 1
692, 0
693, 47
694, 22
695, 2
696, 35
697, 24
698, 3
699, 13
700, 36
701, 0
702, 16
703, 7
704, 19
705, 2
706, 4
707, 42
708, 5
709, 10
710, 1
711, 2
712, 5
713, 5
714, 4
715, 5
716, 25
717, 1
718, 0
719, 19
720, 63
721, 33
722, 20
723, 2
724, 4
725, 40
726, 5
727, 33
728, 1
729, 0
730, 68
731, 41
732, 28
733, 3
734, 59
735, 41
736, 21
737, 5
738, 21
739, 1
740, 2
741, 19
742, 10
743, 5
744, 5
745, 3
746, 25
747, 23
748, 5
749, 35
750, 4
751, 2
752, 1
753, 0
754, 59
755, 45
756, 29
757, 30
758, 5
759, 4
760, 37
761, 5
762, 30
763, 1
764, 0
765, 50
766, 36
767, 20
768, 14
769, 1
770, 4
771, 22
772, 5
773, 22
774, 1
775, 0
776, 66
777, 56
778, 30
779, 14
780, 2
781, 4
782, 14
783, 5
784, 1
785, 54
786, 1
787, 4
788, 30
789, 1
790, 1
791, 0
792, 23
793, 13
794, 3
795, 7
796, 64
797, 53
798, 15
799, 8
800, 4
801, 27
802, 5
803, 1
804, 43
805, 31
806, 17
807, 5
808, 4
809, 4
810, 8
811, 5
812, 42
813, 46
814, 15
815, 4
816, 0
817, 4
818, 4
819, 8
820, 5
821, 42
822, 46
823, 9
824, 1
825, 1
826, 2
827, 48
828, 1
829, 0
830, 23
831, 19
832, 3
833, 36
834, 2
835, 5
836, 1
837, 14
838, 9
839, 9
840, 20
841, 7
842, 1
843, 1
844, 0
845, 3
846, 39
847, 37
848, 29
849, 2
850, 13
851, 0
852, 29
853, 34
854, 50
855, 67
856, 1
857, 0
858, 21
859, 0
860, 33
861, 40
862, 1
863, 0
864, 29
865, 0
866, 0
867, 74
868, 0
869, 39
870, 42
871, 0
872, 78
873, 0
874, 72
875, 0
876, 42
877, 49
878, 0
879, 39
880, 54
881, 0
882, 61
883, 32
884, 0
885, 76
886, 0
887, 40
888, 56
889, 0
890, 40
891, 76
892, 0
893, 40
894, 48
895, 0
896, 43
897, 40
898, 0
899, 55
900, 0
901, 76
902, 0
903, 42
904, 55
905, 0
906, 39
907, 62
908, 0
909, 18
910, 5
911, 7
912, 1
913, 44
914, 47
915, 47
916, 47
917, 47
918, 47
919, 40
920, 1
921, 1
922, 0
923, 27
924, 38
925, 0
926, 31
927, 23
928, 10
929, 3
930, 7
931, 1
932, 28
933, 31
934, 1
935, 1
936, 2
937, 3
938, 15
939, 1
940, 17
941, 1
942, 16
943, 11
944, 11
945, 18
946, 5
947, 10
948, 13
949, 1
950, 1
951, 33
952, 5
953, 1
954, 1
955, 0
956, 44
957, 24
958, 9
959, 3
960, 6
961, 1
962, 35
963, 39
964, 1
965, 1
966, 2
967, 15
968, 1
969, 17
970, 1
971, 18
972, 8
973, 8
974, 18
975, 5
976, 9
977, 13
978, 16
979, 1
980, 1
981, 39
982, 4
983, 4
984, 1
985, 0
986, 31
987, 25
988, 12
989, 3
990, 29
991, 2
992, 3
993, 15
994, 1
995, 17
996, 1
997, 16
998, 11
999, 11
1000, 18
1001, 5
1002, 10
1003, 13
1004, 1
1005, 1
1006, 33
1007, 5
1008, 1
1009, 1
1010, 0
1011, 67
1012, 26
1013, 11
1014, 3
1015, 6
1016, 1
1017, 15
1018, 16
1019, 16
1020, 15
1021, 1
1022, 1
1023, 2
1024, 15
1025, 1
1026, 17
1027, 1
1028, 18
1029, 8
1030, 8
1031, 18
1032, 5
1033, 9
1034, 13
1035, 16
1036, 1
1037, 1
1038, 39
1039, 4
1040, 4
1041, 1
1042, 0
1043, 53
1044, 66
1045, 42
1046, 47
1047, 31
1048, 4
1049, 42
1050, 1
1051, 0
1052, 29
1053, 18
1054, 23
1055, 0
1056, 36
1057, 10
1058, 12
1059, 0
1060, 10
1061, 10
1062, 0
1063, 10
1064, 11
1065, 0
1066, 18
1067, 32
1068, 52
1069, 66
1070, 3
1071, 12
1072, 40
1073, 0
1074, 21
1075, 29
1076, 0
1077, 20
1078, 21
1079, 0
1080, 58
1081, 54
1082, 22
1083, 3
1084, 15
1085, 40
1086, 0
1087, 14
1088, 41
1089, 2
1090, 16
1091, 6
1092, 13
1093, 38
1094, 5
1095, 8
1096, 6
1097, 1
1098, 16
1099, 19
1100, 7
1101, 4
1102, 30
1103, 41
1104, 5
1105, 1
1106, 13
1107, 3
1108, 23
1109, 43
1110, 2
1111, 2
1112, 15
1113, 36
1114, 4
1115, 16
1116, 6
1117, 6
1118, 1
1119, 19
1120, 5
1121, 8
1122, 6
1123, 16
1124, 15
1125, 1
1126, 4
1127, 4
1128, 8
1129, 6
1130, 16
1131, 15
1132, 19
1133, 4
1134, 4
1135, 24
1136, 52
1137, 5
1138, 4
1139, 1
1140, 1
1141, 2
1142, 62
1143, 5
1144, 58
1145, 1
1146, 0
1147, 18
1148, 61
1149, 43
1150, 3
1151, 17
1152, 41
1153, 0
1154, 11
1155, 30
1156, 0
1157, 29
1158, 16
1159, 13
1160, 3
1161, 28
1162, 48
1163, 2
1164, 44
1165, 50
1166, 5
1167, 20
1168, 5
1169, 8
1170, 26
1171, 26
1172, 4
1173, 45
1174, 5
1175, 16
1176, 6
1177, 3
1178, 1
1179, 40
1180, 5
1181, 20
1182, 5
1183, 8
1184, 26
1185, 40
1186, 4
1187, 2
1188, 1
1189, 2
1190, 62
1191, 5
1192, 12
1193, 1
1194, 0
1195, 23
1196, 18
1197, 3
1198, 36
1199, 0
1200, 18
1201, 16
1202, 0
1203, 13
1204, 7
1205, 15
1206, 5
1207, 21
1208, 7
1209, 8
1210, 7
1211, 6
1212, 10
1213, 1
1214, 0
1215, 13
1216, 7
1217, 15
1218, 7
1219, 24
1220, 9
1221, 10
1222, 7
1223, 6
1224, 5
1225, 1
1226, 2
1227, 59
1228, 5
1229, 5
1230, 5
1231, 5
1232, 5
1233, 2
1234, 1
1235, 0
1236, 3
1237, 39
1238, 37
1239, 29
1240, 2
1241, 13
1242, 0
1243, 29
1244, 25
1245, 1
1246, 27
1247, 17
1248, 1
1249, 0
1250, 23
1251, 18
1252, 22
1253, 0
1254, 3
1255, 39
1256, 37
1257, 29
1258, 2
1259, 19
1260, 0
1261, 29
1262, 48
1263, 10
1264, 70
1265, 28
1266, 1
1267, 0
1268, 27
1269, 17
1270, 16
1271, 1
1272, 0
1273, 28
1274, 65
1275, 1
1276, 0
1277, 33
1278, 39
1279, 1
1280, 0
1281, 40
1282, 29
1283, 1
1284, 0
1285, 33
1286, 27
1287, 1
1288, 0
1289, 27
1290, 68
1291, 34
1292, 1
1293, 0
1294, 0
1295, 55
1296, 36
1297, 0
1298, 74
1299, 0
1300, 39
1301, 44
1302, 0
1303, 41
1304, 59
1305, 0
1306, 49
1307, 0
1308, 28
1309, 66
1310, 0
1311, 42
1312, 42
1313, 0
1314, 39
1315, 46
1316, 0
1317, 50
1318, 31
1319, 0
1320, 60
1321, 0
1322, 31
1323, 0
1324, 74
1325, 0
1326, 79
1327, 0
1328, 38
1329, 49
1330, 0
1331, 77
1332, 0
1333, 38
1334, 60
1335, 0
1336, 69
1337, 0
1338, 75
1339, 0
1340, 76
1341, 0
1342, 66
1343, 0
1344, 3
1345, 45
1346, 57
1347, 2
1348, 36
1349, 21
1350, 3
1351, 19
1352, 7
1353, 63
1354, 2
1355, 31
1356, 50
1357, 4
1358, 3
1359, 19
1360, 27
1361, 2
1362, 61
1363, 5
1364, 21
1365, 1
1366, 0
1367, 3
1368, 30
1369, 43
1370, 2
1371, 38
1372, 23
1373, 3
1374, 19
1375, 7
1376, 63
1377, 2
1378, 31
1379, 24
1380, 4
1381, 27
1382, 1
1383, 1
1384, 0
1385, 55
1386, 46
1387, 22
1388, 3
1389, 17
1390, 43
1391, 2
1392, 44
1393, 1
1394, 0
1395, 65
1396, 50
1397, 48
1398, 3
1399, 11
1400, 51
1401, 0
1402, 20
1403, 30
1404, 0
1405, 34
1406, 24
1407, 19
1408, 6
1409, 7
1410, 51
1411, 5
1412, 26
1413, 4
1414, 7
1415, 1
1416, 2
1417, 11
1418, 1
1419, 0
1420, 28
1421, 34
1422, 14
1423, 3
1424, 35
1425, 19
1426, 3
1427, 15
1428, 31
1429, 2
1430, 38
1431, 16
1432, 4
1433, 2
1434, 1
1435, 0
1436, 30
1437, 42
1438, 0
1439, 33
1440, 17
1441, 3
1442, 15
1443, 31
1444, 2
1445, 25
1446, 2
1447, 36
1448, 2
1449, 36
1450, 38
1451, 5
1452, 14
1453, 4
1454, 14
1455, 1
1456, 2
1457, 16
1458, 5
1459, 14
1460, 5
1461, 17
1462, 1
1463, 0
1464, 45
1465, 27
1466, 14
1467, 1
1468, 14
1469, 12
1470, 12
1471, 2
1472, 17
1473, 27
1474, 15
1475, 49
1476, 1
1477, 1
1478, 2
1479, 7
1480, 19
1481, 42
1482, 22
1483, 1
1484, 8
1485, 1
1486, 7
1487, 1
1488, 0
1489, 42
1490, 32
1491, 65
1492, 0
1493, 23
1494, 19
1495, 3
1496, 13
1497, 45
1498, 0
1499, 50
1500, 0
1501, 46
1502, 25
1503, 51
1504, 0
1505, 46
1506, 25
1507, 51
1508, 0
1509, 17
1510, 22
1511, 0
1512, 80
1513, 17
1514, 8
1515, 14
1516, 1
1517, 14
1518, 3
1519, 12
1520, 39
1521, 4
1522, 1
1523, 2
1524, 1
1525, 6
1526, 7
1527, 9
1528, 15
1529, 20
1530, 1
1531, 1
1532, 2
1533, 0
1534, 32
1535, 5
1536, 38
1537, 5
1538, 12
1539, 1
1540, 0
1541, 3
1542, 39
1543, 37
1544, 29
1545, 2
1546, 18
1547, 0
1548, 29
1549, 38
1550, 44
1551, 1
1552, 0
1553, 27
1554, 16
1555, 1
1556, 26
1557, 41
1558, 1
1559, 0
1560, 33
1561, 16
1562, 1
1563, 0
1564, 27
1565, 17
1566, 1
1567, 0
1568, 0
1569, 74
1570, 0
1571, 59
1572, 28
1573, 0
1574, 61
1575, 31
1576, 0
1577, 76
1578, 0
1579, 61
1580, 30
1581, 0
1582, 39
1583, 77
1584, 0
1585, 40
1586, 52
1587, 0
1588, 40
1589, 45
1590, 0
1591, 32
1592, 61
1593, 0
1594, 3
1595, 69
1596, 2
1597, 23
1598, 19
1599, 3
1600, 39
1601, 0
1602, 14
1603, 35
1604, 0
1605, 13
1606, 7
1607, 5
1608, 1
1609, 1
1610, 19
1611, 1
1612, 4
1613, 10
1614, 1
1615, 1
1616, 0
1617, 16
1618, 5
1619, 65
1620, 1
1621, 0
1622, 21
1623, 19
1624, 0
1625, 47
1626, 37
1627, 28
1628, 27
1629, 18
1630, 27
1631, 5
1632, 1
1633, 4
1634, 35
1635, 6
1636, 1
1637, 0
1638, 67
1639, 27
1640, 26
1641, 20
1642, 45
1643, 4
1644, 2
1645, 1
1646, 0
1647, 49
1648, 55
1649, 34
1650, 16
1651, 3
1652, 15
1653, 51
1654, 33
1655, 26
1656, 1
1657, 34
1658, 1
1659, 4
1660, 12
1661, 7
1662, 24
1663, 20
1664, 2
1665, 2
1666, 1
1667, 2
1668, 7
1669, 7
1670, 1
1671, 16
1672, 1
1673, 1
1674, 5
1675, 11
1676, 28
1677, 36
1678, 1
1679, 1
1680, 44
1681, 2
1682, 4
1683, 23
1684, 5
1685, 1
1686, 20
1687, 7
1688, 1
1689, 7
1690, 1
1691, 6
1692, 44
1693, 4
1694, 20
1695, 1
1696, 1
1697, 2
1698, 28
1699, 55
1700, 5
1701, 45
1702, 27
1703, 1
1704, 0
1705, 3
1706, 39
1707, 37
1708, 29
1709, 2
1710, 15
1711, 0
1712, 29
1713, 30
1714, 55
1715, 1
1716, 0
1717, 27
1718, 21
1719, 1
1720, 0
1721, 33
1722, 16
1723, 1
1724, 0
1725, 49
1726, 15
1727, 1
1728, 0
1729, 54
1730, 32
1731, 40
1732, 1
1733, 0
1734, 28
1735, 29
1736, 1
1737, 0
1738, 52
1739, 11
1740, 9
1741, 0
1742, 27
1743, 18
1744, 0
1745, 3
1746, 78
1747, 36
1748, 2
1749, 55
1750, 19
1751, 3
1752, 13
1753, 25
1754, 2
1755, 22
1756, 12
1757, 5
1758, 2
1759, 4
1760, 1
1761, 20
1762, 5
1763, 15
1764, 1
1765, 1
1766, 0
1767, 3
1768, 75
1769, 19
1770, 2
1771, 61
1772, 28
1773, 21
1774, 5
1775, 4
1776, 1
1777, 3
1778, 28
1779, 39
1780, 2
1781, 19
1782, 5
1783, 40
1784, 1
1785, 1
1786, 0
1787, 23
1788, 19
1789, 3
1790, 9
1791, 36
1792, 0
1793, 29
1794, 48
1795, 0
1796, 30
1797, 52
1798, 0
1799, 44
1800, 23
1801, 13
1802, 16
1803, 15
1804, 4
1805, 22
1806, 5
1807, 17
1808, 1
1809, 0
1810, 49
1811, 31
1812, 19
1813, 16
1814, 3
1815, 4
1816, 41
1817, 1
1818, 2
1819, 25
1820, 11
1821, 5
1822, 39
1823, 4
1824, 5
1825, 98
1826, 1
1827, 3
1828, 39
1829, 37
1830, 29
1831, 2
1832, 15
1833, 0
1834, 29
1835, 48
1836, 10
1837, 64
1838, 26
1839, 1
1840, 0
1841, 27
1842, 21
1843, 1
1844, 0
1845, 33
1846, 16
1847, 1
1848, 0
1849, 49
1850, 15
1851, 1
1852, 0
1853, 28
1854, 29
1855, 1
1856, 0
1857, 52
1858, 11
1859, 9
1860, 0
1861, 3
1862, 78
1863, 36
1864, 2
1865, 59
1866, 19
1867, 3
1868, 13
1869, 40
1870, 2
1871, 22
1872, 27
1873, 5
1874, 2
1875, 4
1876, 1
1877, 35
1878, 5
1879, 15
1880, 1
1881, 1
1882, 0
1883, 3
1884, 75
1885, 19
1886, 2
1887, 65
1888, 28
1889, 21
1890, 5
1891, 4
1892, 1
1893, 3
1894, 30
1895, 32
1896, 2
1897, 19
1898, 5
1899, 40
1900, 1
1901, 1
1902, 0
1903, 23
1904, 19
1905, 3
1906, 9
1907, 36
1908, 0
1909, 27
1910, 37
1911, 0
1912, 28
1913, 44
1914, 0
1915, 44
1916, 23
1917, 13
1918, 16
1919, 26
1920, 4
1921, 33
1922, 5
1923, 17
1924, 1
1925, 0
1926, 49
1927, 31
1928, 19
1929, 16
1930, 3
1931, 4
1932, 52
1933, 1
1934, 2
1935, 1
1936, 25
1937, 2
1938, 4
1939, 5
1940, 98
1941, 1
1942, 5
1943, 11
1944, 5
1945, 39
1946, 1
1947, 0
1948, 70
1949, 66
1950, 0
1951, 3
1952, 76
1953, 74
1954, 2
1955, 31
1956, 53
1957, 1
1958, 0
1959, 34
1960, 47
1961, 75
1962, 0
1963, 3
1964, 72
1965, 22
1966, 2
1967, 51
1968, 43
1969, 3
1970, 40
1971, 17
1972, 36
1973, 2
1974, 4
1975, 5
1976, 5
1977, 13
1978, 1
1979, 2
1980, 15
1981, 30
1982, 42
1983, 1
1984, 0
1985, 3
1986, 71
1987, 27
1988, 2
1989, 46
1990, 37
1991, 3
1992, 35
1993, 17
1994, 3
1995, 41
1996, 2
1997, 20
1998, 5
1999, 5
2000, 14
2001, 4
2002, 5
2003, 1
2004, 2
2005, 15
2006, 30
2007, 44
2008, 1
2009, 0
2010, 76
2011, 24
2012, 0
2013, 39
2014, 49
2015, 0
2016, 52
2017, 74
2018, 0
2019, 44
2020, 59
2021, 0
2022, 64
2023, 20
2024, 0
2025, 72
2026, 0
2027, 57
2028, 3
2029, 39
2030, 37
2031, 29
2032, 2
2033, 14
2034, 0
2035, 29
2036, 49
2037, 45
2038, 30
2039, 49
2040, 1
2041, 27
2042, 17
2043, 16
2044, 1
2045, 26
2046, 57
2047, 1
2048, 33
2049, 37
2050, 1
2051, 34
2052, 24
2053, 1
2054, 27
2055, 21
2056, 1
2057, 0
2058, 0
2059, 39
2060, 48
2061, 0
2062, 72
2063, 0
2064, 78
2065, 0
2066, 42
2067, 49
2068, 0
2069, 39
2070, 54
2071, 0
2072, 32
2073, 43
2074, 27
2075, 3
2076, 20
2077, 50
2078, 2
2079, 5
2080, 5
2081, 14
2082, 1
2083, 17
2084, 34
2085, 5
2086, 11
2087, 1
2088, 1
2089, 5
2090, 5
2091, 5
2092, 1
2093, 0
2094, 16
2095, 25
2096, 22
2097, 1
2098, 0
2099, 23
2100, 24
2101, 8
2102, 1
2103, 14
2104, 16
2105, 15
2106, 15
2107, 20
2108, 14
2109, 16
2110, 16
2111, 16
2112, 15
2113, 1
2114, 1
2115, 0
2116, 13
2117, 10
2118, 0
2119, 14
2120, 12
2121, 0
2122, 38
2123, 42
2124, 20
2125, 3
2126, 33
2127, 19
2128, 17
2129, 8
2130, 9
2131, 8
2132, 8
2133, 9
2134, 8
2135, 1
2136, 2
2137, 16
2138, 1
2139, 0
2140, 43
2141, 40
2142, 18
2143, 3
2144, 31
2145, 17
2146, 17
2147, 7
2148, 9
2149, 9
2150, 7
2151, 9
2152, 9
2153, 1
2154, 2
2155, 14
2156, 1
2157, 0
2158, 3
2159, 75
2160, 68
2161, 80
2162, 45
2163, 2
2164, 16
2165, 30
2166, 0
2167, 15
2168, 14
2169, 0
2170, 18
2171, 32
2172, 0
2173, 3
2174, 81
2175, 57
2176, 2
2177, 30
2178, 17
2179, 3
2180, 24
2181, 39
2182, 33
2183, 2
2184, 18
2185, 16
2186, 1
2187, 9
2188, 6
2189, 13
2190, 11
2191, 43
2192, 1
2193, 44
2194, 1
2195, 1
2196, 0
2197, 3
2198, 66
2199, 2
2200, 30
2201, 22
2202, 3
2203, 37
2204, 22
2205, 32
2206, 1
2207, 4
2208, 42
2209, 1
2210, 2
2211, 21
2212, 1
2213, 0
2214, 3
2215, 50
2216, 2
2217, 25
2218, 17
2219, 3
2220, 29
2221, 21
2222, 17
2223, 5
2224, 4
2225, 47
2226, 1
2227, 2
2228, 21
2229, 1
2230, 0
2231, 3
2232, 77
2233, 71
2234, 31
2235, 2
2236, 35
2237, 24
2238, 3
2239, 37
2240, 28
2241, 18
2242, 6
2243, 4
2244, 3
2245, 19
2246, 43
2247, 0
2248, 17
2249, 10
2250, 5
2251, 12
2252, 49
2253, 42
2254, 1
2255, 2
2256, 4
2257, 5
2258, 45
2259, 11
2260, 26
2261, 1
2262, 15
2263, 43
2264, 1
2265, 1
2266, 1
2267, 2
2268, 0
2269, 47
2270, 5
2271, 4
2272, 3
2273, 15
2274, 8
2275, 5
2276, 6
2277, 5
2278, 1
2279, 1
2280, 19
2281, 46
2282, 1
2283, 1
2284, 2
2285, 28
2286, 4
2287, 4
2288, 40
2289, 1
2290, 0
2291, 3
2292, 91
2293, 2
2294, 62
2295, 41
2296, 3
2297, 28
2298, 20
2299, 3
2300, 48
2301, 37
2302, 24
2303, 3
2304, 42
2305, 7
2306, 5
2307, 21
2308, 26
2309, 16
2310, 4
2311, 7
2312, 5
2313, 3
2314, 26
2315, 16
2316, 1
2317, 2
2318, 50
2319, 1
2320, 0
2321, 11
2322, 40
2323, 0
2324, 26
2325, 9
2326, 15
2327, 16
2328, 8
2329, 1
2330, 46
2331, 5
2332, 12
2333, 4
2334, 8
2335, 1
2336, 2
2337, 6
2338, 1
2339, 0
2340, 39
2341, 36
2342, 19
2343, 13
2344, 54
2345, 1
2346, 0
2347, 73
2348, 44
2349, 52
2350, 0
2351, 41
2352, 54
2353, 23
2354, 13
2355, 14
2356, 12
2357, 38
2358, 58
2359, 5
2360, 58
2361, 38
2362, 5
2363, 58
2364, 58
2365, 1
2366, 15
2367, 1
2368, 0
2369, 51
2370, 33
2371, 60
2372, 46
2373, 4
2374, 34
2375, 1
2376, 0
2377, 46
2378, 31
2379, 14
2380, 62
2381, 5
2382, 32
2383, 4
2384, 2
2385, 1
2386, 0
2387, 3
2388, 57
2389, 2
2390, 52
2391, 41
2392, 3
2393, 59
2394, 40
2395, 3
2396, 11
2397, 43
2398, 0
2399, 11
2400, 43
2401, 2
2402, 16
2403, 54
2404, 4
2405, 7
2406, 1
2407, 2
2408, 0
2409, 47
2410, 26
2411, 4
2412, 2
2413, 1
2414, 0
2415, 3
2416, 61
2417, 2
2418, 52
2419, 41
2420, 3
2421, 56
2422, 37
2423, 3
2424, 11
2425, 43
2426, 0
2427, 11
2428, 43
2429, 2
2430, 16
2431, 51
2432, 4
2433, 7
2434, 1
2435, 2
2436, 0
2437, 44
2438, 26
2439, 4
2440, 2
2441, 1
2442, 0
2443, 53
2444, 32
2445, 42
2446, 0
2447, 35
2448, 28
2449, 74
2450, 0
2451, 45
2452, 31
2453, 63
2454, 0
2455, 80
2456, 44
2457, 31
2458, 3
2459, 15
2460, 24
2461, 2
2462, 47
2463, 1
2464, 0
2465, 51
2466, 42
2467, 36
2468, 71
2469, 6
2470, 4
2471, 38
2472, 1
2473, 0
2474, 60
2475, 37
2476, 24
2477, 3
2478, 32
2479, 16
2480, 15
2481, 3
2482, 64
2483, 12
2484, 4
2485, 18
2486, 1
2487, 0
2488, 45
2489, 27
2490, 3
2491, 16
2492, 7
2493, 27
2494, 4
2495, 4
2496, 2
2497, 1
2498, 0
2499, 16
2500, 7
2501, 19
2502, 3
2503, 4
2504, 2
2505, 1
2506, 2
2507, 14
2508, 9
2509, 7
2510, 22
2511, 49
2512, 4
2513, 6
2514, 1
2515, 2
2516, 0
2517, 22
2518, 1
2519, 0
2520, 3
2521, 56
2522, 93
2523, 2
2524, 52
2525, 24
2526, 3
2527, 16
2528, 7
2529, 12
2530, 19
2531, 16
2532, 65
2533, 1
2534, 0
2535, 47
2536, 23
2537, 20
2538, 3
2539, 4
2540, 4
2541, 22
2542, 39
2543, 48
2544, 1
2545, 2
2546, 0
2547, 63
2548, 1
2549, 0
2550, 20
2551, 11
2552, 3
2553, 26
2554, 30
2555, 0
2556, 21
2557, 26
2558, 0
2559, 21
2560, 26
2561, 0
2562, 30
2563, 35
2564, 2
2565, 33
2566, 5
2567, 48
2568, 5
2569, 5
2570, 1
2571, 10
2572, 15
2573, 18
2574, 5
2575, 25
2576, 1
2577, 1
2578, 6
2579, 6
2580, 5
2581, 9
2582, 1
2583, 44
2584, 21
2585, 1
2586, 5
2587, 12
2588, 5
2589, 31
2590, 5
2591, 12
2592, 5
2593, 31
2594, 5
2595, 12
2596, 1
2597, 0
2598, 8
2599, 73
2600, 48
2601, 70
2602, 40
2603, 0
2604, 35
2605, 2
2606, 4
2607, 3
2608, 18
2609, 48
2610, 0
2611, 15
2612, 61
2613, 2
2614, 0
2615, 48
2616, 2
2617, 41
2618, 34
2619, 4
2620, 3
2621, 17
2622, 45
2623, 0
2624, 18
2625, 12
2626, 49
2627, 2
2628, 43
2629, 5
2630, 1
2631, 22
2632, 16
2633, 8
2634, 1
2635, 36
2636, 5
2637, 44
2638, 5
2639, 38
2640, 5
2641, 45
2642, 5
2643, 38
2644, 5
2645, 45
2646, 5
2647, 35
2648, 5
2649, 2
2650, 7
2651, 15
2652, 38
2653, 4
2654, 35
2655, 5
2656, 5
2657, 7
2658, 5
2659, 8
2660, 15
2661, 8
2662, 5
2663, 9
2664, 11
2665, 11
2666, 11
2667, 4
2668, 5
2669, 1
2670, 8
2671, 8
2672, 15
2673, 8
2674, 37
2675, 15
2676, 10
2677, 11
2678, 11
2679, 5
2680, 35
2681, 5
2682, 5
2683, 7
2684, 5
2685, 8
2686, 15
2687, 8
2688, 5
2689, 9
2690, 11
2691, 11
2692, 11
2693, 1
2694, 4
2695, 5
2696, 7
2697, 5
2698, 8
2699, 15
2700, 8
2701, 5
2702, 9
2703, 11
2704, 11
2705, 11
2706, 1
2707, 0
2708, 3
2709, 58
2710, 68
2711, 2
2712, 44
2713, 29
2714, 3
2715, 0
2716, 79
2717, 45
2718, 15
2719, 9
2720, 5
2721, 1
2722, 1
2723, 20
2724, 14
2725, 4
2726, 6
2727, 1
2728, 1
2729, 0
2730, 59
2731, 35
2732, 25
2733, 6
2734, 7
2735, 52
2736, 2
2737, 1
2738, 0
2739, 45
2740, 28
2741, 3
2742, 39
2743, 19
2744, 17
2745, 3
2746, 23
2747, 36
2748, 0
2749, 13
2750, 43
2751, 2
2752, 2
2753, 11
2754, 39
2755, 4
2756, 29
2757, 4
2758, 18
2759, 20
2760, 24
2761, 20
2762, 4
2763, 5
2764, 1
2765, 2
2766, 11
2767, 1
2768, 2
2769, 27
2770, 42
2771, 1
2772, 0
2773, 19
2774, 15
2775, 0
2776, 23
2777, 19
2778, 3
2779, 9
2780, 36
2781, 2
2782, 8
2783, 1
2784, 0
2785, 3
2786, 39
2787, 37
2788, 29
2789, 2
2790, 13
2791, 0
2792, 29
2793, 34
2794, 57
2795, 64
2796, 1
2797, 29
2798, 33
2799, 16
2800, 1
2801, 31
2802, 16
2803, 1
2804, 40
2805, 29
2806, 1
2807, 33
2808, 27
2809, 1
2810, 27
2811, 21
2812, 1
2813, 0
2814, 81
2815, 0
2816, 65
2817, 0
2818, 75
2819, 0
2820, 39
2821, 42
2822, 0
2823, 58
2824, 18
2825, 4
2826, 20
2827, 20
2828, 15
2829, 1
2830, 0
2831, 43
2832, 52
2833, 21
2834, 3
2835, 13
2836, 16
2837, 2
2838, 9
2839, 5
2840, 9
2841, 5
2842, 9
2843, 5
2844, 1
2845, 1
2846, 0
2847, 22
2848, 21
2849, 0
2850, 13
2851, 23
2852, 0
2853, 20
2854, 24
2855, 0
2856, 53
2857, 45
2858, 30
2859, 3
2860, 18
2861, 26
2862, 0
2863, 12
2864, 44
2865, 0
2866, 14
2867, 40
2868, 0
2869, 35
2870, 26
2871, 18
2872, 1
2873, 37
2874, 30
2875, 51
2876, 5
2877, 51
2878, 5
2879, 51
2880, 1
2881, 1
2882, 5
2883, 27
2884, 4
2885, 3
2886, 0
2887, 2
2888, 23
2889, 5
2890, 1
2891, 11
2892, 25
2893, 42
2894, 5
2895, 42
2896, 5
2897, 42
2898, 1
2899, 1
2900, 1
2901, 0
2902, 48
2903, 30
2904, 16
2905, 3
2906, 17
2907, 43
2908, 0
2909, 39
2910, 20
2911, 21
2912, 37
2913, 23
2914, 37
2915, 23
2916, 3
2917, 13
2918, 37
2919, 0
2920, 13
2921, 37
2922, 0
2923, 13
2924, 37
2925, 0
2926, 19
2927, 10
2928, 43
2929, 2
2930, 4
2931, 35
2932, 1
2933, 7
2934, 1
2935, 1
2936, 26
2937, 37
2938, 20
2939, 4
2940, 1
2941, 6
2942, 12
2943, 1
2944, 1
2945, 21
2946, 23
2947, 23
2948, 1
2949, 1
2950, 7
2951, 7
2952, 1
2953, 4
2954, 6
2955, 1
2956, 2
2957, 12
2958, 1
2959, 0
2960, 47
2961, 37
2962, 21
2963, 3
2964, 17
2965, 43
2966, 0
2967, 17
2968, 67
2969, 54
2970, 3
2971, 13
2972, 37
2973, 0
2974, 13
2975, 37
2976, 0
2977, 13
2978, 37
2979, 0
2980, 14
2981, 5
2982, 5
2983, 1
2984, 3
2985, 19
2986, 10
2987, 5
2988, 36
2989, 1
2990, 2
2991, 37
2992, 1
2993, 1
2994, 2
2995, 42
2996, 5
2997, 42
2998, 5
2999, 42
3000, 5
3001, 0
3002, 42
3003, 5
3004, 42
3005, 5
3006, 42
3007, 5
3008, 2
3009, 1
3010, 0
3011, 37
3012, 24
3013, 21
3014, 1
3015, 37
3016, 23
3017, 37
3018, 23
3019, 47
3020, 1
3021, 1
3022, 5
3023, 26
3024, 26
3025, 32
3026, 4
3027, 2
3028, 1
3029, 0
3030, 43
3031, 26
3032, 12
3033, 25
3034, 43
3035, 5
3036, 43
3037, 5
3038, 43
3039, 1
3040, 1
3041, 0
3042, 29
3043, 20
3044, 22
3045, 2
3046, 4
3047, 57
3048, 5
3049, 23
3050, 1
3051, 2
3052, 0
3053, 20
3054, 5
3055, 17
3056, 1
3057, 0
3058, 23
3059, 19
3060, 3
3061, 9
3062, 36
3063, 20
3064, 8
3065, 17
3066, 1
3067, 9
3068, 53
3069, 9
3070, 4
3071, 11
3072, 17
3073, 21
3074, 22
3075, 1
3076, 11
3077, 36
3078, 36
3079, 36
3080, 1
3081, 35
3082, 8
3083, 4
3084, 11
3085, 16
3086, 17
3087, 21
3088, 1
3089, 11
3090, 37
3091, 36
3092, 37
3093, 1
3094, 35
3095, 8
3096, 4
3097, 11
3098, 18
3099, 21
3100, 22
3101, 1
3102, 11
3103, 36
3104, 37
3105, 38
3106, 1
3107, 35
3108, 9
3109, 4
3110, 11
3111, 18
3112, 21
3113, 19
3114, 1
3115, 11
3116, 37
3117, 36
3118, 37
3119, 1
3120, 35
3121, 1
3122, 1
3123, 0
3124, 18
3125, 9
3126, 13
3127, 19
3128, 5
3129, 12
3130, 4
3131, 2
3132, 1
3133, 52
3134, 27
3135, 15
3136, 9
3137, 18
3138, 24
3139, 15
3140, 8
3141, 1
3142, 1
3143, 2
3144, 0
3145, 28
3146, 5
3147, 26
3148, 5
3149, 6
3150, 5
3151, 26
3152, 1
3153, 0
3154, 0
3155, 73
3156, 93
3157, 0
3158, 51
3159, 41
3160, 27
3161, 67
3162, 0
3163, 30
3164, 30
3165, 1
3166, 0
3167, 40
3168, 70
3169, 0
3170, 29
3171, 28
3172, 1
3173, 0
3174, 39
3175, 72
3176, 0
3177, 76
3178, 0
3179, 52
3180, 47
3181, 31
3182, 45
3183, 0
3184, 94
3185, 0
3186, 39
3187, 76
3188, 3
3189, 39
3190, 37
3191, 29
3192, 2
3193, 14
3194, 0
3195, 29
3196, 34
3197, 39
3198, 30
3199, 48
3200, 1
3201, 0
3202, 28
3203, 21
3204, 1
3205, 0
3206, 26
3207, 26
3208, 1
3209, 0
3210, 33
3211, 16
3212, 1
3213, 27
3214, 21
3215, 1
3216, 0
3217, 42
3218, 45
3219, 0
3220, 78
3221, 0
3222, 42
3223, 39
3224, 0
3225, 39
3226, 50
3227, 0
3228, 64
3229, 28
3230, 20
3231, 3
3232, 25
3233, 2
3234, 48
3235, 1
3236, 0
3237, 63
3238, 27
3239, 20
3240, 5
3241, 4
3242, 20
3243, 5
3244, 28
3245, 1
3246, 0
3247, 38
3248, 38
3249, 20
3250, 3
3251, 35
3252, 34
3253, 14
3254, 14
3255, 26
3256, 3
3257, 34
3258, 17
3259, 13
3260, 2
3261, 4
3262, 19
3263, 5
3264, 18
3265, 1
3266, 2
3267, 18
3268, 5
3269, 42
3270, 4
3271, 36
3272, 1
3273, 2
3274, 24
3275, 5
3276, 17
3277, 1
3278, 0
3279, 23
3280, 19
3281, 3
3282, 36
3283, 14
3284, 9
3285, 1
3286, 15
3287, 10
3288, 6
3289, 25
3290, 1
3291, 1
3292, 23
3293, 33
3294, 2
3295, 12
3296, 5
3297, 23
3298, 5
3299, 23
3300, 1
3301, 0
3302, 3
3303, 39
3304, 37
3305, 29
3306, 2
3307, 18
3308, 0
3309, 29
3310, 39
3311, 48
3312, 1
3313, 26
3314, 66
3315, 1
3316, 28
3317, 21
3318, 1
3319, 33
3320, 16
3321, 1
3322, 27
3323, 21
3324, 1
3325, 0
3326, 63
3327, 62
3328, 0
3329, 63
3330, 0
3331, 42
3332, 39
3333, 0
3334, 39
3335, 43
3336, 0
3337, 69
3338, 0
3339, 18
3340, 23
3341, 0
3342, 19
3343, 23
3344, 0
3345, 28
3346, 64
3347, 0
3348, 29
3349, 22
3350, 3
3351, 22
3352, 44
3353, 0
3354, 26
3355, 17
3356, 26
3357, 25
3358, 5
3359, 20
3360, 4
3361, 2
3362, 1
3363, 2
3364, 14
3365, 1
3366, 0
3367, 36
3368, 24
3369, 3
3370, 11
3371, 37
3372, 2
3373, 11
3374, 6
3375, 3
3376, 1
3377, 29
3378, 12
3379, 53
3380, 1
3381, 1
3382, 0
3383, 38
3384, 22
3385, 1
3386, 1
3387, 50
3388, 16
3389, 27
3390, 1
3391, 12
3392, 1
3393, 1
3394, 4
3395, 1
3396, 0
3397, 65
3398, 28
3399, 20
3400, 3
3401, 14
3402, 25
3403, 2
3404, 48
3405, 1
3406, 0
3407, 31
3408, 20
3409, 3
3410, 35
3411, 34
3412, 14
3413, 14
3414, 32
3415, 3
3416, 34
3417, 17
3418, 13
3419, 2
3420, 4
3421, 21
3422, 5
3423, 18
3424, 1
3425, 2
3426, 18
3427, 5
3428, 42
3429, 4
3430, 36
3431, 1
3432, 2
3433, 20
3434, 5
3435, 17
3436, 1
3437, 0
3438, 23
3439, 19
3440, 3
3441, 9
3442, 36
3443, 0
3444, 24
3445, 15
3446, 9
3447, 60
3448, 1
3449, 0
3450, 9
3451, 23
3452, 0
3453, 15
3454, 26
3455, 2
3456, 12
3457, 5
3458, 23
3459, 5
3460, 23
3461, 1
3462, 0
3463, 3
3464, 39
3465, 37
3466, 29
3467, 2
3468, 19
3469, 0
3470, 29
3471, 38
3472, 39
3473, 1
3474, 0
3475, 0
3476, 0
3477, 33
3478, 16
3479, 1
3480, 0
3481, 40
3482, 29
3483, 1
3484, 0
3485, 33
3486, 27
3487, 1
3488, 0
3489, 31
3490, 33
3491, 1
3492, 0
3493, 27
3494, 17
3495, 1
3496, 0
3497, 23
3498, 19
3499, 3
3500, 36
3501, 2
3502, 35
3503, 1
3504, 0
3505, 14
3506, 50
3507, 66
3508, 79
3509, 34
3510, 3
3511, 40
3512, 33
3513, 29
3514, 19
3515, 19
3516, 2
3517, 11
3518, 13
3519, 15
3520, 6
3521, 28
3522, 14
3523, 24
3524, 25
3525, 25
3526, 9
3527, 14
3528, 15
3529, 24
3530, 4
3531, 5
3532, 20
3533, 1
3534, 14
3535, 3
3536, 20
3537, 31
3538, 15
3539, 4
3540, 1
3541, 2
3542, 1
3543, 16
3544, 15
3545, 17
3546, 20
3547, 22
3548, 17
3549, 21
3550, 29
3551, 15
3552, 1
3553, 1
3554, 1
3555, 0
3556, 3
3557, 39
3558, 37
3559, 29
3560, 2
3561, 16
3562, 0
3563, 29
3564, 39
3565, 48
3566, 1
3567, 0
3568, 27
3569, 16
3570, 1
3571, 0
3572, 33
3573, 16
3574, 1
3575, 0
3576, 28
3577, 21
3578, 1
3579, 0
3580, 27
3581, 17
3582, 1
3583, 0
3584, 8
3585, 1
3586, 13
3587, 13
3588, 13
3589, 13
3590, 1
3591, 0
3592, 23
3593, 55
3594, 0
3595, 33
3596, 13
3597, 9
3598, 39
3599, 1
3600, 0
3601, 27
3602, 19
3603, 9
3604, 12
3605, 9
3606, 12
3607, 50
3608, 1
3609, 1
3610, 0
3611, 27
3612, 19
3613, 9
3614, 12
3615, 9
3616, 12
3617, 50
3618, 1
3619, 1
3620, 0
3621, 23
3622, 19
3623, 3
3624, 18
3625, 10
3626, 3
3627, 28
3628, 14
3629, 3
3630, 13
3631, 22
3632, 2
3633, 9
3634, 9
3635, 22
3636, 13
3637, 8
3638, 36
3639, 8
3640, 4
3641, 27
3642, 1
3643, 1
3644, 2
3645, 27
3646, 1
3647, 0
3648, 9
3649, 36
3650, 0
3651, 18
3652, 16
3653, 0
3654, 52
3655, 41
3656, 57
3657, 26
3658, 5
3659, 1
3660, 48
3661, 8
3662, 21
3663, 7
3664, 1
3665, 46
3666, 43
3667, 5
3668, 34
3669, 4
3670, 14
3671, 26
3672, 18
3673, 5
3674, 11
3675, 15
3676, 19
3677, 25
3678, 1
3679, 1
3680, 2
3681, 24
3682, 1
3683, 0
3684, 3
3685, 39
3686, 37
3687, 29
3688, 2
3689, 17
3690, 0
3691, 29
3692, 38
3693, 44
3694, 1
3695, 0
3696, 27
3697, 16
3698, 1
3699, 0
3700, 33
3701, 16
3702, 1
3703, 0
3704, 40
3705, 29
3706, 1
3707, 0
3708, 33
3709, 27
3710, 1
3711, 0
3712, 27
3713, 21
3714, 1
3715, 0
3716, 23
3717, 19
3718, 3
3719, 36
3720, 10
3721, 11
3722, 2
3723, 57
3724, 5
3725, 9
3726, 18
3727, 37
3728, 15
3729, 26
3730, 1
3731, 5
3732, 9
3733, 18
3734, 23
3735, 15
3736, 40
3737, 1
3738, 5
3739, 38
3740, 5
3741, 9
3742, 54
3743, 1
3744, 0
3745, 18
3746, 8
3747, 13
3748, 1
3749, 4
3750, 25
3751, 1
3752, 0
3753, 30
3754, 14
3755, 13
3756, 1
3757, 4
3758, 37
3759, 1
3760, 0
3761, 25
3762, 11
3763, 14
3764, 5
3765, 19
3766, 13
3767, 4
3768, 35
3769, 1
3770, 0
3771, 32
3772, 14
3773, 14
3774, 1
3775, 4
3776, 3
3777, 25
3778, 25
3779, 25
3780, 1
3781, 0
3782, 50
3783, 20
3784, 14
3785, 1
3786, 4
3787, 9
3788, 31
3789, 31
3790, 31
3791, 1
3792, 0
3793, 3
3794, 39
3795, 37
3796, 29
3797, 2
3798, 16
3799, 0
3800, 29
3801, 39
3802, 22
3803, 1
3804, 27
3805, 17
3806, 16
3807, 1
3808, 28
3809, 36
3810, 1
3811, 33
3812, 26
3813, 1
3814, 27
3815, 28
3816, 1
3817, 0
3818, 80
3819, 0
3820, 74
3821, 0
3822, 58
3823, 27
3824, 0
3825, 64
3826, 0
3827, 72
3828, 0
3829, 74
3830, 0
3831, 55
3832, 36
3833, 0
3834, 74
3835, 0
3836, 74
3837, 0
3838, 78
3839, 0
3840, 73
3841, 45
3842, 0
3843, 42
3844, 60
3845, 0
3846, 76
3847, 0
3848, 39
3849, 44
3850, 0
3851, 39
3852, 59
3853, 0
3854, 39
3855, 76
3856, 0
3857, 41
3858, 77
3859, 0
3860, 39
3861, 67
3862, 0
3863, 61
3864, 31
3865, 0
3866, 60
3867, 30
3868, 0
3869, 51
3870, 0
3871, 72
3872, 0
3873, 32
3874, 61
3875, 0
3876, 32
3877, 49
3878, 0
3879, 45
3880, 38
3881, 26
3882, 3
3883, 25
3884, 41
3885, 0
3886, 30
3887, 42
3888, 0
3889, 49
3890, 35
3891, 3
3892, 17
3893, 59
3894, 2
3895, 23
3896, 42
3897, 5
3898, 31
3899, 4
3900, 17
3901, 1
3902, 2
3903, 31
3904, 1
3905, 0
3906, 57
3907, 39
3908, 30
3909, 20
3910, 32
3911, 4
3912, 5
3913, 1
3914, 0
3915, 37
3916, 21
3917, 10
3918, 1
3919, 20
3920, 28
3921, 28
3922, 28
3923, 28
3924, 28
3925, 28
3926, 28
3927, 27
3928, 1
3929, 1
3930, 0
3931, 45
3932, 14
3933, 1
3934, 17
3935, 17
3936, 17
3937, 15
3938, 15
3939, 19
3940, 15
3941, 15
3942, 17
3943, 15
3944, 14
3945, 1
3946, 1
3947, 0
3948, 33
3949, 19
3950, 27
3951, 49
3952, 1
3953, 0
3954, 23
3955, 18
3956, 3
3957, 32
3958, 14
3959, 5
3960, 22
3961, 28
3962, 37
3963, 1
3964, 1
3965, 0
3966, 16
3967, 38
3968, 0
3969, 19
3970, 48
3971, 2
3972, 0
3973, 5
3974, 15
3975, 1
3976, 25
3977, 11
3978, 10
3979, 6
3980, 7
3981, 13
3982, 11
3983, 24
3984, 32
3985, 1
3986, 1
3987, 1
3988, 7
3989, 1
3990, 2
3991, 8
3992, 1
3993, 5
3994, 12
3995, 5
3996, 31
3997, 5
3998, 34
3999, 5
4000, 9
4001, 1
4002, 4
4003, 61
4004, 1
4005, 1
4006, 0
4007, 3
4008, 39
4009, 37
4010, 29
4011, 2
4012, 16
4013, 0
4014, 29
4015, 45
4016, 30
4017, 1
4018, 27
4019, 17
4020, 16
4021, 1
4022, 28
4023, 49
4024, 1
4025, 33
4026, 26
4027, 1
4028, 27
4029, 28
4030, 1
4031, 0
4032, 56
4033, 37
4034, 0
4035, 39
4036, 46
4037, 0
4038, 41
4039, 67
4040, 0
4041, 41
4042, 63
4043, 0
4044, 55
4045, 24
4046, 0
4047, 74
4048, 0
4049, 58
4050, 27
4051, 0
4052, 64
4053, 0
4054, 72
4055, 0
4056, 74
4057, 0
4058, 74
4059, 0
4060, 74
4061, 0
4062, 78
4063, 0
4064, 73
4065, 45
4066, 0
4067, 42
4068, 60
4069, 0
4070, 76
4071, 0
4072, 39
4073, 59
4074, 0
4075, 39
4076, 40
4077, 35
4078, 0
4079, 41
4080, 17
4081, 61
4082, 0
4083, 39
4084, 67
4085, 0
4086, 61
4087, 31
4088, 0
4089, 60
4090, 30
4091, 0
4092, 51
4093, 0
4094, 72
4095, 0
4096, 32
4097, 61
4098, 0
4099, 32
4100, 49
4101, 0
4102, 47
4103, 38
4104, 26
4105, 3
4106, 25
4107, 41
4108, 0
4109, 32
4110, 44
4111, 0
4112, 50
4113, 36
4114, 3
4115, 17
4116, 59
4117, 2
4118, 23
4119, 43
4120, 5
4121, 32
4122, 4
4123, 18
4124, 1
4125, 2
4126, 32
4127, 1
4128, 0
4129, 58
4130, 39
4131, 30
4132, 20
4133, 32
4134, 4
4135, 5
4136, 1
4137, 0
4138, 37
4139, 21
4140, 10
4141, 1
4142, 20
4143, 28
4144, 28
4145, 28
4146, 28
4147, 28
4148, 28
4149, 28
4150, 27
4151, 1
4152, 1
4153, 0
4154, 33
4155, 34
4156, 10
4157, 4
4158, 3
4159, 37
4160, 2
4161, 10
4162, 41
4163, 41
4164, 41
4165, 39
4166, 39
4167, 43
4168, 39
4169, 39
4170, 41
4171, 39
4172, 39
4173, 30
4174, 5
4175, 32
4176, 1
4177, 0
4178, 23
4179, 18
4180, 3
4181, 32
4182, 14
4183, 5
4184, 22
4185, 28
4186, 37
4187, 1
4188, 1
4189, 0
4190, 16
4191, 38
4192, 0
4193, 19
4194, 48
4195, 2
4196, 0
4197, 5
4198, 15
4199, 1
4200, 25
4201, 11
4202, 10
4203, 6
4204, 7
4205, 1
4206, 8
4207, 10
4208, 1
4209, 6
4210, 12
4211, 11
4212, 18
4213, 22
4214, 8
4215, 1
4216, 1
4217, 1
4218, 1
4219, 32
4220, 1
4221, 7
4222, 1
4223, 2
4224, 8
4225, 1
4226, 5
4227, 12
4228, 5
4229, 31
4230, 5
4231, 34
4232, 5
4233, 9
4234, 1
4235, 4
4236, 58
4237, 1
4238, 1
4239, 0
4240, 3
4241, 39
4242, 37
4243, 29
4244, 2
4245, 15
4246, 0
4247, 29
4248, 60
4249, 30
4250, 1
4251, 26
4252, 30
4253, 1
4254, 28
4255, 21
4256, 1
4257, 33
4258, 26
4259, 1
4260, 27
4261, 21
4262, 1
4263, 0
4264, 0
4265, 80
4266, 0
4267, 74
4268, 0
4269, 58
4270, 27
4271, 0
4272, 64
4273, 0
4274, 72
4275, 0
4276, 74
4277, 0
4278, 39
4279, 59
4280, 0
4281, 39
4282, 76
4283, 0
4284, 43
4285, 46
4286, 0
4287, 61
4288, 31
4289, 0
4290, 60
4291, 30
4292, 0
4293, 71
4294, 0
4295, 40
4296, 64
4297, 0
4298, 51
4299, 0
4300, 25
4301, 72
4302, 0
4303, 42
4304, 49
4305, 0
4306, 78
4307, 0
4308, 39
4309, 54
4310, 0
4311, 32
4312, 61
4313, 0
4314, 63
4315, 0
4316, 12
4317, 5
4318, 24
4319, 14
4320, 1
4321, 0
4322, 27
4323, 38
4324, 0
4325, 32
4326, 22
4327, 3
4328, 18
4329, 9
4330, 15
4331, 37
4332, 5
4333, 2
4334, 4
4335, 2
4336, 1
4337, 0
4338, 27
4339, 10
4340, 1
4341, 11
4342, 11
4343, 11
4344, 11
4345, 11
4346, 11
4347, 11
4348, 11
4349, 11
4350, 11
4351, 11
4352, 11
4353, 11
4354, 11
4355, 11
4356, 10
4357, 1
4358, 1
4359, 2
4360, 6
4361, 5
4362, 14
4363, 1
4364, 15
4365, 16
4366, 7
4367, 23
4368, 23
4369, 5
4370, 16
4371, 7
4372, 37
4373, 23
4374, 5
4375, 1
4376, 1
4377, 2
4378, 8
4379, 1
4380, 0
4381, 22
4382, 24
4383, 22
4384, 0
4385, 29
4386, 20
4387, 3
4388, 27
4389, 14
4390, 64
4391, 1
4392, 0
4393, 12
4394, 47
4395, 0
4396, 54
4397, 41
4398, 14
4399, 16
4400, 12
4401, 3
4402, 29
4403, 5
4404, 1
4405, 41
4406, 43
4407, 5
4408, 37
4409, 4
4410, 11
4411, 5
4412, 7
4413, 17
4414, 9
4415, 1
4416, 4
4417, 3
4418, 1
4419, 0
4420, 38
4421, 27
4422, 14
4423, 5
4424, 35
4425, 37
4426, 5
4427, 7
4428, 4
4429, 3
4430, 1
4431, 15
4432, 13
4433, 21
4434, 12
4435, 4
4436, 47
4437, 1
4438, 1
4439, 1
4440, 2
4441, 51
4442, 1
4443, 0
4444, 65
4445, 46
4446, 3
4447, 27
4448, 16
4449, 15
4450, 16
4451, 6
4452, 12
4453, 20
4454, 7
4455, 33
4456, 1
4457, 5
4458, 18
4459, 4
4460, 2
4461, 1
4462, 2
4463, 29
4464, 1
4465, 0
4466, 17
4467, 18
4468, 0
4469, 23
4470, 19
4471, 3
4472, 22
4473, 36
4474, 0
4475, 26
4476, 8
4477, 5
4478, 22
4479, 28
4480, 37
4481, 1
4482, 1
4483, 0
4484, 67
4485, 50
4486, 3
4487, 15
4488, 31
4489, 2
4490, 0
4491, 19
4492, 49
4493, 36
4494, 49
4495, 5
4496, 14
4497, 5
4498, 47
4499, 59
4500, 47
4501, 5
4502, 9
4503, 6
4504, 6
4505, 6
4506, 36
4507, 4
4508, 3
4509, 24
4510, 44
4511, 0
4512, 11
4513, 33
4514, 2
4515, 38
4516, 5
4517, 9
4518, 6
4519, 37
4520, 9
4521, 3
4522, 1
4523, 2
4524, 0
4525, 19
4526, 5
4527, 47
4528, 1
4529, 0
4530, 3
4531, 39
4532, 37
4533, 29
4534, 2
4535, 20
4536, 0
4537, 29
4538, 34
4539, 38
4540, 44
4541, 1
4542, 31
4543, 16
4544, 1
4545, 33
4546, 16
4547, 1
4548, 40
4549, 29
4550, 1
4551, 33
4552, 27
4553, 1
4554, 27
4555, 21
4556, 1
4557, 0
4558, 81
4559, 0
4560, 65
4561, 0
4562, 81
4563, 0
4564, 39
4565, 45
4566, 0
4567, 42
4568, 32
4569, 66
4570, 0
4571, 21
4572, 46
4573, 22
4574, 3
4575, 23
4576, 10
4577, 13
4578, 6
4579, 2
4580, 1
4581, 50
4582, 5
4583, 12
4584, 4
4585, 3
4586, 11
4587, 12
4588, 2
4589, 15
4590, 17
4591, 5
4592, 8
4593, 4
4594, 2
4595, 1
4596, 2
4597, 9
4598, 1
4599, 0
4600, 33
4601, 47
4602, 23
4603, 3
4604, 23
4605, 10
4606, 13
4607, 6
4608, 2
4609, 1
4610, 50
4611, 5
4612, 12
4613, 4
4614, 3
4615, 11
4616, 12
4617, 2
4618, 15
4619, 17
4620, 5
4621, 8
4622, 4
4623, 2
4624, 1
4625, 2
4626, 9
4627, 1
4628, 0
4629, 26
4630, 59
4631, 34
4632, 19
4633, 5
4634, 25
4635, 1
4636, 0
4637, 37
4638, 29
4639, 16
4640, 3
4641, 13
4642, 24
4643, 0
4644, 13
4645, 24
4646, 0
4647, 16
4648, 27
4649, 0
4650, 20
4651, 11
4652, 14
4653, 2
4654, 4
4655, 23
4656, 5
4657, 23
4658, 5
4659, 14
4660, 1
4661, 0
4662, 31
4663, 13
4664, 14
4665, 3
4666, 4
4667, 53
4668, 1
4669, 0
4670, 30
4671, 12
4672, 14
4673, 3
4674, 4
4675, 52
4676, 1
4677, 0
4678, 42
4679, 24
4680, 17
4681, 2
4682, 4
4683, 14
4684, 5
4685, 25
4686, 1
4687, 2
4688, 0
4689, 16
4690, 5
4691, 9
4692, 5
4693, 27
4694, 1
4695, 0
4696, 23
4697, 19
4698, 3
4699, 9
4700, 36
4701, 2
4702, 9
4703, 18
4704, 24
4705, 15
4706, 20
4707, 1
4708, 1
4709, 0
4710, 3
4711, 39
4712, 37
4713, 29
4714, 2
4715, 14
4716, 0
4717, 29
4718, 30
4719, 43
4720, 1
4721, 0
4722, 27
4723, 34
4724, 72
4725, 1
4726, 0
4727, 23
4728, 18
4729, 3
4730, 38
4731, 18
4732, 3
4733, 30
4734, 2
4735, 25
4736, 3
4737, 4
4738, 35
4739, 1
4740, 2
4741, 59
4742, 1
4743, 0
4744, 3
4745, 39
4746, 37
4747, 29
4748, 2
4749, 0
4750, 18
4751, 0
4752, 29
4753, 39
4754, 10
4755, 71
4756, 29
4757, 1
4758, 27
4759, 21
4760, 1
4761, 49
4762, 28
4763, 1
4764, 33
4765, 51
4766, 1
4767, 28
4768, 29
4769, 1
4770, 0
4771, 0
4772, 16
4773, 15
4774, 0
4775, 3
4776, 70
4777, 66
4778, 64
4779, 2
4780, 72
4781, 31
4782, 3
4783, 13
4784, 29
4785, 2
4786, 20
4787, 32
4788, 6
4789, 4
4790, 28
4791, 26
4792, 1
4793, 0
4794, 0
4795, 35
4796, 31
4797, 3
4798, 31
4799, 58
4800, 0
4801, 13
4802, 26
4803, 2
4804, 37
4805, 23
4806, 5
4807, 70
4808, 11
4809, 46
4810, 39
4811, 1
4812, 0
4813, 23
4814, 19
4815, 3
4816, 9
4817, 28
4818, 2
4819, 0
4820, 25
4821, 41
4822, 5
4823, 2
4824, 4
4825, 5
4826, 98
4827, 1
4828, 0
4829, 0
4830, 3
4831, 77
4832, 27
4833, 2
4834, 32
4835, 53
4836, 1
4837, 0
4838, 3
4839, 74
4840, 74
4841, 71
4842, 2
4843, 49
4844, 68
4845, 0
4846, 3
4847, 75
4848, 25
4849, 1
4850, 32
4851, 27
4852, 2
4853, 37
4854, 24
4855, 62
4856, 0
4857, 3
4858, 72
4859, 24
4860, 1
4861, 44
4862, 2
4863, 32
4864, 20
4865, 65
4866, 0
4867, 70
4868, 26
4869, 0
4870, 39
4871, 40
4872, 0
4873, 38
4874, 51
4875, 0
4876, 39
4877, 46
4878, 0
4879, 0
4880, 63
4881, 26
