1, 17
2, 64
3, 39
4, 20
5, 0
6, 10
7, 30
8, 0
9, 14
10, 11
11, 15
12, 11
13, 21
14, 31
15, 0
16, 11
17, 22
18, 28
19, 42
20, 0
21, 6
22, 17
23, 58
24, 39
25, 30
26, 0
27, 10
28, 0
29, 11
30, 20
31, 11
32, 11
33, 21
34, 12
35, 24
36, 27
37, 12
38, 17
39, 0
40, 6
41, 39
42, 36
43, 1
44, 31
45, 29
46, 28
47, 0
48, 10
49, 0
50, 27
51, 37
52, 19
53, 10
54, 65
55, 0
56, 36
57, 24
58, 50
59, 0
60, 13
61, 48
62, 29
63, 0
64, 98
65, 0
66, 41
67, 0
68, 25
69, 49
70, 0
71, 9
72, 35
73, 75
74, 0
75, 72
76, 15
77, 0
78, 85
79, 39
80, 36
81, 1
82, 31
83, 45
84, 24
85, 0
86, 10
87, 28
88, 0
89, 0
90, 20
91, 0
92, 5
93, 6
94, 48
95, 22
96, 0
97, 0
98, 21
99, 0
100, 14
101, 13
102, 8
103, 5
104, 40
105, 0
106, 0
107, 55
108, 0
109, 11
110, 24
111, 0
112, 0
113, 40
114, 0
115, 25
116, 10
117, 25
118, 31
119, 27
120, 11
121, 10
122, 18
123, 11
124, 0
125, 0
126, 25
127, 0
128, 33
129, 29
130, 22
131, 16
132, 19
133, 5
134, 14
135, 0
136, 52
137, 47
138, 0
139, 27
140, 44
141, 18
142, 45
143, 37
144, 64
145, 0
146, 55
147, 39
148, 0
149, 0
150, 26
151, 22
152, 0
153, 39
154, 36
155, 71
156, 65
157, 28
158, 0
159, 10
160, 0
161, 20
162, 21
163, 12
164, 0
165, 30
166, 0
167, 32
168, 17
169, 33
170, 7
171, 8
172, 24
173, 0
174, 34
175, 13
176, 10
177, 0
178, 13
179, 9
180, 28
181, 11
182, 5
183, 27
184, 10
185, 28
186, 15
187, 10
188, 0
189, 44
190, 14
191, 10
192, 0
193, 6
194, 10
195, 17
196, 39
197, 14
198, 0
199, 21
200, 10
201, 0
202, 17
203, 8
204, 15
205, 14
206, 35
207, 15
208, 37
209, 5
210, 34
211, 0
212, 32
213, 22
214, 8
215, 22
216, 8
217, 0
218, 32
219, 11
220, 20
221, 19
222, 22
223, 20
224, 0
225, 17
226, 39
227, 36
228, 39
229, 0
230, 10
231, 13
232, 11
233, 0
234, 21
235, 43
236, 0
237, 23
238, 0
239, 22
240, 16
241, 31
242, 12
243, 15
244, 32
245, 13
246, 29
247, 13
248, 0
249, 0
250, 48
251, 25
252, 26
253, 0
254, 0
255, 63
256, 0
257, 17
258, 17
259, 49
260, 8
261, 0
262, 0
263, 11
264, 16
265, 0
266, 49
267, 40
268, 54
269, 0
270, 0
271, 37
272, 0
273, 31
274, 32
275, 27
276, 31
277, 0
278, 0
279, 9
280, 79
281, 0
282, 11
283, 66
284, 55
285, 47
286, 46
287, 0
288, 0
289, 43
290, 49
291, 9
292, 21
293, 12
294, 16
295, 21
296, 21
297, 0
298, 20
299, 56
300, 64
301, 17
302, 21
303, 35
304, 35
305, 18
306, 39
307, 0
308, 20
309, 23
310, 72
311, 45
312, 52
313, 0
314, 66
315, 66
316, 14
317, 24
318, 17
319, 18
320, 14
321, 14
322, 45
323, 23
324, 23
325, 13
326, 13
327, 5
328, 18
329, 13
330, 18
331, 21
332, 67
333, 9
334, 5
335, 32
336, 0
337, 0
338, 21
339, 0
340, 18
341, 43
342, 59
343, 40
344, 9
345, 0
346, 0
347, 31
348, 21
349, 43
350, 36
351, 1
352, 29
353, 10
354, 0
355, 0
356, 20
357, 12
358, 11
359, 13
360, 0
361, 0
362, 33
363, 20
364, 37
365, 35
366, 39
367, 0
368, 24
369, 17
370, 0
371, 18
372, 16
373, 24
374, 0
375, 15
376, 8
377, 0
378, 17
379, 16
380, 26
381, 0
382, 15
383, 8
384, 0
385, 19
386, 16
387, 25
388, 0
389, 15
390, 8
391, 0
392, 0
393, 43
394, 25
395, 26
396, 51
397, 49
398, 49
399, 0
400, 24
401, 30
402, 0
403, 31
404, 16
405, 29
406, 0
407, 15
408, 8
409, 0
410, 30
411, 16
412, 31
413, 0
414, 15
415, 8
416, 0
417, 32
418, 16
419, 18
420, 0
421, 15
422, 8
423, 0
424, 30
425, 16
426, 30
427, 0
428, 15
429, 8
430, 0
431, 0
432, 14
433, 24
434, 12
435, 26
436, 38
437, 0
438, 24
439, 18
440, 0
441, 17
442, 38
443, 0
444, 24
445, 26
446, 0
447, 17
448, 17
449, 0
450, 16
451, 17
452, 0
453, 16
454, 17
455, 0
456, 20
457, 37
458, 0
459, 0
460, 57
461, 24
462, 25
463, 0
464, 24
465, 44
466, 0
467, 22
468, 17
469, 0
470, 17
471, 57
472, 0
473, 0
474, 40
475, 10
476, 10
477, 10
478, 10
479, 10
480, 0
481, 9
482, 0
483, 74
484, 0
485, 0
486, 12
487, 20
488, 0
489, 14
490, 14
491, 14
492, 14
493, 14
494, 14
495, 14
496, 14
497, 14
498, 14
499, 0
500, 25
501, 25
502, 25
503, 25
504, 25
505, 25
506, 25
507, 25
508, 25
509, 25
510, 0
511, 9
512, 0
513, 27
514, 44
515, 44
516, 0
517, 44
518, 44
519, 0
520, 11
521, 0
522, 0
523, 6
524, 21
525, 43
526, 36
527, 1
528, 31
529, 0
530, 10
531, 0
532, 26
533, 4
534, 0
535, 30
536, 7
537, 0
538, 26
539, 19
540, 0
541, 29
542, 7
543, 0
544, 26
545, 21
546, 0
547, 31
548, 7
549, 0
550, 26
551, 20
552, 0
553, 20
554, 18
555, 22
556, 33
557, 0
558, 42
559, 4
560, 0
561, 54
562, 7
563, 0
564, 26
565, 32
566, 0
567, 53
568, 7
569, 0
570, 26
571, 34
572, 0
573, 55
574, 7
575, 0
576, 26
577, 21
578, 0
579, 53
580, 7
581, 0
582, 26
583, 33
584, 0
585, 46
586, 44
587, 48
588, 44
589, 57
590, 0
591, 0
592, 21
593, 24
594, 0
595, 24
596, 14
597, 42
598, 0
599, 15
600, 24
601, 0
602, 15
603, 24
604, 0
605, 16
606, 24
607, 0
608, 16
609, 11
610, 11
611, 12
612, 0
613, 19
614, 36
615, 0
616, 0
617, 32
618, 35
619, 0
620, 35
621, 37
622, 0
623, 21
624, 24
625, 0
626, 16
627, 11
628, 17
629, 11
630, 12
631, 0
632, 0
633, 40
634, 10
635, 10
636, 10
637, 10
638, 10
639, 9
640, 74
641, 0
642, 11
643, 20
644, 42
645, 29
646, 42
647, 40
648, 0
649, 9
650, 24
651, 44
652, 44
653, 44
654, 44
655, 0
656, 18
657, 0
658, 6
659, 0
660, 17
661, 59
662, 39
663, 30
664, 0
665, 14
666, 20
667, 0
668, 29
669, 22
670, 0
671, 18
672, 35
673, 44
674, 28
675, 14
676, 12
677, 0
678, 19
679, 31
680, 12
681, 0
682, 22
683, 35
684, 33
685, 12
686, 0
687, 25
688, 24
689, 37
690, 20
691, 12
692, 26
693, 22
694, 38
695, 15
696, 47
697, 12
698, 0
699, 19
700, 21
701, 17
702, 18
703, 28
704, 5
705, 39
706, 8
707, 26
708, 17
709, 11
710, 13
711, 37
712, 9
713, 5
714, 17
715, 31
716, 0
717, 11
718, 20
719, 9
720, 5
721, 14
722, 0
723, 6
724, 17
725, 39
726, 0
727, 10
728, 0
729, 6
730, 6
731, 0
732, 0
733, 19
734, 26
735, 18
736, 18
737, 19
738, 0
739, 0
740, 19
741, 26
742, 18
743, 18
744, 19
745, 0
746, 0
747, 23
748, 4
749, 16
750, 7
751, 54
752, 0
753, 0
754, 21
755, 9
756, 4
757, 16
758, 24
759, 7
760, 48
761, 0
762, 0
763, 21
764, 9
765, 4
766, 11
767, 24
768, 7
769, 48
770, 0
771, 0
772, 16
773, 57
774, 0
775, 11
776, 13
777, 22
778, 11
779, 7
780, 29
781, 16
782, 44
783, 0
784, 0
785, 6
786, 39
787, 36
788, 1
789, 29
790, 20
791, 0
792, 16
793, 21
794, 13
795, 7
796, 5
797, 9
798, 16
799, 15
800, 24
801, 21
802, 0
803, 8
804, 14
805, 38
806, 10
807, 0
808, 13
809, 14
810, 6
811, 0
812, 35
813, 15
814, 15
815, 11
816, 8
817, 24
818, 16
819, 11
820, 0
821, 27
822, 23
823, 0
824, 13
825, 26
826, 13
827, 16
828, 5
829, 6
830, 5
831, 16
832, 0
833, 11
834, 20
835, 30
836, 50
837, 0
838, 24
839, 6
840, 42
841, 39
842, 0
843, 30
844, 38
845, 40
846, 28
847, 0
848, 16
849, 17
850, 15
851, 12
852, 0
853, 16
854, 16
855, 26
856, 10
857, 8
858, 12
859, 5
860, 15
861, 14
862, 12
863, 9
864, 24
865, 15
866, 6
867, 13
868, 30
869, 26
870, 51
871, 0
872, 56
873, 12
874, 37
875, 16
876, 5
877, 37
878, 15
879, 17
880, 12
881, 5
882, 12
883, 16
884, 26
885, 18
886, 5
887, 6
888, 16
889, 17
890, 20
891, 13
892, 20
893, 16
894, 0
895, 50
896, 39
897, 38
898, 0
899, 51
900, 54
901, 34
902, 0
903, 10
904, 23
905, 0
906, 16
907, 24
908, 24
909, 24
910, 8
911, 12
912, 8
913, 9
914, 11
915, 9
916, 6
917, 5
918, 12
919, 11
920, 6
921, 9
922, 11
923, 10
924, 10
925, 18
926, 20
927, 16
928, 5
929, 11
930, 11
931, 5
932, 10
933, 11
934, 23
935, 6
936, 6
937, 10
938, 5
939, 7
940, 10
941, 13
942, 23
943, 9
944, 5
945, 23
946, 8
947, 5
948, 12
949, 9
950, 11
951, 13
952, 5
953, 10
954, 21
955, 8
956, 8
957, 5
958, 13
959, 15
960, 6
961, 12
962, 6
963, 0
964, 42
965, 9
966, 59
967, 39
968, 36
969, 1
970, 24
971, 34
972, 25
973, 28
974, 0
975, 25
976, 0
977, 7
978, 44
979, 44
980, 44
981, 44
982, 44
983, 44
984, 38
985, 0
986, 66
987, 0
988, 15
989, 23
990, 23
991, 23
992, 23
993, 1
994, 0
995, 11
996, 18
997, 0
998, 26
999, 6
1000, 6
1001, 9
1002, 21
1003, 9
1004, 11
1005, 11
1006, 13
1007, 0
1008, 30
1009, 16
1010, 20
1011, 16
1012, 21
1013, 52
1014, 0
1015, 27
1016, 18
1017, 36
1018, 15
1019, 54
1020, 0
1021, 24
1022, 10
1023, 12
1024, 27
1025, 28
1026, 15
1027, 18
1028, 13
1029, 22
1030, 0
1031, 26
1032, 32
1033, 10
1034, 20
1035, 16
1036, 0
1037, 28
1038, 16
1039, 23
1040, 0
1041, 28
1042, 23
1043, 15
1044, 12
1045, 26
1046, 19
1047, 13
1048, 27
1049, 15
1050, 12
1051, 26
1052, 0
1053, 20
1054, 0
1055, 11
1056, 20
1057, 0
1058, 15
1059, 0
1060, 29
1061, 21
1062, 0
1063, 32
1064, 21
1065, 0
1066, 37
1067, 29
1068, 0
1069, 6
1070, 39
1071, 36
1072, 1
1073, 24
1074, 34
1075, 25
1076, 28
1077, 27
1078, 0
1079, 25
1080, 0
1081, 7
1082, 44
1083, 44
1084, 44
1085, 44
1086, 44
1087, 44
1088, 38
1089, 0
1090, 66
1091, 0
1092, 15
1093, 23
1094, 23
1095, 23
1096, 23
1097, 1
1098, 0
1099, 11
1100, 18
1101, 0
1102, 26
1103, 6
1104, 6
1105, 9
1106, 21
1107, 9
1108, 11
1109, 11
1110, 13
1111, 0
1112, 30
1113, 16
1114, 20
1115, 16
1116, 21
1117, 70
1118, 0
1119, 27
1120, 18
1121, 36
1122, 15
1123, 72
1124, 0
1125, 24
1126, 10
1127, 12
1128, 27
1129, 28
1130, 15
1131, 18
1132, 13
1133, 22
1134, 0
1135, 26
1136, 32
1137, 10
1138, 20
1139, 16
1140, 0
1141, 28
1142, 16
1143, 23
1144, 0
1145, 28
1146, 23
1147, 15
1148, 12
1149, 26
1150, 19
1151, 13
1152, 27
1153, 15
1154, 12
1155, 26
1156, 0
1157, 20
1158, 0
1159, 11
1160, 20
1161, 0
1162, 15
1163, 0
1164, 29
1165, 21
1166, 0
1167, 32
1168, 21
1169, 0
1170, 37
1171, 29
1172, 0
1173, 6
1174, 17
1175, 62
1176, 39
1177, 0
1178, 10
1179, 0
1180, 11
1181, 11
1182, 9
1183, 29
1184, 0
1185, 11
1186, 20
1187, 28
1188, 12
1189, 0
1190, 6
1191, 17
1192, 38
1193, 36
1194, 1
1195, 33
1196, 0
1197, 10
1198, 0
1199, 64
1200, 17
1201, 59
1202, 39
1203, 38
1204, 0
1205, 10
1206, 28
1207, 0
1208, 11
1209, 20
1210, 6
1211, 11
1212, 23
1213, 19
1214, 5
1215, 19
1216, 26
1217, 17
1218, 7
1219, 0
1220, 6
1221, 17
1222, 60
1223, 35
1224, 60
1225, 1
1226, 69
1227, 50
1228, 71
1229, 58
1230, 0
1231, 10
1232, 0
1233, 11
1234, 20
1235, 10
1236, 23
1237, 23
1238, 0
1239, 10
1240, 19
1241, 26
1242, 4
1243, 20
1244, 16
1245, 19
1246, 0
1247, 74
1248, 0
1249, 0
1250, 6
1251, 20
1252, 75
1253, 1
1254, 38
1255, 36
1256, 1
1257, 46
1258, 69
1259, 0
1260, 10
1261, 0
1262, 11
1263, 11
1264, 11
1265, 0
1266, 9
1267, 21
1268, 11
1269, 28
1270, 27
1271, 0
1272, 21
1273, 6
1274, 16
1275, 0
1276, 12
1277, 10
1278, 6
1279, 11
1280, 6
1281, 12
1282, 14
1283, 7
1284, 12
1285, 11
1286, 6
1287, 0
1288, 5
1289, 10
1290, 15
1291, 37
1292, 6
1293, 0
1294, 16
1295, 13
1296, 5
1297, 6
1298, 6
1299, 11
1300, 12
1301, 0
1302, 12
1303, 23
1304, 20
1305, 6
1306, 5
1307, 0
1308, 20
1309, 27
1310, 24
1311, 0
1312, 16
1313, 0
1314, 22
1315, 0
1316, 6
1317, 17
1318, 60
1319, 39
1320, 0
1321, 19
1322, 21
1323, 1
1324, 38
1325, 36
1326, 1
1327, 33
1328, 1
1329, 68
1330, 14
1331, 63
1332, 57
1333, 69
1334, 10
1335, 1
1336, 73
1337, 76
1338, 26
1339, 11
1340, 75
1341, 34
1342, 39
1343, 1
1344, 73
1345, 71
1346, 73
1347, 68
1348, 77
1349, 73
1350, 14
1351, 1
1352, 71
1353, 69
1354, 17
1355, 1
1356, 21
1357, 1
1358, 38
1359, 41
1360, 71
1361, 78
1362, 39
1363, 0
1364, 10
1365, 35
1366, 0
1367, 11
1368, 75
1369, 10
1370, 0
1371, 13
1372, 65
1373, 14
1374, 8
1375, 8
1376, 11
1377, 19
1378, 22
1379, 0
1380, 10
1381, 42
1382, 23
1383, 16
1384, 27
1385, 36
1386, 5
1387, 13
1388, 0
1389, 9
1390, 43
1391, 10
1392, 17
1393, 20
1394, 12
1395, 8
1396, 7
1397, 5
1398, 19
1399, 35
1400, 17
1401, 18
1402, 18
1403, 10
1404, 17
1405, 18
1406, 17
1407, 18
1408, 18
1409, 10
1410, 17
1411, 18
1412, 20
1413, 20
1414, 12
1415, 16
1416, 0
1417, 16
1418, 71
1419, 22
1420, 24
1421, 17
1422, 17
1423, 45
1424, 18
1425, 10
1426, 17
1427, 45
1428, 17
1429, 45
1430, 28
1431, 18
1432, 10
1433, 17
1434, 31
1435, 51
1436, 34
1437, 20
1438, 27
1439, 12
1440, 23
1441, 10
1442, 32
1443, 0
1444, 11
1445, 23
1446, 10
1447, 25
1448, 15
1449, 20
1450, 14
1451, 27
1452, 33
1453, 0
1454, 9
1455, 73
1456, 28
1457, 19
1458, 17
1459, 28
1460, 28
1461, 17
1462, 33
1463, 28
1464, 17
1465, 72
1466, 30
1467, 36
1468, 17
1469, 45
1470, 39
1471, 48
1472, 27
1473, 24
1474, 19
1475, 23
1476, 10
1477, 27
1478, 0
1479, 11
1480, 71
1481, 14
1482, 78
1483, 0
1484, 19
1485, 74
1486, 72
1487, 18
1488, 21
1489, 18
1490, 9
1491, 0
1492, 14
1493, 73
1494, 43
1495, 19
1496, 0
1497, 30
1498, 75
1499, 71
1500, 27
1501, 30
1502, 41
1503, 16
1504, 22
1505, 70
1506, 70
1507, 6
1508, 37
1509, 73
1510, 122
1511, 10
1512, 0
1513, 42
1514, 67
1515, 69
1516, 28
1517, 25
1518, 42
1519, 20
1520, 8
1521, 9
1522, 0
1523, 22
1524, 74
1525, 66
1526, 48
1527, 13
1528, 22
1529, 74
1530, 68
1531, 15
1532, 0
1533, 36
1534, 68
1535, 75
1536, 32
1537, 59
1538, 59
1539, 0
1540, 4
1541, 20
1542, 7
1543, 6
1544, 54
1545, 51
1546, 20
1547, 28
1548, 43
1549, 60
1550, 48
1551, 121
1552, 0
1553, 32
1554, 36
1555, 1
1556, 25
1557, 26
1558, 24
1559, 0
1560, 21
1561, 0
1562, 37
1563, 25
1564, 18
1565, 21
1566, 27
1567, 24
1568, 23
1569, 5
1570, 22
1571, 21
1572, 0
1573, 0
1574, 38
1575, 49
1576, 0
1577, 79
1578, 0
1579, 60
1580, 5
1581, 0
1582, 0
1583, 33
1584, 39
1585, 33
1586, 0
1587, 0
1588, 11
1589, 15
1590, 18
1591, 22
1592, 5
1593, 0
1594, 8
1595, 18
1596, 19
1597, 5
1598, 23
1599, 31
1600, 0
1601, 14
1602, 34
1603, 0
1604, 68
1605, 34
1606, 0
1607, 6
1608, 39
1609, 36
1610, 1
1611, 25
1612, 26
1613, 24
1614, 112
1615, 0
1616, 21
1617, 35
1618, 52
1619, 0
1620, 25
1621, 29
1622, 25
1623, 21
1624, 35
1625, 21
1626, 0
1627, 26
1628, 37
1629, 79
1630, 41
1631, 0
1632, 26
1633, 25
1634, 20
1635, 0
1636, 11
1637, 18
1638, 22
1639, 5
1640, 8
1641, 18
1642, 19
1643, 5
1644, 23
1645, 10
1646, 0
1647, 11
1648, 59
1649, 34
1650, 10
1651, 36
1652, 0
1653, 14
1654, 56
1655, 26
1656, 56
1657, 10
1658, 9
1659, 0
1660, 14
1661, 66
1662, 5
1663, 45
1664, 57
1665, 6
1666, 39
1667, 36
1668, 1
1669, 25
1670, 26
1671, 24
1672, 25
1673, 0
1674, 21
1675, 35
1676, 0
1677, 38
1678, 14
1679, 25
1680, 19
1681, 21
1682, 36
1683, 22
1684, 18
1685, 24
1686, 28
1687, 0
1688, 39
1689, 51
1690, 0
1691, 80
1692, 0
1693, 60
1694, 5
1695, 0
1696, 0
1697, 34
1698, 40
1699, 33
1700, 0
1701, 11
1702, 30
1703, 18
1704, 18
1705, 21
1706, 5
1707, 0
1708, 8
1709, 23
1710, 18
1711, 19
1712, 5
1713, 18
1714, 48
1715, 0
1716, 14
1717, 35
1718, 0
1719, 68
1720, 35
1721, 0
1722, 6
1723, 39
1724, 36
1725, 1
1726, 25
1727, 26
1728, 24
1729, 37
1730, 25
1731, 0
1732, 21
1733, 35
1734, 32
1735, 0
1736, 21
1737, 15
1738, 30
1739, 14
1740, 41
1741, 39
1742, 5
1743, 23
1744, 24
1745, 18
1746, 0
1747, 0
1748, 21
1749, 30
1750, 28
1751, 0
1752, 99
1753, 0
1754, 61
1755, 0
1756, 0
1757, 16
1758, 20
1759, 21
1760, 0
1761, 22
1762, 14
1763, 19
1764, 21
1765, 5
1766, 0
1767, 8
1768, 16
1769, 14
1770, 19
1771, 5
1772, 11
1773, 44
1774, 0
1775, 14
1776, 15
1777, 14
1778, 0
1779, 11
1780, 15
1781, 20
1782, 8
1783, 0
1784, 34
1785, 86
1786, 0
1787, 0
1788, 34
1789, 60
1790, 0
1791, 25
1792, 6
1793, 17
1794, 60
1795, 39
1796, 35
1797, 0
1798, 10
1799, 0
1800, 12
1801, 0
1802, 17
1803, 24
1804, 12
1805, 8
1806, 0
1807, 55
1808, 48
1809, 1
1810, 42
1811, 1
1812, 11
1813, 27
1814, 13
1815, 10
1816, 21
1817, 10
1818, 21
1819, 13
1820, 18
1821, 8
1822, 14
1823, 15
1824, 5
1825, 8
1826, 0
1827, 11
1828, 22
1829, 11
1830, 7
1831, 14
1832, 21
1833, 13
1834, 12
1835, 0
1836, 6
1837, 17
1838, 35
1839, 39
1840, 2
1841, 45
1842, 33
1843, 0
1844, 10
1845, 12
1846, 13
1847, 0
1848, 10
1849, 0
1850, 33
1851, 25
1852, 22
1853, 15
1854, 21
1855, 31
1856, 15
1857, 24
1858, 0
1859, 21
1860, 41
1861, 19
1862, 38
1863, 15
1864, 22
1865, 15
1866, 14
1867, 23
1868, 10
1869, 21
1870, 49
1871, 21
1872, 49
1873, 18
1874, 54
1875, 41
1876, 29
1877, 58
1878, 63
1879, 70
1880, 74
1881, 29
1882, 29
1883, 9
1884, 47
1885, 10
1886, 62
1887, 18
1888, 72
1889, 28
1890, 19
1891, 20
1892, 19
1893, 28
1894, 25
1895, 36
1896, 72
1897, 25
1898, 5
1899, 9
1900, 26
1901, 9
1902, 53
1903, 31
1904, 32
1905, 65
1906, 26
1907, 59
1908, 72
1909, 17
1910, 12
1911, 15
1912, 13
1913, 18
1914, 15
1915, 19
1916, 19
1917, 15
1918, 23
1919, 28
1920, 41
1921, 16
1922, 21
1923, 8
1924, 8
1925, 46
1926, 15
1927, 42
1928, 0
1929, 25
1930, 47
1931, 73
1932, 15
1933, 43
1934, 47
1935, 15
1936, 15
1937, 21
1938, 10
1939, 19
1940, 27
1941, 36
1942, 71
1943, 76
1944, 27
1945, 43
1946, 45
1947, 22
1948, 25
1949, 39
1950, 57
1951, 53
1952, 54
1953, 13
1954, 42
1955, 10
1956, 5
1957, 27
1958, 36
1959, 6
1960, 8
1961, 0
1962, 11
1963, 12
1964, 47
1965, 24
1966, 65
1967, 31
1968, 29
1969, 36
1970, 32
1971, 26
1972, 56
1973, 24
1974, 5
1975, 75
1976, 32
1977, 37
1978, 34
1979, 24
1980, 10
1981, 6
1982, 39
1983, 36
1984, 1
1985, 23
1986, 0
1987, 10
1988, 0
1989, 11
1990, 23
1991, 23
1992, 22
1993, 20
1994, 9
1995, 12
1996, 0
1997, 34
1998, 0
1999, 18
2000, 17
2001, 23
2002, 17
2003, 6
2004, 28
2005, 0
2006, 17
2007, 13
2008, 17
2009, 5
2010, 5
2011, 15
2012, 0
2013, 11
2014, 9
2015, 5
2016, 19
2017, 9
2018, 12
2019, 0
2020, 14
2021, 19
2022, 9
2023, 12
2024, 0
2025, 6
2026, 39
2027, 36
2028, 1
2029, 23
2030, 34
2031, 25
2032, 0
2033, 10
2034, 23
2035, 32
2036, 0
2037, 15
2038, 15
2039, 26
2040, 27
2041, 20
2042, 0
2043, 19
2044, 28
2045, 12
2046, 22
2047, 6
2048, 37
2049, 0
2050, 17
2051, 13
2052, 21
2053, 5
2054, 5
2055, 23
2056, 0
2057, 23
2058, 0
2059, 17
2060, 23
2061, 0
2062, 24
2063, 0
2064, 14
2065, 39
2066, 0
2067, 13
2068, 18
2069, 70
2070, 14
2071, 0
2072, 26
2073, 23
2074, 16
2075, 0
2076, 21
2077, 70
2078, 19
2079, 26
2080, 63
2081, 0
2082, 10
2083, 21
2084, 0
2085, 9
2086, 0
2087, 11
2088, 23
2089, 0
2090, 66
2091, 52
2092, 51
2093, 51
2094, 22
2095, 27
2096, 44
2097, 0
2098, 6
2099, 21
2100, 1
2101, 1
2102, 24
2103, 43
2104, 1
2105, 63
2106, 0
2107, 10
2108, 22
2109, 0
2110, 9
2111, 0
2112, 24
2113, 79
2114, 8
2115, 0
2116, 0
2117, 17
2118, 17
2119, 0
2120, 0
2121, 11
2122, 28
2123, 16
2124, 0
2125, 24
2126, 24
2127, 22
2128, 17
2129, 40
2130, 0
2131, 6
2132, 0
2133, 32
2134, 36
2135, 71
2136, 28
2137, 0
2138, 10
2139, 0
2140, 24
2141, 9
2142, 33
2143, 8
2144, 24
2145, 5
2146, 8
2147, 7
2148, 0
2149, 11
2150, 35
2151, 9
2152, 38
2153, 25
2154, 11
2155, 0
2156, 6
2157, 39
2158, 36
2159, 71
2160, 28
2161, 34
2162, 0
2163, 10
2164, 0
2165, 24
2166, 9
2167, 33
2168, 19
2169, 8
2170, 12
2171, 8
2172, 7
2173, 0
2174, 33
2175, 19
2176, 49
2177, 39
2178, 36
2179, 71
2180, 28
2181, 34
2182, 0
2183, 14
2184, 12
2185, 0
2186, 24
2187, 9
2188, 31
2189, 8
2190, 12
2191, 8
2192, 7
2193, 0
2194, 31
2195, 49
2196, 34
2197, 38
2198, 1
2199, 33
2200, 0
2201, 20
2202, 0
2203, 9
2204, 11
2205, 0
2206, 73
2207, 89
2208, 89
2209, 42
2210, 26
2211, 33
2212, 35
2213, 33
2214, 35
2215, 0
2216, 38
2217, 24
2218, 23
2219, 24
2220, 30
2221, 23
2222, 24
2223, 24
2224, 24
2225, 24
2226, 0
2227, 14
2228, 31
2229, 0
2230, 74
2231, 46
2232, 77
2233, 0
2234, 24
2235, 24
2236, 23
2237, 37
2238, 10
2239, 0
2240, 0
2241, 29
2242, 18
2243, 12
2244, 37
2245, 12
2246, 0
2247, 36
2248, 0
2249, 23
2250, 40
2251, 0
2252, 12
2253, 0
2254, 20
2255, 24
2256, 0
2257, 14
2258, 12
2259, 0
2260, 30
2261, 42
2262, 28
2263, 0
2264, 27
2265, 12
2266, 0
2267, 19
2268, 0
2269, 11
2270, 0
2271, 26
2272, 27
2273, 0
2274, 18
2275, 21
2276, 14
2277, 34
2278, 5
2279, 15
2280, 0
2281, 17
2282, 0
2283, 30
2284, 13
2285, 30
2286, 44
2287, 24
2288, 23
2289, 37
2290, 31
2291, 21
2292, 0
2293, 45
2294, 43
2295, 0
2296, 0
2297, 15
2298, 0
2299, 23
2300, 0
2301, 18
2302, 0
2303, 70
2304, 0
2305, 9
2306, 20
2307, 33
2308, 12
2309, 32
2310, 28
2311, 0
2312, 16
2313, 0
2314, 15
2315, 37
2316, 48
2317, 7
2318, 5
2319, 24
2320, 16
2321, 10
2322, 0
2323, 0
2324, 30
2325, 0
2326, 36
2327, 0
2328, 23
2329, 6
2330, 0
2331, 28
2332, 8
2333, 24
2334, 20
2335, 29
2336, 6
2337, 0
2338, 28
2339, 11
2340, 27
2341, 6
2342, 0
2343, 12
2344, 14
2345, 6
2346, 0
2347, 24
2348, 21
2349, 37
2350, 22
2351, 19
2352, 35
2353, 16
2354, 0
2355, 13
2356, 18
2357, 31
2358, 0
2359, 0
2360, 25
2361, 6
2362, 9
2363, 24
2364, 23
2365, 24
2366, 30
2367, 15
2368, 5
2369, 16
2370, 8
2371, 16
2372, 8
2373, 0
2374, 15
2375, 22
2376, 0
2377, 23
2378, 24
2379, 54
2380, 0
2381, 8
2382, 0
2383, 28
2384, 24
2385, 23
2386, 28
2387, 0
2388, 14
2389, 8
2390, 9
2391, 5
2392, 8
2393, 0
2394, 26
2395, 0
2396, 21
2397, 6
2398, 0
2399, 19
2400, 39
2401, 5
2402, 29
2403, 5
2404, 29
2405, 5
2406, 39
2407, 36
2408, 1
2409, 30
2410, 20
2411, 0
2412, 10
2413, 0
2414, 9
2415, 11
2416, 0
2417, 63
2418, 61
2419, 36
2420, 24
2421, 33
2422, 37
2423, 33
2424, 37
2425, 0
2426, 14
2427, 16
2428, 0
2429, 55
2430, 75
2431, 0
2432, 0
2433, 24
2434, 24
2435, 23
2436, 37
2437, 11
2438, 0
2439, 0
2440, 29
2441, 53
2442, 27
2443, 0
2444, 23
2445, 34
2446, 0
2447, 12
2448, 0
2449, 0
2450, 20
2451, 24
2452, 0
2453, 14
2454, 12
2455, 0
2456, 30
2457, 42
2458, 28
2459, 0
2460, 27
2461, 12
2462, 0
2463, 19
2464, 0
2465, 11
2466, 0
2467, 0
2468, 28
2469, 25
2470, 0
2471, 18
2472, 23
2473, 15
2474, 34
2475, 5
2476, 15
2477, 0
2478, 17
2479, 0
2480, 30
2481, 13
2482, 30
2483, 44
2484, 24
2485, 23
2486, 39
2487, 31
2488, 21
2489, 0
2490, 45
2491, 43
2492, 0
2493, 15
2494, 0
2495, 0
2496, 23
2497, 18
2498, 0
2499, 57
2500, 48
2501, 54
2502, 49
2503, 49
2504, 0
2505, 70
2506, 0
2507, 9
2508, 20
2509, 33
2510, 12
2511, 34
2512, 30
2513, 18
2514, 0
2515, 15
2516, 37
2517, 48
2518, 7
2519, 5
2520, 24
2521, 16
2522, 10
2523, 0
2524, 0
2525, 27
2526, 14
2527, 22
2528, 4
2529, 30
2530, 8
2531, 14
2532, 30
2533, 11
2534, 24
2535, 14
2536, 14
2537, 4
2538, 5
2539, 24
2540, 21
2541, 37
2542, 21
2543, 19
2544, 31
2545, 16
2546, 0
2547, 0
2548, 19
2549, 12
2550, 6
2551, 8
2552, 24
2553, 23
2554, 24
2555, 28
2556, 15
2557, 5
2558, 16
2559, 8
2560, 10
2561, 0
2562, 9
2563, 7
2564, 24
2565, 23
2566, 48
2567, 0
2568, 16
2569, 19
2570, 20
2571, 10
2572, 0
2573, 0
2574, 28
2575, 24
2576, 23
2577, 28
2578, 0
2579, 8
2580, 14
2581, 9
2582, 5
2583, 0
2584, 0
2585, 13
2586, 12
2587, 9
2588, 18
2589, 30
2590, 0
2591, 0
2592, 26
2593, 23
2594, 0
2595, 45
2596, 29
2597, 29
2598, 39
2599, 36
2600, 1
2601, 40
2602, 0
2603, 10
2604, 25
2605, 0
2606, 12
2607, 10
2608, 15
2609, 16
2610, 11
2611, 24
2612, 0
2613, 0
2614, 65
2615, 27
2616, 0
2617, 63
2618, 27
2619, 0
2620, 0
2621, 50
2622, 0
2623, 10
2624, 28
2625, 25
2626, 46
2627, 19
2628, 16
2629, 19
2630, 9
2631, 0
2632, 0
2633, 17
2634, 60
2635, 9
2636, 13
2637, 23
2638, 21
2639, 0
2640, 0
2641, 39
2642, 0
2643, 70
2644, 15
2645, 31
2646, 12
2647, 56
2648, 16
2649, 27
2650, 10
2651, 0
2652, 0
2653, 25
2654, 32
2655, 10
2656, 16
2657, 15
2658, 65
2659, 12
2660, 0
2661, 0
2662, 25
2663, 0
2664, 65
2665, 53
2666, 0
2667, 62
2668, 16
2669, 15
2670, 15
2671, 20
2672, 14
2673, 16
2674, 16
2675, 16
2676, 16
2677, 0
2678, 65
2679, 51
2680, 27
2681, 0
2682, 0
2683, 33
2684, 0
2685, 19
2686, 19
2687, 23
2688, 8
2689, 14
2690, 9
2691, 5
2692, 0
2693, 0
2694, 33
2695, 40
2696, 28
2697, 0
2698, 0
2699, 61
2700, 37
2701, 0
2702, 23
2703, 21
2704, 24
2705, 19
2706, 14
2707, 28
2708, 13
2709, 20
2710, 24
2711, 18
2712, 21
2713, 36
2714, 30
2715, 23
2716, 39
2717, 25
2718, 5
2719, 35
2720, 41
2721, 12
2722, 43
2723, 23
2724, 6
2725, 23
2726, 6
2727, 6
2728, 0
2729, 12
2730, 0
2731, 36
2732, 30
2733, 32
2734, 14
2735, 53
2736, 42
2737, 43
2738, 0
2739, 22
2740, 17
2741, 39
2742, 0
2743, 10
2744, 0
2745, 13
2746, 32
2747, 23
2748, 16
2749, 17
2750, 19
2751, 25
2752, 12
2753, 0
2754, 24
2755, 45
2756, 34
2757, 28
2758, 16
2759, 19
2760, 17
2761, 36
2762, 25
2763, 16
2764, 12
2765, 0
2766, 0
2767, 11
2768, 22
2769, 11
2770, 7
2771, 0
2772, 7
2773, 20
2774, 23
2775, 31
2776, 7
2777, 12
2778, 5
2779, 13
2780, 0
2781, 7
2782, 27
2783, 23
2784, 32
2785, 7
2786, 12
2787, 5
2788, 13
2789, 0
2790, 6
2791, 17
2792, 62
2793, 36
2794, 1
2795, 27
2796, 50
2797, 73
2798, 46
2799, 61
2800, 0
2801, 34
2802, 0
2803, 11
2804, 7
2805, 9
2806, 10
2807, 0
2808, 49
2809, 16
2810, 10
2811, 34
2812, 0
2813, 13
2814, 12
2815, 21
2816, 22
2817, 12
2818, 8
2819, 12
2820, 0
2821, 16
2822, 22
2823, 17
2824, 36
2825, 14
2826, 20
2827, 17
2828, 0
2829, 22
2830, 19
2831, 40
2832, 0
2833, 18
2834, 43
2835, 51
2836, 0
2837, 11
2838, 11
2839, 0
2840, 16
2841, 36
2842, 5
2843, 18
2844, 0
2845, 34
2846, 39
2847, 37
2848, 50
2849, 51
2850, 41
2851, 37
2852, 41
2853, 0
2854, 6
2855, 0
2856, 39
2857, 36
2858, 1
2859, 28
2860, 56
2861, 32
2862, 0
2863, 10
2864, 0
2865, 20
2866, 11
2867, 28
2868, 12
2869, 12
2870, 23
2871, 13
2872, 0
2873, 24
2874, 24
2875, 22
2876, 0
2877, 10
2878, 54
2879, 0
2880, 37
2881, 25
2882, 26
2883, 41
2884, 40
2885, 42
2886, 38
2887, 0
2888, 36
2889, 24
2890, 26
2891, 42
2892, 40
2893, 41
2894, 38
2895, 0
2896, 36
2897, 25
2898, 26
2899, 41
2900, 40
2901, 42
2902, 38
2903, 0
2904, 37
2905, 25
2906, 25
2907, 41
2908, 40
2909, 42
2910, 39
2911, 0
2912, 0
2913, 24
2914, 28
2915, 0
2916, 0
2917, 47
2918, 0
2919, 19
2920, 28
2921, 33
2922, 12
2923, 12
2924, 12
2925, 52
2926, 14
2927, 14
2928, 17
2929, 17
2930, 17
2931, 17
2932, 17
2933, 17
2934, 35
2935, 15
2936, 15
2937, 15
2938, 0
2939, 0
2940, 53
2941, 0
2942, 28
2943, 33
2944, 12
2945, 12
2946, 12
2947, 55
2948, 35
2949, 43
2950, 16
2951, 0
2952, 64
2953, 0
2954, 35
2955, 12
2956, 12
2957, 12
2958, 15
2959, 13
2960, 13
2961, 13
2962, 0
2963, 23
2964, 28
2965, 15
2966, 16
2967, 15
2968, 0
2969, 26
2970, 22
2971, 17
2972, 65
2973, 39
2974, 27
2975, 0
2976, 10
2977, 0
2978, 11
2979, 5
2980, 23
2981, 12
2982, 8
2983, 0
2984, 17
2985, 13
2986, 13
2987, 13
2988, 13
2989, 13
2990, 13
2991, 6
2992, 7
2993, 0
2994, 6
2995, 39
2996, 36
2997, 36
2998, 58
2999, 0
3000, 10
3001, 0
3002, 20
3003, 22
3004, 11
3005, 40
3006, 27
3007, 20
3008, 39
3009, 0
3010, 7
3011, 5
3012, 5
3013, 29
3014, 19
3015, 17
3016, 17
3017, 5
3018, 0
3019, 12
3020, 15
3021, 36
3022, 39
3023, 36
3024, 38
3025, 58
3026, 0
3027, 13
3028, 6
3029, 11
3030, 40
3031, 27
3032, 6
3033, 7
3034, 12
3035, 39
3036, 37
3037, 0
3038, 0
3039, 0
3040, 10
3041, 0
3042, 20
3043, 77
3044, 14
3045, 39
3046, 36
3047, 31
3048, 0
3049, 28
3050, 34
3051, 0
3052, 10
3053, 41
3054, 0
3055, 0
3056, 19
3057, 0
3058, 20
3059, 61
3060, 47
3061, 5
3062, 6
3063, 11
3064, 42
3065, 37
3066, 0
3067, 0
3068, 17
3069, 45
3070, 39
3071, 36
3072, 1
3073, 29
3074, 28
3075, 28
3076, 0
3077, 21
3078, 0
3079, 23
3080, 28
3081, 45
3082, 42
3083, 0
3084, 9
3085, 69
3086, 19
3087, 27
3088, 29
3089, 10
3090, 0
3091, 41
3092, 0
3093, 20
3094, 18
3095, 22
3096, 18
3097, 43
3098, 36
3099, 1
3100, 62
3101, 28
3102, 0
3103, 10
3104, 0
3105, 24
3106, 28
3107, 37
3108, 42
3109, 0
3110, 9
3111, 23
3112, 30
3113, 27
3114, 29
3115, 10
3116, 0
3117, 12
3118, 0
3119, 13
3120, 40
3121, 0
3122, 0
3123, 12
3124, 23
3125, 20
3126, 10
3127, 7
3128, 6
3129, 6
3130, 7
3131, 6
3132, 0
3133, 22
3134, 26
3135, 26
3136, 41
3137, 0
3138, 6
3139, 0
3140, 17
3141, 39
3142, 0
3143, 10
3144, 0
3145, 13
3146, 32
3147, 23
3148, 16
3149, 17
3150, 19
3151, 25
3152, 12
3153, 0
3154, 24
3155, 45
3156, 34
3157, 28
3158, 16
3159, 19
3160, 17
3161, 36
3162, 25
3163, 16
3164, 12
3165, 0
3166, 0
3167, 11
3168, 22
3169, 11
3170, 7
3171, 0
3172, 18
3173, 21
3174, 29
3175, 12
3176, 5
3177, 13
3178, 23
3179, 18
3180, 0
3181, 8
3182, 0
3183, 25
3184, 21
3185, 30
3186, 12
3187, 5
3188, 13
3189, 23
3190, 25
3191, 0
3192, 6
3193, 39
3194, 36
3195, 1
3196, 30
3197, 24
3198, 70
3199, 0
3200, 10
3201, 11
3202, 0
3203, 40
3204, 0
3205, 9
3206, 19
3207, 11
3208, 42
3209, 13
3210, 10
3211, 11
3212, 23
3213, 10
3214, 20
3215, 14
3216, 25
3217, 25
3218, 25
3219, 12
3220, 13
3221, 13
3222, 24
3223, 7
3224, 17
3225, 71
3226, 62
3227, 70
3228, 0
3229, 24
3230, 39
3231, 36
3232, 1
3233, 39
3234, 0
3235, 0
3236, 10
3237, 12
3238, 0
3239, 22
3240, 0
3241, 23
3242, 23
3243, 16
3244, 10
3245, 11
3246, 14
3247, 14
3248, 0
3249, 36
3250, 17
3251, 28
3252, 28
3253, 28
3254, 15
3255, 16
3256, 16
3257, 27
3258, 0
3259, 17
3260, 71
3261, 62
3262, 38
3263, 0
3264, 22
3265, 32
3266, 36
3267, 1
3268, 39
3269, 0
3270, 10
3271, 12
3272, 0
3273, 38
3274, 0
3275, 9
3276, 17
3277, 15
3278, 5
3279, 8
3280, 35
3281, 13
3282, 15
3283, 21
3284, 43
3285, 23
3286, 45
3287, 10
3288, 11
3289, 14
3290, 14
3291, 19
3292, 16
3293, 9
3294, 20
3295, 20
3296, 20
3297, 7
3298, 8
3299, 8
3300, 20
3301, 14
3302, 26
3303, 15
3304, 5
3305, 20
3306, 0
3307, 17
3308, 71
3309, 62
3310, 45
3311, 0
3312, 22
3313, 39
3314, 36
3315, 0
3316, 45
3317, 30
3318, 0
3319, 20
3320, 20
3321, 0
3322, 4
3323, 16
3324, 7
3325, 7
3326, 0
3327, 14
3328, 6
3329, 32
3330, 9
3331, 6
3332, 8
3333, 6
3334, 6
3335, 7
3336, 7
3337, 7
3338, 10
3339, 22
3340, 6
3341, 9
3342, 14
3343, 6
3344, 15
3345, 30
3346, 6
3347, 10
3348, 5
3349, 8
3350, 7
3351, 7
3352, 0
3353, 39
3354, 36
3355, 1
3356, 30
3357, 43
3358, 36
3359, 0
3360, 10
3361, 16
3362, 11
3363, 0
3364, 0
3365, 37
3366, 37
3367, 39
3368, 0
3369, 0
3370, 18
3371, 0
3372, 8
3373, 9
3374, 49
3375, 0
3376, 0
3377, 40
3378, 0
3379, 14
3380, 14
3381, 14
3382, 14
3383, 0
3384, 0
3385, 29
3386, 33
3387, 0
3388, 0
3389, 16
3390, 0
3391, 28
3392, 11
3393, 8
3394, 20
3395, 28
3396, 24
3397, 20
3398, 47
3399, 12
3400, 0
3401, 0
3402, 34
3403, 0
3404, 20
3405, 20
3406, 6
3407, 8
3408, 27
3409, 43
3410, 50
3411, 13
3412, 62
3413, 0
3414, 0
3415, 6
3416, 39
3417, 36
3418, 1
3419, 39
3420, 0
3421, 10
3422, 11
3423, 0
3424, 12
3425, 0
3426, 32
3427, 33
3428, 21
3429, 6
3430, 8
3431, 33
3432, 38
3433, 50
3434, 13
3435, 50
3436, 0
3437, 0
3438, 22
3439, 0
3440, 39
3441, 36
3442, 45
3443, 30
3444, 42
3445, 39
3446, 0
3447, 13
3448, 36
3449, 20
3450, 0
3451, 4
3452, 16
3453, 7
3454, 7
3455, 0
3456, 42
3457, 0
3458, 45
3459, 29
3460, 35
3461, 29
3462, 29
3463, 35
3464, 35
3465, 37
3466, 29
3467, 35
3468, 0
3469, 37
3470, 39
3471, 26
3472, 26
3473, 0
3474, 18
3475, 33
3476, 26
3477, 45
3478, 34
3479, 0
3480, 11
3481, 14
3482, 6
3483, 33
3484, 9
3485, 6
3486, 20
3487, 20
3488, 17
3489, 7
3490, 21
3491, 21
3492, 23
3493, 20
3494, 17
3495, 24
3496, 17
3497, 22
3498, 27
3499, 6
3500, 15
3501, 30
3502, 6
3503, 10
3504, 5
3505, 17
3506, 17
3507, 21
3508, 21
3509, 0
3510, 6
3511, 21
3512, 43
3513, 36
3514, 1
3515, 29
3516, 0
3517, 28
3518, 23
3519, 20
3520, 0
3521, 0
3522, 20
3523, 26
3524, 21
3525, 16
3526, 19
3527, 0
3528, 15
3529, 27
3530, 33
3531, 0
3532, 0
3533, 24
3534, 20
3535, 21
3536, 19
3537, 0
3538, 15
3539, 25
3540, 21
3541, 0
3542, 0
3543, 16
3544, 0
3545, 47
3546, 20
3547, 29
3548, 21
3549, 29
3550, 0
3551, 32
3552, 29
3553, 0
3554, 31
3555, 16
3556, 0
3557, 40
3558, 19
3559, 0
3560, 32
3561, 15
3562, 21
3563, 43
3564, 36
3565, 1
3566, 31
3567, 0
3568, 10
3569, 0
3570, 1
3571, 61
3572, 1
3573, 0
3574, 19
3575, 13
3576, 28
3577, 16
3578, 36
3579, 18
3580, 14
3581, 0
3582, 25
3583, 34
3584, 45
3585, 17
3586, 0
3587, 21
3588, 4
3589, 25
3590, 18
3591, 11
3592, 0
3593, 29
3594, 27
3595, 0
3596, 27
3597, 36
3598, 0
3599, 24
3600, 19
3601, 25
3602, 14
3603, 0
3604, 21
3605, 23
3606, 20
3607, 0
3608, 14
3609, 34
3610, 23
3611, 0
3612, 25
3613, 19
3614, 25
3615, 20
3616, 0
3617, 66
3618, 25
3619, 0
3620, 21
3621, 34
3622, 45
3623, 30
3624, 0
3625, 23
3626, 19
3627, 20
3628, 26
3629, 0
3630, 29
3631, 26
3632, 28
3633, 24
3634, 0
3635, 40
3636, 9
3637, 35
3638, 5
3639, 39
3640, 0
3641, 14
3642, 24
3643, 28
3644, 23
3645, 35
3646, 8
3647, 4
3648, 34
3649, 21
3650, 20
3651, 27
3652, 5
3653, 30
3654, 5
3655, 0
3656, 37
3657, 0
3658, 1
3659, 39
3660, 1
3661, 0
3662, 19
3663, 25
3664, 21
3665, 16
3666, 23
3667, 0
3668, 14
3669, 19
3670, 32
3671, 38
3672, 0
3673, 23
3674, 19
3675, 21
3676, 23
3677, 0
3678, 14
3679, 19
3680, 30
3681, 21
3682, 0
3683, 11
3684, 20
3685, 0
3686, 47
3687, 17
3688, 19
3689, 17
3690, 20
3691, 0
3692, 23
3693, 0
3694, 6
3695, 17
3696, 63
3697, 39
3698, 0
3699, 10
3700, 23
3701, 0
3702, 20
3703, 9
3704, 12
3705, 12
3706, 8
3707, 0
3708, 16
3709, 28
3710, 8
3711, 16
3712, 17
3713, 13
3714, 8
3715, 9
3716, 15
3717, 16
3718, 13
3719, 10
3720, 5
3721, 0
3722, 16
3723, 28
3724, 23
3725, 16
3726, 17
3727, 13
3728, 8
3729, 9
3730, 15
3731, 16
3732, 13
3733, 0
3734, 12
3735, 39
3736, 39
3737, 10
3738, 10
3739, 9
3740, 9
3741, 24
3742, 0
3743, 22
3744, 0
3745, 0
3746, 17
3747, 61
3748, 39
3749, 29
3750, 0
3751, 10
3752, 0
3753, 11
3754, 9
3755, 10
3756, 0
3757, 9
3758, 20
3759, 11
3760, 28
3761, 27
3762, 0
3763, 11
3764, 20
3765, 9
3766, 5
3767, 15
3768, 21
3769, 9
3770, 24
3771, 0
3772, 6
3773, 21
3774, 43
3775, 36
3776, 1
3777, 29
3778, 0
3779, 10
3780, 21
3781, 0
3782, 0
3783, 31
3784, 26
3785, 24
3786, 0
3787, 0
3788, 14
3789, 29
3790, 10
3791, 10
3792, 10
3793, 0
3794, 22
3795, 55
3796, 0
3797, 22
3798, 55
3799, 0
3800, 23
3801, 49
3802, 0
3803, 18
3804, 49
3805, 0
3806, 19
3807, 40
3808, 0
3809, 0
3810, 11
3811, 26
3812, 15
3813, 18
3814, 0
3815, 0
3816, 13
3817, 20
3818, 4
3819, 0
3820, 41
3821, 18
3822, 0
3823, 18
3824, 24
3825, 19
3826, 21
3827, 19
3828, 11
3829, 0
3830, 0
3831, 21
3832, 36
3833, 20
3834, 20
3835, 20
3836, 0
3837, 27
3838, 28
3839, 24
3840, 51
3841, 0
3842, 15
3843, 15
3844, 0
3845, 14
3846, 10
3847, 0
3848, 13
3849, 15
3850, 0
3851, 10
3852, 0
3853, 13
3854, 9
3855, 0
3856, 6
3857, 9
3858, 0
3859, 0
3860, 38
3861, 24
3862, 0
3863, 12
3864, 17
3865, 0
3866, 65
3867, 16
3868, 0
3869, 0
3870, 20
3871, 23
3872, 20
3873, 14
3874, 14
3875, 0
3876, 38
3877, 30
3878, 0
3879, 12
3880, 17
3881, 0
3882, 22
3883, 43
3884, 0
3885, 17
3886, 0
3887, 0
3888, 34
3889, 12
3890, 30
3891, 43
3892, 0
3893, 18
3894, 10
3895, 0
3896, 51
3897, 22
3898, 12
3899, 0
3900, 13
3901, 10
3902, 0
3903, 28
3904, 2
3905, 7
3906, 37
3907, 1
3908, 0
3909, 18
3910, 8
3911, 0
3912, 6
3913, 10
3914, 0
3915, 0
3916, 31
3917, 35
3918, 0
3919, 15
3920, 13
3921, 0
3922, 47
3923, 25
3924, 0
3925, 23
3926, 0
3927, 28
3928, 28
3929, 18
3930, 60
3931, 1
3932, 0
3933, 12
3934, 0
3935, 0
3936, 12
3937, 23
3938, 20
3939, 0
3940, 6
3941, 7
3942, 0
3943, 9
3944, 42
3945, 0
3946, 6
3947, 13
3948, 0
3949, 23
3950, 0
3951, 33
3952, 0
3953, 32
3954, 20
3955, 7
3956, 22
3957, 22
3958, 15
3959, 34
3960, 4
3961, 23
3962, 7
3963, 29
3964, 29
3965, 8
3966, 11
3967, 2
3968, 5
3969, 1
3970, 23
3971, 17
3972, 14
3973, 0
3974, 0
3975, 6
3976, 32
3977, 36
3978, 37
3979, 33
3980, 0
3981, 14
3982, 21
3983, 29
3984, 28
3985, 0
3986, 11
3987, 18
3988, 26
3989, 0
3990, 13
3991, 22
3992, 34
3993, 0
3994, 17
3995, 64
3996, 8
3997, 0
3998, 19
3999, 78
4000, 8
4001, 0
4002, 39
4003, 24
4004, 0
4005, 20
4006, 39
4007, 49
4008, 59
4009, 23
4010, 47
4011, 39
4012, 36
4013, 32
4014, 20
4015, 25
4016, 0
4017, 21
4018, 27
4019, 32
4020, 0
4021, 14
4022, 10
4023, 9
4024, 0
4025, 16
4026, 27
4027, 0
4028, 11
4029, 18
4030, 0
4031, 15
4032, 0
4033, 30
4034, 15
4035, 0
4036, 12
4037, 20
4038, 28
4039, 28
4040, 28
4041, 28
4042, 28
4043, 28
4044, 28
4045, 28
4046, 50
4047, 54
4048, 16
4049, 0
4050, 9
4051, 67
4052, 67
4053, 50
4054, 26
4055, 20
4056, 0
4057, 5
4058, 10
4059, 10
4060, 14
4061, 0
4062, 26
4063, 6
4064, 39
4065, 36
4066, 32
4067, 25
4068, 0
4069, 21
4070, 28
4071, 0
4072, 11
4073, 18
4074, 0
4075, 15
4076, 0
4077, 30
4078, 15
4079, 0
4080, 12
4081, 20
4082, 28
4083, 28
4084, 28
4085, 28
4086, 28
4087, 28
4088, 28
4089, 28
4090, 18
4091, 41
4092, 0
4093, 9
4094, 67
4095, 67
4096, 50
4097, 26
4098, 20
4099, 0
4100, 5
4101, 10
4102, 10
4103, 14
4104, 0
4105, 6
4106, 21
4107, 65
4108, 39
4109, 0
4110, 14
4111, 0
4112, 11
4113, 22
4114, 11
4115, 7
4116, 0
4117, 30
4118, 0
4119, 16
4120, 16
4121, 28
4122, 6
4123, 11
4124, 7
4125, 13
4126, 5
4127, 1
4128, 0
4129, 18
4130, 9
4131, 23
4132, 19
4133, 16
4134, 5
4135, 11
4136, 53
4137, 10
4138, 17
4139, 29
4140, 0
4141, 6
4142, 17
4143, 1
4144, 38
4145, 36
4146, 1
4147, 49
4148, 0
4149, 18
4150, 0
4151, 13
4152, 60
4153, 39
4154, 0
4155, 43
4156, 33
4157, 17
4158, 0
4159, 0
4160, 11
4161, 8
4162, 21
4163, 22
4164, 19
4165, 9
4166, 11
4167, 10
4168, 5
4169, 19
4170, 9
4171, 0
4172, 6
4173, 39
4174, 36
4175, 1
4176, 49
4177, 25
4178, 0
4179, 18
4180, 0
4181, 13
4182, 58
4183, 45
4184, 45
4185, 64
4186, 0
4187, 11
4188, 8
4189, 21
4190, 22
4191, 24
4192, 23
4193, 19
4194, 9
4195, 11
4196, 10
4197, 5
4198, 14
4199, 0
4200, 9
4201, 0
4202, 6
4203, 0
4204, 17
4205, 66
4206, 39
4207, 20
4208, 27
4209, 0
4210, 11
4211, 29
4212, 21
4213, 11
4214, 20
4215, 0
4216, 6
4217, 17
4218, 60
4219, 36
4220, 30
4221, 0
4222, 24
4223, 13
4224, 13
4225, 0
4226, 10
4227, 0
4228, 11
4229, 4
4230, 22
4231, 7
4232, 7
4233, 0
4234, 25
4235, 9
4236, 20
4237, 24
4238, 12
4239, 34
4240, 9
4241, 15
4242, 12
4243, 9
4244, 10
4245, 21
4246, 34
4247, 6
4248, 21
4249, 17
4250, 16
4251, 11
4252, 0
4253, 6
4254, 0
4255, 0
4256, 0
4257, 0
4258, 0
4259, 0
4260, 0
4261, 0
4262, 0
4263, 0
4264, 0
4265, 0
4266, 0
4267, 39
4268, 36
4269, 1
4270, 33
4271, 21
4272, 26
4273, 41
4274, 43
4275, 0
4276, 20
4277, 19
4278, 0
4279, 20
4280, 19
4281, 13
4282, 64
4283, 45
4284, 8
4285, 21
4286, 12
4287, 12
4288, 44
4289, 0
4290, 26
4291, 39
4292, 36
4293, 1
4294, 33
4295, 21
4296, 26
4297, 41
4298, 24
4299, 0
4300, 11
4301, 10
4302, 0
4303, 23
4304, 118
4305, 0
4306, 24
4307, 118
4308, 0
4309, 11
4310, 26
4311, 0
4312, 24
4313, 38
4314, 38
4315, 0
4316, 37
4317, 31
4318, 0
4319, 36
4320, 0
4321, 6
4322, 0
4323, 39
4324, 36
4325, 33
4326, 21
4327, 26
4328, 41
4329, 28
4330, 0
4331, 32
4332, 32
4333, 32
4334, 32
4335, 0
4336, 18
4337, 48
4338, 0
4339, 23
4340, 38
4341, 37
4342, 0
4343, 24
4344, 38
4345, 38
4346, 0
4347, 25
4348, 43
4349, 0
4350, 26
4351, 15
4352, 27
4353, 34
4354, 18
4355, 0
4356, 27
4357, 15
4358, 27
4359, 34
4360, 18
4361, 0
4362, 11
4363, 16
4364, 11
4365, 0
4366, 25
4367, 24
4368, 24
4369, 0
4370, 12
4371, 0
4372, 26
4373, 14
4374, 14
4375, 0
4376, 30
4377, 0
4378, 26
4379, 24
4380, 6
4381, 0
4382, 39
4383, 36
4384, 1
4385, 33
4386, 21
4387, 26
4388, 41
4389, 42
4390, 0
4391, 26
4392, 26
4393, 26
4394, 0
4395, 0
4396, 17
4397, 8
4398, 40
4399, 0
4400, 0
4401, 22
4402, 21
4403, 0
4404, 39
4405, 26
4406, 1
4407, 1
4408, 23
4409, 1
4410, 0
4411, 0
4412, 23
4413, 21
4414, 0
4415, 39
4416, 26
4417, 1
4418, 1
4419, 23
4420, 1
4421, 0
4422, 0
4423, 24
4424, 41
4425, 0
4426, 0
4427, 11
4428, 16
4429, 11
4430, 41
4431, 0
4432, 24
4433, 29
4434, 29
4435, 0
4436, 12
4437, 0
4438, 25
4439, 14
4440, 14
4441, 0
4442, 30
4443, 0
4444, 6
4445, 39
4446, 36
4447, 33
4448, 21
4449, 26
4450, 41
4451, 28
4452, 25
4453, 0
4454, 43
4455, 32
4456, 32
4457, 32
4458, 31
4459, 0
4460, 18
4461, 10
4462, 42
4463, 0
4464, 31
4465, 39
4466, 49
4467, 0
4468, 32
4469, 39
4470, 50
4471, 0
4472, 33
4473, 59
4474, 0
4475, 30
4476, 64
4477, 35
4478, 0
4479, 31
4480, 64
4481, 35
4482, 0
4483, 19
4484, 16
4485, 11
4486, 35
4487, 30
4488, 17
4489, 27
4490, 28
4491, 59
4492, 25
4493, 32
4494, 32
4495, 0
4496, 12
4497, 0
4498, 26
4499, 14
4500, 14
4501, 0
4502, 30
4503, 0
4504, 26
4505, 22
4506, 31
4507, 14
4508, 39
4509, 36
4510, 1
4511, 33
4512, 21
4513, 26
4514, 41
4515, 26
4516, 0
4517, 27
4518, 26
4519, 26
4520, 10
4521, 0
4522, 29
4523, 33
4524, 5
4525, 14
4526, 0
4527, 18
4528, 51
4529, 0
4530, 38
4531, 15
4532, 21
4533, 0
4534, 24
4535, 15
4536, 0
4537, 5
4538, 16
4539, 41
4540, 6
4541, 0
4542, 30
4543, 0
4544, 39
4545, 15
4546, 21
4547, 0
4548, 24
4549, 15
4550, 0
4551, 5
4552, 16
4553, 41
4554, 6
4555, 0
4556, 30
4557, 0
4558, 35
4559, 23
4560, 26
4561, 0
4562, 11
4563, 18
4564, 23
4565, 23
4566, 25
4567, 41
4568, 0
4569, 25
4570, 34
4571, 34
4572, 0
4573, 12
4574, 0
4575, 25
4576, 14
4577, 14
4578, 0
4579, 31
4580, 0
4581, 6
4582, 17
4583, 65
4584, 36
4585, 1
4586, 53
4587, 0
4588, 10
4589, 0
4590, 11
4591, 72
4592, 0
4593, 22
4594, 16
4595, 29
4596, 10
4597, 0
4598, 6
4599, 17
4600, 61
4601, 36
4602, 10
4603, 0
4604, 37
4605, 12
4606, 65
4607, 0
4608, 66
4609, 15
4610, 66
4611, 64
4612, 19
4613, 20
4614, 11
4615, 26
4616, 20
4617, 36
4618, 19
4619, 0
4620, 16
4621, 0
4622, 66
4623, 64
4624, 1
4625, 11
4626, 12
4627, 25
4628, 13
4629, 26
4630, 30
4631, 19
4632, 0
4633, 6
4634, 39
4635, 36
4636, 1
4637, 26
4638, 0
4639, 21
4640, 0
4641, 41
4642, 0
4643, 0
4644, 0
4645, 10
4646, 0
4647, 0
4648, 19
4649, 10
4650, 8
4651, 78
4652, 0
4653, 11
4654, 4
4655, 22
4656, 7
4657, 35
4658, 0
4659, 38
4660, 0
4661, 6
4662, 21
4663, 43
4664, 35
4665, 1
4666, 29
4667, 0
4668, 28
4669, 43
4670, 46
4671, 32
4672, 0
4673, 0
4674, 59
4675, 32
4676, 41
4677, 43
4678, 11
4679, 21
4680, 24
4681, 16
4682, 22
4683, 0
4684, 39
4685, 30
4686, 16
4687, 0
4688, 10
4689, 9
4690, 0
4691, 0
4692, 59
4693, 32
4694, 67
4695, 28
4696, 14
4697, 14
4698, 0
4699, 19
4700, 39
4701, 14
4702, 14
4703, 31
4704, 25
4705, 24
4706, 19
4707, 12
4708, 0
4709, 9
4710, 49
4711, 14
4712, 0
4713, 0
4714, 8
4715, 15
4716, 17
4717, 0
4718, 16
4719, 0
4720, 18
4721, 0
4722, 19
4723, 38
4724, 8
4725, 0
4726, 6
4727, 38
4728, 6
4729, 21
4730, 43
4731, 35
4732, 1
4733, 29
4734, 0
4735, 28
4736, 43
4737, 46
4738, 32
4739, 0
4740, 0
4741, 59
4742, 32
4743, 41
4744, 43
4745, 11
4746, 21
4747, 24
4748, 16
4749, 22
4750, 0
4751, 39
4752, 30
4753, 16
4754, 0
4755, 10
4756, 9
4757, 0
4758, 0
4759, 59
4760, 32
4761, 67
4762, 28
4763, 14
4764, 14
4765, 0
4766, 19
4767, 39
4768, 14
4769, 14
4770, 31
4771, 25
4772, 24
4773, 19
4774, 12
4775, 0
4776, 9
4777, 49
4778, 14
4779, 0
4780, 0
4781, 7
4782, 17
4783, 17
4784, 0
4785, 16
4786, 0
4787, 18
4788, 0
4789, 19
4790, 38
4791, 8
4792, 0
4793, 6
4794, 38
4795, 6
4796, 21
4797, 43
4798, 35
4799, 1
4800, 29
4801, 0
4802, 28
4803, 43
4804, 46
4805, 32
4806, 0
4807, 0
4808, 59
4809, 32
4810, 41
4811, 43
4812, 11
4813, 21
4814, 24
4815, 16
4816, 22
4817, 0
4818, 39
4819, 30
4820, 16
4821, 0
4822, 10
4823, 9
4824, 0
4825, 0
4826, 59
4827, 32
4828, 67
4829, 28
4830, 14
4831, 14
4832, 0
4833, 19
4834, 39
4835, 14
4836, 14
4837, 31
4838, 25
4839, 24
4840, 19
4841, 12
4842, 0
4843, 9
4844, 49
4845, 14
4846, 0
4847, 0
4848, 5
4849, 19
4850, 17
4851, 0
4852, 16
4853, 0
4854, 18
4855, 0
4856, 19
4857, 38
4858, 8
4859, 0
4860, 6
4861, 38
4862, 6
4863, 39
4864, 36
4865, 31
4866, 20
4867, 0
4868, 10
4869, 13
4870, 0
4871, 68
4872, 31
4873, 26
4874, 0
4875, 50
4876, 8
4877, 8
4878, 14
4879, 9
4880, 6
4881, 14
4882, 5
4883, 12
4884, 19
4885, 0
4886, 6
4887, 20
4888, 34
4889, 19
4890, 0
4891, 35
4892, 22
4893, 0
4894, 26
4895, 16
4896, 14
4897, 66
4898, 34
4899, 44
4900, 0
4901, 20
4902, 19
4903, 39
4904, 36
4905, 1
4906, 39
4907, 46
4908, 36
4909, 44
4910, 0
4911, 10
4912, 16
4913, 0
4914, 69
4915, 0
4916, 22
4917, 0
4918, 5
4919, 11
4920, 9
4921, 19
4922, 5
4923, 15
4924, 19
4925, 0
4926, 0
4927, 58
4928, 70
4929, 56
4930, 32
4931, 4
4932, 11
4933, 21
4934, 5
4935, 0
4936, 6
4937, 17
4938, 38
4939, 36
4940, 1
4941, 21
4942, 0
4943, 10
4944, 0
4945, 11
4946, 16
4947, 0
4948, 22
4949, 7
4950, 15
4951, 23
4952, 0
4953, 31
4954, 0
4955, 6
4956, 22
4957, 0
4958, 11
4959, 10
4960, 25
4961, 52
4962, 21
4963, 36
4964, 0
4965, 11
4966, 30
4967, 27
4968, 16
4969, 23
4970, 0
4971, 21
4972, 12
4973, 15
4974, 0
4975, 18
4976, 20
4977, 12
4978, 15
4979, 18
4980, 30
4981, 0
4982, 6
4983, 18
4984, 22
4985, 0
4986, 11
4987, 38
4988, 10
4989, 48
4990, 20
4991, 29
4992, 25
4993, 8
4994, 17
4995, 18
4996, 33
4997, 27
4998, 15
4999, 5
5000, 29
5001, 0
5002, 11
5003, 30
5004, 27
5005, 16
5006, 23
5007, 0
5008, 21
5009, 12
5010, 15
5011, 0
5012, 18
5013, 20
5014, 12
5015, 15
5016, 18
5017, 17
5018, 30
5019, 0
5020, 6
5021, 18
5022, 33
5023, 0
5024, 11
5025, 38
5026, 10
5027, 48
5028, 20
5029, 30
5030, 25
5031, 9
5032, 22
5033, 23
5034, 33
5035, 33
5036, 27
5037, 15
5038, 5
5039, 29
5040, 0
5041, 11
5042, 30
5043, 27
5044, 16
5045, 23
5046, 0
5047, 21
5048, 12
5049, 15
5050, 0
5051, 18
5052, 20
5053, 12
5054, 15
5055, 18
5056, 17
5057, 30
5058, 0
5059, 6
5060, 18
5061, 17
5062, 63
5063, 36
5064, 1
5065, 65
5066, 1
5067, 58
5068, 60
5069, 25
5070, 1
5071, 39
5072, 0
5073, 10
5074, 0
5075, 11
5076, 10
5077, 26
5078, 0
5079, 19
5080, 33
5081, 43
5082, 29
5083, 22
5084, 0
5085, 24
5086, 0
5087, 16
5088, 12
5089, 18
5090, 42
5091, 4
5092, 16
5093, 16
5094, 15
5095, 16
5096, 0
5097, 37
5098, 8
5099, 11
5100, 0
5101, 66
5102, 0
5103, 6
