1, 33
2, 36
3, 1
4, 37
5, 1
6, 24
7, 2
8, 0
9, 79
10, 78
11, 65
12, 62
13, 20
14, 57
15, 39
16, 2
17, 0
18, 11
19, 3
20, 26
21, 26
22, 2
23, 51
24, 25
25, 11
26, 14
27, 59
28, 40
29, 10
30, 44
31, 10
32, 4
33, 0
34, 66
35, 0
36, 23
37, 3
38, 27
39, 18
40, 2
41, 8
42, 18
43, 4
44, 0
45, 60
46, 20
47, 1
48, 32
49, 36
50, 1
51, 37
52, 43
53, 44
54, 28
55, 2
56, 55
57, 76
58, 85
59, 58
60, 77
61, 12
62, 32
63, 23
64, 71
65, 72
66, 68
67, 29
68, 18
69, 19
70, 71
71, 29
72, 49
73, 62
74, 24
75, 24
76, 65
77, 33
78, 36
79, 1
80, 31
81, 2
82, 0
83, 19
84, 56
85, 0
86, 24
87, 26
88, 0
89, 77
90, 51
91, 0
92, 31
93, 13
94, 24
95, 48
96, 60
97, 61
98, 43
99, 0
100, 23
101, 43
102, 35
103, 18
104, 21
105, 37
106, 44
107, 0
108, 12
109, 54
110, 65
111, 54
112, 0
113, 79
114, 20
115, 58
116, 39
117, 44
118, 36
119, 2
120, 20
121, 54
122, 5
123, 6
124, 0
125, 25
126, 0
127, 33
128, 31
129, 0
130, 16
131, 3
132, 35
133, 35
134, 44
135, 61
136, 33
137, 54
138, 46
139, 46
140, 2
141, 17
142, 16
143, 3
144, 0
145, 68
146, 3
147, 17
148, 3
149, 7
150, 64
151, 2
152, 8
153, 11
154, 4
155, 3
156, 23
157, 2
158, 23
159, 11
160, 16
161, 3
162, 3
163, 2
164, 6
165, 3
166, 0
167, 17
168, 46
169, 17
170, 0
171, 20
172, 3
173, 9
174, 12
175, 8
176, 34
177, 61
178, 15
179, 3
180, 41
181, 22
182, 41
183, 19
184, 3
185, 38
186, 2
187, 8
188, 4
189, 22
190, 31
191, 28
192, 22
193, 13
194, 4
195, 48
196, 22
197, 3
198, 2
199, 6
200, 3
201, 15
202, 3
203, 63
204, 22
205, 41
206, 12
207, 8
208, 26
209, 4
210, 3
211, 47
212, 49
213, 2
214, 54
215, 17
216, 47
217, 3
218, 2
219, 8
220, 3
221, 8
222, 29
223, 17
224, 23
225, 2
226, 18
227, 3
228, 0
229, 3
230, 0
231, 65
232, 20
233, 60
234, 39
235, 47
236, 2
237, 0
238, 24
239, 43
240, 0
241, 28
242, 28
243, 0
244, 14
245, 14
246, 0
247, 14
248, 41
249, 26
250, 0
251, 14
252, 8
253, 32
254, 0
255, 14
256, 8
257, 32
258, 0
259, 16
260, 8
261, 11
262, 38
263, 8
264, 0
265, 66
266, 67
267, 0
268, 23
269, 3
270, 32
271, 28
272, 2
273, 26
274, 19
275, 9
276, 20
277, 18
278, 3
279, 0
280, 59
281, 14
282, 1
283, 38
284, 36
285, 1
286, 37
287, 41
288, 62
289, 22
290, 2
291, 0
292, 19
293, 25
294, 0
295, 21
296, 3
297, 12
298, 3
299, 21
300, 2
301, 15
302, 4
303, 3
304, 8
305, 28
306, 3
307, 15
308, 26
309, 2
310, 33
311, 28
312, 4
313, 2
314, 12
315, 3
316, 3
317, 2
318, 6
319, 3
320, 0
321, 19
322, 3
323, 29
324, 41
325, 30
326, 20
327, 13
328, 18
329, 12
330, 3
331, 8
332, 21
333, 4
334, 19
335, 43
336, 11
337, 14
338, 53
339, 8
340, 55
341, 4
342, 3
343, 8
344, 52
345, 27
346, 2
347, 51
348, 3
349, 13
350, 16
351, 4
352, 3
353, 26
354, 27
355, 38
356, 33
357, 46
358, 2
359, 52
360, 3
361, 2
362, 7
363, 3
364, 15
365, 2
366, 9
367, 3
368, 0
369, 76
370, 0
371, 63
372, 36
373, 12
374, 1
375, 46
376, 1
377, 48
378, 1
379, 42
380, 1
381, 2
382, 0
383, 78
384, 0
385, 12
386, 0
387, 72
388, 59
389, 65
390, 47
391, 0
392, 44
393, 46
394, 16
395, 63
396, 11
397, 0
398, 27
399, 30
400, 51
401, 70
402, 0
403, 33
404, 33
405, 61
406, 3
407, 0
408, 69
409, 0
410, 40
411, 15
412, 35
413, 56
414, 54
415, 66
416, 0
417, 35
418, 62
419, 44
420, 44
421, 44
422, 44
423, 44
424, 37
425, 0
426, 40
427, 76
428, 49
429, 0
430, 70
431, 51
432, 51
433, 38
434, 0
435, 26
436, 26
437, 22
438, 60
439, 10
440, 0
441, 45
442, 33
443, 22
444, 13
445, 24
446, 23
447, 54
448, 3
449, 52
450, 0
451, 32
452, 29
453, 64
454, 59
455, 53
456, 49
457, 0
458, 18
459, 58
460, 46
461, 59
462, 19
463, 0
464, 12
465, 26
466, 61
467, 3
468, 0
469, 65
470, 20
471, 58
472, 39
473, 2
474, 0
475, 54
476, 0
477, 66
478, 0
479, 22
480, 3
481, 27
482, 19
483, 18
484, 30
485, 4
486, 25
487, 18
488, 6
489, 0
490, 60
491, 15
492, 1
493, 32
494, 36
495, 1
496, 48
497, 1
498, 42
499, 50
500, 29
501, 2
502, 0
503, 76
504, 66
505, 79
506, 20
507, 58
508, 39
509, 2
510, 0
511, 16
512, 3
513, 38
514, 19
515, 9
516, 35
517, 50
518, 13
519, 8
520, 30
521, 47
522, 14
523, 8
524, 2
525, 2
526, 3
527, 0
528, 66
529, 0
530, 22
531, 3
532, 26
533, 18
534, 25
535, 2
536, 42
537, 18
538, 4
539, 0
540, 60
541, 20
542, 59
543, 39
544, 50
545, 26
546, 2
547, 0
548, 17
549, 3
550, 12
551, 63
552, 15
553, 15
554, 18
555, 12
556, 7
557, 4
558, 3
559, 31
560, 35
561, 2
562, 18
563, 3
564, 23
565, 3
566, 54
567, 2
568, 11
569, 3
570, 18
571, 8
572, 7
573, 61
574, 21
575, 2
576, 13
577, 13
578, 65
579, 68
580, 69
581, 61
582, 10
583, 3
584, 0
585, 66
586, 0
587, 22
588, 3
589, 26
590, 18
591, 2
592, 14
593, 18
594, 4
595, 0
596, 0
597, 60
598, 20
599, 62
600, 39
601, 61
602, 2
603, 0
604, 19
605, 25
606, 0
607, 5
608, 15
609, 15
610, 15
611, 17
612, 33
613, 2
614, 20
615, 41
616, 17
617, 32
618, 3
619, 3
620, 0
621, 34
622, 28
623, 21
624, 10
625, 16
626, 9
627, 37
628, 10
629, 6
630, 12
631, 20
632, 34
633, 11
634, 16
635, 14
636, 3
637, 24
638, 18
639, 3
640, 14
641, 18
642, 12
643, 34
644, 10
645, 7
646, 3
647, 15
648, 26
649, 36
650, 15
651, 12
652, 24
653, 25
654, 10
655, 3
656, 24
657, 8
658, 3
659, 0
660, 66
661, 67
662, 0
663, 23
664, 36
665, 56
666, 21
667, 65
668, 6
669, 3
670, 0
671, 59
672, 20
673, 59
674, 39
675, 2
676, 0
677, 29
678, 17
679, 1
680, 38
681, 36
682, 1
683, 37
684, 47
685, 2
686, 0
687, 23
688, 59
689, 67
690, 36
691, 2
692, 21
693, 3
694, 69
695, 24
696, 8
697, 18
698, 7
699, 55
700, 17
701, 2
702, 10
703, 3
704, 0
705, 57
706, 69
707, 29
708, 2
709, 50
710, 60
711, 0
712, 31
713, 3
714, 30
715, 24
716, 9
717, 48
718, 43
719, 46
720, 8
721, 32
722, 22
723, 36
724, 7
725, 2
726, 10
727, 3
728, 0
729, 27
730, 3
731, 37
732, 2
733, 54
734, 9
735, 16
736, 17
737, 3
738, 0
739, 17
740, 3
741, 6
742, 0
743, 28
744, 29
745, 12
746, 5
747, 6
748, 29
749, 0
750, 19
751, 0
752, 35
753, 0
754, 24
755, 3
756, 51
757, 32
758, 7
759, 19
760, 3
761, 18
762, 8
763, 6
764, 44
765, 22
766, 2
767, 27
768, 4
769, 13
770, 2
771, 1
772, 3
773, 3
774, 0
775, 45
776, 14
777, 3
778, 43
779, 53
780, 52
781, 13
782, 3
783, 23
784, 2
785, 56
786, 12
787, 4
788, 3
789, 17
790, 3
791, 29
792, 2
793, 15
794, 9
795, 11
796, 27
797, 6
798, 16
799, 3
800, 2
801, 22
802, 3
803, 3
804, 33
805, 2
806, 14
807, 60
808, 3
809, 0
810, 39
811, 39
812, 8
813, 12
814, 65
815, 33
816, 0
817, 0
818, 20
819, 59
820, 39
821, 20
822, 2
823, 34
824, 0
825, 19
826, 25
827, 29
828, 0
829, 16
830, 3
831, 9
832, 15
833, 0
834, 26
835, 22
836, 0
837, 26
838, 32
839, 23
840, 25
841, 0
842, 33
843, 32
844, 0
845, 26
846, 25
847, 0
848, 22
849, 25
850, 5
851, 6
852, 27
853, 15
854, 14
855, 20
856, 9
857, 0
858, 5
859, 30
860, 2
861, 25
862, 3
863, 0
864, 5
865, 33
866, 2
867, 27
868, 27
869, 25
870, 25
871, 3
872, 0
873, 15
874, 0
875, 21
876, 3
877, 22
878, 26
879, 2
880, 18
881, 34
882, 37
883, 41
884, 13
885, 3
886, 0
887, 12
888, 3
889, 22
890, 26
891, 2
892, 18
893, 14
894, 19
895, 52
896, 9
897, 3
898, 0
899, 41
900, 0
901, 39
902, 0
903, 42
904, 3
905, 26
906, 9
907, 9
908, 6
909, 35
910, 40
911, 23
912, 3
913, 0
914, 24
915, 3
916, 21
917, 2
918, 17
919, 41
920, 23
921, 4
922, 3
923, 0
924, 18
925, 31
926, 19
927, 35
928, 0
929, 22
930, 3
931, 27
932, 20
933, 44
934, 48
935, 7
936, 51
937, 10
938, 10
939, 16
940, 15
941, 2
942, 22
943, 24
944, 24
945, 32
946, 3
947, 0
948, 28
949, 3
950, 54
951, 29
952, 2
953, 36
954, 23
955, 3
956, 0
957, 27
958, 3
959, 64
960, 27
961, 2
962, 35
963, 21
964, 3
965, 0
966, 20
967, 15
968, 16
969, 4
970, 3
971, 25
972, 2
973, 28
974, 26
975, 3
976, 0
977, 19
978, 15
979, 16
980, 4
981, 3
982, 23
983, 2
984, 26
985, 25
986, 3
987, 0
988, 14
989, 3
990, 20
991, 34
992, 7
993, 51
994, 10
995, 10
996, 20
997, 7
998, 2
999, 20
1000, 25
1001, 7
1002, 3
1003, 0
1004, 17
1005, 3
1006, 20
1007, 19
1008, 19
1009, 34
1010, 27
1011, 7
1012, 20
1013, 50
1014, 2
1015, 20
1016, 25
1017, 7
1018, 3
1019, 3
1020, 0
1021, 10
1022, 0
1023, 21
1024, 0
1025, 16
1026, 0
1027, 19
1028, 3
1029, 18
1030, 16
1031, 17
1032, 65
1033, 64
1034, 19
1035, 72
1036, 76
1037, 73
1038, 2
1039, 9
1040, 3
1041, 0
1042, 23
1043, 3
1044, 7
1045, 42
1046, 9
1047, 13
1048, 18
1049, 55
1050, 2
1051, 46
1052, 18
1053, 3
1054, 0
1055, 59
1056, 17
1057, 1
1058, 46
1059, 39
1060, 1
1061, 48
1062, 1
1063, 42
1064, 48
1065, 2
1066, 0
1067, 23
1068, 0
1069, 61
1070, 0
1071, 19
1072, 18
1073, 65
1074, 18
1075, 29
1076, 22
1077, 47
1078, 23
1079, 21
1080, 48
1081, 68
1082, 62
1083, 52
1084, 75
1085, 0
1086, 78
1087, 0
1088, 21
1089, 20
1090, 60
1091, 39
1092, 20
1093, 2
1094, 35
1095, 0
1096, 24
1097, 26
1098, 3
1099, 12
1100, 11
1101, 7
1102, 24
1103, 2
1104, 10
1105, 3
1106, 0
1107, 18
1108, 6
1109, 35
1110, 0
1111, 53
1112, 19
1113, 28
1114, 27
1115, 3
1116, 65
1117, 21
1118, 50
1119, 3
1120, 20
1121, 26
1122, 0
1123, 13
1124, 0
1125, 27
1126, 3
1127, 17
1128, 36
1129, 2
1130, 21
1131, 21
1132, 25
1133, 16
1134, 1
1135, 3
1136, 0
1137, 36
1138, 21
1139, 21
1140, 17
1141, 3
1142, 29
1143, 19
1144, 8
1145, 8
1146, 17
1147, 29
1148, 2
1149, 18
1150, 6
1151, 0
1152, 66
1153, 67
1154, 0
1155, 23
1156, 3
1157, 32
1158, 30
1159, 30
1160, 37
1161, 62
1162, 38
1163, 2
1164, 38
1165, 4
1166, 30
1167, 4
1168, 30
1169, 4
1170, 31
1171, 18
1172, 3
1173, 0
1174, 59
1175, 2
1176, 32
1177, 36
1178, 30
1179, 1
1180, 57
1181, 2
1182, 0
1183, 17
1184, 0
1185, 34
1186, 46
1187, 27
1188, 0
1189, 59
1190, 0
1191, 67
1192, 36
1193, 30
1194, 20
1195, 27
1196, 53
1197, 33
1198, 75
1199, 26
1200, 0
1201, 18
1202, 78
1203, 43
1204, 15
1205, 27
1206, 62
1207, 77
1208, 39
1209, 36
1210, 1
1211, 31
1212, 2
1213, 0
1214, 19
1215, 56
1216, 0
1217, 15
1218, 43
1219, 59
1220, 0
1221, 25
1222, 39
1223, 44
1224, 30
1225, 0
1226, 12
1227, 15
1228, 71
1229, 75
1230, 0
1231, 75
1232, 20
1233, 62
1234, 39
1235, 20
1236, 2
1237, 28
1238, 0
1239, 18
1240, 6
1241, 22
1242, 14
1243, 18
1244, 22
1245, 1
1246, 0
1247, 15
1248, 21
1249, 36
1250, 69
1251, 0
1252, 56
1253, 47
1254, 3
1255, 0
1256, 19
1257, 6
1258, 22
1259, 14
1260, 18
1261, 23
1262, 14
1263, 16
1264, 1
1265, 0
1266, 27
1267, 3
1268, 18
1269, 36
1270, 59
1271, 3
1272, 29
1273, 29
1274, 7
1275, 23
1276, 27
1277, 13
1278, 7
1279, 2
1280, 4
1281, 5
1282, 20
1283, 15
1284, 1
1285, 0
1286, 56
1287, 47
1288, 3
1289, 0
1290, 65
1291, 66
1292, 0
1293, 23
1294, 3
1295, 32
1296, 16
1297, 25
1298, 67
1299, 50
1300, 17
1301, 30
1302, 70
1303, 50
1304, 2
1305, 18
1306, 3
1307, 0
1308, 59
1309, 20
1310, 61
1311, 39
1312, 20
1313, 67
1314, 19
1315, 79
1316, 2
1317, 22
1318, 0
1319, 21
1320, 28
1321, 18
1322, 16
1323, 14
1324, 16
1325, 33
1326, 34
1327, 39
1328, 0
1329, 66
1330, 0
1331, 27
1332, 35
1333, 21
1334, 29
1335, 37
1336, 0
1337, 27
1338, 0
1339, 31
1340, 30
1341, 25
1342, 20
1343, 24
1344, 0
1345, 64
1346, 24
1347, 23
1348, 34
1349, 32
1350, 30
1351, 27
1352, 22
1353, 27
1354, 30
1355, 40
1356, 18
1357, 10
1358, 18
1359, 3
1360, 34
1361, 13
1362, 9
1363, 13
1364, 0
1365, 48
1366, 29
1367, 0
1368, 51
1369, 40
1370, 50
1371, 21
1372, 17
1373, 58
1374, 56
1375, 34
1376, 0
1377, 43
1378, 25
1379, 12
1380, 21
1381, 26
1382, 29
1383, 32
1384, 2
1385, 53
1386, 41
1387, 39
1388, 52
1389, 53
1390, 43
1391, 39
1392, 38
1393, 18
1394, 3
1395, 0
1396, 60
1397, 12
1398, 34
1399, 38
1400, 42
1401, 1
1402, 48
1403, 1
1404, 42
1405, 35
1406, 2
1407, 0
1408, 9
1409, 19
1410, 10
1411, 40
1412, 0
1413, 40
1414, 26
1415, 0
1416, 43
1417, 12
1418, 37
1419, 68
1420, 72
1421, 24
1422, 67
1423, 72
1424, 24
1425, 72
1426, 72
1427, 24
1428, 71
1429, 72
1430, 24
1431, 0
1432, 21
1433, 25
1434, 29
1435, 45
1436, 40
1437, 67
1438, 21
1439, 0
1440, 14
1441, 16
1442, 30
1443, 27
1444, 23
1445, 23
1446, 11
1447, 15
1448, 17
1449, 31
1450, 55
1451, 39
1452, 29
1453, 33
1454, 48
1455, 47
1456, 47
1457, 13
1458, 3
1459, 16
1460, 0
1461, 44
1462, 18
1463, 28
1464, 26
1465, 63
1466, 54
1467, 30
1468, 0
1469, 15
1470, 21
1471, 26
1472, 55
1473, 39
1474, 33
1475, 15
1476, 14
1477, 43
1478, 44
1479, 18
1480, 0
1481, 68
1482, 0
1483, 71
1484, 43
1485, 0
1486, 76
1487, 0
1488, 68
1489, 20
1490, 64
1491, 39
1492, 20
1493, 2
1494, 0
1495, 65
1496, 0
1497, 23
1498, 3
1499, 27
1500, 16
1501, 15
1502, 3
1503, 18
1504, 8
1505, 7
1506, 23
1507, 2
1508, 12
1509, 3
1510, 12
1511, 13
1512, 13
1513, 13
1514, 13
1515, 13
1516, 25
1517, 2
1518, 40
1519, 18
1520, 3
1521, 0
1522, 63
1523, 2
1524, 32
1525, 36
1526, 35
1527, 29
1528, 2
1529, 0
1530, 70
1531, 49
1532, 14
1533, 37
1534, 19
1535, 34
1536, 49
1537, 20
1538, 52
1539, 40
1540, 71
1541, 62
1542, 36
1543, 33
1544, 34
1545, 18
1546, 1
1547, 53
1548, 1
1549, 48
1550, 1
1551, 42
1552, 50
1553, 54
1554, 2
1555, 0
1556, 19
1557, 76
1558, 0
1559, 21
1560, 78
1561, 0
1562, 18
1563, 36
1564, 40
1565, 0
1566, 20
1567, 57
1568, 70
1569, 0
1570, 11
1571, 13
1572, 55
1573, 71
1574, 53
1575, 37
1576, 72
1577, 0
1578, 12
1579, 67
1580, 75
1581, 15
1582, 20
1583, 61
1584, 39
1585, 20
1586, 2
1587, 27
1588, 0
1589, 18
1590, 6
1591, 22
1592, 14
1593, 18
1594, 22
1595, 1
1596, 0
1597, 15
1598, 21
1599, 36
1600, 69
1601, 0
1602, 56
1603, 47
1604, 3
1605, 0
1606, 19
1607, 6
1608, 22
1609, 14
1610, 18
1611, 23
1612, 14
1613, 16
1614, 1
1615, 0
1616, 27
1617, 3
1618, 18
1619, 36
1620, 59
1621, 3
1622, 29
1623, 29
1624, 7
1625, 23
1626, 27
1627, 13
1628, 7
1629, 2
1630, 4
1631, 5
1632, 20
1633, 15
1634, 1
1635, 0
1636, 56
1637, 47
1638, 3
1639, 0
1640, 65
1641, 66
1642, 0
1643, 23
1644, 3
1645, 32
1646, 16
1647, 25
1648, 26
1649, 44
1650, 13
1651, 16
1652, 0
1653, 0
1654, 30
1655, 48
1656, 28
1657, 0
1658, 0
1659, 18
1660, 32
1661, 26
1662, 47
1663, 13
1664, 16
1665, 0
1666, 0
1667, 36
1668, 55
1669, 30
1670, 0
1671, 2
1672, 18
1673, 3
1674, 0
1675, 59
1676, 33
1677, 34
1678, 27
1679, 2
1680, 0
1681, 14
1682, 0
1683, 61
1684, 0
1685, 75
1686, 29
1687, 81
1688, 63
1689, 41
1690, 4
1691, 54
1692, 0
1693, 88
1694, 80
1695, 63
1696, 51
1697, 37
1698, 46
1699, 58
1700, 58
1701, 71
1702, 33
1703, 54
1704, 33
1705, 34
1706, 27
1707, 2
1708, 0
1709, 74
1710, 0
1711, 88
1712, 35
1713, 34
1714, 0
1715, 25
1716, 31
1717, 41
1718, 14
1719, 80
1720, 0
1721, 25
1722, 13
1723, 21
1724, 16
1725, 16
1726, 25
1727, 62
1728, 30
1729, 3
1730, 4
1731, 27
1732, 39
1733, 37
1734, 3
1735, 4
1736, 74
1737, 45
1738, 0
1739, 38
1740, 0
1741, 71
1742, 14
1743, 1
1744, 53
1745, 1
1746, 48
1747, 1
1748, 42
1749, 38
1750, 2
1751, 78
1752, 0
1753, 21
1754, 20
1755, 43
1756, 49
1757, 44
1758, 0
1759, 62
1760, 66
1761, 31
1762, 15
1763, 48
1764, 22
1765, 59
1766, 31
1767, 0
1768, 16
1769, 50
1770, 62
1771, 26
1772, 61
1773, 3
1774, 0
1775, 7
1776, 75
1777, 20
1778, 62
1779, 39
1780, 20
1781, 2
1782, 37
1783, 0
1784, 46
1785, 0
1786, 16
1787, 3
1788, 9
1789, 0
1790, 21
1791, 28
1792, 28
1793, 5
1794, 6
1795, 60
1796, 0
1797, 46
1798, 0
1799, 49
1800, 0
1801, 29
1802, 14
1803, 20
1804, 10
1805, 24
1806, 12
1807, 24
1808, 44
1809, 4
1810, 32
1811, 3
1812, 0
1813, 17
1814, 3
1815, 20
1816, 21
1817, 33
1818, 23
1819, 16
1820, 3
1821, 6
1822, 0
1823, 18
1824, 28
1825, 21
1826, 3
1827, 20
1828, 3
1829, 6
1830, 0
1831, 18
1832, 21
1833, 29
1834, 3
1835, 5
1836, 6
1837, 17
1838, 17
1839, 17
1840, 0
1841, 31
1842, 0
1843, 53
1844, 0
1845, 5
1846, 53
1847, 2
1848, 46
1849, 13
1850, 27
1851, 40
1852, 20
1853, 13
1854, 3
1855, 0
1856, 45
1857, 0
1858, 46
1859, 64
1860, 12
1861, 3
1862, 0
1863, 56
1864, 21
1865, 9
1866, 10
1867, 0
1868, 20
1869, 43
1870, 0
1871, 23
1872, 0
1873, 17
1874, 36
1875, 11
1876, 14
1877, 0
1878, 18
1879, 3
1880, 30
1881, 39
1882, 2
1883, 16
1884, 35
1885, 15
1886, 24
1887, 34
1888, 42
1889, 25
1890, 63
1891, 19
1892, 3
1893, 0
1894, 17
1895, 6
1896, 36
1897, 35
1898, 0
1899, 12
1900, 22
1901, 23
1902, 0
1903, 43
1904, 3
1905, 13
1906, 41
1907, 23
1908, 12
1909, 31
1910, 17
1911, 20
1912, 23
1913, 16
1914, 11
1915, 10
1916, 35
1917, 16
1918, 23
1919, 10
1920, 3
1921, 0
1922, 43
1923, 16
1924, 30
1925, 10
1926, 50
1927, 12
1928, 0
1929, 19
1930, 29
1931, 23
1932, 14
1933, 22
1934, 3
1935, 0
1936, 21
1937, 6
1938, 54
1939, 0
1940, 39
1941, 0
1942, 32
1943, 16
1944, 19
1945, 31
1946, 40
1947, 11
1948, 25
1949, 0
1950, 31
1951, 27
1952, 10
1953, 19
1954, 3
1955, 0
1956, 3
1957, 0
1958, 30
1959, 38
1960, 0
1961, 17
1962, 16
1963, 20
1964, 20
1965, 20
1966, 24
1967, 0
1968, 16
1969, 18
1970, 66
1971, 28
1972, 34
1973, 43
1974, 37
1975, 11
1976, 12
1977, 20
1978, 35
1979, 16
1980, 34
1981, 29
1982, 0
1983, 16
1984, 17
1985, 2
1986, 16
1987, 69
1988, 28
1989, 34
1990, 43
1991, 12
1992, 12
1993, 20
1994, 35
1995, 16
1996, 34
1997, 28
1998, 3
1999, 0
2000, 65
2001, 81
2002, 0
2003, 23
2004, 3
2005, 32
2006, 42
2007, 42
2008, 21
2009, 48
2010, 41
2011, 4
2012, 25
2013, 2
2014, 2
2015, 3
2016, 0
2017, 62
2018, 13
2019, 1
2020, 55
2021, 1
2022, 48
2023, 1
2024, 42
2025, 48
2026, 2
2027, 0
2028, 19
2029, 43
2030, 0
2031, 44
2032, 73
2033, 0
2034, 14
2035, 42
2036, 51
2037, 0
2038, 16
2039, 76
2040, 63
2041, 39
2042, 36
2043, 33
2044, 68
2045, 77
2046, 41
2047, 2
2048, 0
2049, 27
2050, 22
2051, 26
2052, 0
2053, 15
2054, 6
2055, 36
2056, 0
2057, 30
2058, 0
2059, 52
2060, 0
2061, 70
2062, 0
2063, 37
2064, 0
2065, 41
2066, 0
2067, 5
2068, 45
2069, 38
2070, 2
2071, 22
2072, 22
2073, 3
2074, 3
2075, 0
2076, 18
2077, 6
2078, 47
2079, 3
2080, 0
2081, 15
2082, 6
2083, 43
2084, 0
2085, 5
2086, 53
2087, 3
2088, 28
2089, 24
2090, 2
2091, 45
2092, 3
2093, 2
2094, 32
2095, 3
2096, 27
2097, 2
2098, 45
2099, 3
2100, 28
2101, 3
2102, 27
2103, 2
2104, 27
2105, 8
2106, 25
2107, 2
2108, 3
2109, 17
2110, 2
2111, 25
2112, 4
2113, 3
2114, 17
2115, 2
2116, 27
2117, 3
2118, 3
2119, 3
2120, 3
2121, 3
2122, 3
2123, 0
2124, 17
2125, 6
2126, 12
2127, 26
2128, 17
2129, 20
2130, 0
2131, 42
2132, 3
2133, 25
2134, 27
2135, 28
2136, 33
2137, 39
2138, 2
2139, 6
2140, 3
2141, 0
2142, 42
2143, 37
2144, 3
2145, 26
2146, 13
2147, 24
2148, 32
2149, 11
2150, 36
2151, 46
2152, 3
2153, 34
2154, 8
2155, 2
2156, 22
2157, 52
2158, 3
2159, 2
2160, 36
2161, 3
2162, 0
2163, 51
2164, 0
2165, 33
2166, 39
2167, 3
2168, 40
2169, 2
2170, 30
2171, 4
2172, 3
2173, 29
2174, 2
2175, 20
2176, 4
2177, 3
2178, 8
2179, 56
2180, 2
2181, 24
2182, 36
2183, 8
2184, 6
2185, 3
2186, 3
2187, 3
2188, 0
2189, 73
2190, 9
2191, 55
2192, 49
2193, 21
2194, 55
2195, 0
2196, 36
2197, 3
2198, 52
2199, 2
2200, 21
2201, 4
2202, 3
2203, 33
2204, 18
2205, 59
2206, 12
2207, 54
2208, 46
2209, 2
2210, 52
2211, 28
2212, 11
2213, 18
2214, 51
2215, 14
2216, 6
2217, 2
2218, 38
2219, 3
2220, 3
2221, 3
2222, 0
2223, 22
2224, 33
2225, 3
2226, 14
2227, 2
2228, 52
2229, 4
2230, 0
2231, 58
2232, 0
2233, 44
2234, 3
2235, 59
2236, 2
2237, 44
2238, 31
2239, 3
2240, 0
2241, 32
2242, 3
2243, 47
2244, 41
2245, 44
2246, 2
2247, 59
2248, 3
2249, 0
2250, 8
2251, 3
2252, 13
2253, 73
2254, 10
2255, 61
2256, 22
2257, 54
2258, 15
2259, 2
2260, 50
2261, 3
2262, 39
2263, 36
2264, 33
2265, 30
2266, 2
2267, 0
2268, 54
2269, 26
2270, 29
2271, 53
2272, 73
2273, 73
2274, 64
2275, 53
2276, 72
2277, 33
2278, 39
2279, 44
2280, 47
2281, 32
2282, 34
2283, 20
2284, 30
2285, 56
2286, 3
2287, 3
2288, 40
2289, 44
2290, 47
2291, 55
2292, 3
2293, 30
2294, 47
2295, 49
2296, 27
2297, 43
2298, 3
2299, 48
2300, 53
2301, 31
2302, 44
2303, 31
2304, 39
2305, 34
2306, 40
2307, 65
2308, 16
2309, 40
2310, 30
2311, 49
2312, 35
2313, 30
2314, 25
2315, 53
2316, 50
2317, 3
2318, 3
2319, 3
2320, 79
2321, 56
2322, 30
2323, 38
2324, 26
2325, 42
2326, 61
2327, 47
2328, 24
2329, 51
2330, 18
2331, 3
2332, 3
2333, 27
2334, 21
2335, 40
2336, 45
2337, 36
2338, 50
2339, 40
2340, 3
2341, 29
2342, 51
2343, 62
2344, 67
2345, 3
2346, 8
2347, 17
2348, 72
2349, 55
2350, 60
2351, 43
2352, 3
2353, 33
2354, 34
2355, 27
2356, 2
2357, 0
2358, 99
2359, 0
2360, 58
2361, 0
2362, 69
2363, 0
2364, 100
2365, 0
2366, 99
2367, 0
2368, 61
2369, 43
2370, 68
2371, 0
2372, 72
2373, 62
2374, 73
2375, 33
2376, 49
2377, 71
2378, 20
2379, 64
2380, 39
2381, 20
2382, 2
2383, 0
2384, 26
2385, 3
2386, 14
2387, 14
2388, 4
2389, 3
2390, 0
2391, 15
2392, 6
2393, 8
2394, 0
2395, 12
2396, 0
2397, 0
2398, 3
2399, 0
2400, 18
2401, 6
2402, 11
2403, 0
2404, 20
2405, 0
2406, 15
2407, 0
2408, 59
2409, 0
2410, 21
2411, 44
2412, 27
2413, 3
2414, 0
2415, 18
2416, 6
2417, 11
2418, 0
2419, 19
2420, 48
2421, 28
2422, 30
2423, 40
2424, 23
2425, 3
2426, 0
2427, 16
2428, 6
2429, 9
2430, 0
2431, 28
2432, 0
2433, 32
2434, 0
2435, 45
2436, 0
2437, 30
2438, 0
2439, 31
2440, 0
2441, 26
2442, 0
2443, 26
2444, 3
2445, 18
2446, 9
2447, 25
2448, 13
2449, 10
2450, 27
2451, 24
2452, 15
2453, 3
2454, 3
2455, 0
2456, 17
2457, 6
2458, 10
2459, 0
2460, 41
2461, 3
2462, 22
2463, 13
2464, 3
2465, 21
2466, 8
2467, 10
2468, 17
2469, 19
2470, 14
2471, 11
2472, 14
2473, 3
2474, 16
2475, 12
2476, 19
2477, 23
2478, 17
2479, 50
2480, 3
2481, 3
2482, 0
2483, 16
2484, 6
2485, 9
2486, 0
2487, 17
2488, 15
2489, 3
2490, 0
2491, 18
2492, 6
2493, 11
2494, 0
2495, 15
2496, 0
2497, 36
2498, 46
2499, 3
2500, 0
2501, 23
2502, 0
2503, 18
2504, 6
2505, 12
2506, 11
2507, 25
2508, 14
2509, 15
2510, 11
2511, 3
2512, 0
2513, 16
2514, 3
2515, 9
2516, 0
2517, 23
2518, 39
2519, 40
2520, 25
2521, 27
2522, 5
2523, 6
2524, 37
2525, 14
2526, 0
2527, 38
2528, 34
2529, 13
2530, 0
2531, 30
2532, 3
2533, 13
2534, 33
2535, 21
2536, 5
2537, 3
2538, 0
2539, 37
2540, 54
2541, 0
2542, 33
2543, 51
2544, 0
2545, 37
2546, 3
2547, 0
2548, 41
2549, 14
2550, 3
2551, 72
2552, 12
2553, 2
2554, 16
2555, 0
2556, 45
2557, 63
2558, 35
2559, 60
2560, 2
2561, 44
2562, 18
2563, 42
2564, 45
2565, 45
2566, 13
2567, 28
2568, 0
2569, 29
2570, 19
2571, 15
2572, 14
2573, 32
2574, 23
2575, 5
2576, 6
2577, 16
2578, 44
2579, 18
2580, 17
2581, 20
2582, 20
2583, 13
2584, 28
2585, 0
2586, 49
2587, 0
2588, 0
2589, 74
2590, 68
2591, 20
2592, 2
2593, 29
2594, 59
2595, 6
2596, 9
2597, 25
2598, 3
2599, 29
2600, 21
2601, 42
2602, 33
2603, 26
2604, 7
2605, 31
2606, 3
2607, 10
2608, 55
2609, 11
2610, 9
2611, 2
2612, 29
2613, 24
2614, 20
2615, 7
2616, 4
2617, 3
2618, 42
2619, 38
2620, 7
2621, 31
2622, 14
2623, 25
2624, 8
2625, 23
2626, 7
2627, 35
2628, 32
2629, 27
2630, 42
2631, 3
2632, 3
2633, 34
2634, 7
2635, 14
2636, 40
2637, 23
2638, 7
2639, 2
2640, 37
2641, 3
2642, 0
2643, 66
2644, 70
2645, 38
2646, 1
2647, 73
2648, 68
2649, 74
2650, 2
2651, 33
2652, 3
2653, 18
2654, 15
2655, 12
2656, 21
2657, 21
2658, 35
2659, 36
2660, 24
2661, 3
2662, 24
2663, 26
2664, 18
2665, 23
2666, 53
2667, 64
2668, 5
2669, 52
2670, 2
2671, 41
2672, 45
2673, 26
2674, 35
2675, 17
2676, 27
2677, 27
2678, 43
2679, 22
2680, 55
2681, 3
2682, 25
2683, 54
2684, 12
2685, 9
2686, 21
2687, 3
2688, 21
2689, 35
2690, 23
2691, 2
2692, 15
2693, 13
2694, 17
2695, 3
2696, 21
2697, 3
2698, 21
2699, 7
2700, 29
2701, 17
2702, 41
2703, 8
2704, 23
2705, 18
2706, 13
2707, 17
2708, 3
2709, 17
2710, 9
2711, 20
2712, 13
2713, 18
2714, 46
2715, 3
2716, 44
2717, 6
2718, 2
2719, 23
2720, 21
2721, 23
2722, 4
2723, 18
2724, 9
2725, 20
2726, 13
2727, 17
2728, 46
2729, 3
2730, 44
2731, 6
2732, 7
2733, 7
2734, 11
2735, 7
2736, 51
2737, 2
2738, 40
2739, 40
2740, 24
2741, 4
2742, 18
2743, 3
2744, 48
2745, 7
2746, 7
2747, 11
2748, 7
2749, 50
2750, 2
2751, 38
2752, 3
2753, 36
2754, 54
2755, 55
2756, 2
2757, 18
2758, 43
2759, 44
2760, 68
2761, 31
2762, 39
2763, 49
2764, 42
2765, 61
2766, 63
2767, 66
2768, 40
2769, 36
2770, 10
2771, 15
2772, 34
2773, 3
2774, 7
2775, 58
2776, 7
2777, 7
2778, 19
2779, 28
2780, 35
2781, 30
2782, 8
2783, 18
2784, 4
2785, 2
2786, 31
2787, 14
2788, 12
2789, 36
2790, 35
2791, 35
2792, 14
2793, 3
2794, 0
2795, 3
2796, 0
2797, 14
2798, 3
2799, 6
2800, 0
2801, 23
2802, 19
2803, 15
2804, 14
2805, 32
2806, 20
2807, 5
2808, 6
2809, 71
2810, 12
2811, 2
2812, 16
2813, 0
2814, 45
2815, 52
2816, 35
2817, 2
2818, 38
2819, 17
2820, 18
2821, 21
2822, 13
2823, 0
2824, 54
2825, 0
2826, 0
2827, 68
2828, 12
2829, 14
2830, 32
2831, 3
2832, 21
2833, 61
2834, 3
2835, 10
2836, 27
2837, 11
2838, 9
2839, 2
2840, 39
2841, 9
2842, 17
2843, 24
2844, 32
2845, 5
2846, 3
2847, 18
2848, 37
2849, 5
2850, 3
2851, 0
2852, 35
2853, 14
2854, 19
2855, 26
2856, 40
2857, 29
2858, 0
2859, 71
2860, 68
2861, 9
2862, 1
2863, 60
2864, 49
2865, 70
2866, 63
2867, 2
2868, 67
2869, 3
2870, 29
2871, 21
2872, 25
2873, 23
2874, 22
2875, 47
2876, 22
2877, 25
2878, 42
2879, 23
2880, 11
2881, 15
2882, 28
2883, 48
2884, 49
2885, 3
2886, 7
2887, 9
2888, 34
2889, 3
2890, 24
2891, 15
2892, 5
2893, 11
2894, 24
2895, 13
2896, 6
2897, 3
2898, 17
2899, 34
2900, 20
2901, 18
2902, 4
2903, 35
2904, 13
2905, 21
2906, 34
2907, 4
2908, 33
2909, 26
2910, 29
2911, 15
2912, 28
2913, 21
2914, 4
2915, 45
2916, 13
2917, 9
2918, 19
2919, 3
2920, 40
2921, 15
2922, 8
2923, 6
2924, 3
2925, 23
2926, 13
2927, 41
2928, 13
2929, 9
2930, 26
2931, 13
2932, 22
2933, 7
2934, 3
2935, 19
2936, 51
2937, 23
2938, 16
2939, 17
2940, 31
2941, 32
2942, 31
2943, 43
2944, 45
2945, 3
2946, 14
2947, 2
2948, 26
2949, 7
2950, 38
2951, 31
2952, 33
2953, 3
2954, 19
2955, 25
2956, 34
2957, 14
2958, 46
2959, 25
2960, 9
2961, 8
2962, 23
2963, 53
2964, 49
2965, 7
2966, 15
2967, 23
2968, 40
2969, 44
2970, 7
2971, 14
2972, 20
2973, 53
2974, 36
2975, 40
2976, 15
2977, 18
2978, 13
2979, 3
2980, 0
2981, 74
2982, 68
2983, 9
2984, 1
2985, 71
2986, 19
2987, 2
2988, 68
2989, 3
2990, 55
2991, 26
2992, 20
2993, 28
2994, 11
2995, 27
2996, 33
2997, 32
2998, 37
2999, 59
3000, 7
3001, 3
3002, 22
3003, 27
3004, 14
3005, 12
3006, 31
3007, 30
3008, 2
3009, 5
3010, 3
3011, 28
3012, 5
3013, 49
3014, 2
3015, 13
3016, 13
3017, 8
3018, 31
3019, 13
3020, 14
3021, 16
3022, 18
3023, 3
3024, 7
3025, 34
3026, 7
3027, 14
3028, 16
3029, 14
3030, 34
3031, 31
3032, 37
3033, 6
3034, 10
3035, 3
3036, 58
3037, 46
3038, 18
3039, 13
3040, 60
3041, 15
3042, 28
3043, 48
3044, 41
3045, 7
3046, 12
3047, 50
3048, 3
3049, 7
3050, 15
3051, 28
3052, 31
3053, 7
3054, 55
3055, 35
3056, 7
3057, 5
3058, 4
3059, 43
3060, 33
3061, 13
3062, 15
3063, 15
3064, 13
3065, 3
3066, 0
3067, 3
3068, 0
3069, 17
3070, 3
3071, 19
3072, 3
3073, 6
3074, 0
3075, 55
3076, 56
3077, 3
3078, 0
3079, 6
3080, 0
3081, 18
3082, 10
3083, 19
3084, 31
3085, 31
3086, 12
3087, 15
3088, 25
3089, 22
3090, 19
3091, 20
3092, 16
3093, 5
3094, 6
3095, 11
3096, 0
3097, 29
3098, 20
3099, 34
3100, 37
3101, 11
3102, 13
3103, 15
3104, 0
3105, 31
3106, 0
3107, 53
3108, 59
3109, 23
3110, 22
3111, 28
3112, 0
3113, 39
3114, 73
3115, 0
3116, 0
3117, 20
3118, 6
3119, 12
3120, 12
3121, 14
3122, 0
3123, 28
3124, 3
3125, 21
3126, 38
3127, 8
3128, 9
3129, 4
3130, 3
3131, 9
3132, 9
3133, 10
3134, 21
3135, 11
3136, 13
3137, 26
3138, 12
3139, 21
3140, 11
3141, 13
3142, 26
3143, 2
3144, 11
3145, 27
3146, 33
3147, 20
3148, 3
3149, 17
3150, 3
3151, 3
3152, 0
3153, 18
3154, 60
3155, 18
3156, 31
3157, 3
3158, 0
3159, 5
3160, 11
3161, 2
3162, 13
3163, 19
3164, 23
3165, 7
3166, 46
3167, 40
3168, 15
3169, 10
3170, 8
3171, 11
3172, 11
3173, 19
3174, 38
3175, 30
3176, 3
3177, 0
3178, 35
3179, 0
3180, 22
3181, 0
3182, 12
3183, 3
3184, 16
3185, 28
3186, 17
3187, 14
3188, 12
3189, 15
3190, 31
3191, 10
3192, 3
3193, 0
3194, 66
3195, 0
3196, 32
3197, 0
3198, 5
3199, 27
3200, 53
3201, 21
3202, 2
3203, 62
3204, 41
3205, 10
3206, 28
3207, 3
3208, 29
3209, 3
3210, 23
3211, 21
3212, 13
3213, 7
3214, 31
3215, 23
3216, 26
3217, 2
3218, 15
3219, 3
3220, 18
3221, 32
3222, 15
3223, 41
3224, 15
3225, 45
3226, 14
3227, 14
3228, 29
3229, 29
3230, 30
3231, 7
3232, 12
3233, 59
3234, 7
3235, 16
3236, 2
3237, 2
3238, 3
3239, 3
3240, 0
3241, 34
3242, 3
3243, 15
3244, 2
3245, 67
3246, 3
3247, 0
3248, 65
3249, 0
3250, 23
3251, 3
3252, 32
3253, 42
3254, 17
3255, 5
3256, 3
3257, 0
3258, 59
3259, 27
3260, 1
3261, 38
3262, 36
3263, 1
3264, 37
3265, 70
3266, 2
3267, 0
3268, 16
3269, 3
3270, 36
3271, 46
3272, 8
3273, 8
3274, 15
3275, 23
3276, 52
3277, 65
3278, 12
3279, 2
3280, 31
3281, 3
3282, 0
3283, 61
3284, 35
3285, 3
3286, 16
3287, 9
3288, 7
3289, 4
3290, 3
3291, 25
3292, 59
3293, 43
3294, 2
3295, 18
3296, 3
3297, 2
3298, 27
3299, 3
3300, 0
3301, 40
3302, 3
3303, 49
3304, 24
3305, 12
3306, 8
3307, 7
3308, 4
3309, 3
3310, 21
3311, 12
3312, 28
3313, 60
3314, 2
3315, 29
3316, 3
3317, 2
3318, 6
3319, 3
3320, 0
3321, 17
3322, 3
3323, 6
3324, 0
3325, 28
3326, 29
3327, 12
3328, 5
3329, 6
3330, 29
3331, 0
3332, 19
3333, 0
3334, 35
3335, 0
3336, 24
3337, 3
3338, 51
3339, 32
3340, 7
3341, 19
3342, 3
3343, 18
3344, 8
3345, 6
3346, 44
3347, 22
3348, 2
3349, 27
3350, 4
3351, 13
3352, 2
3353, 1
3354, 3
3355, 3
3356, 0
3357, 29
3358, 3
3359, 25
3360, 18
3361, 2
3362, 12
3363, 3
3364, 0
3365, 24
3366, 37
3367, 13
3368, 14
3369, 52
3370, 43
3371, 36
3372, 0
3373, 26
3374, 0
3375, 0
3376, 20
3377, 65
3378, 39
3379, 12
3380, 2
3381, 0
3382, 18
3383, 20
3384, 0
3385, 39
3386, 38
3387, 0
3388, 20
3389, 44
3390, 0
3391, 45
3392, 0
3393, 16
3394, 37
3395, 6
3396, 62
3397, 8
3398, 3
3399, 0
3400, 31
3401, 30
3402, 24
3403, 44
3404, 50
3405, 6
3406, 72
3407, 16
3408, 8
3409, 3
3410, 4
3411, 55
3412, 19
3413, 9
3414, 34
3415, 28
3416, 15
3417, 6
3418, 17
3419, 76
3420, 25
3421, 20
3422, 0
3423, 32
3424, 3
3425, 26
3426, 3
3427, 32
3428, 41
3429, 21
3430, 2
3431, 43
3432, 85
3433, 15
3434, 34
3435, 70
3436, 25
3437, 8
3438, 61
3439, 3
3440, 34
3441, 0
3442, 17
3443, 3
3444, 87
3445, 38
3446, 2
3447, 13
3448, 11
3449, 20
3450, 3
3451, 0
3452, 22
3453, 69
3454, 20
3455, 0
3456, 60
3457, 0
3458, 20
3459, 59
3460, 39
3461, 30
3462, 2
3463, 0
3464, 15
3465, 0
3466, 37
3467, 0
3468, 13
3469, 3
3470, 12
3471, 11
3472, 50
3473, 7
3474, 9
3475, 3
3476, 0
3477, 24
3478, 11
3479, 4
3480, 23
3481, 4
3482, 3
3483, 12
3484, 11
3485, 51
3486, 7
3487, 41
3488, 3
3489, 27
3490, 10
3491, 0
3492, 66
3493, 65
3494, 0
3495, 39
3496, 0
3497, 14
3498, 8
3499, 12
3500, 30
3501, 0
3502, 33
3503, 33
3504, 18
3505, 28
3506, 43
3507, 18
3508, 3
3509, 0
3510, 60
3511, 2
3512, 1
3513, 38
3514, 36
3515, 1
3516, 33
3517, 33
3518, 40
3519, 2
3520, 0
3521, 19
3522, 25
3523, 0
3524, 64
3525, 0
3526, 27
3527, 3
3528, 22
3529, 2
3530, 18
3531, 19
3532, 20
3533, 57
3534, 3
3535, 0
3536, 28
3537, 3
3538, 22
3539, 2
3540, 18
3541, 19
3542, 20
3543, 57
3544, 3
3545, 0
3546, 29
3547, 3
3548, 41
3549, 2
3550, 21
3551, 24
3552, 3
3553, 0
3554, 76
3555, 28
3556, 28
3557, 80
3558, 0
3559, 16
3560, 17
3561, 8
3562, 18
3563, 36
3564, 41
3565, 0
3566, 57
3567, 30
3568, 6
3569, 20
3570, 64
3571, 39
3572, 2
3573, 0
3574, 12
3575, 0
3576, 64
3577, 0
3578, 19
3579, 3
3580, 45
3581, 14
3582, 13
3583, 2
3584, 37
3585, 24
3586, 21
3587, 10
3588, 58
3589, 20
3590, 2
3591, 18
3592, 4
3593, 0
3594, 26
3595, 23
3596, 10
3597, 16
3598, 25
3599, 2
3600, 35
3601, 12
3602, 36
3603, 16
3604, 3
3605, 2
3606, 16
3607, 26
3608, 3
3609, 0
3610, 66
3611, 0
3612, 22
3613, 3
3614, 26
3615, 18
3616, 2
3617, 14
3618, 18
3619, 4
3620, 0
3621, 0
3622, 60
3623, 20
3624, 60
3625, 39
3626, 20
3627, 2
3628, 0
3629, 65
3630, 66
3631, 0
3632, 21
3633, 0
3634, 17
3635, 3
3636, 9
3637, 0
3638, 32
3639, 23
3640, 19
3641, 5
3642, 6
3643, 32
3644, 16
3645, 19
3646, 0
3647, 38
3648, 3
3649, 15
3650, 13
3651, 23
3652, 23
3653, 7
3654, 15
3655, 4
3656, 3
3657, 39
3658, 8
3659, 21
3660, 11
3661, 17
3662, 4
3663, 3
3664, 6
3665, 7
3666, 37
3667, 24
3668, 5
3669, 3
3670, 0
3671, 39
3672, 15
3673, 37
3674, 0
3675, 38
3676, 3
3677, 0
3678, 23
3679, 3
3680, 11
3681, 65
3682, 32
3683, 26
3684, 49
3685, 47
3686, 2
3687, 2
3688, 3
3689, 0
3690, 59
3691, 20
3692, 60
3693, 36
3694, 2
3695, 0
3696, 18
3697, 37
3698, 47
3699, 66
3700, 0
3701, 18
3702, 25
3703, 16
3704, 72
3705, 63
3706, 33
3707, 67
3708, 14
3709, 1
3710, 38
3711, 36
3712, 1
3713, 37
3714, 40
3715, 2
3716, 0
3717, 12
3718, 0
3719, 21
3720, 16
3721, 0
3722, 66
3723, 18
3724, 25
3725, 20
3726, 0
3727, 38
3728, 25
3729, 3
3730, 12
3731, 13
3732, 3
3733, 29
3734, 21
3735, 41
3736, 2
3737, 26
3738, 3
3739, 2
3740, 6
3741, 3
3742, 0
3743, 17
3744, 3
3745, 42
3746, 31
3747, 8
3748, 52
3749, 37
3750, 23
3751, 26
3752, 2
3753, 2
3754, 3
3755, 0
3756, 14
3757, 3
3758, 42
3759, 19
3760, 52
3761, 33
3762, 8
3763, 14
3764, 38
3765, 42
3766, 6
3767, 8
3768, 18
3769, 40
3770, 36
3771, 29
3772, 27
3773, 26
3774, 2
3775, 52
3776, 42
3777, 3
3778, 0
3779, 67
3780, 15
3781, 33
3782, 45
3783, 46
3784, 32
3785, 8
3786, 29
3787, 19
3788, 56
3789, 17
3790, 1
3791, 38
3792, 36
3793, 1
3794, 37
3795, 40
3796, 1
3797, 2
3798, 0
3799, 11
3800, 0
3801, 21
3802, 16
3803, 0
3804, 66
3805, 20
3806, 25
3807, 20
3808, 0
3809, 38
3810, 25
3811, 3
3812, 12
3813, 13
3814, 3
3815, 29
3816, 21
3817, 41
3818, 2
3819, 26
3820, 3
3821, 2
3822, 6
3823, 3
3824, 0
3825, 17
3826, 3
3827, 42
3828, 31
3829, 8
3830, 52
3831, 37
3832, 23
3833, 26
3834, 2
3835, 2
3836, 3
3837, 0
3838, 14
3839, 3
3840, 42
3841, 19
3842, 52
3843, 33
3844, 8
3845, 14
3846, 38
3847, 42
3848, 6
3849, 8
3850, 18
3851, 40
3852, 36
3853, 29
3854, 27
3855, 26
3856, 2
3857, 52
3858, 42
3859, 3
3860, 0
3861, 67
3862, 15
3863, 33
3864, 45
3865, 46
3866, 32
3867, 8
3868, 29
3869, 19
3870, 56
3871, 39
3872, 36
3873, 1
3874, 31
3875, 2
3876, 0
3877, 19
3878, 75
3879, 53
3880, 76
3881, 0
3882, 19
3883, 67
3884, 45
3885, 0
3886, 43
3887, 17
3888, 73
3889, 0
3890, 75
3891, 68
3892, 0
3893, 12
3894, 73
3895, 0
3896, 42
3897, 43
3898, 0
3899, 11
3900, 76
3901, 21
3902, 69
3903, 75
3904, 69
3905, 15
3906, 0
3907, 12
3908, 11
3909, 39
3910, 56
3911, 56
3912, 20
3913, 68
3914, 73
3915, 0
3916, 30
3917, 79
3918, 17
3919, 1
3920, 38
3921, 36
3922, 1
3923, 37
3924, 40
3925, 2
3926, 0
3927, 9
3928, 0
3929, 21
3930, 16
3931, 0
3932, 66
3933, 22
3934, 25
3935, 20
3936, 0
3937, 38
3938, 25
3939, 3
3940, 12
3941, 13
3942, 3
3943, 29
3944, 21
3945, 41
3946, 2
3947, 26
3948, 3
3949, 2
3950, 6
3951, 3
3952, 0
3953, 17
3954, 3
3955, 42
3956, 31
3957, 8
3958, 52
3959, 37
3960, 23
3961, 26
3962, 2
3963, 2
3964, 3
3965, 0
3966, 14
3967, 3
3968, 42
3969, 19
3970, 52
3971, 33
3972, 8
3973, 14
3974, 38
3975, 42
3976, 6
3977, 8
3978, 18
3979, 40
3980, 36
3981, 29
3982, 27
3983, 26
3984, 2
3985, 52
3986, 42
3987, 3
3988, 0
3989, 67
3990, 15
3991, 33
3992, 45
3993, 46
3994, 32
3995, 8
3996, 29
3997, 19
3998, 56
3999, 2
4000, 39
4001, 36
4002, 34
4003, 2
4004, 0
4005, 22
4006, 3
4007, 24
4008, 0
4009, 36
4010, 3
4011, 13
4012, 21
4013, 24
4014, 30
4015, 9
4016, 2
4017, 14
4018, 3
4019, 0
4020, 24
4021, 57
4022, 0
4023, 52
4024, 2
4025, 20
4026, 49
4027, 3
4028, 0
4029, 53
4030, 0
4031, 83
4032, 20
4033, 56
4034, 39
4035, 20
4036, 2
4037, 31
4038, 0
4039, 24
4040, 0
4041, 14
4042, 14
4043, 14
4044, 14
4045, 37
4046, 24
4047, 0
4048, 23
4049, 3
4050, 50
4051, 36
4052, 2
4053, 12
4054, 7
4055, 24
4056, 19
4057, 3
4058, 0
4059, 25
4060, 23
4061, 20
4062, 19
4063, 0
4064, 29
4065, 8
4066, 4
4067, 3
4068, 20
4069, 2
4070, 14
4071, 43
4072, 32
4073, 32
4074, 39
4075, 3
4076, 31
4077, 0
4078, 25
4079, 13
4080, 3
4081, 20
4082, 2
4083, 14
4084, 43
4085, 32
4086, 32
4087, 28
4088, 3
4089, 27
4090, 0
4091, 66
4092, 0
4093, 23
4094, 3
4095, 7
4096, 25
4097, 78
4098, 2
4099, 18
4100, 3
4101, 0
4102, 59
4103, 20
4104, 62
4105, 36
4106, 20
4107, 1
4108, 2
4109, 0
4110, 24
4111, 19
4112, 25
4113, 0
4114, 20
4115, 3
4116, 9
4117, 0
4118, 40
4119, 75
4120, 65
4121, 69
4122, 24
4123, 2
4124, 67
4125, 35
4126, 21
4127, 3
4128, 0
4129, 29
4130, 6
4131, 0
4132, 15
4133, 33
4134, 17
4135, 15
4136, 18
4137, 0
4138, 28
4139, 54
4140, 0
4141, 25
4142, 49
4143, 12
4144, 17
4145, 23
4146, 0
4147, 40
4148, 59
4149, 0
4150, 38
4151, 32
4152, 0
4153, 75
4154, 3
4155, 39
4156, 21
4157, 17
4158, 35
4159, 15
4160, 15
4161, 31
4162, 18
4163, 23
4164, 17
4165, 3
4166, 0
4167, 61
4168, 3
4169, 31
4170, 23
4171, 15
4172, 6
4173, 49
4174, 37
4175, 7
4176, 3
4177, 0
4178, 67
4179, 3
4180, 24
4181, 30
4182, 24
4183, 17
4184, 17
4185, 3
4186, 0
4187, 67
4188, 3
4189, 15
4190, 16
4191, 21
4192, 42
4193, 23
4194, 4
4195, 3
4196, 39
4197, 3
4198, 0
4199, 35
4200, 43
4201, 0
4202, 3
4203, 0
4204, 17
4205, 3
4206, 6
4207, 0
4208, 31
4209, 20
4210, 25
4211, 17
4212, 5
4213, 6
4214, 46
4215, 14
4216, 0
4217, 36
4218, 18
4219, 23
4220, 49
4221, 0
4222, 37
4223, 0
4224, 19
4225, 48
4226, 13
4227, 0
4228, 29
4229, 3
4230, 13
4231, 21
4232, 13
4233, 27
4234, 2
4235, 8
4236, 4
4237, 3
4238, 8
4239, 19
4240, 15
4241, 45
4242, 18
4243, 36
4244, 5
4245, 3
4246, 32
4247, 3
4248, 3
4249, 0
4250, 20
4251, 3
4252, 51
4253, 5
4254, 6
4255, 33
4256, 19
4257, 7
4258, 40
4259, 0
4260, 27
4261, 3
4262, 55
4263, 2
4264, 8
4265, 3
4266, 0
4267, 27
4268, 3
4269, 21
4270, 8
4271, 10
4272, 31
4273, 2
4274, 15
4275, 3
4276, 0
4277, 50
4278, 29
4279, 8
4280, 8
4281, 26
4282, 3
4283, 17
4284, 6
4285, 10
4286, 18
4287, 2
4288, 30
4289, 3
4290, 2
4291, 42
4292, 3
4293, 0
4294, 46
4295, 5
4296, 9
4297, 19
4298, 2
4299, 13
4300, 3
4301, 42
4302, 19
4303, 2
4304, 10
4305, 3
4306, 3
4307, 0
4308, 57
4309, 0
4310, 73
4311, 64
4312, 3
4313, 20
4314, 2
4315, 31
4316, 3
4317, 7
4318, 34
4319, 30
4320, 11
4321, 19
4322, 35
4323, 29
4324, 37
4325, 44
4326, 10
4327, 4
4328, 3
4329, 14
4330, 12
4331, 12
4332, 23
4333, 8
4334, 6
4335, 3
4336, 7
4337, 29
4338, 5
4339, 4
4340, 3
4341, 0
4342, 68
4343, 63
4344, 3
4345, 26
4346, 17
4347, 3
4348, 11
4349, 26
4350, 24
4351, 5
4352, 3
4353, 15
4354, 34
4355, 17
4356, 4
4357, 3
4358, 32
4359, 11
4360, 7
4361, 4
4362, 26
4363, 7
4364, 18
4365, 35
4366, 54
4367, 13
4368, 21
4369, 8
4370, 8
4371, 19
4372, 24
4373, 24
4374, 5
4375, 3
4376, 7
4377, 28
4378, 22
4379, 32
4380, 2
4381, 2
4382, 3
4383, 3
4384, 0
4385, 20
4386, 54
4387, 12
4388, 0
4389, 50
4390, 52
4391, 2
4392, 28
4393, 3
4394, 21
4395, 17
4396, 8
4397, 6
4398, 67
4399, 2
4400, 13
4401, 3
4402, 0
4403, 28
4404, 3
4405, 21
4406, 17
4407, 8
4408, 6
4409, 17
4410, 43
4411, 19
4412, 2
4413, 13
4414, 3
4415, 0
4416, 30
4417, 0
4418, 14
4419, 37
4420, 23
4421, 13
4422, 54
4423, 24
4424, 0
4425, 25
4426, 31
4427, 8
4428, 4
4429, 3
4430, 31
4431, 2
4432, 38
4433, 27
4434, 28
4435, 4
4436, 38
4437, 4
4438, 29
4439, 28
4440, 4
4441, 9
4442, 4
4443, 3
4444, 28
4445, 14
4446, 2
4447, 12
4448, 23
4449, 10
4450, 23
4451, 26
4452, 48
4453, 18
4454, 28
4455, 3
4456, 33
4457, 3
4458, 4
4459, 3
4460, 11
4461, 64
4462, 2
4463, 12
4464, 7
4465, 34
4466, 3
4467, 0
4468, 66
4469, 0
4470, 42
4471, 3
4472, 21
4473, 60
4474, 3
4475, 0
4476, 23
4477, 3
4478, 32
4479, 49
4480, 13
4481, 56
4482, 47
4483, 56
4484, 37
4485, 31
4486, 52
4487, 2
4488, 18
4489, 3
4490, 3
4491, 0
4492, 64
