1, 34
2, 38
3, 3
4, 39
5, 3
6, 26
7, 4
8, 1
9, 80
10, 79
11, 66
12, 63
13, 21
14, 59
15, 41
16, 4
17, 1
18, 12
19, 8
20, 28
21, 28
22, 7
23, 59
24, 33
25, 14
26, 17
27, 63
28, 48
29, 18
30, 52
31, 18
32, 9
33, 1
34, 67
35, 1
36, 25
37, 8
38, 29
39, 20
40, 7
41, 10
42, 20
43, 9
44, 1
45, 61
46, 21
47, 3
48, 34
49, 38
50, 3
51, 39
52, 45
53, 46
54, 30
55, 4
56, 56
57, 77
58, 86
59, 59
60, 78
61, 13
62, 33
63, 24
64, 72
65, 73
66, 69
67, 30
68, 19
69, 24
70, 76
71, 43
72, 79
73, 72
74, 35
75, 25
76, 66
77, 34
78, 38
79, 3
80, 33
81, 4
82, 1
83, 20
84, 57
85, 1
86, 25
87, 27
88, 1
89, 78
90, 65
91, 1
92, 32
93, 14
94, 28
95, 56
96, 70
97, 80
98, 47
99, 1
100, 24
101, 44
102, 59
103, 57
104, 66
105, 80
106, 64
107, 1
108, 13
109, 55
110, 80
111, 78
112, 1
113, 80
114, 21
115, 60
116, 41
117, 46
118, 38
119, 4
120, 21
121, 61
122, 11
123, 9
124, 1
125, 26
126, 5
127, 34
128, 32
129, 1
130, 17
131, 7
132, 42
133, 42
134, 51
135, 68
136, 40
137, 61
138, 53
139, 53
140, 6
141, 24
142, 24
143, 7
144, 1
145, 69
146, 7
147, 24
148, 6
149, 13
150, 73
151, 5
152, 14
153, 20
154, 10
155, 12
156, 28
157, 11
158, 28
159, 19
160, 21
161, 12
162, 6
163, 6
164, 13
165, 7
166, 1
167, 18
168, 50
169, 22
170, 1
171, 21
172, 7
173, 16
174, 15
175, 14
176, 38
177, 68
178, 22
179, 6
180, 47
181, 28
182, 47
183, 25
184, 12
185, 43
186, 11
187, 13
188, 12
189, 26
190, 36
191, 36
192, 31
193, 22
194, 9
195, 56
196, 31
197, 12
198, 5
199, 12
200, 6
201, 22
202, 6
203, 69
204, 28
205, 47
206, 18
207, 17
208, 31
209, 13
210, 8
211, 55
212, 57
213, 7
214, 62
215, 21
216, 55
217, 8
218, 5
219, 14
220, 6
221, 15
222, 32
223, 23
224, 27
225, 6
226, 25
227, 7
228, 1
229, 4
230, 1
231, 66
232, 21
233, 62
234, 41
235, 49
236, 4
237, 1
238, 25
239, 44
240, 4
241, 29
242, 29
243, 1
244, 15
245, 15
246, 1
247, 15
248, 44
249, 29
250, 1
251, 15
252, 11
253, 35
254, 1
255, 15
256, 11
257, 35
258, 1
259, 17
260, 11
261, 14
262, 44
263, 15
264, 1
265, 67
266, 68
267, 4
268, 24
269, 7
270, 39
271, 35
272, 6
273, 33
274, 27
275, 17
276, 28
277, 25
278, 7
279, 1
280, 60
281, 15
282, 3
283, 40
284, 38
285, 3
286, 39
287, 43
288, 64
289, 24
290, 4
291, 1
292, 20
293, 26
294, 1
295, 22
296, 7
297, 19
298, 6
299, 27
300, 5
301, 21
302, 10
303, 12
304, 14
305, 36
306, 9
307, 24
308, 35
309, 8
310, 42
311, 37
312, 10
313, 11
314, 17
315, 12
316, 6
317, 6
318, 13
319, 7
320, 1
321, 20
322, 6
323, 35
324, 47
325, 36
326, 26
327, 19
328, 24
329, 18
330, 12
331, 20
332, 36
333, 19
334, 37
335, 67
336, 30
337, 33
338, 65
339, 20
340, 70
341, 19
342, 21
343, 29
344, 76
345, 48
346, 20
347, 72
348, 21
349, 25
350, 31
351, 19
352, 21
353, 47
354, 48
355, 73
356, 54
357, 67
358, 20
359, 73
360, 21
361, 11
362, 19
363, 12
364, 21
365, 5
366, 15
367, 6
368, 1
369, 77
370, 1
371, 64
372, 40
373, 13
374, 3
375, 48
376, 3
377, 50
378, 3
379, 44
380, 3
381, 4
382, 1
383, 79
384, 1
385, 17
386, 1
387, 77
388, 64
389, 70
390, 52
391, 1
392, 49
393, 51
394, 21
395, 65
396, 14
397, 1
398, 32
399, 35
400, 56
401, 75
402, 1
403, 38
404, 38
405, 65
406, 7
407, 1
408, 74
409, 1
410, 45
411, 20
412, 37
413, 62
414, 60
415, 68
416, 1
417, 40
418, 67
419, 53
420, 53
421, 53
422, 53
423, 53
424, 46
425, 1
426, 45
427, 81
428, 60
429, 1
430, 75
431, 61
432, 61
433, 48
434, 1
435, 31
436, 31
437, 24
438, 66
439, 12
440, 1
441, 50
442, 38
443, 24
444, 21
445, 29
446, 28
447, 64
448, 13
449, 54
450, 1
451, 37
452, 34
453, 66
454, 65
455, 61
456, 51
457, 1
458, 23
459, 63
460, 52
461, 65
462, 25
463, 1
464, 17
465, 31
466, 68
467, 4
468, 1
469, 66
470, 21
471, 60
472, 41
473, 4
474, 1
475, 55
476, 1
477, 67
478, 1
479, 24
480, 6
481, 32
482, 24
483, 23
484, 35
485, 7
486, 32
487, 25
488, 9
489, 1
490, 61
491, 16
492, 3
493, 34
494, 38
495, 3
496, 50
497, 3
498, 44
499, 52
500, 31
501, 4
502, 1
503, 77
504, 67
505, 80
506, 21
507, 60
508, 41
509, 4
510, 1
511, 17
512, 7
513, 45
514, 29
515, 19
516, 42
517, 54
518, 20
519, 15
520, 33
521, 56
522, 19
523, 17
524, 6
525, 9
526, 7
527, 1
528, 67
529, 1
530, 24
531, 8
532, 28
533, 20
534, 27
535, 7
536, 44
537, 20
538, 9
539, 1
540, 61
541, 21
542, 61
543, 41
544, 52
545, 28
546, 4
547, 1
548, 18
549, 8
550, 20
551, 67
552, 23
553, 23
554, 26
555, 16
556, 14
557, 8
558, 10
559, 34
560, 38
561, 9
562, 21
563, 10
564, 31
565, 8
566, 62
567, 7
568, 19
569, 8
570, 20
571, 14
572, 16
573, 67
574, 26
575, 7
576, 15
577, 15
578, 67
579, 70
580, 71
581, 63
582, 12
583, 8
584, 1
585, 67
586, 1
587, 24
588, 8
589, 28
590, 20
591, 7
592, 16
593, 20
594, 9
595, 1
596, 1
597, 61
598, 21
599, 64
600, 41
601, 63
602, 3
603, 1
604, 20
605, 26
606, 4
607, 6
608, 19
609, 19
610, 19
611, 21
612, 37
613, 3
614, 24
615, 45
616, 21
617, 39
618, 7
619, 4
620, 1
621, 35
622, 36
623, 40
624, 40
625, 49
626, 58
627, 86
628, 62
629, 58
630, 54
631, 69
632, 86
633, 69
634, 68
635, 52
636, 41
637, 57
638, 37
639, 22
640, 26
641, 37
642, 31
643, 59
644, 41
645, 32
646, 22
647, 27
648, 45
649, 59
650, 38
651, 31
652, 49
653, 50
654, 41
655, 22
656, 32
657, 19
658, 11
659, 1
660, 67
661, 68
662, 1
663, 24
664, 44
665, 61
666, 29
667, 69
668, 11
669, 11
670, 1
671, 60
672, 21
673, 61
674, 41
675, 4
676, 1
677, 30
678, 18
679, 3
680, 40
681, 38
682, 3
683, 39
684, 49
685, 4
686, 1
687, 24
688, 60
689, 69
690, 38
691, 4
692, 22
693, 7
694, 76
695, 31
696, 15
697, 21
698, 15
699, 63
700, 23
701, 6
702, 17
703, 7
704, 1
705, 58
706, 71
707, 31
708, 4
709, 51
710, 64
711, 1
712, 32
713, 6
714, 36
715, 30
716, 15
717, 50
718, 48
719, 52
720, 14
721, 34
722, 32
723, 47
724, 18
725, 5
726, 16
727, 6
728, 1
729, 28
730, 6
731, 43
732, 5
733, 60
734, 19
735, 24
736, 24
737, 6
738, 1
739, 18
740, 7
741, 13
742, 1
743, 35
744, 36
745, 19
746, 9
747, 10
748, 36
749, 1
750, 26
751, 1
752, 42
753, 1
754, 31
755, 6
756, 57
757, 38
758, 13
759, 28
760, 12
761, 23
762, 16
763, 17
764, 52
765, 29
766, 11
767, 32
768, 13
769, 22
770, 5
771, 7
772, 6
773, 7
774, 1
775, 46
776, 15
777, 6
778, 49
779, 59
780, 58
781, 19
782, 5
783, 28
784, 4
785, 61
786, 20
787, 9
788, 11
789, 21
790, 10
791, 39
792, 9
793, 25
794, 15
795, 16
796, 36
797, 11
798, 25
799, 10
800, 10
801, 26
802, 11
803, 5
804, 39
805, 5
806, 20
807, 66
808, 6
809, 1
810, 40
811, 40
812, 9
813, 16
814, 69
815, 38
816, 4
817, 1
818, 21
819, 61
820, 41
821, 22
822, 4
823, 35
824, 2
825, 20
826, 26
827, 30
828, 1
829, 17
830, 6
831, 14
832, 20
833, 1
834, 31
835, 27
836, 1
837, 31
838, 37
839, 28
840, 30
841, 1
842, 38
843, 37
844, 1
845, 31
846, 30
847, 1
848, 27
849, 30
850, 8
851, 9
852, 33
853, 20
854, 19
855, 25
856, 14
857, 1
858, 11
859, 32
860, 8
861, 27
862, 9
863, 1
864, 11
865, 35
866, 8
867, 29
868, 29
869, 27
870, 27
871, 9
872, 1
873, 21
874, 1
875, 27
876, 5
877, 27
878, 31
879, 4
880, 23
881, 40
882, 43
883, 47
884, 19
885, 5
886, 1
887, 18
888, 5
889, 27
890, 31
891, 4
892, 23
893, 20
894, 25
895, 58
896, 15
897, 5
898, 1
899, 47
900, 1
901, 45
902, 1
903, 48
904, 5
905, 31
906, 17
907, 13
908, 15
909, 42
910, 47
911, 25
912, 5
913, 1
914, 30
915, 5
916, 26
917, 4
918, 22
919, 46
920, 32
921, 13
922, 5
923, 1
924, 24
925, 33
926, 24
927, 37
928, 1
929, 29
930, 5
931, 32
932, 25
933, 49
934, 53
935, 12
936, 59
937, 24
938, 24
939, 27
940, 26
941, 4
942, 27
943, 29
944, 29
945, 37
946, 5
947, 1
948, 34
949, 5
950, 59
951, 34
952, 4
953, 41
954, 28
955, 5
956, 1
957, 33
958, 5
959, 69
960, 32
961, 4
962, 40
963, 26
964, 5
965, 1
966, 26
967, 17
968, 21
969, 6
970, 8
971, 33
972, 7
973, 36
974, 34
975, 8
976, 1
977, 25
978, 17
979, 21
980, 6
981, 8
982, 31
983, 7
984, 34
985, 33
986, 8
987, 1
988, 20
989, 5
990, 25
991, 39
992, 12
993, 59
994, 24
995, 24
996, 31
997, 18
998, 4
999, 25
1000, 30
1001, 12
1002, 5
1003, 1
1004, 23
1005, 5
1006, 26
1007, 24
1008, 24
1009, 39
1010, 32
1011, 13
1012, 28
1013, 56
1014, 4
1015, 25
1016, 30
1017, 12
1018, 5
1019, 4
1020, 1
1021, 11
1022, 1
1023, 22
1024, 1
1025, 17
1026, 1
1027, 20
1028, 6
1029, 24
1030, 22
1031, 23
1032, 71
1033, 70
1034, 25
1035, 78
1036, 82
1037, 79
1038, 5
1039, 15
1040, 6
1041, 1
1042, 24
1043, 6
1044, 13
1045, 44
1046, 14
1047, 16
1048, 24
1049, 61
1050, 5
1051, 52
1052, 24
1053, 6
1054, 1
1055, 60
1056, 18
1057, 3
1058, 48
1059, 41
1060, 3
1061, 50
1062, 3
1063, 44
1064, 50
1065, 4
1066, 1
1067, 24
1068, 1
1069, 62
1070, 1
1071, 20
1072, 22
1073, 76
1074, 33
1075, 48
1076, 41
1077, 69
1078, 34
1079, 29
1080, 59
1081, 79
1082, 78
1083, 60
1084, 79
1085, 1
1086, 79
1087, 1
1088, 22
1089, 21
1090, 62
1091, 41
1092, 22
1093, 4
1094, 36
1095, 1
1096, 25
1097, 27
1098, 7
1099, 19
1100, 14
1101, 13
1102, 27
1103, 6
1104, 17
1105, 7
1106, 1
1107, 19
1108, 10
1109, 42
1110, 1
1111, 60
1112, 26
1113, 31
1114, 30
1115, 6
1116, 72
1117, 28
1118, 53
1119, 7
1120, 21
1121, 27
1122, 4
1123, 14
1124, 1
1125, 28
1126, 7
1127, 24
1128, 43
1129, 6
1130, 28
1131, 26
1132, 28
1133, 20
1134, 8
1135, 7
1136, 1
1137, 37
1138, 25
1139, 23
1140, 24
1141, 11
1142, 33
1143, 23
1144, 15
1145, 18
1146, 24
1147, 40
1148, 10
1149, 22
1150, 14
1151, 1
1152, 67
1153, 68
1154, 1
1155, 24
1156, 6
1157, 38
1158, 36
1159, 36
1160, 43
1161, 68
1162, 44
1163, 5
1164, 44
1165, 11
1166, 37
1167, 11
1168, 37
1169, 11
1170, 38
1171, 24
1172, 6
1173, 1
1174, 60
1175, 3
1176, 34
1177, 38
1178, 32
1179, 3
1180, 59
1181, 4
1182, 1
1183, 18
1184, 1
1185, 35
1186, 47
1187, 28
1188, 1
1189, 60
1190, 1
1191, 68
1192, 37
1193, 31
1194, 21
1195, 32
1196, 68
1197, 73
1198, 76
1199, 56
1200, 57
1201, 19
1202, 79
1203, 60
1204, 16
1205, 28
1206, 63
1207, 78
1208, 40
1209, 38
1210, 3
1211, 33
1212, 4
1213, 1
1214, 20
1215, 57
1216, 1
1217, 16
1218, 44
1219, 60
1220, 1
1221, 26
1222, 40
1223, 64
1224, 46
1225, 1
1226, 13
1227, 16
1228, 74
1229, 78
1230, 1
1231, 76
1232, 21
1233, 64
1234, 41
1235, 22
1236, 4
1237, 29
1238, 1
1239, 19
1240, 10
1241, 29
1242, 22
1243, 26
1244, 30
1245, 9
1246, 1
1247, 22
1248, 24
1249, 42
1250, 75
1251, 1
1252, 63
1253, 54
1254, 7
1255, 1
1256, 20
1257, 10
1258, 29
1259, 22
1260, 26
1261, 31
1262, 22
1263, 24
1264, 9
1265, 1
1266, 34
1267, 6
1268, 24
1269, 42
1270, 65
1271, 7
1272, 36
1273, 36
1274, 15
1275, 33
1276, 33
1277, 25
1278, 17
1279, 6
1280, 11
1281, 9
1282, 26
1283, 21
1284, 7
1285, 1
1286, 63
1287, 54
1288, 7
1289, 1
1290, 66
1291, 67
1292, 4
1293, 24
1294, 7
1295, 39
1296, 23
1297, 32
1298, 74
1299, 57
1300, 24
1301, 37
1302, 77
1303, 57
1304, 6
1305, 25
1306, 7
1307, 1
1308, 60
1309, 21
1310, 63
1311, 41
1312, 22
1313, 69
1314, 21
1315, 81
1316, 4
1317, 23
1318, 1
1319, 22
1320, 32
1321, 25
1322, 21
1323, 23
1324, 31
1325, 39
1326, 46
1327, 49
1328, 1
1329, 67
1330, 1
1331, 28
1332, 39
1333, 25
1334, 35
1335, 43
1336, 7
1337, 28
1338, 3
1339, 37
1340, 36
1341, 30
1342, 25
1343, 29
1344, 7
1345, 69
1346, 31
1347, 30
1348, 36
1349, 39
1350, 37
1351, 34
1352, 29
1353, 29
1354, 32
1355, 45
1356, 20
1357, 12
1358, 20
1359, 8
1360, 39
1361, 16
1362, 12
1363, 16
1364, 1
1365, 53
1366, 36
1367, 7
1368, 56
1369, 45
1370, 55
1371, 26
1372, 24
1373, 60
1374, 64
1375, 41
1376, 2
1377, 48
1378, 30
1379, 17
1380, 28
1381, 28
1382, 37
1383, 38
1384, 3
1385, 56
1386, 45
1387, 43
1388, 56
1389, 57
1390, 47
1391, 43
1392, 42
1393, 21
1394, 4
1395, 1
1396, 61
1397, 13
1398, 36
1399, 40
1400, 44
1401, 3
1402, 50
1403, 3
1404, 44
1405, 37
1406, 4
1407, 1
1408, 10
1409, 20
1410, 11
1411, 41
1412, 1
1413, 41
1414, 27
1415, 1
1416, 44
1417, 13
1418, 42
1419, 74
1420, 79
1421, 31
1422, 73
1423, 79
1424, 31
1425, 78
1426, 79
1427, 31
1428, 77
1429, 79
1430, 31
1431, 1
1432, 22
1433, 26
1434, 30
1435, 46
1436, 41
1437, 68
1438, 22
1439, 1
1440, 15
1441, 17
1442, 35
1443, 47
1444, 47
1445, 47
1446, 35
1447, 24
1448, 30
1449, 44
1450, 68
1451, 61
1452, 51
1453, 55
1454, 66
1455, 66
1456, 66
1457, 32
1458, 21
1459, 21
1460, 1
1461, 45
1462, 19
1463, 33
1464, 35
1465, 76
1466, 67
1467, 35
1468, 1
1469, 16
1470, 26
1471, 39
1472, 68
1473, 61
1474, 51
1475, 24
1476, 27
1477, 56
1478, 62
1479, 23
1480, 1
1481, 69
1482, 1
1483, 72
1484, 67
1485, 1
1486, 77
1487, 1
1488, 69
1489, 21
1490, 66
1491, 41
1492, 22
1493, 4
1494, 1
1495, 66
1496, 1
1497, 25
1498, 6
1499, 32
1500, 21
1501, 20
1502, 11
1503, 22
1504, 15
1505, 10
1506, 30
1507, 10
1508, 16
1509, 11
1510, 17
1511, 21
1512, 17
1513, 20
1514, 16
1515, 19
1516, 34
1517, 5
1518, 47
1519, 25
1520, 6
1521, 1
1522, 64
1523, 4
1524, 34
1525, 38
1526, 37
1527, 31
1528, 4
1529, 1
1530, 71
1531, 50
1532, 15
1533, 42
1534, 28
1535, 47
1536, 80
1537, 33
1538, 68
1539, 74
1540, 76
1541, 63
1542, 37
1543, 41
1544, 42
1545, 19
1546, 3
1547, 55
1548, 3
1549, 50
1550, 3
1551, 44
1552, 52
1553, 56
1554, 4
1555, 1
1556, 20
1557, 77
1558, 1
1559, 22
1560, 79
1561, 1
1562, 19
1563, 37
1564, 41
1565, 1
1566, 21
1567, 58
1568, 71
1569, 1
1570, 12
1571, 14
1572, 60
1573, 80
1574, 77
1575, 79
1576, 77
1577, 1
1578, 13
1579, 68
1580, 76
1581, 28
1582, 21
1583, 63
1584, 41
1585, 22
1586, 4
1587, 28
1588, 1
1589, 19
1590, 10
1591, 29
1592, 22
1593, 26
1594, 30
1595, 9
1596, 1
1597, 22
1598, 24
1599, 42
1600, 75
1601, 1
1602, 63
1603, 54
1604, 7
1605, 1
1606, 20
1607, 10
1608, 29
1609, 22
1610, 26
1611, 31
1612, 22
1613, 24
1614, 9
1615, 1
1616, 34
1617, 6
1618, 24
1619, 42
1620, 65
1621, 7
1622, 36
1623, 36
1624, 15
1625, 33
1626, 33
1627, 25
1628, 17
1629, 6
1630, 11
1631, 9
1632, 26
1633, 21
1634, 7
1635, 1
1636, 63
1637, 54
1638, 7
1639, 1
1640, 66
1641, 67
1642, 4
1643, 24
1644, 7
1645, 39
1646, 23
1647, 32
1648, 33
1649, 50
1650, 22
1651, 22
1652, 1
1653, 8
1654, 37
1655, 55
1656, 35
1657, 1
1658, 1
1659, 25
1660, 39
1661, 33
1662, 53
1663, 22
1664, 22
1665, 1
1666, 1
1667, 43
1668, 62
1669, 37
1670, 1
1671, 6
1672, 25
1673, 7
1674, 1
1675, 60
1676, 34
1677, 38
1678, 31
1679, 3
1680, 1
1681, 15
1682, 1
1683, 62
1684, 1
1685, 76
1686, 33
1687, 88
1688, 73
1689, 51
1690, 11
1691, 64
1692, 1
1693, 89
1694, 84
1695, 83
1696, 58
1697, 47
1698, 56
1699, 68
1700, 68
1701, 81
1702, 43
1703, 64
1704, 34
1705, 38
1706, 31
1707, 3
1708, 1
1709, 75
1710, 1
1711, 89
1712, 39
1713, 39
1714, 1
1715, 26
1716, 32
1717, 42
1718, 15
1719, 84
1720, 1
1721, 26
1722, 17
1723, 28
1724, 26
1725, 30
1726, 41
1727, 81
1728, 49
1729, 19
1730, 17
1731, 43
1732, 55
1733, 47
1734, 10
1735, 8
1736, 81
1737, 57
1738, 1
1739, 39
1740, 1
1741, 72
1742, 15
1743, 4
1744, 55
1745, 3
1746, 50
1747, 3
1748, 44
1749, 40
1750, 4
1751, 79
1752, 1
1753, 26
1754, 25
1755, 50
1756, 56
1757, 54
1758, 1
1759, 67
1760, 72
1761, 37
1762, 20
1763, 50
1764, 28
1765, 65
1766, 33
1767, 1
1768, 21
1769, 55
1770, 67
1771, 31
1772, 68
1773, 4
1774, 1
1775, 8
1776, 79
1777, 21
1778, 64
1779, 42
1780, 22
1781, 4
1782, 38
1783, 1
1784, 47
1785, 1
1786, 17
1787, 7
1788, 16
1789, 1
1790, 28
1791, 35
1792, 35
1793, 9
1794, 10
1795, 67
1796, 1
1797, 53
1798, 1
1799, 56
1800, 1
1801, 36
1802, 17
1803, 26
1804, 19
1805, 31
1806, 19
1807, 34
1808, 52
1809, 11
1810, 37
1811, 7
1812, 1
1813, 18
1814, 7
1815, 27
1816, 28
1817, 40
1818, 30
1819, 23
1820, 6
1821, 12
1822, 1
1823, 24
1824, 34
1825, 27
1826, 6
1827, 27
1828, 12
1829, 12
1830, 9
1831, 24
1832, 27
1833, 35
1834, 6
1835, 9
1836, 10
1837, 24
1838, 24
1839, 24
1840, 1
1841, 38
1842, 1
1843, 60
1844, 1
1845, 12
1846, 56
1847, 9
1848, 49
1849, 16
1850, 33
1851, 49
1852, 24
1853, 20
1854, 10
1855, 1
1856, 52
1857, 7
1858, 53
1859, 67
1860, 25
1861, 8
1862, 3
1863, 63
1864, 24
1865, 13
1866, 14
1867, 1
1868, 27
1869, 46
1870, 1
1871, 30
1872, 1
1873, 24
1874, 39
1875, 19
1876, 23
1877, 1
1878, 25
1879, 13
1880, 36
1881, 45
1882, 5
1883, 19
1884, 40
1885, 21
1886, 30
1887, 41
1888, 49
1889, 29
1890, 67
1891, 23
1892, 7
1893, 3
1894, 24
1895, 9
1896, 42
1897, 46
1898, 9
1899, 18
1900, 31
1901, 28
1902, 1
1903, 49
1904, 12
1905, 18
1906, 49
1907, 32
1908, 21
1909, 38
1910, 23
1911, 29
1912, 33
1913, 27
1914, 21
1915, 16
1916, 39
1917, 26
1918, 33
1919, 19
1920, 12
1921, 6
1922, 49
1923, 25
1924, 33
1925, 19
1926, 57
1927, 18
1928, 1
1929, 25
1930, 38
1931, 26
1932, 17
1933, 25
1934, 6
1935, 1
1936, 28
1937, 9
1938, 60
1939, 1
1940, 45
1941, 1
1942, 38
1943, 25
1944, 23
1945, 36
1946, 45
1947, 16
1948, 28
1949, 1
1950, 37
1951, 36
1952, 15
1953, 22
1954, 6
1955, 1
1956, 7
1957, 1
1958, 31
1959, 39
1960, 1
1961, 18
1962, 17
1963, 21
1964, 21
1965, 21
1966, 25
1967, 1
1968, 17
1969, 22
1970, 68
1971, 31
1972, 37
1973, 46
1974, 40
1975, 14
1976, 15
1977, 23
1978, 38
1979, 19
1980, 37
1981, 32
1982, 1
1983, 17
1984, 21
1985, 6
1986, 23
1987, 72
1988, 32
1989, 38
1990, 47
1991, 16
1992, 16
1993, 24
1994, 39
1995, 20
1996, 38
1997, 32
1998, 7
1999, 1
2000, 66
2001, 82
2002, 1
2003, 24
2004, 7
2005, 39
2006, 49
2007, 49
2008, 28
2009, 55
2010, 48
2011, 15
2012, 34
2013, 6
2014, 9
2015, 7
2016, 1
2017, 63
2018, 14
2019, 3
2020, 57
2021, 3
2022, 50
2023, 3
2024, 44
2025, 50
2026, 4
2027, 1
2028, 20
2029, 44
2030, 1
2031, 45
2032, 74
2033, 1
2034, 15
2035, 43
2036, 54
2037, 1
2038, 17
2039, 77
2040, 64
2041, 40
2042, 38
2043, 35
2044, 70
2045, 79
2046, 43
2047, 4
2048, 1
2049, 28
2050, 23
2051, 27
2052, 1
2053, 16
2054, 10
2055, 43
2056, 1
2057, 37
2058, 1
2059, 59
2060, 1
2061, 77
2062, 1
2063, 44
2064, 1
2065, 48
2066, 1
2067, 12
2068, 48
2069, 44
2070, 9
2071, 25
2072, 25
2073, 10
2074, 7
2075, 1
2076, 19
2077, 10
2078, 54
2079, 7
2080, 1
2081, 16
2082, 10
2083, 50
2084, 1
2085, 12
2086, 56
2087, 9
2088, 37
2089, 33
2090, 8
2091, 54
2092, 9
2093, 9
2094, 35
2095, 9
2096, 36
2097, 8
2098, 54
2099, 9
2100, 31
2101, 9
2102, 36
2103, 8
2104, 36
2105, 17
2106, 35
2107, 9
2108, 13
2109, 23
2110, 12
2111, 31
2112, 10
2113, 12
2114, 22
2115, 11
2116, 32
2117, 12
2118, 13
2119, 10
2120, 9
2121, 10
2122, 7
2123, 1
2124, 18
2125, 10
2126, 19
2127, 29
2128, 23
2129, 28
2130, 1
2131, 49
2132, 6
2133, 31
2134, 36
2135, 43
2136, 41
2137, 42
2138, 5
2139, 12
2140, 6
2141, 3
2142, 49
2143, 40
2144, 6
2145, 32
2146, 22
2147, 29
2148, 40
2149, 15
2150, 44
2151, 49
2152, 11
2153, 38
2154, 12
2155, 10
2156, 26
2157, 56
2158, 11
2159, 5
2160, 42
2161, 6
2162, 1
2163, 58
2164, 1
2165, 40
2166, 42
2167, 6
2168, 46
2169, 5
2170, 36
2171, 10
2172, 12
2173, 34
2174, 11
2175, 25
2176, 9
2177, 11
2178, 12
2179, 60
2180, 10
2181, 28
2182, 44
2183, 15
2184, 10
2185, 11
2186, 12
2187, 6
2188, 1
2189, 80
2190, 12
2191, 61
2192, 53
2193, 30
2194, 60
2195, 1
2196, 43
2197, 6
2198, 58
2199, 5
2200, 27
2201, 10
2202, 12
2203, 38
2204, 23
2205, 67
2206, 17
2207, 55
2208, 48
2209, 4
2210, 60
2211, 39
2212, 16
2213, 26
2214, 59
2215, 19
2216, 14
2217, 11
2218, 43
2219, 12
2220, 6
2221, 7
2222, 1
2223, 23
2224, 37
2225, 10
2226, 17
2227, 9
2228, 55
2229, 11
2230, 1
2231, 59
2232, 1
2233, 45
2234, 7
2235, 66
2236, 6
2237, 51
2238, 37
2239, 7
2240, 1
2241, 33
2242, 8
2243, 55
2244, 49
2245, 53
2246, 7
2247, 67
2248, 8
2249, 1
2250, 9
2251, 7
2252, 20
2253, 80
2254, 17
2255, 68
2256, 29
2257, 61
2258, 22
2259, 6
2260, 57
2261, 7
2262, 40
2263, 38
2264, 35
2265, 32
2266, 4
2267, 1
2268, 55
2269, 27
2270, 30
2271, 54
2272, 74
2273, 74
2274, 65
2275, 54
2276, 73
2277, 34
2278, 40
2279, 49
2280, 49
2281, 34
2282, 36
2283, 26
2284, 36
2285, 62
2286, 5
2287, 8
2288, 41
2289, 49
2290, 56
2291, 57
2292, 8
2293, 31
2294, 52
2295, 55
2296, 30
2297, 46
2298, 9
2299, 52
2300, 59
2301, 37
2302, 46
2303, 32
2304, 44
2305, 40
2306, 44
2307, 71
2308, 21
2309, 41
2310, 31
2311, 54
2312, 37
2313, 32
2314, 31
2315, 59
2316, 53
2317, 9
2318, 5
2319, 8
2320, 80
2321, 59
2322, 31
2323, 43
2324, 28
2325, 44
2326, 67
2327, 53
2328, 28
2329, 57
2330, 24
2331, 5
2332, 8
2333, 28
2334, 26
2335, 45
2336, 50
2337, 37
2338, 55
2339, 42
2340, 8
2341, 30
2342, 56
2343, 64
2344, 69
2345, 8
2346, 9
2347, 22
2348, 74
2349, 57
2350, 62
2351, 45
2352, 8
2353, 34
2354, 38
2355, 31
2356, 3
2357, 1
2358, 100
2359, 1
2360, 59
2361, 1
2362, 70
2363, 1
2364, 101
2365, 1
2366, 100
2367, 1
2368, 62
2369, 44
2370, 70
2371, 1
2372, 73
2373, 71
2374, 82
2375, 46
2376, 58
2377, 80
2378, 21
2379, 66
2380, 41
2381, 22
2382, 4
2383, 1
2384, 27
2385, 7
2386, 21
2387, 21
2388, 8
2389, 7
2390, 1
2391, 16
2392, 10
2393, 15
2394, 1
2395, 19
2396, 3
2397, 8
2398, 7
2399, 1
2400, 19
2401, 10
2402, 18
2403, 1
2404, 27
2405, 1
2406, 22
2407, 1
2408, 66
2409, 1
2410, 28
2411, 47
2412, 33
2413, 7
2414, 1
2415, 19
2416, 10
2417, 18
2418, 1
2419, 26
2420, 51
2421, 35
2422, 37
2423, 47
2424, 30
2425, 7
2426, 1
2427, 17
2428, 10
2429, 16
2430, 1
2431, 35
2432, 1
2433, 39
2434, 1
2435, 52
2436, 1
2437, 37
2438, 1
2439, 38
2440, 1
2441, 33
2442, 1
2443, 33
2444, 6
2445, 24
2446, 18
2447, 30
2448, 16
2449, 18
2450, 31
2451, 32
2452, 18
2453, 6
2454, 7
2455, 1
2456, 18
2457, 10
2458, 17
2459, 2
2460, 48
2461, 6
2462, 28
2463, 19
2464, 12
2465, 26
2466, 16
2467, 14
2468, 25
2469, 24
2470, 22
2471, 16
2472, 23
2473, 12
2474, 22
2475, 18
2476, 28
2477, 28
2478, 26
2479, 53
2480, 6
2481, 7
2482, 1
2483, 17
2484, 10
2485, 16
2486, 3
2487, 24
2488, 22
2489, 7
2490, 1
2491, 19
2492, 10
2493, 18
2494, 1
2495, 22
2496, 3
2497, 43
2498, 49
2499, 7
2500, 1
2501, 24
2502, 1
2503, 19
2504, 10
2505, 19
2506, 14
2507, 33
2508, 22
2509, 23
2510, 19
2511, 7
2512, 1
2513, 17
2514, 7
2515, 16
2516, 1
2517, 30
2518, 46
2519, 47
2520, 32
2521, 34
2522, 9
2523, 10
2524, 44
2525, 22
2526, 1
2527, 45
2528, 37
2529, 19
2530, 1
2531, 37
2532, 6
2533, 19
2534, 39
2535, 27
2536, 8
2537, 6
2538, 1
2539, 44
2540, 57
2541, 3
2542, 40
2543, 54
2544, 1
2545, 44
2546, 7
2547, 1
2548, 42
2549, 15
2550, 7
2551, 79
2552, 20
2553, 10
2554, 23
2555, 1
2556, 52
2557, 71
2558, 43
2559, 68
2560, 10
2561, 51
2562, 23
2563, 47
2564, 50
2565, 50
2566, 18
2567, 33
2568, 3
2569, 36
2570, 26
2571, 20
2572, 19
2573, 37
2574, 30
2575, 9
2576, 10
2577, 23
2578, 51
2579, 23
2580, 22
2581, 25
2582, 25
2583, 18
2584, 33
2585, 1
2586, 56
2587, 1
2588, 1
2589, 81
2590, 76
2591, 28
2592, 10
2593, 36
2594, 63
2595, 13
2596, 13
2597, 29
2598, 6
2599, 35
2600, 27
2601, 48
2602, 39
2603, 35
2604, 16
2605, 40
2606, 12
2607, 16
2608, 63
2609, 15
2610, 17
2611, 11
2612, 34
2613, 32
2614, 27
2615, 14
2616, 9
2617, 11
2618, 46
2619, 42
2620, 11
2621, 38
2622, 22
2623, 33
2624, 17
2625, 32
2626, 19
2627, 44
2628, 40
2629, 31
2630, 50
2631, 11
2632, 12
2633, 40
2634, 13
2635, 23
2636, 45
2637, 33
2638, 16
2639, 5
2640, 43
2641, 6
2642, 1
2643, 73
2644, 78
2645, 46
2646, 9
2647, 81
2648, 76
2649, 82
2650, 10
2651, 40
2652, 6
2653, 24
2654, 24
2655, 21
2656, 26
2657, 24
2658, 38
2659, 39
2660, 27
2661, 12
2662, 30
2663, 32
2664, 24
2665, 29
2666, 59
2667, 70
2668, 11
2669, 61
2670, 8
2671, 50
2672, 54
2673, 35
2674, 40
2675, 28
2676, 38
2677, 36
2678, 48
2679, 31
2680, 60
2681, 9
2682, 31
2683, 60
2684, 18
2685, 18
2686, 26
2687, 11
2688, 25
2689, 39
2690, 27
2691, 10
2692, 19
2693, 18
2694, 22
2695, 11
2696, 24
2697, 11
2698, 25
2699, 11
2700, 36
2701, 26
2702, 53
2703, 17
2704, 27
2705, 26
2706, 18
2707, 22
2708, 11
2709, 20
2710, 17
2711, 28
2712, 20
2713, 25
2714, 55
2715, 12
2716, 49
2717, 14
2718, 11
2719, 28
2720, 27
2721, 29
2722, 13
2723, 21
2724, 17
2725, 28
2726, 20
2727, 24
2728, 55
2729, 12
2730, 49
2731, 14
2732, 12
2733, 15
2734, 19
2735, 16
2736, 60
2737, 11
2738, 45
2739, 46
2740, 30
2741, 13
2742, 21
2743, 11
2744, 52
2745, 11
2746, 14
2747, 18
2748, 15
2749, 58
2750, 10
2751, 42
2752, 11
2753, 42
2754, 60
2755, 62
2756, 9
2757, 24
2758, 52
2759, 50
2760, 74
2761, 37
2762, 48
2763, 55
2764, 48
2765, 67
2766, 69
2767, 72
2768, 46
2769, 42
2770, 16
2771, 24
2772, 43
2773, 6
2774, 13
2775, 67
2776, 13
2777, 16
2778, 28
2779, 38
2780, 41
2781, 36
2782, 18
2783, 21
2784, 7
2785, 5
2786, 37
2787, 23
2788, 21
2789, 45
2790, 44
2791, 44
2792, 23
2793, 6
2794, 7
2795, 7
2796, 1
2797, 15
2798, 7
2799, 13
2800, 1
2801, 30
2802, 26
2803, 20
2804, 19
2805, 37
2806, 27
2807, 9
2808, 10
2809, 78
2810, 20
2811, 10
2812, 23
2813, 3
2814, 52
2815, 60
2816, 43
2817, 10
2818, 45
2819, 22
2820, 23
2821, 26
2822, 18
2823, 1
2824, 61
2825, 1
2826, 1
2827, 75
2828, 16
2829, 18
2830, 36
2831, 6
2832, 27
2833, 67
2834, 12
2835, 15
2836, 35
2837, 15
2838, 17
2839, 11
2840, 44
2841, 17
2842, 22
2843, 33
2844, 39
2845, 14
2846, 12
2847, 21
2848, 42
2849, 13
2850, 6
2851, 1
2852, 42
2853, 17
2854, 22
2855, 30
2856, 44
2857, 39
2858, 3
2859, 78
2860, 76
2861, 18
2862, 9
2863, 68
2864, 57
2865, 78
2866, 71
2867, 10
2868, 74
2869, 6
2870, 35
2871, 27
2872, 31
2873, 29
2874, 28
2875, 53
2876, 28
2877, 31
2878, 48
2879, 32
2880, 23
2881, 24
2882, 34
2883, 54
2884, 55
2885, 12
2886, 12
2887, 17
2888, 42
2889, 12
2890, 29
2891, 23
2892, 16
2893, 18
2894, 35
2895, 25
2896, 16
2897, 10
2898, 27
2899, 44
2900, 27
2901, 29
2902, 11
2903, 44
2904, 20
2905, 31
2906, 45
2907, 14
2908, 39
2909, 33
2910, 39
2911, 26
2912, 35
2913, 30
2914, 13
2915, 54
2916, 22
2917, 14
2918, 29
2919, 12
2920, 46
2921, 24
2922, 13
2923, 9
2924, 11
2925, 27
2926, 17
2927, 48
2928, 24
2929, 16
2930, 38
2931, 21
2932, 29
2933, 11
2934, 11
2935, 25
2936, 60
2937, 28
2938, 24
2939, 22
2940, 37
2941, 38
2942, 37
2943, 49
2944, 51
2945, 12
2946, 19
2947, 11
2948, 31
2949, 15
2950, 43
2951, 35
2952, 41
2953, 12
2954, 25
2955, 31
2956, 40
2957, 20
2958, 52
2959, 37
2960, 17
2961, 20
2962, 29
2963, 59
2964, 55
2965, 13
2966, 24
2967, 32
2968, 43
2969, 50
2970, 13
2971, 23
2972, 29
2973, 56
2974, 39
2975, 49
2976, 24
2977, 27
2978, 22
2979, 6
2980, 1
2981, 81
2982, 76
2983, 17
2984, 9
2985, 79
2986, 27
2987, 10
2988, 75
2989, 6
2990, 61
2991, 32
2992, 26
2993, 34
2994, 16
2995, 32
2996, 39
2997, 38
2998, 43
2999, 68
3000, 12
3001, 11
3002, 26
3003, 31
3004, 23
3005, 21
3006, 35
3007, 34
3008, 10
3009, 9
3010, 11
3011, 31
3012, 11
3013, 58
3014, 8
3015, 22
3016, 18
3017, 16
3018, 37
3019, 17
3020, 19
3021, 24
3022, 27
3023, 13
3024, 13
3025, 43
3026, 14
3027, 23
3028, 25
3029, 24
3030, 44
3031, 42
3032, 47
3033, 16
3034, 15
3035, 9
3036, 64
3037, 52
3038, 24
3039, 22
3040, 69
3041, 21
3042, 34
3043, 54
3044, 47
3045, 13
3046, 21
3047, 59
3048, 6
3049, 13
3050, 24
3051, 37
3052, 41
3053, 13
3054, 64
3055, 40
3056, 16
3057, 8
3058, 7
3059, 49
3060, 36
3061, 22
3062, 24
3063, 24
3064, 22
3065, 6
3066, 1
3067, 7
3068, 1
3069, 18
3070, 7
3071, 26
3072, 6
3073, 12
3074, 1
3075, 61
3076, 62
3077, 6
3078, 1
3079, 13
3080, 1
3081, 25
3082, 17
3083, 26
3084, 38
3085, 38
3086, 19
3087, 22
3088, 32
3089, 29
3090, 26
3091, 27
3092, 23
3093, 9
3094, 10
3095, 18
3096, 1
3097, 36
3098, 27
3099, 41
3100, 44
3101, 18
3102, 20
3103, 22
3104, 1
3105, 38
3106, 1
3107, 60
3108, 66
3109, 30
3110, 29
3111, 35
3112, 1
3113, 46
3114, 80
3115, 1
3116, 3
3117, 27
3118, 9
3119, 18
3120, 21
3121, 21
3122, 1
3123, 34
3124, 12
3125, 26
3126, 43
3127, 16
3128, 13
3129, 12
3130, 7
3131, 16
3132, 19
3133, 16
3134, 30
3135, 24
3136, 26
3137, 39
3138, 23
3139, 30
3140, 24
3141, 26
3142, 39
3143, 6
3144, 18
3145, 37
3146, 41
3147, 30
3148, 7
3149, 26
3150, 12
3151, 6
3152, 1
3153, 25
3154, 63
3155, 25
3156, 34
3157, 7
3158, 1
3159, 6
3160, 15
3161, 3
3162, 17
3163, 23
3164, 27
3165, 11
3166, 53
3167, 45
3168, 24
3169, 15
3170, 13
3171, 16
3172, 16
3173, 24
3174, 39
3175, 34
3176, 4
3177, 1
3178, 36
3179, 1
3180, 23
3181, 1
3182, 13
3183, 7
3184, 23
3185, 31
3186, 23
3187, 18
3188, 18
3189, 25
3190, 39
3191, 14
3192, 7
3193, 1
3194, 67
3195, 1
3196, 33
3197, 4
3198, 6
3199, 31
3200, 57
3201, 32
3202, 3
3203, 66
3204, 48
3205, 13
3206, 36
3207, 9
3208, 38
3209, 8
3210, 31
3211, 29
3212, 17
3213, 14
3214, 35
3215, 30
3216, 36
3217, 7
3218, 23
3219, 8
3220, 27
3221, 37
3222, 23
3223, 46
3224, 21
3225, 55
3226, 25
3227, 22
3228, 38
3229, 38
3230, 39
3231, 16
3232, 17
3233, 67
3234, 12
3235, 25
3236, 8
3237, 11
3238, 9
3239, 4
3240, 1
3241, 35
3242, 7
3243, 22
3244, 6
3245, 74
3246, 7
3247, 1
3248, 66
3249, 4
3250, 24
3251, 7
3252, 39
3253, 49
3254, 24
3255, 9
3256, 7
3257, 1
3258, 60
3259, 28
3260, 3
3261, 40
3262, 38
3263, 3
3264, 39
3265, 72
3266, 4
3267, 1
3268, 17
3269, 6
3270, 42
3271, 52
3272, 14
3273, 10
3274, 17
3275, 26
3276, 56
3277, 67
3278, 15
3279, 5
3280, 37
3281, 6
3282, 1
3283, 62
3284, 36
3285, 6
3286, 22
3287, 11
3288, 12
3289, 6
3290, 8
3291, 33
3292, 67
3293, 51
3294, 7
3295, 26
3296, 8
3297, 5
3298, 33
3299, 6
3300, 1
3301, 41
3302, 6
3303, 55
3304, 30
3305, 18
3306, 10
3307, 12
3308, 6
3309, 9
3310, 29
3311, 17
3312, 35
3313, 64
3314, 7
3315, 37
3316, 8
3317, 5
3318, 12
3319, 6
3320, 1
3321, 18
3322, 7
3323, 13
3324, 1
3325, 35
3326, 36
3327, 19
3328, 9
3329, 10
3330, 36
3331, 1
3332, 26
3333, 1
3334, 42
3335, 1
3336, 31
3337, 6
3338, 57
3339, 38
3340, 13
3341, 28
3342, 12
3343, 23
3344, 16
3345, 17
3346, 52
3347, 29
3348, 11
3349, 32
3350, 13
3351, 22
3352, 5
3353, 7
3354, 6
3355, 7
3356, 1
3357, 30
3358, 7
3359, 32
3360, 25
3361, 6
3362, 19
3363, 7
3364, 4
3365, 25
3366, 41
3367, 20
3368, 20
3369, 55
3370, 49
3371, 39
3372, 1
3373, 27
3374, 1
3375, 1
3376, 21
3377, 67
3378, 41
3379, 14
3380, 4
3381, 1
3382, 19
3383, 21
3384, 1
3385, 40
3386, 39
3387, 1
3388, 21
3389, 60
3390, 1
3391, 46
3392, 1
3393, 17
3394, 40
3395, 9
3396, 67
3397, 13
3398, 6
3399, 1
3400, 32
3401, 34
3402, 30
3403, 52
3404, 58
3405, 11
3406, 79
3407, 45
3408, 15
3409, 8
3410, 7
3411, 60
3412, 26
3413, 16
3414, 37
3415, 36
3416, 24
3417, 19
3418, 32
3419, 91
3420, 55
3421, 35
3422, 15
3423, 47
3424, 16
3425, 37
3426, 16
3427, 47
3428, 56
3429, 36
3430, 15
3431, 58
3432, 93
3433, 45
3434, 49
3435, 85
3436, 55
3437, 23
3438, 76
3439, 16
3440, 36
3441, 2
3442, 18
3443, 7
3444, 92
3445, 43
3446, 5
3447, 18
3448, 18
3449, 25
3450, 6
3451, 1
3452, 23
3453, 74
3454, 27
3455, 1
3456, 61
3457, 1
3458, 21
3459, 61
3460, 41
3461, 32
3462, 4
3463, 1
3464, 16
3465, 1
3466, 38
3467, 1
3468, 14
3469, 7
3470, 19
3471, 14
3472, 56
3473, 10
3474, 13
3475, 7
3476, 1
3477, 25
3478, 14
3479, 10
3480, 25
3481, 9
3482, 11
3483, 17
3484, 18
3485, 61
3486, 14
3487, 49
3488, 11
3489, 29
3490, 13
3491, 1
3492, 67
3493, 66
3494, 1
3495, 40
3496, 4
3497, 15
3498, 12
3499, 19
3500, 34
3501, 1
3502, 34
3503, 35
3504, 20
3505, 30
3506, 48
3507, 20
3508, 8
3509, 1
3510, 61
3511, 3
3512, 3
3513, 40
3514, 38
3515, 3
3516, 35
3517, 35
3518, 42
3519, 4
3520, 1
3521, 20
3522, 26
3523, 1
3524, 65
3525, 4
3526, 28
3527, 6
3528, 28
3529, 5
3530, 24
3531, 23
3532, 25
3533, 62
3534, 6
3535, 1
3536, 29
3537, 7
3538, 29
3539, 6
3540, 25
3541, 24
3542, 26
3543, 63
3544, 7
3545, 1
3546, 30
3547, 7
3548, 48
3549, 6
3550, 28
3551, 31
3552, 7
3553, 1
3554, 77
3555, 29
3556, 29
3557, 81
3558, 1
3559, 17
3560, 18
3561, 9
3562, 22
3563, 38
3564, 43
3565, 1
3566, 58
3567, 34
3568, 10
3569, 21
3570, 66
3571, 41
3572, 4
3573, 1
3574, 13
3575, 1
3576, 65
3577, 1
3578, 20
3579, 8
3580, 47
3581, 21
3582, 20
3583, 7
3584, 39
3585, 30
3586, 31
3587, 17
3588, 63
3589, 58
3590, 4
3591, 24
3592, 6
3593, 1
3594, 28
3595, 29
3596, 20
3597, 24
3598, 37
3599, 7
3600, 42
3601, 16
3602, 45
3603, 23
3604, 8
3605, 4
3606, 22
3607, 28
3608, 8
3609, 1
3610, 67
3611, 1
3612, 24
3613, 8
3614, 28
3615, 20
3616, 7
3617, 16
3618, 20
3619, 9
3620, 1
3621, 1
3622, 61
3623, 21
3624, 62
3625, 41
3626, 22
3627, 4
3628, 1
3629, 66
3630, 67
3631, 1
3632, 22
3633, 1
3634, 18
3635, 7
3636, 16
3637, 1
3638, 39
3639, 30
3640, 26
3641, 9
3642, 10
3643, 39
3644, 24
3645, 27
3646, 1
3647, 45
3648, 6
3649, 21
3650, 19
3651, 29
3652, 29
3653, 13
3654, 24
3655, 9
3656, 11
3657, 43
3658, 15
3659, 31
3660, 18
3661, 21
3662, 12
3663, 11
3664, 15
3665, 13
3666, 46
3667, 30
3668, 8
3669, 6
3670, 1
3671, 46
3672, 26
3673, 48
3674, 1
3675, 45
3676, 7
3677, 1
3678, 24
3679, 7
3680, 18
3681, 68
3682, 39
3683, 33
3684, 56
3685, 54
3686, 6
3687, 9
3688, 7
3689, 1
3690, 60
3691, 21
3692, 62
3693, 38
3694, 4
3695, 1
3696, 19
3697, 41
3698, 54
3699, 71
3700, 2
3701, 19
3702, 26
3703, 20
3704, 76
3705, 64
3706, 34
3707, 68
3708, 15
3709, 3
3710, 40
3711, 38
3712, 3
3713, 39
3714, 42
3715, 4
3716, 1
3717, 13
3718, 1
3719, 22
3720, 17
3721, 1
3722, 67
3723, 19
3724, 26
3725, 21
3726, 1
3727, 39
3728, 26
3729, 7
3730, 19
3731, 16
3732, 6
3733, 35
3734, 30
3735, 50
3736, 5
3737, 32
3738, 6
3739, 6
3740, 13
3741, 7
3742, 1
3743, 18
3744, 6
3745, 48
3746, 37
3747, 14
3748, 54
3749, 42
3750, 29
3751, 32
3752, 5
3753, 8
3754, 6
3755, 1
3756, 15
3757, 6
3758, 48
3759, 25
3760, 58
3761, 39
3762, 14
3763, 16
3764, 40
3765, 47
3766, 11
3767, 14
3768, 20
3769, 47
3770, 44
3771, 37
3772, 35
3773, 32
3774, 5
3775, 58
3776, 49
3777, 6
3778, 1
3779, 68
3780, 22
3781, 34
3782, 46
3783, 47
3784, 33
3785, 9
3786, 33
3787, 26
3788, 61
3789, 19
3790, 3
3791, 40
3792, 38
3793, 3
3794, 39
3795, 42
3796, 3
3797, 4
3798, 1
3799, 12
3800, 1
3801, 22
3802, 17
3803, 1
3804, 67
3805, 21
3806, 26
3807, 21
3808, 1
3809, 39
3810, 26
3811, 7
3812, 19
3813, 16
3814, 6
3815, 35
3816, 30
3817, 50
3818, 5
3819, 32
3820, 6
3821, 6
3822, 13
3823, 7
3824, 1
3825, 18
3826, 6
3827, 48
3828, 37
3829, 14
3830, 54
3831, 42
3832, 29
3833, 32
3834, 5
3835, 8
3836, 6
3837, 1
3838, 15
3839, 6
3840, 48
3841, 25
3842, 58
3843, 39
3844, 14
3845, 16
3846, 40
3847, 47
3848, 11
3849, 14
3850, 20
3851, 47
3852, 44
3853, 37
3854, 35
3855, 32
3856, 5
3857, 58
3858, 49
3859, 6
3860, 1
3861, 68
3862, 22
3863, 34
3864, 46
3865, 47
3866, 33
3867, 9
3868, 33
3869, 26
3870, 61
3871, 40
3872, 38
3873, 3
3874, 33
3875, 4
3876, 1
3877, 20
3878, 76
3879, 60
3880, 77
3881, 1
3882, 20
3883, 68
3884, 46
3885, 1
3886, 44
3887, 18
3888, 76
3889, 1
3890, 76
3891, 69
3892, 1
3893, 13
3894, 74
3895, 1
3896, 43
3897, 44
3898, 1
3899, 12
3900, 79
3901, 28
3902, 80
3903, 78
3904, 73
3905, 19
3906, 1
3907, 13
3908, 12
3909, 42
3910, 71
3911, 72
3912, 27
3913, 79
3914, 76
3915, 1
3916, 31
3917, 80
3918, 19
3919, 3
3920, 40
3921, 38
3922, 3
3923, 39
3924, 42
3925, 4
3926, 1
3927, 10
3928, 1
3929, 22
3930, 17
3931, 1
3932, 67
3933, 23
3934, 26
3935, 21
3936, 1
3937, 39
3938, 26
3939, 7
3940, 19
3941, 16
3942, 6
3943, 35
3944, 30
3945, 50
3946, 5
3947, 32
3948, 6
3949, 6
3950, 13
3951, 7
3952, 1
3953, 18
3954, 6
3955, 48
3956, 37
3957, 14
3958, 54
3959, 42
3960, 29
3961, 32
3962, 5
3963, 8
3964, 6
3965, 1
3966, 15
3967, 6
3968, 48
3969, 25
3970, 58
3971, 39
3972, 14
3973, 16
3974, 40
3975, 47
3976, 11
3977, 14
3978, 20
3979, 47
3980, 44
3981, 37
3982, 35
3983, 32
3984, 5
3985, 58
3986, 49
3987, 6
3988, 1
3989, 68
3990, 22
3991, 34
3992, 46
3993, 47
3994, 33
3995, 9
3996, 33
3997, 26
3998, 61
3999, 4
4000, 41
4001, 38
4002, 36
4003, 4
4004, 1
4005, 23
4006, 8
4007, 31
4008, 1
4009, 43
4010, 14
4011, 26
4012, 38
4013, 44
4014, 48
4015, 35
4016, 13
4017, 27
4018, 14
4019, 1
4020, 31
4021, 70
4022, 1
4023, 59
4024, 7
4025, 27
4026, 56
4027, 8
4028, 1
4029, 54
4030, 1
4031, 84
4032, 21
4033, 58
4034, 41
4035, 22
4036, 4
4037, 32
4038, 1
4039, 25
4040, 4
4041, 15
4042, 15
4043, 15
4044, 15
4045, 38
4046, 25
4047, 1
4048, 24
4049, 7
4050, 57
4051, 45
4052, 6
4053, 19
4054, 10
4055, 31
4056, 25
4057, 7
4058, 1
4059, 26
4060, 24
4061, 21
4062, 20
4063, 1
4064, 30
4065, 12
4066, 11
4067, 6
4068, 26
4069, 5
4070, 20
4071, 52
4072, 38
4073, 39
4074, 43
4075, 6
4076, 35
4077, 1
4078, 26
4079, 16
4080, 9
4081, 22
4082, 8
4083, 16
4084, 48
4085, 34
4086, 35
4087, 35
4088, 9
4089, 30
4090, 1
4091, 67
4092, 4
4093, 24
4094, 6
4095, 12
4096, 34
4097, 80
4098, 5
4099, 23
4100, 6
4101, 1
4102, 60
4103, 22
4104, 64
4105, 38
4106, 22
4107, 3
4108, 4
4109, 1
4110, 25
4111, 20
4112, 26
4113, 4
4114, 21
4115, 7
4116, 16
4117, 1
4118, 47
4119, 82
4120, 73
4121, 77
4122, 32
4123, 10
4124, 74
4125, 42
4126, 28
4127, 7
4128, 1
4129, 30
4130, 7
4131, 1
4132, 16
4133, 37
4134, 20
4135, 18
4136, 21
4137, 1
4138, 29
4139, 55
4140, 1
4141, 26
4142, 53
4143, 19
4144, 24
4145, 30
4146, 1
4147, 41
4148, 60
4149, 1
4150, 39
4151, 36
4152, 4
4153, 76
4154, 7
4155, 46
4156, 25
4157, 21
4158, 46
4159, 26
4160, 22
4161, 39
4162, 29
4163, 30
4164, 24
4165, 7
4166, 12
4167, 62
4168, 7
4169, 38
4170, 27
4171, 18
4172, 15
4173, 58
4174, 46
4175, 14
4176, 7
4177, 1
4178, 68
4179, 7
4180, 31
4181, 37
4182, 28
4183, 24
4184, 22
4185, 7
4186, 1
4187, 68
4188, 7
4189, 22
4190, 19
4191, 27
4192, 48
4193, 29
4194, 7
4195, 6
4196, 43
4197, 7
4198, 1
4199, 36
4200, 47
4201, 1
4202, 4
4203, 1
4204, 18
4205, 7
4206, 13
4207, 1
4208, 38
4209, 27
4210, 32
4211, 24
4212, 9
4213, 10
4214, 53
4215, 19
4216, 1
4217, 43
4218, 21
4219, 26
4220, 53
4221, 1
4222, 44
4223, 1
4224, 26
4225, 51
4226, 19
4227, 1
4228, 36
4229, 6
4230, 19
4231, 27
4232, 19
4233, 33
4234, 5
4235, 14
4236, 13
4237, 8
4238, 16
4239, 23
4240, 19
4241, 50
4242, 26
4243, 44
4244, 10
4245, 8
4246, 38
4247, 6
4248, 7
4249, 1
4250, 21
4251, 7
4252, 58
4253, 9
4254, 10
4255, 40
4256, 22
4257, 13
4258, 43
4259, 1
4260, 34
4261, 6
4262, 61
4263, 5
4264, 14
4265, 6
4266, 1
4267, 34
4268, 6
4269, 27
4270, 17
4271, 15
4272, 40
4273, 5
4274, 21
4275, 6
4276, 1
4277, 57
4278, 36
4279, 18
4280, 18
4281, 36
4282, 6
4283, 23
4284, 15
4285, 19
4286, 23
4287, 11
4288, 35
4289, 12
4290, 5
4291, 48
4292, 6
4293, 1
4294, 53
4295, 12
4296, 12
4297, 22
4298, 9
4299, 16
4300, 9
4301, 51
4302, 28
4303, 8
4304, 19
4305, 9
4306, 10
4307, 1
4308, 64
4309, 1
4310, 80
4311, 71
4312, 6
4313, 26
4314, 5
4315, 37
4316, 7
4317, 14
4318, 44
4319, 41
4320, 18
4321, 26
4322, 45
4323, 34
4324, 42
4325, 49
4326, 14
4327, 13
4328, 8
4329, 22
4330, 20
4331, 17
4332, 34
4333, 18
4334, 14
4335, 8
4336, 13
4337, 36
4338, 9
4339, 8
4340, 6
4341, 1
4342, 75
4343, 70
4344, 6
4345, 32
4346, 23
4347, 12
4348, 16
4349, 31
4350, 29
4351, 14
4352, 12
4353, 21
4354, 40
4355, 26
4356, 9
4357, 11
4358, 36
4359, 15
4360, 11
4361, 11
4362, 33
4363, 15
4364, 27
4365, 45
4366, 64
4367, 22
4368, 28
4369, 14
4370, 19
4371, 23
4372, 28
4373, 28
4374, 13
4375, 11
4376, 16
4377, 34
4378, 28
4379, 40
4380, 5
4381, 8
4382, 6
4383, 7
4384, 1
4385, 21
4386, 59
4387, 13
4388, 1
4389, 51
4390, 54
4391, 4
4392, 29
4393, 7
4394, 28
4395, 24
4396, 11
4397, 12
4398, 70
4399, 6
4400, 20
4401, 7
4402, 1
4403, 29
4404, 7
4405, 28
4406, 24
4407, 11
4408, 12
4409, 20
4410, 50
4411, 29
4412, 6
4413, 20
4414, 7
4415, 1
4416, 31
4417, 1
4418, 15
4419, 38
4420, 24
4421, 19
4422, 60
4423, 25
4424, 1
4425, 26
4426, 32
4427, 11
4428, 10
4429, 5
4430, 36
4431, 4
4432, 43
4433, 35
4434, 35
4435, 9
4436, 46
4437, 8
4438, 36
4439, 36
4440, 12
4441, 13
4442, 12
4443, 13
4444, 34
4445, 20
4446, 12
4447, 18
4448, 28
4449, 16
4450, 30
4451, 33
4452, 55
4453, 24
4454, 34
4455, 13
4456, 37
4457, 5
4458, 7
4459, 9
4460, 13
4461, 69
4462, 8
4463, 14
4464, 12
4465, 36
4466, 9
4467, 1
4468, 67
4469, 1
4470, 43
4471, 7
4472, 28
4473, 64
4474, 7
4475, 1
4476, 24
4477, 7
4478, 34
4479, 51
4480, 15
4481, 58
4482, 52
4483, 58
4484, 46
4485, 33
4486, 58
4487, 6
4488, 25
4489, 7
4490, 4
4491, 1
4492, 65
