1, 40
2, 37
3, 1
4, 47
5, 3
6, 1
7, 1
8, 18
9, 36
10, 1
11, 16
12, 1
13, 40
14, 6
15, 32
16, 40
17, 33
18, 9
19, 1
20, 1
21, 50
22, 29
23, 4
24, 19
25, 25
26, 6
27, 51
28, 58
29, 16
30, 25
31, 37
32, 21
33, 11
34, 8
35, 18
36, 8
37, 17
38, 10
39, 1
40, 1
41, 6
42, 16
43, 59
44, 34
45, 15
46, 40
47, 37
48, 4
49, 47
50, 4
51, 1
52, 12
53, 22
54, 1
55, 25
56, 39
57, 5
58, 6
59, 25
60, 13
61, 4
62, 14
63, 14
64, 4
65, 22
66, 19
67, 8
68, 4
69, 25
70, 25
71, 26
72, 11
73, 8
74, 4
75, 62
76, 9
77, 40
78, 37
79, 4
80, 40
81, 1
82, 50
83, 3
84, 1
85, 1
86, 20
87, 22
88, 1
89, 6
90, 17
91, 1
92, 5
93, 39
94, 25
95, 29
96, 21
97, 8
98, 1
99, 4
100, 68
101, 51
102, 1
103, 1
104, 48
105, 17
106, 6
107, 27
108, 13
109, 17
110, 1
111, 1
112, 67
113, 17
114, 6
115, 61
116, 13
117, 13
118, 1
119, 1
120, 56
121, 6
122, 21
123, 22
124, 41
125, 39
126, 15
127, 9
128, 8
129, 32
130, 8
131, 18
132, 1
133, 1
134, 45
135, 6
136, 39
137, 66
138, 8
139, 15
140, 1
141, 1
142, 45
143, 6
144, 63
145, 59
146, 30
147, 15
148, 1
149, 1
150, 72
151, 6
152, 76
153, 38
154, 19
155, 1
156, 1
157, 6
158, 25
159, 1
160, 75
161, 33
162, 1
163, 48
164, 74
165, 23
166, 1
167, 46
168, 1
169, 43
170, 53
171, 18
172, 32
173, 44
174, 43
175, 29
176, 10
177, 45
178, 43
179, 41
180, 11
181, 43
182, 8
183, 1
184, 72
185, 17
186, 40
187, 37
188, 4
189, 49
190, 4
191, 48
192, 4
193, 50
194, 44
195, 4
196, 52
197, 56
198, 17
199, 45
200, 4
201, 57
202, 40
203, 20
204, 30
205, 3
206, 1
207, 1
208, 17
209, 22
210, 1
211, 6
212, 15
213, 15
214, 15
215, 1
216, 15
217, 15
218, 15
219, 15
220, 1
221, 5
222, 39
223, 25
224, 21
225, 8
226, 1
227, 41
228, 26
229, 24
230, 20
231, 8
232, 1
233, 4
234, 44
235, 1
236, 47
237, 64
238, 1
239, 55
240, 55
241, 1
242, 26
243, 1
244, 1
245, 1
246, 21
247, 1
248, 51
249, 37
250, 1
251, 1
252, 49
253, 4
254, 18
255, 6
256, 44
257, 13
258, 18
259, 1
260, 1
261, 60
262, 4
263, 18
264, 6
265, 57
266, 13
267, 29
268, 1
269, 1
270, 55
271, 45
272, 1
273, 1
274, 1
275, 24
276, 1
277, 34
278, 6
279, 28
280, 13
281, 1
282, 1
283, 1
284, 23
285, 1
286, 34
287, 6
288, 30
289, 13
290, 1
291, 1
292, 1
293, 25
294, 1
295, 34
296, 6
297, 29
298, 13
299, 1
300, 1
301, 1
302, 20
303, 1
304, 41
305, 6
306, 23
307, 29
308, 29
309, 45
310, 11
311, 20
312, 1
313, 1
314, 34
315, 38
316, 1
317, 1
318, 33
319, 37
320, 1
321, 1
322, 33
323, 37
324, 1
325, 1
326, 34
327, 53
328, 1
329, 1
330, 56
331, 51
332, 1
333, 1
334, 42
335, 42
336, 1
337, 1
338, 68
339, 4
340, 16
341, 6
342, 68
343, 1
344, 17
345, 1
346, 42
347, 58
348, 13
349, 1
350, 1
351, 1
352, 37
353, 1
354, 34
355, 6
356, 41
357, 13
358, 1
359, 1
360, 1
361, 36
362, 1
363, 34
364, 6
365, 43
366, 13
367, 1
368, 1
369, 1
370, 38
371, 1
372, 34
373, 6
374, 41
375, 13
376, 1
377, 1
378, 1
379, 36
380, 1
381, 34
382, 6
383, 42
384, 13
385, 1
386, 1
387, 1
388, 31
389, 1
390, 42
391, 6
392, 23
393, 29
394, 29
395, 29
396, 47
397, 8
398, 21
399, 1
400, 1
401, 35
402, 40
403, 1
404, 1
405, 34
406, 39
407, 1
408, 1
409, 34
410, 39
411, 1
412, 1
413, 40
414, 45
415, 1
416, 1
417, 35
418, 75
419, 1
420, 1
421, 43
422, 54
423, 1
424, 1
425, 69
426, 4
427, 16
428, 6
429, 73
430, 1
431, 17
432, 1
433, 42
434, 58
435, 14
436, 1
437, 1
438, 1
439, 1
440, 28
441, 1
442, 6
443, 34
444, 33
445, 35
446, 1
447, 47
448, 46
449, 48
450, 46
451, 1
452, 1
453, 25
454, 1
455, 35
456, 35
457, 35
458, 35
459, 35
460, 1
461, 37
462, 37
463, 37
464, 37
465, 37
466, 1
467, 15
468, 22
469, 45
470, 45
471, 1
472, 46
473, 46
474, 8
475, 1
476, 29
477, 14
478, 40
479, 37
480, 4
481, 47
482, 4
483, 30
484, 3
485, 1
486, 1
487, 17
488, 22
489, 1
490, 5
491, 45
492, 28
493, 21
494, 8
495, 1
496, 43
497, 50
498, 1
499, 41
500, 49
501, 1
502, 45
503, 51
504, 1
505, 1
506, 62
507, 1
508, 69
509, 74
510, 1
511, 67
512, 73
513, 1
514, 71
515, 75
516, 1
517, 67
518, 73
519, 1
520, 1
521, 35
522, 23
523, 27
524, 20
525, 8
526, 1
527, 57
528, 52
529, 1
530, 1
531, 4
532, 23
533, 21
534, 25
535, 1
536, 49
537, 47
538, 51
539, 47
540, 1
541, 52
542, 63
543, 1
544, 26
545, 1
546, 1
547, 1
548, 47
549, 29
550, 1
551, 49
552, 34
553, 1
554, 1
555, 1
556, 45
557, 17
558, 1
559, 44
560, 34
561, 1
562, 43
563, 36
564, 1
565, 45
566, 35
567, 1
568, 1
569, 1
570, 57
571, 47
572, 1
573, 56
574, 49
575, 1
576, 58
577, 47
578, 1
579, 56
580, 48
581, 1
582, 1
583, 1
584, 40
585, 44
586, 1
587, 32
588, 34
589, 1
590, 31
591, 33
592, 1
593, 31
594, 33
595, 1
596, 32
597, 48
598, 1
599, 52
600, 49
601, 1
602, 63
603, 4
604, 16
605, 6
606, 63
607, 1
608, 17
609, 84
610, 11
611, 1
612, 1
613, 1
614, 51
615, 57
616, 1
617, 48
618, 39
619, 1
620, 43
621, 64
622, 1
623, 1
624, 1
625, 6
626, 29
627, 27
628, 31
629, 1
630, 55
631, 53
632, 57
633, 53
634, 1
635, 25
636, 1
637, 79
638, 79
639, 41
640, 1
641, 79
642, 79
643, 41
644, 1
645, 15
646, 22
647, 43
648, 43
649, 1
650, 43
651, 43
652, 8
653, 1
654, 29
655, 14
656, 40
657, 37
658, 1
659, 47
660, 3
661, 1
662, 15
663, 33
664, 2
665, 8
666, 45
667, 60
668, 4
669, 45
670, 61
671, 17
672, 4
673, 36
674, 21
675, 23
676, 14
677, 43
678, 6
679, 50
680, 26
681, 14
682, 43
683, 6
684, 56
685, 13
686, 1
687, 43
688, 6
689, 56
690, 17
691, 1
692, 45
693, 6
694, 19
695, 31
696, 52
697, 8
698, 21
699, 27
700, 10
701, 43
702, 40
703, 55
704, 54
705, 13
706, 40
707, 37
708, 1
709, 47
710, 1
711, 25
712, 3
713, 1
714, 1
715, 17
716, 22
717, 1
718, 19
719, 1
720, 1
721, 34
722, 4
723, 61
724, 71
725, 6
726, 64
727, 1
728, 15
729, 23
730, 15
731, 42
732, 1
733, 11
734, 8
735, 48
736, 27
737, 58
738, 17
739, 21
740, 11
741, 1
742, 51
743, 46
744, 54
745, 26
746, 14
747, 34
748, 37
749, 45
750, 73
751, 17
752, 49
753, 22
754, 52
755, 41
756, 60
757, 14
758, 11
759, 11
760, 50
761, 28
762, 17
763, 24
764, 24
765, 34
766, 20
767, 14
768, 28
769, 9
770, 32
771, 41
772, 17
773, 11
774, 8
775, 7
776, 1
777, 1
778, 6
779, 25
780, 14
781, 65
782, 27
783, 14
784, 1
785, 40
786, 37
787, 1
788, 47
789, 3
790, 1
791, 1
792, 14
793, 39
794, 1
795, 6
796, 20
797, 1
798, 5
799, 22
800, 15
801, 19
802, 8
803, 1
804, 37
805, 39
806, 1
807, 4
808, 15
809, 27
810, 20
811, 27
812, 1
813, 1
814, 57
815, 4
816, 15
817, 16
818, 6
819, 26
820, 29
821, 45
822, 8
823, 25
824, 18
825, 1
826, 1
827, 27
828, 67
829, 4
830, 18
831, 6
832, 77
833, 1
834, 18
835, 64
836, 67
837, 25
838, 8
839, 21
840, 1
841, 1
842, 27
843, 62
844, 4
845, 25
846, 6
847, 77
848, 1
849, 38
850, 18
851, 64
852, 14
853, 22
854, 37
855, 25
856, 25
857, 11
858, 22
859, 25
860, 8
861, 21
862, 1
863, 1
864, 41
865, 6
866, 72
867, 69
868, 69
869, 69
870, 69
871, 72
872, 75
873, 13
874, 1
875, 1
876, 53
877, 4
878, 15
879, 17
880, 6
881, 14
882, 31
883, 25
884, 20
885, 8
886, 20
887, 1
888, 1
889, 38
890, 6
891, 36
892, 36
893, 36
894, 36
895, 1
896, 36
897, 36
898, 36
899, 36
900, 36
901, 36
902, 36
903, 36
904, 36
905, 36
906, 36
907, 1
908, 22
909, 13
910, 1
911, 1
912, 45
913, 6
914, 47
915, 47
916, 47
917, 47
918, 1
919, 22
920, 21
921, 1
922, 1
923, 6
924, 17
925, 17
926, 33
927, 1
928, 25
929, 57
930, 60
931, 73
932, 11
933, 40
934, 37
935, 1
936, 47
937, 3
938, 1
939, 1
940, 13
941, 22
942, 1
943, 1
944, 38
945, 6
946, 15
947, 16
948, 8
949, 36
950, 8
951, 10
952, 1
953, 1
954, 6
955, 48
956, 10
957, 40
958, 38
959, 1
960, 47
961, 1
962, 30
963, 3
964, 1
965, 17
966, 22
967, 1
968, 4
969, 18
970, 28
971, 1
972, 6
973, 25
974, 1
975, 18
976, 24
977, 46
978, 14
979, 8
980, 1
981, 44
982, 14
983, 40
984, 37
985, 1
986, 48
987, 28
988, 1
989, 47
990, 3
991, 1
992, 13
993, 62
994, 1
995, 6
996, 20
997, 1
998, 4
999, 36
1000, 25
1001, 32
1002, 26
1003, 28
1004, 1
1005, 56
1006, 4
1007, 26
1008, 28
1009, 6
1010, 23
1011, 18
1012, 52
1013, 16
1014, 50
1015, 11
1016, 58
1017, 17
1018, 48
1019, 8
1020, 4
1021, 37
1022, 21
1023, 57
1024, 15
1025, 18
1026, 1
1027, 1
1028, 56
1029, 4
1030, 20
1031, 28
1032, 6
1033, 30
1034, 37
1035, 21
1036, 58
1037, 15
1038, 18
1039, 1
1040, 1
1041, 6
1042, 25
1043, 31
1044, 1
1045, 22
1046, 30
1047, 45
1048, 32
1049, 8
1050, 1
1051, 15
1052, 28
1053, 30
1054, 65
1055, 8
1056, 31
1057, 10
1058, 40
1059, 37
1060, 1
1061, 48
1062, 28
1063, 1
1064, 47
1065, 3
1066, 1
1067, 14
1068, 62
1069, 1
1070, 6
1071, 19
1072, 1
1073, 4
1074, 36
1075, 18
1076, 41
1077, 34
1078, 46
1079, 1
1080, 1
1081, 56
1082, 4
1083, 20
1084, 28
1085, 6
1086, 30
1087, 37
1088, 21
1089, 58
1090, 15
1091, 18
1092, 1
1093, 1
1094, 6
1095, 25
1096, 36
1097, 36
1098, 1
1099, 25
1100, 30
1101, 47
1102, 24
1103, 8
1104, 1
1105, 24
1106, 41
1107, 27
1108, 56
1109, 40
1110, 43
1111, 11
1112, 8
1113, 1
1114, 28
1115, 34
1116, 1
1117, 43
1118, 43
1119, 46
1120, 43
1121, 43
1122, 43
1123, 46
1124, 36
1125, 11
1126, 40
1127, 37
1128, 1
1129, 47
1130, 4
1131, 1
1132, 17
1133, 30
1134, 1
1135, 4
1136, 18
1137, 37
1138, 1
1139, 1
1140, 59
1141, 26
1142, 19
1143, 6
1144, 12
1145, 21
1146, 8
1147, 20
1148, 17
1149, 23
1150, 11
1151, 24
1152, 26
1153, 18
1154, 24
1155, 26
1156, 18
1157, 14
1158, 11
1159, 7
1160, 14
1161, 21
1162, 1
1163, 21
1164, 59
1165, 29
1166, 28
1167, 20
1168, 22
1169, 14
1170, 25
1171, 14
1172, 19
1173, 20
1174, 8
1175, 14
1176, 1
1177, 1
1178, 6
1179, 25
1180, 4
1181, 16
1182, 16
1183, 53
1184, 20
1185, 39
1186, 14
1187, 40
1188, 37
1189, 1
1190, 48
1191, 3
1192, 1
1193, 78
1194, 40
1195, 37
1196, 2
1197, 47
1198, 66
1199, 3
1200, 1
1201, 1
1202, 14
1203, 30
1204, 1
1205, 20
1206, 1
1207, 5
1208, 30
1209, 20
1210, 20
1211, 18
1212, 18
1213, 8
1214, 1
1215, 4
1216, 23
1217, 27
1218, 1
1219, 1
1220, 40
1221, 6
1222, 20
1223, 12
1224, 1
1225, 1
1226, 39
1227, 6
1228, 28
1229, 11
1230, 1
1231, 1
1232, 36
1233, 6
1234, 21
1235, 11
1236, 1
1237, 1
1238, 35
1239, 6
1240, 21
1241, 10
1242, 1
1243, 1
1244, 49
1245, 16
1246, 6
1247, 22
1248, 22
1249, 22
1250, 22
1251, 22
1252, 18
1253, 14
1254, 1
1255, 1
1256, 42
1257, 22
1258, 6
1259, 40
1260, 22
1261, 22
1262, 22
1263, 22
1264, 18
1265, 16
1266, 13
1267, 1
1268, 1
1269, 60
1270, 16
1271, 6
1272, 22
1273, 22
1274, 22
1275, 22
1276, 22
1277, 18
1278, 14
1279, 1
1280, 1
1281, 42
1282, 16
1283, 6
1284, 40
1285, 22
1286, 27
1287, 27
1288, 18
1289, 16
1290, 13
1291, 1
1292, 1
1293, 39
1294, 18
1295, 6
1296, 12
1297, 12
1298, 24
1299, 49
1300, 21
1301, 21
1302, 8
1303, 46
1304, 24
1305, 11
1306, 1
1307, 1
1308, 64
1309, 4
1310, 20
1311, 15
1312, 6
1313, 20
1314, 11
1315, 18
1316, 28
1317, 23
1318, 38
1319, 46
1320, 51
1321, 51
1322, 14
1323, 14
1324, 21
1325, 8
1326, 59
1327, 44
1328, 60
1329, 11
1330, 1
1331, 1
1332, 1
1333, 24
1334, 13
1335, 6
1336, 11
1337, 16
1338, 16
1339, 15
1340, 13
1341, 9
1342, 1
1343, 1
1344, 46
1345, 4
1346, 29
1347, 35
1348, 6
1349, 21
1350, 42
1351, 8
1352, 26
1353, 1
1354, 19
1355, 14
1356, 11
1357, 27
1358, 59
1359, 59
1360, 24
1361, 17
1362, 14
1363, 8
1364, 57
1365, 57
1366, 62
1367, 24
1368, 21
1369, 48
1370, 14
1371, 1
1372, 1
1373, 32
1374, 4
1375, 24
1376, 13
1377, 35
1378, 6
1379, 22
1380, 19
1381, 11
1382, 12
1383, 27
1384, 57
1385, 57
1386, 26
1387, 14
1388, 21
1389, 8
1390, 57
1391, 57
1392, 18
1393, 26
1394, 48
1395, 10
1396, 1
1397, 1
1398, 32
1399, 18
1400, 6
1401, 14
1402, 10
1403, 21
1404, 24
1405, 21
1406, 16
1407, 19
1408, 13
1409, 1
1410, 1
1411, 33
1412, 6
1413, 51
1414, 51
1415, 51
1416, 1
1417, 26
1418, 53
1419, 15
1420, 8
1421, 1
1422, 24
1423, 33
1424, 8
1425, 48
1426, 51
1427, 22
1428, 52
1429, 15
1430, 32
1431, 65
1432, 24
1433, 33
1434, 8
1435, 48
1436, 51
1437, 22
1438, 52
1439, 15
1440, 16
1441, 28
1442, 51
1443, 1
1444, 22
1445, 27
1446, 68
1447, 57
1448, 15
1449, 8
1450, 1
1451, 21
1452, 24
1453, 57
1454, 35
1455, 15
1456, 8
1457, 1
1458, 22
1459, 27
1460, 68
1461, 57
1462, 15
1463, 8
1464, 1
1465, 21
1466, 24
1467, 57
1468, 35
1469, 15
1470, 8
1471, 1
1472, 29
1473, 61
1474, 59
1475, 15
1476, 8
1477, 1
1478, 26
1479, 53
1480, 15
1481, 8
1482, 1
1483, 22
1484, 15
1485, 1
1486, 1
1487, 6
1488, 25
1489, 16
1490, 18
1491, 29
1492, 14
1493, 8
1494, 30
1495, 11
1496, 40
1497, 37
1498, 1
1499, 47
1500, 1
1501, 28
1502, 3
1503, 1
1504, 1
1505, 19
1506, 22
1507, 1
1508, 6
1509, 11
1510, 17
1511, 1
1512, 4
1513, 50
1514, 25
1515, 37
1516, 1
1517, 6
1518, 29
1519, 20
1520, 1
1521, 29
1522, 62
1523, 1
1524, 29
1525, 31
1526, 31
1527, 38
1528, 39
1529, 1
1530, 17
1531, 16
1532, 38
1533, 32
1534, 32
1535, 20
1536, 51
1537, 39
1538, 9
1539, 30
1540, 46
1541, 22
1542, 1
1543, 31
1544, 61
1545, 14
1546, 1
1547, 28
1548, 65
1549, 30
1550, 11
1551, 8
1552, 16
1553, 40
1554, 37
1555, 1
1556, 47
1557, 3
1558, 1
1559, 15
1560, 22
1561, 1
1562, 6
1563, 14
1564, 19
1565, 26
1566, 19
1567, 26
1568, 1
1569, 5
1570, 47
1571, 1
1572, 4
1573, 15
1574, 23
1575, 1
1576, 1
1577, 37
1578, 26
1579, 6
1580, 15
1581, 28
1582, 31
1583, 26
1584, 21
1585, 11
1586, 8
1587, 16
1588, 1
1589, 1
1590, 64
1591, 36
1592, 6
1593, 28
1594, 31
1595, 28
1596, 34
1597, 57
1598, 14
1599, 33
1600, 11
1601, 8
1602, 20
1603, 1
1604, 1
1605, 6
1606, 25
1607, 1
1608, 19
1609, 19
1610, 1
1611, 18
1612, 14
1613, 34
1614, 8
1615, 1
1616, 73
1617, 66
1618, 12
1619, 34
1620, 37
1621, 47
1622, 3
1623, 1
1624, 1
1625, 15
1626, 22
1627, 1
1628, 6
1629, 49
1630, 14
1631, 1
1632, 19
1633, 20
1634, 41
1635, 1
1636, 16
1637, 19
1638, 28
1639, 20
1640, 55
1641, 1
1642, 1
1643, 5
1644, 31
1645, 14
1646, 13
1647, 28
1648, 11
1649, 1
1650, 41
1651, 20
1652, 24
1653, 43
1654, 11
1655, 1
1656, 47
1657, 56
1658, 1
1659, 33
1660, 16
1661, 14
1662, 27
1663, 32
1664, 29
1665, 11
1666, 1
1667, 41
1668, 20
1669, 24
1670, 43
1671, 27
1672, 23
1673, 11
1674, 1
1675, 1
1676, 52
1677, 44
1678, 23
1679, 72
1680, 1
1681, 11
1682, 13
1683, 48
1684, 47
1685, 31
1686, 29
1687, 11
1688, 1
1689, 46
1690, 1
1691, 1
1692, 4
1693, 27
1694, 18
1695, 35
1696, 19
1697, 38
1698, 19
1699, 23
1700, 1
1701, 1
1702, 65
1703, 1
1704, 1
1705, 63
1706, 1
1707, 1
1708, 68
1709, 1
1710, 1
1711, 45
1712, 42
1713, 1
1714, 1
1715, 68
1716, 1
1717, 1
1718, 48
1719, 41
1720, 1
1721, 1
1722, 61
1723, 4
1724, 23
1725, 26
1726, 7
1727, 35
1728, 17
1729, 18
1730, 33
1731, 33
1732, 57
1733, 58
1734, 14
1735, 11
1736, 8
1737, 18
1738, 8
1739, 18
1740, 26
1741, 1
1742, 1
1743, 35
1744, 4
1745, 21
1746, 6
1747, 23
1748, 29
1749, 23
1750, 1
1751, 22
1752, 27
1753, 22
1754, 1
1755, 23
1756, 29
1757, 24
1758, 10
1759, 1
1760, 1
1761, 37
1762, 4
1763, 21
1764, 7
1765, 22
1766, 28
1767, 29
1768, 28
1769, 28
1770, 29
1771, 24
1772, 12
1773, 1
1774, 1
1775, 49
1776, 6
1777, 25
1778, 25
1779, 25
1780, 25
1781, 25
1782, 25
1783, 26
1784, 26
1785, 11
1786, 1
1787, 1
1788, 49
1789, 6
1790, 26
1791, 26
1792, 26
1793, 26
1794, 25
1795, 25
1796, 26
1797, 26
1798, 11
1799, 1
1800, 1
1801, 49
1802, 6
1803, 25
1804, 25
1805, 26
1806, 26
1807, 26
1808, 26
1809, 26
1810, 26
1811, 11
1812, 1
1813, 1
1814, 49
1815, 6
1816, 26
1817, 26
1818, 25
1819, 25
1820, 26
1821, 26
1822, 26
1823, 26
1824, 26
1825, 26
1826, 11
1827, 1
1828, 1
1829, 49
1830, 6
1831, 26
1832, 26
1833, 26
1834, 26
1835, 25
1836, 25
1837, 26
1838, 26
1839, 11
1840, 1
1841, 1
1842, 49
1843, 6
1844, 26
1845, 26
1846, 26
1847, 26
1848, 26
1849, 26
1850, 26
1851, 26
1852, 26
1853, 26
1854, 11
1855, 1
1856, 1
1857, 49
1858, 6
1859, 26
1860, 26
1861, 26
1862, 26
1863, 26
1864, 26
1865, 26
1866, 26
1867, 11
1868, 1
1869, 1
1870, 49
1871, 6
1872, 26
1873, 26
1874, 26
1875, 26
1876, 26
1877, 26
1878, 26
1879, 26
1880, 11
1881, 1
1882, 1
1883, 49
1884, 6
1885, 25
1886, 25
1887, 25
1888, 25
1889, 26
1890, 26
1891, 25
1892, 25
1893, 11
1894, 1
1895, 1
1896, 49
1897, 6
1898, 25
1899, 25
1900, 25
1901, 25
1902, 26
1903, 26
1904, 25
1905, 25
1906, 26
1907, 26
1908, 11
1909, 1
1910, 1
1911, 41
1912, 4
1913, 22
1914, 6
1915, 23
1916, 18
1917, 1
1918, 43
1919, 77
1920, 1
1921, 16
1922, 36
1923, 36
1924, 36
1925, 36
1926, 36
1927, 36
1928, 36
1929, 36
1930, 36
1931, 36
1932, 12
1933, 1
1934, 29
1935, 46
1936, 71
1937, 15
1938, 73
1939, 14
1940, 11
1941, 9
1942, 10
1943, 1
1944, 1
1945, 32
1946, 17
1947, 7
1948, 77
1949, 12
1950, 1
1951, 1
1952, 49
1953, 7
1954, 64
1955, 13
1956, 21
1957, 1
1958, 1
1959, 55
1960, 51
1961, 1
1962, 1
1963, 40
1964, 4
1965, 24
1966, 18
1967, 30
1968, 6
1969, 21
1970, 72
1971, 41
1972, 1
1973, 35
1974, 31
1975, 40
1976, 42
1977, 23
1978, 1
1979, 23
1980, 25
1981, 57
1982, 14
1983, 48
1984, 1
1985, 26
1986, 29
1987, 58
1988, 17
1989, 51
1990, 15
1991, 11
1992, 25
1993, 29
1994, 60
1995, 17
1996, 51
1997, 14
1998, 1
1999, 25
2000, 29
2001, 60
2002, 17
2003, 51
2004, 16
2005, 11
2006, 57
2007, 56
2008, 10
2009, 16
2010, 1
2011, 1
2012, 36
2013, 17
2014, 76
2015, 1
2016, 1
2017, 59
2018, 17
2019, 7
2020, 36
2021, 50
2022, 9
2023, 14
2024, 25
2025, 1
2026, 1
2027, 44
2028, 17
2029, 7
2030, 36
2031, 65
2032, 9
2033, 12
2034, 1
2035, 1
2036, 60
2037, 17
2038, 7
2039, 45
2040, 46
2041, 24
2042, 16
2043, 34
2044, 38
2045, 12
2046, 8
2047, 10
2048, 1
2049, 1
2050, 31
2051, 69
2052, 5
2053, 16
2054, 19
2055, 7
2056, 66
2057, 1
2058, 21
2059, 15
2060, 1
2061, 19
2062, 56
2063, 1
2064, 39
2065, 76
2066, 23
2067, 11
2068, 1
2069, 15
2070, 76
2071, 69
2072, 8
2073, 43
2074, 8
2075, 36
2076, 49
2077, 8
2078, 1
2079, 57
2080, 16
2081, 9
2082, 1
2083, 1
2084, 25
2085, 5
2086, 16
2087, 6
2088, 24
2089, 68
2090, 35
2091, 17
2092, 15
2093, 16
2094, 1
2095, 1
2096, 30
2097, 5
2098, 19
2099, 55
2100, 1
2101, 42
2102, 78
2103, 7
2104, 16
2105, 38
2106, 72
2107, 11
2108, 21
2109, 8
2110, 46
2111, 44
2112, 38
2113, 43
2114, 1
2115, 59
2116, 32
2117, 35
2118, 31
2119, 14
2120, 56
2121, 32
2122, 34
2123, 31
2124, 14
2125, 26
2126, 11
2127, 45
2128, 44
2129, 8
2130, 21
2131, 1
2132, 1
2133, 29
2134, 43
2135, 7
2136, 24
2137, 22
2138, 9
2139, 23
2140, 14
2141, 26
2142, 44
2143, 42
2144, 54
2145, 20
2146, 14
2147, 17
2148, 28
2149, 12
2150, 14
2151, 19
2152, 6
2153, 65
2154, 22
2155, 21
2156, 20
2157, 1
2158, 1
2159, 27
2160, 6
2161, 22
2162, 19
2163, 18
2164, 1
2165, 1
2166, 36
2167, 5
2168, 16
2169, 21
2170, 6
2171, 20
2172, 35
2173, 76
2174, 43
2175, 8
2176, 19
2177, 17
2178, 1
2179, 1
2180, 28
2181, 4
2182, 41
2183, 18
2184, 6
2185, 25
2186, 28
2187, 56
2188, 1
2189, 42
2190, 34
2191, 43
2192, 1
2193, 55
2194, 58
2195, 50
2196, 63
2197, 69
2198, 46
2199, 26
2200, 24
2201, 21
2202, 43
2203, 17
2204, 14
2205, 11
2206, 25
2207, 11
2208, 8
2209, 19
2210, 1
2211, 1
2212, 6
2213, 25
2214, 19
2215, 17
2216, 1
2217, 21
2218, 23
2219, 12
2220, 40
2221, 37
2222, 1
2223, 47
2224, 1
2225, 5
2226, 40
2227, 69
2228, 3
2229, 1
2230, 17
2231, 22
2232, 1
2233, 5
2234, 23
2235, 22
2236, 8
2237, 1
2238, 35
2239, 1
2240, 1
2241, 39
2242, 34
2243, 8
2244, 1
2245, 41
2246, 1
2247, 4
2248, 18
2249, 19
2250, 23
2251, 15
2252, 1
2253, 1
2254, 45
2255, 15
2256, 6
2257, 29
2258, 13
2259, 15
2260, 1
2261, 33
2262, 6
2263, 24
2264, 14
2265, 1
2266, 39
2267, 6
2268, 19
2269, 11
2270, 1
2271, 1
2272, 70
2273, 18
2274, 6
2275, 11
2276, 21
2277, 27
2278, 13
2279, 18
2280, 1
2281, 36
2282, 6
2283, 19
2284, 35
2285, 27
2286, 22
2287, 8
2288, 14
2289, 1
2290, 1
2291, 6
2292, 25
2293, 30
2294, 22
2295, 25
2296, 27
2297, 8
2298, 33
2299, 39
2300, 11
2301, 1
2302, 36
2303, 22
2304, 26
2305, 28
2306, 8
2307, 33
2308, 39
2309, 11
2310, 14
2311, 40
2312, 37
2313, 1
2314, 47
2315, 3
2316, 1
2317, 1
2318, 16
2319, 64
2320, 1
2321, 6
2322, 20
2323, 1
2324, 5
2325, 41
2326, 74
2327, 37
2328, 1
2329, 4
2330, 24
2331, 13
2332, 23
2333, 72
2334, 1
2335, 1
2336, 66
2337, 45
2338, 78
2339, 4
2340, 28
2341, 25
2342, 30
2343, 6
2344, 33
2345, 13
2346, 21
2347, 8
2348, 10
2349, 65
2350, 39
2351, 93
2352, 30
2353, 1
2354, 30
2355, 1
2356, 42
2357, 10
2358, 29
2359, 22
2360, 30
2361, 14
2362, 81
2363, 31
2364, 36
2365, 17
2366, 23
2367, 22
2368, 15
2369, 26
2370, 8
2371, 20
2372, 1
2373, 1
2374, 64
2375, 5
2376, 40
2377, 4
2378, 18
2379, 17
2380, 15
2381, 6
2382, 20
2383, 28
2384, 30
2385, 13
2386, 55
2387, 38
2388, 74
2389, 34
2390, 26
2391, 13
2392, 41
2393, 61
2394, 71
2395, 45
2396, 10
2397, 33
2398, 11
2399, 17
2400, 29
2401, 17
2402, 7
2403, 63
2404, 16
2405, 1
2406, 1
2407, 64
2408, 4
2409, 39
2410, 12
2411, 4
2412, 84
2413, 4
2414, 6
2415, 50
2416, 8
2417, 46
2418, 27
2419, 49
2420, 27
2421, 17
2422, 4
2423, 30
2424, 48
2425, 48
2426, 48
2427, 7
2428, 29
2429, 7
2430, 33
2431, 13
2432, 45
2433, 46
2434, 35
2435, 29
2436, 18
2437, 7
2438, 18
2439, 40
2440, 45
2441, 13
2442, 18
2443, 1
2444, 1
2445, 6
2446, 36
2447, 40
2448, 4
2449, 20
2450, 24
2451, 26
2452, 31
2453, 25
2454, 25
2455, 33
2456, 34
2457, 8
2458, 21
2459, 25
2460, 32
2461, 21
2462, 39
2463, 44
2464, 8
2465, 1
2466, 36
2467, 25
2468, 64
2469, 16
2470, 61
2471, 76
2472, 74
2473, 74
2474, 74
2475, 73
2476, 74
2477, 75
2478, 13
2479, 1
2480, 1
2481, 40
2482, 37
2483, 1
2484, 47
2485, 1
2486, 27
2487, 3
2488, 1
2489, 1
2490, 14
2491, 33
2492, 1
2493, 6
2494, 31
2495, 35
2496, 31
2497, 1
2498, 5
2499, 59
2500, 1
2501, 4
2502, 18
2503, 48
2504, 28
2505, 1
2506, 60
2507, 4
2508, 40
2509, 21
2510, 6
2511, 25
2512, 22
2513, 27
2514, 42
2515, 42
2516, 42
2517, 1
2518, 60
2519, 55
2520, 1
2521, 69
2522, 69
2523, 69
2524, 1
2525, 69
2526, 69
2527, 69
2528, 11
2529, 8
2530, 1
2531, 22
2532, 56
2533, 56
2534, 56
2535, 8
2536, 13
2537, 1
2538, 1
2539, 55
2540, 4
2541, 38
2542, 21
2543, 6
2544, 17
2545, 25
2546, 22
2547, 43
2548, 39
2549, 39
2550, 43
2551, 27
2552, 27
2553, 42
2554, 42
2555, 42
2556, 1
2557, 68
2558, 72
2559, 11
2560, 8
2561, 13
2562, 12
2563, 1
2564, 1
2565, 53
2566, 4
2567, 25
2568, 15
2569, 6
2570, 48
2571, 34
2572, 50
2573, 50
2574, 50
2575, 8
2576, 37
2577, 37
2578, 37
2579, 20
2580, 1
2581, 1
2582, 6
2583, 25
2584, 1
2585, 64
2586, 1
2587, 41
2588, 42
2589, 42
2590, 58
2591, 58
2592, 59
2593, 57
2594, 1
2595, 40
2596, 40
2597, 41
2598, 58
2599, 57
2600, 57
2601, 56
2602, 1
2603, 40
2604, 41
2605, 41
2606, 57
2607, 57
2608, 58
2609, 56
2610, 1
2611, 41
2612, 42
2613, 41
2614, 58
2615, 58
2616, 59
2617, 57
2618, 1
2619, 45
2620, 72
2621, 1
2622, 21
2623, 46
2624, 46
2625, 1
2626, 27
2627, 1
2628, 50
2629, 53
2630, 50
2631, 11
2632, 40
2633, 37
2634, 1
2635, 47
2636, 3
2637, 1
2638, 1
2639, 19
2640, 22
2641, 1
2642, 41
2643, 1
2644, 6
2645, 25
2646, 15
2647, 1
2648, 22
2649, 25
2650, 28
2651, 31
2652, 34
2653, 37
2654, 33
2655, 23
2656, 20
2657, 17
2658, 14
2659, 11
2660, 18
2661, 17
2662, 29
2663, 16
2664, 40
2665, 37
2666, 1
2667, 47
2668, 3
2669, 1
2670, 15
2671, 21
2672, 1
2673, 5
2674, 33
2675, 1
2676, 4
2677, 18
2678, 32
2679, 1
2680, 1
2681, 63
2682, 4
2683, 25
2684, 6
2685, 47
2686, 1
2687, 15
2688, 22
2689, 25
2690, 21
2691, 19
2692, 25
2693, 33
2694, 23
2695, 14
2696, 11
2697, 8
2698, 17
2699, 12
2700, 1
2701, 6
2702, 25
2703, 50
2704, 5
2705, 26
2706, 20
2707, 100
2708, 5
2709, 28
2710, 100
2711, 5
2712, 28
2713, 109
2714, 12
2715, 40
2716, 37
2717, 1
2718, 47
2719, 1
2720, 1
2721, 5
2722, 40
2723, 69
2724, 3
2725, 1
2726, 16
2727, 22
2728, 1
2729, 5
2730, 23
2731, 22
2732, 8
2733, 1
2734, 35
2735, 1
2736, 1
2737, 39
2738, 34
2739, 8
2740, 1
2741, 41
2742, 1
2743, 4
2744, 18
2745, 19
2746, 23
2747, 1
2748, 1
2749, 45
2750, 15
2751, 6
2752, 29
2753, 13
2754, 15
2755, 1
2756, 33
2757, 6
2758, 24
2759, 14
2760, 1
2761, 39
2762, 6
2763, 19
2764, 11
2765, 1
2766, 1
2767, 70
2768, 18
2769, 6
2770, 11
2771, 19
2772, 21
2773, 27
2774, 13
2775, 18
2776, 1
2777, 36
2778, 6
2779, 19
2780, 35
2781, 27
2782, 22
2783, 8
2784, 14
2785, 1
2786, 1
2787, 6
2788, 25
2789, 1
2790, 30
2791, 22
2792, 25
2793, 49
2794, 55
2795, 14
2796, 8
2797, 1
2798, 54
2799, 1
2800, 11
2801, 36
2802, 22
2803, 26
2804, 50
2805, 56
2806, 14
2807, 8
2808, 60
2809, 13
2810, 34
2811, 37
2812, 50
2813, 1
2814, 20
2815, 33
2816, 1
2817, 6
2818, 24
2819, 4
2820, 18
2821, 70
2822, 1
2823, 57
2824, 83
2825, 1
2826, 6
2827, 25
2828, 20
2829, 1
2830, 23
2831, 40
2832, 18
2833, 30
2834, 30
2835, 19
2836, 1
2837, 55
2838, 46
2839, 42
2840, 39
2841, 39
2842, 28
2843, 29
2844, 24
2845, 43
2846, 8
2847, 1
2848, 26
2849, 25
2850, 27
2851, 30
2852, 32
2853, 27
2854, 31
2855, 40
2856, 26
2857, 17
2858, 41
2859, 37
2860, 47
2861, 3
2862, 1
2863, 15
2864, 33
2865, 1
2866, 4
2867, 18
2868, 1
2869, 1
2870, 40
2871, 4
2872, 22
2873, 6
2874, 31
2875, 33
2876, 36
2877, 66
2878, 8
2879, 42
2880, 35
2881, 48
2882, 11
2883, 8
2884, 16
2885, 13
2886, 1
2887, 1
2888, 38
2889, 4
2890, 22
2891, 6
2892, 16
2893, 11
2894, 22
2895, 42
2896, 14
2897, 8
2898, 15
2899, 11
2900, 1
2901, 1
2902, 6
2903, 25
2904, 1
2905, 61
2906, 61
2907, 1
2908, 14
2909, 22
2910, 77
2911, 19
2912, 8
2913, 12
2914, 41
2915, 37
2916, 47
2917, 3
2918, 1
2919, 15
2920, 33
2921, 1
2922, 4
2923, 18
2924, 1
2925, 1
2926, 38
2927, 4
2928, 45
2929, 23
2930, 6
2931, 17
2932, 55
2933, 8
2934, 36
2935, 8
2936, 1
2937, 11
2938, 22
2939, 53
2940, 1
2941, 28
2942, 45
2943, 1
2944, 17
2945, 14
2946, 40
2947, 62
2948, 22
2949, 14
2950, 1
2951, 62
2952, 11
2953, 16
2954, 8
2955, 1
2956, 23
2957, 11
2958, 1
2959, 1
2960, 6
2961, 25
2962, 1
2963, 61
2964, 61
2965, 1
2966, 14
2967, 22
2968, 77
2969, 19
2970, 8
2971, 12
2972, 40
2973, 37
2974, 1
2975, 47
2976, 3
2977, 1
2978, 15
2979, 22
2980, 1
2981, 6
2982, 16
2983, 14
2984, 15
2985, 1
2986, 4
2987, 21
2988, 21
2989, 1
2990, 42
2991, 6
2992, 34
2993, 27
2994, 10
2995, 1
2996, 6
2997, 15
2998, 25
2999, 1
3000, 18
3001, 14
3002, 29
3003, 18
3004, 1
3005, 40
3006, 12
3007, 34
3008, 37
3009, 50
3010, 1
3011, 18
3012, 22
3013, 1
3014, 16
3015, 1
3016, 40
3017, 6
3018, 32
3019, 40
3020, 33
3021, 9
3022, 1
3023, 37
3024, 6
3025, 63
3026, 9
3027, 1
3028, 42
3029, 6
3030, 70
3031, 31
3032, 9
3033, 1
3034, 40
3035, 6
3036, 38
3037, 55
3038, 10
3039, 1
3040, 45
3041, 6
3042, 23
3043, 78
3044, 31
3045, 10
3046, 1
3047, 6
3048, 25
3049, 1
3050, 59
3051, 32
3052, 1
3053, 72
3054, 46
3055, 1
3056, 12
3057, 72
3058, 88
3059, 1
3060, 54
3061, 85
3062, 15
3063, 40
3064, 37
3065, 4
3066, 47
3067, 3
3068, 1
3069, 20
3070, 42
3071, 1
3072, 7
3073, 41
3074, 4
3075, 4
3076, 23
3077, 37
3078, 18
3079, 15
3080, 4
3081, 6
3082, 40
3083, 27
3084, 23
3085, 24
3086, 72
3087, 43
3088, 14
3089, 21
3090, 34
3091, 61
3092, 31
3093, 35
3094, 14
3095, 25
3096, 11
3097, 55
3098, 25
3099, 11
3100, 17
3101, 40
3102, 37
3103, 1
3104, 47
3105, 3
3106, 1
3107, 14
3108, 22
3109, 1
3110, 6
3111, 14
3112, 16
3113, 18
3114, 1
3115, 4
3116, 28
3117, 41
3118, 1
3119, 6
3120, 25
3121, 18
3122, 14
3123, 24
3124, 63
3125, 32
3126, 34
3127, 24
3128, 22
3129, 31
3130, 42
3131, 26
3132, 17
3133, 14
3134, 11
3135, 18
3136, 1
3137, 52
3138, 11
3139, 40
3140, 37
3141, 1
3142, 47
3143, 1
3144, 31
3145, 3
3146, 1
3147, 1
3148, 21
3149, 33
3150, 1
3151, 44
3152, 4
3153, 18
3154, 17
3155, 22
3156, 1
3157, 1
3158, 46
3159, 37
3160, 51
3161, 1
3162, 1
3163, 36
3164, 37
3165, 4
3166, 17
3167, 6
3168, 24
3169, 20
3170, 64
3171, 8
3172, 16
3173, 1
3174, 1
3175, 47
3176, 39
3177, 4
3178, 17
3179, 6
3180, 24
3181, 21
3182, 66
3183, 8
3184, 17
3185, 1
3186, 1
3187, 68
3188, 41
3189, 4
3190, 14
3191, 6
3192, 18
3193, 21
3194, 25
3195, 18
3196, 1
3197, 1
3198, 6
3199, 25
3200, 1
3201, 28
3202, 14
3203, 45
3204, 1
3205, 38
3206, 14
3207, 42
3208, 1
3209, 23
3210, 26
3211, 26
3212, 8
3213, 1
3214, 24
3215, 30
3216, 28
3217, 8
3218, 1
3219, 58
3220, 18
3221, 40
3222, 37
3223, 1
3224, 47
3225, 3
3226, 1
3227, 19
3228, 77
3229, 1
3230, 6
3231, 21
3232, 23
3233, 4
3234, 5
3235, 41
3236, 72
3237, 46
3238, 1
3239, 4
3240, 24
3241, 21
3242, 25
3243, 18
3244, 37
3245, 28
3246, 26
3247, 1
3248, 1
3249, 66
3250, 45
3251, 78
3252, 4
3253, 28
3254, 25
3255, 30
3256, 6
3257, 33
3258, 13
3259, 21
3260, 8
3261, 10
3262, 65
3263, 39
3264, 93
3265, 30
3266, 1
3267, 30
3268, 1
3269, 42
3270, 10
3271, 29
3272, 22
3273, 30
3274, 14
3275, 81
3276, 31
3277, 36
3278, 17
3279, 23
3280, 22
3281, 15
3282, 26
3283, 8
3284, 20
3285, 1
3286, 1
3287, 65
3288, 5
3289, 42
3290, 4
3291, 18
3292, 30
3293, 6
3294, 42
3295, 28
3296, 30
3297, 34
3298, 108
3299, 34
3300, 9
3301, 56
3302, 38
3303, 22
3304, 18
3305, 33
3306, 11
3307, 17
3308, 11
3309, 8
3310, 7
3311, 63
3312, 16
3313, 1
3314, 1
3315, 6
3316, 59
3317, 31
3318, 64
3319, 11
3320, 1
3321, 48
3322, 47
3323, 16
3324, 21
3325, 36
3326, 7
3327, 29
3328, 32
3329, 58
3330, 13
3331, 14
3332, 1
3333, 45
3334, 16
3335, 40
3336, 37
3337, 1
3338, 47
3339, 1
3340, 57
3341, 3
3342, 1
3343, 15
3344, 39
3345, 1
3346, 5
3347, 35
3348, 34
3349, 1
3350, 4
3351, 43
3352, 22
3353, 21
3354, 56
3355, 1
3356, 1
3357, 59
3358, 49
3359, 16
3360, 6
3361, 11
3362, 53
3363, 16
3364, 13
3365, 1
3366, 1
3367, 6
3368, 25
3369, 54
3370, 33
3371, 4
3372, 55
3373, 35
3374, 17
3375, 19
3376, 52
3377, 37
3378, 30
3379, 30
3380, 36
3381, 26
3382, 41
3383, 26
3384, 30
3385, 14
3386, 63
3387, 52
3388, 47
3389, 26
3390, 1
3391, 14
3392, 11
3393, 9
3394, 42
3395, 12
3396, 40
3397, 37
3398, 1
3399, 47
3400, 3
3401, 1
3402, 15
3403, 25
3404, 1
3405, 6
3406, 22
3407, 5
3408, 36
3409, 17
3410, 6
3411, 13
3412, 8
3413, 32
3414, 42
3415, 41
3416, 8
3417, 28
3418, 12
3419, 62
3420, 1
3421, 40
3422, 37
3423, 1
3424, 32
3425, 4
3426, 1
3427, 14
3428, 22
3429, 1
3430, 16
3431, 1
3432, 36
3433, 6
3434, 40
3435, 62
3436, 9
3437, 1
3438, 6
3439, 30
3440, 72
3441, 11
3442, 1
3443, 2
3444, 40
3445, 37
3446, 1
3447, 36
3448, 3
3449, 1
3450, 1
3451, 11
3452, 32
3453, 1
3454, 4
3455, 25
3456, 25
3457, 25
3458, 33
3459, 24
3460, 1
3461, 6
3462, 31
3463, 25
3464, 29
3465, 11
3466, 61
3467, 31
3468, 18
3469, 27
3470, 20
3471, 24
3472, 36
3473, 24
3474, 36
3475, 14
3476, 32
3477, 35
3478, 24
3479, 17
3480, 14
3481, 11
3482, 22
3483, 1
3484, 64
3485, 27
3486, 8
3487, 40
3488, 37
3489, 1
3490, 47
3491, 3
3492, 1
3493, 1
3494, 17
3495, 55
3496, 17
3497, 6
3498, 36
3499, 17
3500, 5
3501, 41
3502, 90
3503, 17
3504, 4
3505, 25
3506, 40
3507, 1
3508, 22
3509, 26
3510, 28
3511, 1
3512, 1
3513, 66
3514, 45
3515, 78
3516, 4
3517, 28
3518, 25
3519, 30
3520, 6
3521, 33
3522, 13
3523, 21
3524, 8
3525, 10
3526, 65
3527, 39
3528, 93
3529, 30
3530, 1
3531, 30
3532, 1
3533, 42
3534, 10
3535, 29
3536, 22
3537, 30
3538, 14
3539, 81
3540, 31
3541, 36
3542, 17
3543, 23
3544, 22
3545, 15
3546, 26
3547, 8
3548, 20
3549, 1
3550, 1
3551, 65
3552, 6
3553, 21
3554, 5
3555, 50
3556, 4
3557, 18
3558, 28
3559, 17
3560, 17
3561, 6
3562, 42
3563, 20
3564, 22
3565, 16
3566, 65
3567, 30
3568, 11
3569, 47
3570, 37
3571, 89
3572, 40
3573, 10
3574, 56
3575, 41
3576, 18
3577, 79
3578, 14
3579, 59
3580, 14
3581, 11
3582, 63
3583, 19
3584, 4
3585, 1
3586, 72
3587, 1
3588, 34
3589, 27
3590, 9
3591, 42
3592, 13
3593, 1
3594, 34
3595, 7
3596, 21
3597, 30
3598, 9
3599, 14
3600, 14
3601, 31
3602, 23
3603, 45
3604, 42
3605, 56
3606, 45
3607, 42
3608, 59
3609, 12
3610, 57
3611, 19
3612, 37
3613, 37
3614, 13
3615, 4
3616, 6
3617, 17
3618, 20
3619, 1
3620, 1
3621, 8
3622, 39
3623, 43
3624, 7
3625, 41
3626, 21
3627, 41
3628, 11
3629, 23
3630, 24
3631, 43
3632, 14
3633, 8
3634, 1
3635, 33
3636, 1
3637, 29
3638, 48
3639, 41
3640, 8
3641, 14
